0,1,2,3,4,5,6,7,8,9,10,11,12,13,14,15,16,17,18,19,20,21,22,23,24,25,26,27,28,29,30,31,32,33,34,35,36,37,38,39,40,41,42,43,44,45,46,47,48,49,50,51,52,53,54,55,56,57,58,59,60,61,62,63,64,65,66,67,68,69,70,target
-1.5709388787393639,-0.6131724003824581,-0.00224524872700527,1.018312004585394,0.41802670938955794,-1.0871999755042558,0.8621037134298482,0.3820240561529995,0.35809667056620276,-0.6056114791958441,1.8642527550413008,2.5689765941974625,-0.5611434935703783,-0.3517108717907362,2.2429124883098743,-0.31907677337176477,0.19028087217355658,2.0630758672352556,-1.3015113891878483,1.007424484980926,-0.7299924228512147,2.526652493961264,0.422877709255369,-0.12103415582091594,-0.4560003331011648,-1.1201991224359191,0.703267664143532,-1.8629754685405162,0.7925622230651318,-0.8783112658380537,1.0301591145776536,-0.31149843463532473,-0.14643723561125102,-0.020977292663097117,-1.7007215790671124,0.7348868028907097,0.6869704558400629,0.7895056730512505,0.08419250026732047,1.29351956753624,1.3659190324210186,1.1870408182110632,0.5116915795699468,-0.9128752383550491,-1.6998264072592024,-0.5121441178497818,0.5058433308261883,-0.8872951555057228,0.28123950759332783,-0.7311838899692705,-1.2535248315465224,-1.2919014033087093,1.2491367435520033,0.16119826272793186,0.3220140581514274,0.6040829405974171,-0.16615505214485873,1.2408922768125825,0.7660117674739297,-0.0748263170780185,-1.3951142461659685,-0.43208327390782186,0.5843430875678421,-0.8758979121537587,-0.036632275025014614,2.125139962499553,1.1735821879415667,-1.060451749526981,1.4751259788816182,-1.147838416394871,1.1962999326383095,1
0.5820992503866628,0.9042342551920243,-0.24871462310575454,-0.04672187483753966,0.7849043681103868,-0.5300342456531817,0.6787478038171085,1.5941453562127326,-0.8744675310667525,0.2610061560997856,0.6993661540468923,-0.6615188428621287,-0.05797318068331534,0.25447285466394587,2.2768233597272074,1.3352230032885872,-1.048270112130964,-1.8027918365404345,-0.5966519981073759,2.5003007811647753,0.7478388294050562,0.26505641458714135,-1.0525136065796385,1.5204251302626248,0.22911154922069604,-0.6057832648164523,0.3207672101324649,1.0005923558764147,1.2736766032299636,-0.6821907219762642,0.9260870973483855,-0.32926939849386716,1.9533035077422838,0.8064144666821437,0.4043248241733499,-0.4022830489446686,-0.5268208788302305,0.8081378784253819,1.9415583685857545,-0.14818030641040927,-0.186783914664123,1.0051357264353562,0.43306089398403735,0.9208773488380948,0.5878871925235825,1.1065300372418174,1.3627000317101459,0.1681366398288651,-0.7612456299577222,0.059565484107545315,1.2894759726390044,-0.9994567302768269,0.05782794578185026,1.0587008501440283,0.8030375058238722,-0.957055165632399,0.5089780237077202,-0.006495774633612581,-1.4058165280741721,0.9794512385009926,1.1469660607369334,-0.5516337046135946,1.844954069995256,0.6269371980248961,0.9951856527627958,-1.0841252160073165,-0.846098211731176,-1.1498979578862865,-0.04586133516745905,0.5118617126556329,0.9539119694879921,0
-1.2889316855957822,-1.4382526817964134,-0.3181110736580175,2.2138695543098184,1.3926754368258456,1.4209246394726551,0.33972238535392324,-2.152613919927524,-0.35773669032655037,0.05655848340789114,0.06460944762449596,0.4048348977980817,1.265392291918503,-1.4919828220782003,0.4950451929429704,-0.11453104818259822,-1.6555107978708925,-0.9816146802716021,0.03798175651879599,-0.03240482354695133,1.7390127936902253,1.5497871033469686,0.9321221531722819,-0.9605512371259787,0.03815303484817723,0.9675208395818892,-0.9245838501487557,-0.08468713055149396,-0.5506255430900618,0.661071350547876,-0.5778128977031044,-0.774912999003104,0.5423210434926442,-0.2608663012645126,-0.2724217076458754,0.45069237695985953,0.03973078187657036,0.6575112321827775,1.1691260826827066,1.2525457929386603,1.437811611204224,-0.6810654423112549,0.3177319444863319,0.9046032824521638,-0.7588009681264655,0.8318771652046627,-1.7769211629343284,-0.4382325872688746,0.3698940738683425,-0.3311513994985652,1.6736482264074914,0.2311214965699097,1.0147353855350656,-0.1629532749284312,0.8526076660291737,1.1861870813127582,-1.9197137505615325,0.4330877110599352,-0.42630000767293885,-0.33470664886596585,-0.12382198364424823,1.4112693430227503,-0.1083655297244343,-0.34337518558714064,-0.4046253582329282,0.9056765658084818,-1.9897716341713159,-0.07142452103373918,-1.2940807019577052,0.4834808529264196,0.7947978609340837,1
-0.2665968298982881,-1.6760950154919314,0.2747979555326468,2.5232152520502913,2.151193159710271,0.4685527536913902,-0.3972889623122735,-1.2304808627388335,-0.8127710706254128,0.17830185274762073,-1.0326973610967076,-0.013517168045339426,1.8056309583959151,-1.7486685587406547,1.8451394278978408,1.6183495039329205,-2.0162899687953937,-1.7322945724193817,-3.176008687456925,-0.8930101090949984,1.0128826565293725,-1.2638149386929307,0.06862801724833852,0.3896647341309465,-0.28809139788075894,-0.3713428587547876,-0.5151135866639804,-1.3277450523393464,-0.9349081330562203,-0.9985310394763653,4.078014717867661,0.8237501949576184,-0.0070043252181275235,1.0779385403835362,0.6336276278687574,2.010670417017996,0.14569132520422656,0.35906392791431174,-1.6420003456789038,-2.2972772874814633,1.0816404679966864,-0.8618521243622354,0.5828969733610314,1.0386583806649834,-2.5291132317922647,1.1914913733004517,1.6888076024641063,0.32746452314694036,-0.690629859083758,0.5997453414449689,1.8117353246837231,-0.010441005000454936,0.06140458437860619,0.504834598977,0.17497700481876993,0.43178096454034653,0.6025905954722991,0.40269746706635734,-0.8459793226097546,1.0357061588194718,-0.8832574710874846,0.34258560257224213,1.3306823300067046,1.75153007283253,0.13432853969775488,0.5377115034692013,-1.7577152196485684,-0.8925259539935989,-0.666024575772929,0.3741080480157122,-1.056851892360595,1
-2.190607937739081,0.24221081084887455,1.2536300241845248,-0.48901596374601025,-0.6515693100223595,-0.31400117876305594,0.04428079552798988,0.8394531580145813,0.9374921150837858,1.4531861885758373,-1.2619468596126249,0.10169528702591636,-1.0021836530451154,-2.0195780659366562,0.37294067848584367,-1.5734484888265876,-1.5101837569392171,0.6591440621951973,0.15208624192686304,-2.4951844469037057,1.590509951820726,0.4843412369652734,0.3144446122883243,-1.8850940630143345,-0.7620740468179291,-1.3850789679867062,0.8572009656113082,-0.8493955370934473,0.5328169574427586,-1.270801531146108,0.8740361716289496,-0.6754087924108817,-0.7811218777920478,1.1396534383824029,-0.488444258244234,0.19987893746512872,-0.36865379177857965,-0.7981239552595549,-0.5151989163533995,-0.5521096023748996,1.499114506382963,0.35579487069292837,-0.9921156636912893,-0.6082223317142982,-1.286628718209788,-1.3200602425149457,-0.16185529405776672,-0.15096558514582017,-1.4222209267400274,0.4517245587148182,0.019081118087025367,0.8352610616263061,-0.9668498371383494,-3.5406426837153693,-0.04307051236174689,1.605956469782789,-0.5923182931660972,0.5027702843804822,0.5006441042078615,0.8537104412824839,-1.6621470588195812,-1.0113507328325027,1.2784781177688964,0.30897600676567766,0.8812755171464014,0.6135562425965537,-0.01685888009787069,0.3504343295043996,0.2788849880213972,-0.13256116022292314,1.4660912670436623,0
-0.8294913858400047,-0.3753580841276098,-0.4084365179881095,1.6812869477659012,1.2574920032320458,0.9915105257766993,-0.0013394069130567856,-1.5989313825356715,0.648499548332892,-0.0002562093837076085,-1.5304662178926511,1.2232060984417477,0.20649334295209887,0.6263816056194437,0.35583209941973715,0.04284420540023267,-0.35281282181669316,0.8448612674141559,-0.1686021134121884,0.5080201933383724,-0.07363843402953833,0.15662672537829536,-1.416803914293875,-0.9664522483608293,0.19335999422597197,-0.15416806861967564,0.16114056121741277,0.5906762397244227,-1.4486512695558236,-0.6035350158231372,-0.30516448919983064,1.0877259047045682,-0.39842385592998997,1.5714906043931416,-0.10688704005915581,1.1755801724940564,-2.031816512507158,0.2590774430451775,-0.3014215182573396,-0.8176296593786891,1.8695870268299626,-0.537471038029292,1.1567198362173892,0.1825336368198709,-0.8141252191572557,-0.24309530836211407,0.23069112082589494,-0.9317964291769906,0.04348693128162415,0.3650002547221475,0.42555563437191646,0.13785643448716067,0.3355475835382202,-0.22204844303270055,-0.2188955011588104,-0.5728203510797995,-0.11822700088794985,-0.8719593020856067,0.710771180022225,0.6258100300707544,0.07173643268371108,2.6237805544562143,0.942975734745012,0.41802644247752735,-0.7946077494972175,0.009342276292451398,0.162550433353957,0.1849433228050343,-1.711215281705254,-1.3781633336958985,-1.149560733053731,1
-0.994346881858978,0.26567862942948856,0.06459353652745153,1.1550098485508016,0.7780921873739159,0.969901257249474,-0.8832065926685214,-1.3955961568770674,0.2002189211157965,0.2682874390621976,-0.5653331498979168,-1.535211127944181,-0.19352214591007297,-0.4050174121014053,0.7803617278632083,-0.43574289384092024,0.008338022511051063,0.4566953340707542,-0.8444448221916105,0.12752942560388272,-0.5530840853902516,-0.35213500111857965,0.7282179830371681,0.17126920984522875,-1.4022481794393544,-0.890228677812621,0.03292134358877925,0.8885528069559445,1.3522955377943715,-2.4627784659511276,0.38625748474146915,2.0014180542518507,-0.15496047852145384,0.502420909647111,-0.6007166065907164,-1.2454704151795504,0.7752811747167698,0.18093039216935788,-0.5392008315464858,-1.026069132791072,-1.5096655024955923,0.8493032707647019,0.9448409949466353,-1.1809318436736038,-1.2245847916833772,0.7948599483168244,0.05519362896321366,1.1560117451303606,0.19817393273348297,0.4398344807420247,-0.03637486431211691,0.48428460409078794,0.05215279421139952,0.22836788280007164,0.4630127149931487,-0.026496678467104257,1.573539846413985,0.8874327240433794,0.634363527892841,0.9312165640225526,-0.9311264769618885,-0.9200449312819939,-0.5850121939869454,-1.3271309217121812,0.08378029916303284,0.8063520312815341,0.9155388231814795,0.30051159539132005,1.3233241825075261,-1.8614013666582359,0.1952711641328424,0
-0.7986868191883021,-0.7918771518092214,-1.2471853493568978,-0.4095554141447439,-1.1475831079171346,0.1973356398835773,-0.4049909364952834,0.49622972496232637,0.7660350807607988,-1.2457675829486208,1.3184066180092038,0.0381943236534753,-0.16245929216571633,-0.6073037954977483,-0.6802627882874822,0.2348134424602036,-0.9499241590547544,0.05629795221500407,1.7508436294160536,0.7685182722180492,0.524282143587598,-1.3779586913008848,1.1871604786258843,0.8063815217331223,1.8612111045088884,0.7277875561518712,-1.1081421595340657,1.017010054104869,0.9585045636272489,1.3996136427345593,0.5620680300972021,-1.5183151742712637,0.2049032202045631,1.1628950083021525,-0.593057410514518,-0.9560200383664341,0.8026021118378031,0.9403955355875394,0.7380589562240398,0.7412900104079576,-0.42267376393950673,-0.24645147215908886,-0.7871325485088703,-0.6382382994096806,0.5689468601721384,1.2374533505690242,-0.4238536605159033,-1.534930524222115,-0.7913660290171303,-0.05718573256050639,0.5540164135433404,-0.7545904134779553,-0.3510426954962639,-0.8998781900191668,-0.0950369379799079,0.653862970863758,-0.905072938980793,0.1482267021808171,-1.5791808444841768,0.622141065786207,-0.2607061899687139,1.3832181500876644,-0.4441473531630667,-0.18247061970936243,-0.5162873962219606,1.1464193103855238,-1.3595241868584043,-2.464564953233703,-0.33759158326737965,1.01433838301732,1.7170047075773707,0
-1.7796138563281645,0.17593264567171144,-0.9063813296969145,-0.03430068961967116,-0.19042248594541225,0.873393678952145,0.4562083000185327,0.323528390322527,0.05066163233130332,-0.4244720765395786,0.40561798558706524,1.7849120582895783,1.6631786558942803,0.4860637733997702,1.8545853405664363,-0.19097242141050905,0.23392470502448,-0.9526290834686693,1.9472104403079784,0.015181914790356339,0.6827641108187069,-0.8442565333330728,0.5109211955967913,1.311252524156477,0.3559495076200257,0.19599472678091054,0.8088702635633184,2.1237789796461652,1.2450718764579216,-0.471186747320495,0.21805999869528672,-0.2618887018629626,0.6793732077445189,0.29488596387276755,-0.5912217509729841,-0.3429765894801299,-0.5048059981967586,-0.6132104185607451,-1.095294383459198,0.40111335058765735,0.13495820707254802,-0.6733448946424437,0.6711252732632721,-0.9247628636400484,0.512948202112015,0.7754379431086885,1.1856270366333108,0.5653344458270209,-1.159144433079964,-1.5837622548848973,-0.0774543169648889,-0.8502258707451278,1.006628575491594,-0.17705347065989857,-0.11717244468170408,-0.39550391936592283,1.0872345352654311,-0.32260032235649283,1.2255488492995523,0.7126932114297675,-0.5165148463164349,-0.08711311434737622,-1.2851713532279607,1.8121766860294755,0.044077490260652746,1.9604210201777474,-1.4794171378047474,0.03474088370233168,-1.6706807939218868,-1.1138149620014435,-0.18570911709740676,1
1.2055970541977978,0.3259055065303394,-0.5761594353187427,0.96988201172822,-0.8191041976115148,0.33413908191583974,1.158350145740437,-1.3967206971773058,1.071622857460257,-0.21480293045823853,1.05461309480565,-1.0375838840807796,1.2440461633192352,-0.24358148947155212,-1.9291468440340362,1.0208870135102597,-0.13646071682967056,0.13442553453988806,0.2057835478266866,0.4967043859926053,1.610102678767254,1.6828900573794583,-0.9110455957840324,0.45274772253544726,0.2236325602771949,-0.5301009226654746,0.29775078374250363,0.5871453439484983,-0.7877332706572034,0.849623148750529,-0.10574664643522422,-0.05280137908227122,0.1458368462729491,1.711138590097129,1.8767172161918884,0.4735113319636862,0.3595619416014759,-1.7497711105573406,0.9432275290455416,1.4943874096407759,0.2571118636091793,0.7137702833064354,0.04343258117642787,0.003566516257531584,1.1047236780462117,-0.30646797393079717,-1.3025423147653685,1.0866247204793582,1.086930373172389,2.025476500513164,-0.3386476076711578,-0.919569095791984,-0.024562393171299792,1.2646772638131658,-0.5023419041700294,0.5019323042869228,-0.02258139038473438,1.4091251143675143,-1.6422178313450062,-0.38951945374515734,0.5119871928502056,-2.950254690940936,-0.8108769474176551,-0.8978761665148108,-0.9860713634504018,-0.7342843855314265,0.2072966558723496,0.6848402924227323,-0.28079329554682503,-1.286754905882714,1.730257101730797,1
-0.4783757130238881,1.1155381014495422,1.7432835632604786,-1.5218274490940058,-0.6507963542988672,-0.668633484921584,0.35518223120138664,0.6867383711191516,0.021633992041905824,-0.02668944402683754,-0.4499637553510276,-1.4314922951570752,-1.2978267968781616,0.4685543863647477,0.017938835239130327,0.48299845494979154,0.6349225989616145,0.20124627231238393,2.0212971037349807,1.200676963185953,-0.36353823915363837,0.9676379051281362,-0.2230459277390799,0.5258646042082207,0.9685919647408152,0.3242995883725496,1.029142394431066,1.4358951067232955,0.0037573109791534383,0.8386898936025194,-1.303249264210465,-0.5098055713333804,-1.017723683248321,-0.6939884457140841,0.16155213748522676,0.06401340685455309,1.05257654107244,-1.7120499197088201,-0.5279273321704249,-0.0008749770384739757,0.8531564250312447,0.05411006561710872,-1.2172375577188472,-0.06200112075836936,1.9732502821899993,-0.21752379316500436,0.4460404917609601,0.8919501278799348,-0.6468814430198919,-0.6953163392987691,-0.6192601252310258,0.6525430690354739,-1.6208223211141455,-0.9392253804183435,0.7610793602389251,0.3690285979241422,-1.0202236531679671,0.05448287014106639,1.8621276733021046,0.316078012984068,-1.348230873291886,-0.02740406224952527,-0.5334630924614762,-1.203821295512055,1.0240545759555186,1.5134895442480498,2.177237115185402,1.0294596127731155,0.26734470311966735,-0.9888781786744831,-0.998734968206308,0
-0.46270999631270043,-3.0701550992973616,0.7151505202908252,-0.2746026393832591,-0.21014728168428032,1.9244086547414236,-0.1023463028296143,2.034281063049517,-1.4596081230779325,0.8186983259997159,-1.2714458027759774,0.7687311331982623,-1.2393264954459002,-0.24957165604322273,-1.080188895432685,-1.453584488419179,0.5306546256134665,-0.9865590539265727,-0.22634414740196998,1.0801224936057388,-0.9928434571351542,-0.6400998231370871,-0.18623485539483386,-0.5152566154198943,0.5432074540543192,-0.303508960047729,-0.9057822911413597,-0.06440329216062102,-0.07990288976092082,-0.21328475578890638,0.9645530788825526,-1.7273550657025099,0.1433121191787509,0.2969978690745402,0.7535041441398967,0.2710089951529028,0.22110763096735672,-1.0364896807812685,-1.5843351003936519,1.212914554637305,-2.325668787754543,-1.4012277187323712,-2.8655716824662005,-0.3471910065601733,1.5736578539955275,0.40906756260246974,0.8372586455350823,-1.2006013607270725,0.6756550204395653,-0.9691974415693266,-0.00823446302709129,0.4656604180282046,-1.1029328509121605,0.9522871010799066,-1.3886990570839037,-0.1262825590232522,-0.6267230467590267,-0.014126815927038789,-0.8378115128847771,-0.24387729278768402,-0.016432094375335226,0.656507220579522,-0.287545835773026,0.06945703121774044,1.8153477250395964,-1.8753824775595058,0.3877659106825102,-1.8766575576707478,-2.4925371799028464,-0.65674902799834,-0.05900742057383437,0
-0.05646102797382755,1.1477319909222141,0.19524469954044738,-0.9189404121903438,0.9870281403729447,-0.9007134534213519,-0.5389718536378549,-1.6950900959672115,-1.2117834518899555,-0.026487330059963225,1.8229545133254197,-1.1237072634893743,-1.190146828295365,-1.574836596776907,0.8885884790055757,0.8248473106906679,-0.47399574798062655,0.8407384899554873,0.8137840942107673,0.6516822428052851,0.21228755825173745,0.5363331767192631,-2.5474130176542302,0.6986121308081804,0.5894586542895686,-0.3969234346907636,-0.3369528217147264,0.15090741903416957,-0.6541413542408586,0.3834475376401949,-0.5558856671628203,0.5355061922748998,0.5245037630725895,0.5403809072581951,-0.3594478618388744,-1.104086374368843,-0.3778810486141628,1.3446523152677847,0.6734376078898856,0.46159096495735674,1.05539792529851,-0.4399400341876988,-0.004122542409823283,1.2014972224125273,0.3463584516816415,0.3947161198713447,-0.6870947611118384,0.5124519194966879,-0.21714565780882816,0.24499934907586904,-0.8195980353666619,0.8015866601044205,-0.27006025783503507,-0.7575802285586336,-0.3700982944401843,0.36393812045575846,-0.14618816011360714,-1.089549070376455,1.5897352985486135,0.658471626071246,0.343984020746718,1.0774426246623243,0.9128522107016717,-2.5437557435158986,-0.8341786411148774,-0.364534688116143,0.2118317727737933,1.7321836118629184,-0.5439346618661147,-0.22654567234621079,-0.645486028872991,1
-0.226434614876204,-0.8464628205214223,-1.097084207089036,1.1601203899377952,0.8938356724881497,1.3208434162944904,0.7425484986860141,0.13038865535389188,1.027970878719432,0.2229924118976254,0.5488849966364067,-0.5469003852472784,0.04852297584731767,0.6517967763101922,0.7981235136955521,0.05697365392832709,0.04009111892038263,0.880240067799816,-1.9248930236601367,0.19325165628512725,-0.16441645499918095,1.2268480355123446,0.44243191412537547,-1.3016730027876369,0.8890502963274718,0.5521011540737943,-1.083165909739379,-1.012828451422015,-0.44993120733083447,1.0133432449725968,0.38144858840323753,1.0839555917692494,0.5151261504894378,-1.222426552996495,0.2885091851958953,-0.4999205660088219,-0.28375783758160783,-1.0662847871662355,-0.3875187116267832,-1.3291534801136582,-0.5382650515076923,-2.056023322841101,0.10423631627192077,0.03884936024092412,0.13897974855366582,-0.8396548155284689,-1.199975538565109,-0.06639571833244567,-0.7555175215489447,-0.43179908211011897,0.4801490764232872,-0.6366572211763909,-0.31907166428171146,-0.3996658064292855,-0.7949788662164865,-0.6295115153497948,-1.0904826461159576,0.46867748762745154,0.8331737250149287,-1.9459119669836578,-0.32053652620022494,0.4455286142751848,-0.9673229393450151,0.42545486078318373,-0.6581573032042214,-0.1794732909232854,-0.6674884778447072,0.8285971338305441,0.06191241314046683,0.82988818722681,-0.48821861591207494,0
0.8070143852916352,-1.7365400028528735,1.067379778146086,-1.2800345791430254,-1.1959783659243644,0.4289454688969995,-1.0147376461326245,0.33658296063408144,-1.4516983420495928,0.20950110001377126,-0.4261410455718493,1.2521995441404763,0.07940559417286785,-0.7912815235616927,0.01033326211594071,0.9815763888297067,-1.4204647240781438,-0.9017318739424904,1.4927108189348877,-0.9453781551383443,-1.2089468721196182,0.6528551408048876,-0.1816542174487687,1.1645018194636176,-0.2849363874810827,-0.9343595910681873,0.4834599326570645,-0.14929265011667753,0.11748143208295748,1.909794217499834,0.4182133009068861,-0.31087563421471187,0.586976599491885,0.5506713576866992,0.005598586501734259,0.9666182232413414,-0.4679155024231376,-1.361210801804273,-1.6595392598186078,-0.6267856033162936,0.46647721930226244,0.642477073986256,-0.5931314526398809,-0.27789085069363595,2.482185500625412,0.6790815059971068,0.9566500722815479,-1.7922944660305034,-0.2864315324658022,-1.1809182198741743,0.3202915100498908,-0.46204480993194086,0.4950885041787781,-1.2910147068973339,-1.016400999142128,-0.5515186092652204,0.6228854383248119,-0.43241362083877616,1.1027960034963644,1.1138012658729497,1.2462168494943116,-0.5879553913390914,-0.08777426460433516,-0.7226694200911675,-0.5727716452200604,-1.0776552419874137,-0.46936386031498745,1.0352338964997854,-0.6386682640273735,-0.44662029982100315,-0.706345238169428,1
0.43744476772206664,-0.7070682847746925,0.7288186746399361,-0.38083087054266196,-1.5814498473315848,-1.602307543117252,-0.9385546750847643,1.3010743723033715,0.2652572634701876,-0.8754299896261204,0.5788051114568941,2.945489383290717,0.2883861629570869,-1.6931861915932067,-1.2509134502643564,-0.2186825999996662,0.17429538111206075,0.6685346327857775,-0.03677040352853088,-1.6216811244288662,0.1365168383737263,-0.30194267885390846,0.7519560616621216,-1.9240468772821004,0.6308144696423762,-1.021776203172504,0.5448249368620574,-0.9347965220686947,1.3747073513107424,1.8250117721591241,-0.7487299457278227,-0.15125586902132002,0.07777266540835538,-0.3044523305857631,-1.148420348658664,-0.4248486755921811,0.37646262118761836,-0.5538335029208284,-0.3902616336071376,-0.9047929414325893,-0.3575814478021282,0.2061146874518416,-0.03998024546479455,-0.5207932606948491,-0.026959687245735005,1.0636340644892859,1.4952173797850217,-3.7051712014948035,0.06152832298769954,-0.9754180153721754,-0.22016500293817307,-1.9223452131576795,2.4647998547897547,0.11689620180805796,1.1060447874159518,0.19930821259746548,-0.3831572205906369,0.4850858417178717,-0.7449616661066494,-0.7000916748776298,-0.0880709427098546,-0.29467665830680856,-1.0499998315868475,0.8555573176724698,-0.4020167616207344,1.2455550086524663,0.9551007557255554,-0.47642944536314474,2.5307273498391676,1.472821294425698,-0.3692662396207284,1
-1.4033192516824986,0.636819590948737,0.1718988701242133,-0.5090563664182005,0.8473132418564985,0.14619367203546826,-0.01885775935523321,0.8284752669288435,0.0945945524152653,-1.4307041986773021,-0.3137806667900802,-0.2739663315836767,-1.1538484398626756,-0.40842254241934356,1.1007904771883528,-0.9021288769441879,1.1089356369024037,1.8551061857281874,1.661620327868676,0.605063316853523,-0.15728326457364583,1.8330608008777391,1.900027552023778,-1.250411733904151,0.6168102074929795,1.1282318744990933,-0.3340128098637767,-1.659566494211533,0.8800103604957948,0.933226238009148,-0.29008774553869304,-0.382439605233686,-0.02789128851785577,1.3097779336568218,-1.7597233922392101,-1.2302031592190261,-0.6854787033312325,0.7727250632089651,-0.32926970137315625,0.011148794357091046,-1.4263110158208112,1.423133080403267,-1.6240451694982534,0.45889869990482246,-0.17300811393852714,-0.9466148718484209,-1.279122815872554,-0.47761082352299217,-0.5317422027969086,-0.642455606188911,2.2753239056253243,0.24756343992812466,0.8928480591170406,0.6856584356612834,0.13156669600849338,-0.46694277867161094,-0.889165282886388,0.825965664511794,0.8447973848861429,-0.7323219890935303,-1.019142004492191,0.9909538961265996,0.4950848139265811,1.1046166666297392,1.012653866936618,0.054095646985473374,-1.084049756724267,-0.8788281408384697,0.8892542202393204,-1.6656090480506005,-1.6229454569902573,0
-0.0772880553942554,1.128320237999128,-1.835808028190949,0.03911804846815965,0.9673564691571472,0.48381007485645283,0.1999054144790305,-1.0472718063238218,1.3203421581252635,-0.9244527960440366,0.7584309979953576,-2.1125995055176676,-0.6736259698930696,-0.8111079295928851,1.4135238774559633,-0.6091398460694711,1.4141461511560212,0.7451639858199802,-0.5306470030508389,-0.3316502920814908,-0.5564255423581981,0.043623907086737274,-0.6389668705281758,-0.43309601168534045,1.1502811455584585,0.5562508975873822,-0.6942160615982158,-1.7312705507029797,0.2637363834906532,-1.0180456976963754,-1.093477161176133,1.2692070126013506,0.943882604676241,0.168768046150046,-0.20775668114254991,0.18642809682181075,1.924337369837581,-1.4798482862239988,-1.4579650325370856,-1.6117776778434323,-1.5833792632180965,-1.8592295945717627,-1.1408232216255036,-0.6479507692906251,-1.9524888590135934,-0.938579736654366,-0.8886877242476958,1.0865971868643194,0.2606288545516139,0.30970869974477416,-0.3131735627840677,-0.11231080229573047,0.4383185847084756,-0.6144445718909822,-0.646291596420079,-1.67298178693735,0.8004830022381972,-0.34390439681293,0.3337255352959616,-0.08319361476475637,-0.2590621889335412,1.3030805753760408,-2.055212766657273,-0.053589387743289536,-1.671219785789325,-1.7521902421629485,-0.12572716602214368,1.8620773389207261,0.7349039743091202,0.7084116376270413,-2.5112364212505627,0
0.4834016821349589,-0.7829383239154529,-0.12973583025941474,0.49379286746572393,-1.175360211023808,0.5719655471038266,1.3072554382756623,0.6681488862363836,-0.6307201072429067,0.056330187342618306,1.0814064834934722,1.0143665726375874,-0.47828128609587567,-0.4988008950715098,-0.947832232197457,0.6803263362173965,-1.603577859736519,0.9354243721223077,-0.9462434394527333,-0.34195972700968025,-0.2951626948103817,0.6009161463345247,-0.6864285020325859,-1.3513193938496784,1.9244853601615743,-0.379592040239408,0.8381909515898573,1.8713101386033864,-2.0517679630608314,0.0804759606415973,-0.03830374946222207,-0.37282906791975834,0.6808145811792424,1.0430706313099893,0.6077459541791769,-0.24249046685308884,-0.9016024171472804,-0.8874005142944292,-0.31185407913665225,-0.24529750461607455,-0.5344703166804056,0.6342036969665101,0.052825732297391285,-0.29067459276794155,1.804699360505087,-0.6450959532053735,-0.3702556979075512,0.4522648419300599,0.8504778514091941,-1.3401746733587738,-0.24960140839819642,-0.3224010138045104,-0.3995629303568312,-0.409897449661162,-0.06610875016318934,-1.1725607678803738,0.8319957518717754,1.3591481053281638,-0.9468928339098219,-0.6474582844071901,-2.2655453385142694,-0.9179201500152412,-0.4164118866546159,0.9446267978705212,0.24902760496073173,-0.8176010658422521,-0.03323981407808017,-0.8387630742672922,-1.2780110669324625,-1.6735004204012487,-0.46316009263890073,1
0.48039465813136434,0.7781017110954213,0.7409125390429848,0.4673631705920059,-1.1103252485190427,-0.4590061089307614,-0.1410935450957279,0.5795355300327579,-0.11754095976550441,-0.08083963337688398,-0.14588530919471776,2.013500880997143,0.4406113859375697,1.2483786564944108,0.3525117502514001,0.33515656027717916,0.7960960272759537,-0.7153852752817803,2.136723658269505,-0.7396124813173773,-1.1961832797617935,-0.6279260133649771,1.0241540464977408,0.5805509312439573,-0.4972030172117482,0.7857105657056763,1.3421271356371518,0.025138296424739408,0.7053307007276449,-0.22670367197926675,-1.2677301387741005,-1.0438274299535368,-1.4690441804299053,-0.9111709115381219,0.08045750441192578,-0.5970589652167942,0.6173211164216549,-1.7813862340753184,-0.9204543873995277,0.6300651382255563,-0.09368973764037965,-1.1128227353788647,0.6531525353498089,-0.10818126366738968,1.4047055050810042,0.3253511593800297,1.3175620670091848,-0.3616727897164029,1.389081999181433,-1.7586415046480885,-0.5115363718129069,-1.304662199601115,-1.0467465841191457,0.16868124920562996,-0.6471846586094478,-0.8182982925994862,-0.6885038636267604,-0.14465199953004873,0.04757704492399206,1.0560202132652536,0.6622043068843184,-1.1421128836288656,-0.8884752430645343,0.5221527294615478,-0.23137763096314598,0.8959779616736495,-1.1027705315961887,1.7180939020459256,-2.0135805175454795,-1.2915956417635306,-0.3278407195995734,1
-0.5547833887171898,0.6459646525452412,-0.9460201430684942,1.926158901829179,-0.6745271065026701,0.09914516092524366,1.0307970284112151,-0.8202110898094012,1.6875473727925436,-0.4815291943651596,-0.8454641578206432,0.2672483526551107,-0.18689317764475885,-1.8229260858772567,-0.4078021446787051,-1.332954228978033,0.6366218964967952,1.1107921990404264,-0.7410324864843088,-0.46854762093974317,-0.5243810558517763,0.8740869510767281,-0.4850258734281141,0.34097194822537635,0.30780943465892074,0.7562529552572091,0.010417780618261815,-0.0023477345574970418,1.7168351141197022,-0.3809234399000363,-1.0819004348276144,1.173421584823356,-0.14378737784748655,1.4058583341436384,-0.33682101413670384,-0.04644752539148107,1.917973227847629,-1.545679972249829,0.13871849009049142,-1.1883804114019176,-0.7137355370416448,-0.6911212220027585,-1.296841163356495,-2.956809016272791,-1.4085139973628338,0.7491030998047238,0.13587799651659907,-0.6609733847483948,0.14921730217969958,0.5767067285687495,0.24512487653099185,-1.802486030232815,0.11182157244849003,1.8361614692894852,0.3702177952991071,-0.3896791074010622,0.1650111974136839,0.6294862829059854,-0.349182636333222,-1.5784479238815403,1.2499500418963014,0.5764094517898286,-1.6998318320407593,-0.2920919280064958,1.5916791336606357,-0.331236267512901,-0.5129207424359981,0.09420759717728001,1.0103469440039838,0.15086605293026406,-0.4199601035816085,0
-1.6798936558197788,-0.9111660460094415,0.7199003201427137,1.142730171416523,-0.46592239437874755,1.4009105913149444,1.5754449331241842,1.0157796847071903,0.622049276143973,-1.1835321889675596,-0.4664604965206574,-0.490503166477278,0.9990065212101171,0.589635230348873,-0.9631754241565851,1.2885493640934407,-1.4430029097131463,-0.16815646788046093,0.27744589824881155,1.1993208360555738,1.271950164188686,-0.8160155735891056,0.1641195128769009,-0.8510924329550089,-0.9066020958356689,-1.4000500938375993,1.2721030985775559,-0.4718636785412001,-0.25353210207202254,0.05000309791633175,0.19196425637763506,-0.8930753115550228,0.9239626993430006,0.16175163068451415,1.9668476595717341,1.6181449373049608,0.9671025804627359,-0.9255450693845026,-0.8035349104120341,-1.3932758159899628,-0.24029883534212546,-0.1546078617835861,1.22487442048093,-0.3748386674882665,-0.329975122527597,0.28247214950384786,0.6617983769245349,0.40634978115321635,-0.6410072094118746,0.5460457317782005,-0.6763654177873426,0.893654785452965,-0.3949836681417944,-0.8385768456213162,0.8578451528622656,0.08741011236666525,-0.9459985775001629,0.9131222991500372,-1.554773724026744,-0.029971603986450962,-0.4716980787901282,1.0307620053851605,-0.7176083776184723,0.6115848683975533,0.3093183127119479,1.9354178439933083,0.7875657819309251,-0.3914336518971582,-0.9274138614227371,0.05280802801052434,0.16195779646058026,1
0.7216339590276881,-1.6259634593313248,0.7617047882416468,-0.1475196511775538,-0.41906946068695183,0.35586468595764054,-0.2172866023176801,-0.443884175786513,-1.4863512886201578,-0.16867739344358662,-0.6687557620887866,-2.22368729722606,-0.18270195579948953,2.1178183211230066,0.6040518456821129,0.009351108058524342,-0.14669712942972604,-1.6293036874453894,0.46302674630019675,0.07268200297790134,0.43079351110937936,-0.23279421431466119,-1.1164192592123583,0.8707187650031892,0.23864071886117058,-0.4516837545333376,0.5997746890041193,-0.053058767657649684,-1.1207776979483777,0.4440392122199832,0.24322169505426253,-1.3984473206725014,0.2101532499653285,-2.2995773311519083,0.06902393448538037,-0.3155939153496652,-0.12050045149226932,0.728465785088921,1.2114211801271684,0.7643199759254311,0.8052668472825115,0.42727689436900024,0.31630142245252785,0.6115605319914456,0.2785803430697686,-0.7982116907686998,0.5579260738518099,-0.4516191799491453,0.2681054298191121,-1.5199521894637904,0.558964134707188,0.4514837291501667,-0.7445671940532582,0.6634577725573259,0.6554423092381382,-0.7303932638781844,-0.24601674853179117,0.12630366110206992,-1.4035334653292237,-0.048649526035867995,-0.5533956983726098,1.3473773991406721,1.6900564065157875,0.3623168636200111,1.4050895369115461,-0.8251438497823403,0.328256525802799,-0.31743700200419056,-1.895018343032275,0.7630830329247554,0.6480144008242495,0
1.9595831387357487,2.332716050075009,-0.988431101626309,-1.032175235056145,-1.7689540815661062,1.282594462598524,0.07643358541673535,0.11327377703251093,-0.6678372099723292,1.0112895289363768,1.7448603651631047,-1.0221423744935323,-0.34461035569975873,-0.8109789106882674,-0.1838944509681853,0.4615987423437355,-0.05248720696951036,0.294925555271216,-0.30179578212895514,-0.47051837231557847,-0.8726540555723085,-0.2505293439959666,-2.279552668849778,0.19956762809479983,0.809455674061124,0.07564302418334669,0.06836342872032039,0.8076609698076547,-0.8969819091428315,-0.6262469245201352,-0.722027509486524,-0.17281685297197,-1.1605828868773465,-1.3472492409716517,0.07272862914655541,0.7168906755075615,1.7511712671513018,-0.42119644811907625,0.5661634122050669,1.9229361737977297,1.3164353393736203,1.7250174925712178,-0.8338246930648406,-0.5763225749896411,-0.5629520641968991,0.03759223477447615,-1.5297777553931995,1.698757930799782,1.0393047469004446,-0.7575281972644021,-0.5591155627930795,0.09932098007261735,-0.8388183281560825,-0.4641891923970341,0.720716287524518,-1.3811674637157305,0.30158942097463687,0.15689330339277993,-1.1052811934760973,0.08359871396356774,1.576542840924918,-1.3132809336027256,0.3241305767996661,0.12430593965885299,-0.7490932069843017,-0.04824067694116395,-1.2975856985906329,-0.45430245043701645,1.4083732215958653,0.016662825580717577,-0.2071335575085944,1
-0.5908149456638171,0.8261013273305736,1.0666610243540424,1.654539563151981,0.0897879039035936,-0.93618112305692,-1.1415510666755921,-1.0690297438918164,0.1868622693099997,0.9396271901356121,-0.8762751108424544,-1.794231226421985,-0.16774166202315813,-0.6298720029125504,0.49452518071521917,0.547179909201243,-0.38224655225533327,0.23423231557612964,-0.13139905679140232,0.07119453102854789,-0.12867745667684535,0.5888535851433144,-0.9144715325148242,0.4340726218779455,-0.8310625756071115,-0.4132453929709628,0.11582122290782693,1.0755659155705952,1.0206292806076804,-2.039466173450095,0.6515119913308836,1.2865479052945519,-0.18309248121258886,-0.9557790436298181,0.6227842425786059,-2.2875631037255326,-0.14160370534759054,-1.1483673281270208,-0.6815032022579919,-0.8965516980957088,-1.4697083515789306,0.6689237727067316,0.7737545219739839,-0.5151053110390797,0.31416640327054224,1.9816786784120015,0.4661442698923037,-0.6534102718271629,-0.7435854862939724,-0.2923263886336146,-0.2687622960355399,1.219884742474303,-0.19386664665212314,1.6005767797326784,-0.6616983752011841,0.6211509445311089,0.6748963276627671,-0.2903601185166579,-0.3915991583983998,1.7874975051299042,0.02418687669294556,-1.5823715197587758,1.3102368157837614,0.2750043748880369,0.8436858203259259,-0.19828317297194156,-0.6116472621358207,1.0129535577389015,-0.013878499742106252,-1.8554477178440751,0.6196845383711944,0
1.0192908716799811,-0.16700237456690828,0.3999130505686712,0.016503538609957364,-1.2028690188889295,0.3251201467770137,0.5475103201930576,-0.3097073282968161,-2.4032868501096774,-0.34901632181254094,0.5161086508631131,0.3026026162119814,0.5819689348383198,0.028344553009668885,0.3312046775922653,0.7122223515200399,-0.5886068572204464,-0.08179352654556983,-1.0221482085568743,-0.07165589712099056,-2.014102889509082,0.30452682710586443,0.314222982093062,0.975267853850928,-0.7629159018339007,0.8935087865227125,1.4281793831616538,-0.26117407464700615,-0.8531396509791251,-0.5881150073901222,-1.4635379308156014,-1.0148986596830287,0.038336940984346646,0.45534323901095614,0.23071815817816244,0.6120593219541749,0.0746487903106849,0.7305653440835418,0.24822225939394582,1.2722035667498892,-0.10321620429702395,0.793389742652631,1.2662331209840063,-0.8404328247218634,-0.21584925027582022,0.7292254890537755,-0.333047041591672,-1.2185047909066014,-0.037111830407583146,-0.2814160267373179,-1.3890948884062553,0.15598236367820587,0.4263670745164833,-0.3163974769490957,-0.5770694527335715,-0.9449789315565709,0.5227938627279334,-0.3426573536289202,-0.46834392770081384,-0.27538467680684753,0.03562761144890506,0.41947591216433217,0.08330923332290488,1.2848889476919958,-0.531566126011658,-0.11784468633962616,-1.8091898729966778,-0.39011205796630977,-0.007125465961067358,-0.997903116341975,-0.6511108117479041,1
-1.2704218783450636,0.4416437291732756,-1.3337427166350495,0.46484149094535887,-1.2281150274755037,0.12137100151086945,1.0603939516161587,0.4361899677287038,1.6678629513895165,0.6033889072150989,1.1510297537431058,-0.05066338508674763,-1.313119629083363,-0.9030065249298189,-0.09863470725288392,-1.2245665139892163,-0.05492339297074748,1.1360405119260295,0.38161472274525926,-0.11239267841188524,-0.7533805032314423,1.3111363039118331,-0.8713954591133738,-0.3828641214610202,0.03329275506208797,0.7892970408057296,-0.4269147911440676,-0.44251273268353686,0.47336759100694364,-0.29575130185040244,-0.21862282427100502,0.7156462790149678,1.198323925371895,-0.3130997740580342,0.07766291690637692,-0.6974303750470756,2.378480957521586,0.24115583222203607,0.000576559079360021,-0.7441650040811748,0.8361451670381276,0.5730199423442821,-0.30868124618084714,-1.3163263541457486,-0.9951350502931707,0.49406508653782494,-1.4401780364740973,-0.38868523694131996,0.14752391165379594,-1.0299109321794875,0.5162886965614782,-0.3716409423325344,0.11017480393549543,-1.2572190397622731,1.772436159882464,0.46449382374208886,1.1337647143473253,-1.3089476383413752,0.8938710112600157,-0.5533066651298596,-0.03668187643818644,0.33792688576083013,0.3984342851100896,2.0122302461178636,-0.26075953202124,-2.227728157074241,-1.46847196053026,0.1287988777042926,1.0269162930559141,1.3063322838384568,-0.8420177292308724,0
0.14395324430273948,-0.43126422978460427,1.1381432421036815,1.1743920627058053,-1.2658218567324773,1.0900192191522748,-0.9555696834194873,-0.16625010947079955,-0.07602053661496641,1.6820068474519279,-1.6803171602273599,-1.3254457424759842,-2.030492759960439,-1.6244273182992233,0.9583451784894056,-0.8363899825330658,-0.37103166498143597,0.3421739021516199,-0.9287181035735855,0.02018700345835092,0.6610513914062384,-1.064705094064859,-0.36542724979988295,-0.13476269856630538,-0.8467125464271031,0.6867582104959836,0.4931424819620888,1.2237831881336168,-0.11064125747276311,0.15332015712964484,0.8841053092913049,1.189165725546517,-0.6909241021433088,-0.3107759017838881,0.8102209498581172,0.4561431557058218,-0.13748870696760912,-1.7263208732143258,0.3498527613527644,0.06285775972417651,2.4624269460302814,-0.5481494651939882,0.7695502511627258,-0.34743146113861456,-1.158553771869967,0.6006023783688714,0.8838216312328804,-1.6234628086771195,0.7079199943514662,-0.442339503763602,-1.4307200552277435,-0.4021864785581801,-0.5245789508400325,-1.2742933730792292,1.5836797715278481,-0.25299911886614745,0.5382526429410296,-1.403877768963954,1.0399285436439214,-0.5906456098023878,0.731581887714944,-0.24355675544032507,0.47257454592866843,-0.9981548537260574,-0.06772121616775882,-1.3832178172435696,-0.312453477000717,0.08320270339895862,-0.5817928253749876,0.4198716510886283,1.7237095722350495,0
-2.0498953102477526,0.7641941503654611,0.3979788700271596,1.1004364031826934,0.2133275838359889,-0.012258733519255232,0.18747617268182415,-0.23913201082585972,1.2519982978534336,0.7001763039233825,-1.05929937144211,-0.15040407144419418,-0.8054586485800902,-0.40464023141983074,-0.8572380197559386,-1.411787332239297,-0.5115537495504018,1.7910822065677634,-1.8052523305223476,-0.5431978989540353,-0.30105667865583313,1.0603236117254782,0.6223603640314168,-1.486388546372848,-1.27896078368655,0.25915227651635014,-0.219803435686044,0.8593328143370466,-1.4229775567449883,0.6935947887641885,1.4849076014891087,0.8235560919925257,-0.5915020563173873,0.6577231838219518,-0.2407777457039989,1.5593983631939399,-1.8251258167878557,-0.025218841746653717,-0.046039952592269326,-0.24219709191161354,0.950536138638574,0.4826250099752023,1.6685805284475035,-0.3987091293581324,-0.4008217449576344,-0.20217599229856428,-1.6225243033486734,-1.269084543354441,-1.161436960708283,-1.1352876744225928,-0.10931683721993818,-0.6152187057107983,0.27046032141860415,0.1565698013485463,3.0947305463318635,0.0728704773705742,0.26078673002875463,-0.9251647757614754,2.2569454642525653,0.5649004804288503,0.4729646846631069,2.4265323090804394,2.1986196053819196,1.372212361270344,-1.8999837019153358,0.738602668911264,-1.156780518463179,0.7583441554430056,-0.8453484128965122,-0.42394599762594287,-1.303863626980619,1
-0.2788670392868387,0.19599617686333465,-0.03213450847859369,0.8722394718721471,0.2189993494530111,-0.09461271833913534,2.430451579815576,-1.1397851362424631,-0.017376956289855104,1.1410197680776775,-1.7079668896253626,0.12469847802490128,0.6893097470459673,0.1738056385453236,-0.32377662429134113,0.2502678902256685,-0.9446118931280271,0.49338298934177527,-0.4310422086346749,-0.9047486038010787,-1.0444379037170648,-0.4063601928073715,0.6412825641511972,1.3416862860215664,-0.6002831440995894,0.0639923219222425,-0.6459615162297041,-0.0723448960119363,-0.30715124967279667,-0.8853804835434571,-0.4527198055906763,-0.6954866181064466,-0.8653644336855573,-1.503119650588194,0.08542266461760345,-0.14173860556442305,0.34935814871399895,-1.2246546818941457,-2.1363473190886246,0.7665298275734318,-0.005441152808577785,0.4720322038398289,0.6452587377043809,-0.008628006668617301,0.8506944952367367,0.38894904992586266,-0.38557701589641163,-0.5580838640234486,-0.02092212032347685,-0.03702499703778833,-1.096137044581413,2.2458517821415285,0.646529464489672,0.1159499259909024,0.6741192326065728,0.5432503367504093,-0.0200397283622683,0.49230482234074985,0.4225759263764852,0.32437362661476116,-1.3450673432178968,0.6481348703674196,-0.8331258196057327,-0.30017010573022784,-0.652401383030203,0.38332555280945063,-0.9215018086727869,0.5256274173944445,0.2557213889790805,-1.4260502824784962,0.05186732307560194,1
0.2039570187360894,-0.22367535159470392,0.5691069563754728,2.020727900697243,1.238129352304137,-0.6460512335588824,1.19205615835044,-0.5248018663452682,1.3387120361262461,0.5931425844652414,-1.9300460737936251,0.5850981141039006,-1.1030173272705415,1.6373237286474736,-0.6513466784469409,-1.4676250278832532,-0.6533924164398494,0.16498137550821806,0.2533957065947268,-1.69733287882658,1.6455150812361907,-0.28259733284161104,0.08542673018778674,0.16257667785980837,0.3214397239922488,1.7627025943538723,-0.5597538447949582,-0.5758885621077796,0.32659156291539193,0.6855819993866357,0.5702109319477653,-0.15803935493479146,1.695021453646071,1.5858352820976942,0.5538531888450601,-0.4960202488537528,2.3737421315026204,-0.6580667084905402,-0.361739499261651,-0.6179317879639331,0.5734345798620437,-0.6836588115197947,0.5507295459329722,0.8021265126946876,-0.6245870668722044,-0.3061795828384773,-1.1683477351719382,-0.795259162374376,1.0894896559456924,0.2989361584468899,1.9890270632544071,1.2137834404388363,0.05032173338723994,1.5922927033631367,-0.9045597813456242,0.425862169688676,-0.05081106194213211,0.1689003406707795,0.02742760100472082,1.178955756764121,0.928494265583136,0.4514506708002719,-0.1444296950722267,1.3990662637148936,0.7143937422005122,-1.0509699567134432,-1.0972838183525526,-0.7550806858827369,-1.2439433978146004,-0.8718142886846555,1.8446342560967468,0
-0.44182822539601285,-0.6781428203216342,-0.4908688128294799,0.26729133668288413,-0.3354393684647271,-0.6872936310871093,-0.7585426553223336,-0.7227009251950087,0.4129861540396873,0.48572182183338747,-0.5955898782689178,1.2337363792324303,1.5394879060860338,0.7894477426306099,0.6154253701449602,1.739420127832452,0.4433382263069895,-0.2816730795087139,0.655519937027039,-0.41268682043362065,0.14640856871427502,-1.018249123054713,0.1937312757519026,0.29173571771792345,0.29297708657619803,0.04603673278329055,0.7465455232050728,0.5268782362022271,0.23226482985269756,0.4266828405079753,-0.7487472999493329,0.5481729398417176,0.708781817714758,0.06415587321567032,-0.8481429773010902,0.4483931280252976,-1.9717647798447482,-0.03880459148687058,0.6014882802019778,0.3445090021756657,0.16299258710195777,-1.084287388743497,-0.24871019128981287,-0.7638622808516591,1.4788429713661553,0.2949446946186728,0.22023570541925802,-0.8485641675846073,1.005519722356237,-0.7466446454356207,2.109521496088197,0.703431876733467,0.3390911449707763,0.4483305780181885,-0.24804786032010237,1.828219826753199,-1.7186193065282842,0.48856257685910043,0.41584890237396327,-0.6961757467492667,-0.17818174628597394,1.3754441170429113,0.41406507985315316,0.25355615181442837,1.1864522821077743,0.4620483995988953,-1.957617467233057,0.5613786600243331,-1.6575383833239028,0.20679476041768455,-0.6111498506491856,1
2.0232456666987093,1.7905924334554424,0.017335066144110057,0.4837347754139216,0.3725087920074667,0.7618338325925226,-0.3375726942445435,-1.416632243666823,0.22945563502922103,1.2064673483795392,0.15612406199002352,-1.4313726976411862,-1.6344246288470614,-0.6941410729913238,1.5703279883716061,0.05917410484662972,-1.07189708870746,-1.056086757466294,0.360550252016482,-0.28873525510293024,0.6360034247041939,-1.528432100507435,-1.3757838941513214,-1.2849876166786434,0.8513844898147661,0.3908268533784471,0.7047513225557744,0.13443702885782577,0.79511941772456,0.9126217175318451,0.03461317482704442,1.0473806234871847,-1.747654941812414,1.7264550624987154,-1.8367152715645598,-1.0495992373010126,-0.5362390656219291,0.8118787277283158,2.9637180677441552,0.6053789148620615,1.282681696138613,1.9889604603713145,-0.8440367909983401,-0.14014808525046524,-0.6088050474052108,-0.8979326959200467,-0.18498459138656873,-0.316793578395142,0.38540059135462174,0.3903019565619011,1.9811867845355506,-1.0787597159880469,-0.8391338940871909,-0.24441267067303687,1.5355635212238203,-0.8472065943952144,0.0959010735865722,1.4541007778207853,0.13185771987666164,0.6449168513037056,1.8259428189857747,0.6741927597208426,0.90256211344042,-2.2524635034034133,0.05849018401900268,-2.468435344423134,-0.6949157328608042,-0.7621154778287305,1.4033379042586855,0.5203455726152664,0.08607784748760887,0
-0.7716323555209529,0.1274830513118263,1.993063895893827,1.8416610218364542,-0.22628931841727054,0.5930781677786902,1.2570657971130965,0.3536076579046012,-0.3597629634522945,1.8951007680917695,-0.5739578048712576,-1.1776584155558494,-2.1681962055835164,-2.263933818511122,0.7405790883457428,-2.4589949732901326,-1.3418467146477078,-1.3556185589825867,0.03558594121202225,-0.694099683635056,2.5086934298427415,0.3269599836560575,-0.6981817772440843,-2.1837724536310215,-1.28369816375381,0.29356377507118897,1.481282159794112,-0.8044112075751199,-0.7219267829723236,-0.14513209617707265,-0.0852791325205807,-0.40531444339919376,-0.11327906467160803,-1.287475748329127,0.6775738907434944,0.9434241921288338,-0.7085849129167683,-0.028074515165628103,2.660600116411054,1.9291522549835338,0.772826839491696,0.9787376155492127,0.5982076230853798,-1.6349863956351165,0.0076591358899086555,0.19441841023624037,-0.3719808235910835,-1.1122972681827676,-0.17325995339293457,-0.9196937424392377,-1.731076682278878,-0.1811332577660496,-1.5239674523143583,-0.6160991190714383,0.9450112463050239,0.8738772834411133,-0.5979939217922238,-0.16104378686674392,0.35522395466946965,-1.7626689725063582,0.3117871866818105,-0.19716259040505815,0.4470776277730427,-2.1554480222760017,-0.4651440895251785,-1.6664556488879565,-0.25071315507968545,1.1514919312835703,-1.4417811119796047,0.8437258444690908,0.4466890866416574,0
-0.49264656922359346,-0.4792948277435592,-1.0137761733684432,-1.3851990026898926,0.12297227965072785,-0.16119609220661416,-0.6278042044105182,0.2867600873745306,-0.659317859013105,0.5510657608177961,0.9750417309840358,1.2440333087269713,-1.1480240937896813,0.08423650946717999,0.6255230954553416,0.3286056468778537,-1.5048256398123436,-0.28600098683652814,0.6546108956761989,-0.1046744432259481,0.6153401231672612,-0.6983300198469352,-0.3042191466515124,0.31137977121081944,0.4296196088951365,-0.6443447947624106,-1.3162200642664317,1.017035095299614,0.2560970605778679,-0.8326385406777853,-0.11270629771517181,-0.43407802814394897,0.5417967540155099,-0.3340896621875339,-0.454292606056238,1.387891235200455,-0.14309254974604163,0.37887458198873386,0.7892239540087276,-0.10731102630294836,-0.332097591171949,-0.4637010434286068,-0.99390906175498,-0.9590730521664068,0.37089017012759284,-0.08550766579803343,0.3618384996528996,1.4068981821398427,1.5262807906906817,-0.4963248256808803,0.09136596346623568,-0.3732857424289963,-1.142254343527063,-1.983170528036115,-0.29262939122626624,0.7990843692939544,-0.3336603620145247,-0.35981432947731407,1.8438566550641586,0.0015412747463129455,0.8008019948582922,-0.04877704614714844,-0.6708636465845306,-0.7814366064979341,0.9244624902976318,-0.005881240818501267,0.7843357340808493,-1.1870181454104691,0.7761505014450937,0.8499507523490523,1.6316503546609002,0
0.2878489036562764,-0.6629291889988497,-0.47268083914777176,-1.1477442960850697,0.4651925494734873,-0.1378257303855347,1.0508013465633177,-1.174526012196002,-0.27825883917000044,0.7073075150390232,-0.2134873743149897,-0.6913889641886195,0.39772031560008136,0.13654814594525225,1.2001367147278488,0.14010607457655097,0.062115742947635895,-0.11780129889501369,0.037123103444409486,-1.130968553127046,-0.4430794915227153,-1.0872033275764468,1.7655527568727802,-0.6303481394693419,-1.4636430548476203,-2.8079188826108137,-1.9795378452496635,0.7840931278958836,-0.6982630101843514,0.19931908278022503,0.039207830071505835,1.5462504525550578,1.5151917734636178,1.1464248079374295,1.6534610366087559,1.856076124178421,-0.19862585254759924,-0.2540154001850647,0.3543232041423726,-0.6796509808012378,1.1777356136355437,-0.1667193592839484,0.9846214457686581,0.3504904371938945,-0.2512661931504018,0.8513461580857105,0.42220968906753903,-0.6563559028465554,0.17610615933366486,1.3826413430588962,1.6706483112792683,-1.2050447185425144,-0.1513595587183894,-0.9653913758903135,0.8208013145774133,1.5677218291798765,0.564811083721273,0.7459275512425111,-1.0356347484068291,-0.604816193815234,0.5027093243029038,1.1968228339757356,-0.0723427111379923,0.37758958227549666,-0.9364517092075664,-0.5340699312747438,1.340088431201605,0.2210798777072486,-0.4330368980845208,0.9539628932367247,-0.4529340954256327,1
0.17817808595221296,-0.5969889693561694,2.224624561220256,-0.7590384506030189,-1.1172732328957216,-0.261580116292627,-0.10480065282744036,0.6783199584460673,0.6744572130440285,0.24532341910610253,0.8305554792898109,-0.8477577102766598,0.0950016701120357,0.3597876109181361,2.1956691760370406,0.23142934426333808,-0.19819009697304613,-0.9903818002894315,-0.6934609831350395,-0.9271045609345246,0.9597646121849847,-0.6148870304327421,0.2772306179846996,-0.7534704933571781,-1.0610793178615343,-2.0023258287361676,-0.36014802429880527,2.075445891691314,0.08369154011165296,0.4207102493753578,-0.6715436678423184,0.40172786392197257,0.022296894378903892,-1.840765703015164,0.44468917163902727,1.7644090687404452,-0.03689008270560459,-1.357477669039156,0.8196947024375709,-0.15211911886408414,0.48247413338714523,0.7153560606360958,0.37102583398643163,-0.5022629837731325,0.5824921540498805,0.6280026101189561,0.4209327121786441,-1.7690741770380438,1.258170481728382,0.3520204525993534,-0.31955587460411417,-0.8277618064294678,-1.4603651531060151,1.9025340240952744,-0.019322443809441266,0.42774084712322574,0.7541282979092634,0.5047591799142799,0.2667617082738155,0.5041246232686407,-0.6366024884096638,0.6888037043498701,0.8364218839631797,2.3748713514233684,0.9643244502036068,0.810814245622301,0.5102127611710857,-1.0637994297719722,-1.8595876041531847,0.15864793529515436,0.9197370796631715,1
0.0395476420947202,-0.7090293866810252,-0.9335909446178007,1.1931893496668273,-0.6635741941131493,0.4924691712197895,-0.46518202768547784,0.5407334396950866,0.6432344015589118,0.6038824908772225,0.6951428177826784,1.0096348356238312,-0.31662336814583686,0.1259254177404612,-0.610743510708019,1.5941737117694064,-0.5373914183215847,0.8508085109860409,-1.2691678916123508,0.4977767572494363,0.9821399447297838,-0.320922671773688,-0.4370014792150591,0.6171934153419995,-0.7283637265971078,0.12251317198661253,0.5274058101665192,-0.34162007447862996,0.3884526989539073,-0.171290469758021,-0.06651233605946001,-0.3476106143735923,1.3213039893005165,1.0071706328732477,0.4434693318063976,1.074158973965149,1.5123859176354721,-0.4074711414642326,0.8615710590559662,0.70371809670565,-1.0852529342188852,-1.2355793184778554,-0.055427600265838955,0.40717186531952343,-0.7857471778157413,0.6252326084320219,-0.21943456150092785,0.9850793700576153,0.3504121678504815,-0.07335300857487098,1.246175433611704,-0.655098378542845,-0.902995579340723,0.6481350041297396,-0.2720964974039194,0.9217696339788368,-1.5944393106428514,0.895308444144634,-1.1287868429707693,0.29244651907371305,-2.818146394799964,-0.048638509263232946,0.2138436794324004,0.4883619897511296,1.0999960170923961,-0.431061670091636,-0.561889424776394,-1.366857180814196,0.27841907195409377,0.8232357458754679,2.1252708038804826,0
1.4916743801463643,0.9026123273527642,0.9719739407444238,-0.53329286447205,-0.36042483335398995,-0.3346781581537296,-0.5285678856163757,0.1729941659468144,-1.0193173565432472,1.2611130781889714,-1.0668562776234698,0.11744110345379616,-0.047351634836793596,-1.0387815496781674,-0.19641471798228807,0.6547353114158668,1.2312889728975416,-1.7787654297792665,-0.9513436194519935,-0.1333465149374796,0.5139939522448199,-0.028215212380691766,0.17952765139834484,0.6509163997817407,-1.6915072339812989,-0.07833619139377668,-1.3890328280406457,1.4469697913484005,0.5850788966054133,0.6243856966656262,0.33314073435415925,0.056065620120749754,-0.8272090000414648,0.6163952930339212,0.49393076279002907,-1.1342314901167192,-0.7843472433610474,-1.3275396343359358,-1.2142368715815026,-0.1794282346973406,0.33186048560220527,1.3213925209626123,0.0012620520876004482,1.1012898452548425,0.8048126126541185,1.0571320444291685,1.0295933445337915,-0.1605736313294118,0.7590758289743551,-0.9234272194999522,-0.4491984448904091,0.5641659218882825,-0.23541840589403618,-0.5077153348286602,0.5086321976901006,-0.5061491002887234,0.7936285228429045,-1.535160532536642,0.24676507378353046,0.3703613144092675,-0.08037921050531983,-1.9824586166470541,0.797874430454476,1.0637206504308028,0.25447664335732884,-1.0789891450795497,1.0228256130594127,0.4709002632464583,-0.12049460012344336,-0.7848469915978047,1.2666808865839343,0
-1.7954054020116021,1.2482645791992153,1.7025112243690572,-0.7928784365405713,0.7358782934528615,0.7213043634932055,0.7133082184198235,0.86542633411485,-1.1742333440170942,0.557051778849945,-1.0001969019711243,-0.1880379066253814,0.28775761904331926,0.5522191781691406,0.2672955759106091,-0.8673300588732287,1.7897312186227041,-0.5646577525825166,1.8088270563347533,0.8398651912266287,-1.4749278766368088,2.8586188119627605,0.5509842033553414,-1.7216023965142386,0.35988280466752526,-0.5297631683553855,0.1771025550721021,1.6843990397379018,-0.4654850398078956,2.2968122142494307,-1.6805482171577195,-0.27647810891612945,-1.8469790119036666,0.31823298505325465,1.114256499048416,0.8190220702219771,1.1849948838406719,-0.039747750501291305,-1.3329361178618648,-2.3750301070829756,0.030674036297118464,0.7751117572269718,-1.3822001110004662,-1.0937051348805578,0.7912999207869936,-0.07713231629283392,-0.3652816900795275,2.1744433211088356,1.7221547246925346,0.3313196928452141,-1.9133562396927786,0.7290206285722907,-0.5730661620126861,0.30178939311789055,1.4086108843736171,3.0386587245422705,-0.7456604876173553,-0.0808041281737444,1.4839170312508352,0.5919002968352366,0.6265248659574724,0.6427489819374934,-1.4049137482016458,-0.09677716786554963,0.2660984028326226,0.24989901389459443,2.3325326453372153,0.2313621724890117,1.0835975967132578,0.6394810038895544,-0.28501412955360844,0
-1.3476857667520359,0.38698652488705754,0.2592872436172188,-0.7383077173554293,-0.7934050948120992,0.9529293874900521,0.10427389484848582,-0.47193426223657114,-0.6238051286844115,0.8682032814898807,-0.7753964509927718,-0.6171490434624795,-0.3935650166251189,-1.7859885650083096,1.3433977963631478,-0.5828705888402966,-1.5115348996280327,2.1101302094630134,0.7298537645877715,-1.52559789411965,0.6271975603481735,1.5651446748752016,-2.3109222732929156,-0.6341964345315755,0.7295266735535546,-1.2093367162057789,1.8142318196185394,0.39777567944931747,-1.379127240762131,-0.11001489799815503,-0.3656265039234762,-0.25709060198749056,0.8669738339536088,-0.5760591348607471,0.1320648104591165,-0.6348340385203178,-1.233794004136184,-0.14674543167236162,-0.07519681663013623,0.8645478672246112,0.9874920210615243,-1.0814770644469316,-1.1704719640878583,0.5829237751474147,0.018872832748988,-1.411918920911429,-0.7795908640571898,0.9259051274023801,-0.05893750210619293,-0.2640406232681465,-0.751644282187876,-0.2871202285537797,-0.7031970359370755,-1.403284039560736,1.8438792061959433,-0.0763441891097534,-0.8902283058718519,1.2946388070160577,-0.2319960448092988,-0.3167935533720234,-1.2290128090974586,-0.0230876847250989,0.9123273119588211,-0.56908498943068,0.6500287684391587,0.15108826401815967,-1.6145513349876646,1.0953419257045185,-0.40161206068827204,-1.2747637039673896,-1.7427413500405295,1
0.8417390067591434,-1.011710120971066,0.05972523319585433,0.3585777139208353,-0.3487516735214914,1.2623320582793163,-0.31004819116927934,-1.46080384408,-0.8879489150373805,0.007484581118678671,-0.8233179947635652,0.256432517136122,0.322817362324456,-0.09990450287088808,-1.7959421064698915,0.5624201266231209,-0.7911214796109415,0.2906356064518235,-0.061382462164174194,-0.10373967941197659,-1.4466992103770062,0.37095407584322443,0.664891126148787,0.4189051952270914,-1.5387348172445363,0.809492186175564,0.8199882009168883,-0.18048302877140912,1.2455542588383028,0.05554958963732374,-1.1253434983358406,0.9936988120193527,-0.18053110150918644,1.4321471441774392,0.4564245036503831,-0.030892810158444403,0.24398949182928786,-0.5269643303036539,-0.050850380700170734,-0.7443622243633196,-0.056763025124345674,-0.3881033736576652,-0.32430908777040346,0.015032943151806142,0.24343305026505008,-0.3203952630585826,-0.22187045557827423,-0.6818574875279804,1.1896169932117238,1.2689217732714053,1.0710835217756318,-0.2312820541572372,1.1927665940044725,0.17456722203402159,-0.00955149819991094,1.0185752198561093,-0.004300821796291164,0.10721423274320747,1.2311341300109166,-0.5903686619049124,0.5049214802561772,-0.9426724380849942,-1.110936095715866,-1.209654978400247,0.6389255968052276,-0.2148342981283997,0.5390419654307931,0.7998544832831033,1.2744758822887319,0.3545322309073109,1.23724295618425,0
1.2883518354831167,-0.6335152133683055,-0.25792916436118996,1.5556246367618642,1.7002676431224426,-1.157821708595811,-1.6803497111617665,-1.7099269629295857,1.1581612613369312,-1.7718368111175529,-0.7463752164495304,0.1394609338764701,0.4214713056384396,1.5876317166840626,1.539513533390797,1.2949793678544121,-0.6494244904314014,-0.1152155265980503,-0.24675210701210756,1.0148478914133146,1.1947968667106337,-0.9561701185794973,-0.6208575958831469,2.1430765968048946,1.509223643267916,-0.6565445119031214,-0.5038828371348408,-1.2589035392496497,0.7092849634395005,-0.6305167560957393,0.8291431166021895,1.0786618733571796,1.27210108757488,-0.6441264816126754,-0.9436975265743849,-1.758088241358596,1.2432480231390746,-0.10276976192818629,-0.9126974022775338,-2.293026508703866,0.7243476152631062,1.4580901039742027,0.3754969850316628,1.4000495776192954,-0.10112878748828771,-0.5235251098444657,0.9767407960976932,-0.4263446006647255,1.2034294042823843,1.1176115719035342,1.3092459499748328,-0.5087584695485776,0.7931417432474224,0.9640342440973554,-1.1076569124370135,0.2745413989404878,1.7225201620799178,-0.415223074829007,-0.0024836139511121677,2.4408268128097177,-0.43860728480246497,0.12077249340040747,1.2478413349462574,0.449286860730742,-1.0648731874007817,-2.6207951087949866,0.4616666670912747,-0.17911058790666418,-0.39872524750148136,0.19306702882718443,-0.38258614012792286,0
-1.5724464724399918,0.5885495413943006,-1.4885171940415234,-1.3693899443962194,-1.7810059442268096,-1.4258448528218222,0.28975119413593325,1.0489362405188787,-0.3803054874687784,-1.0438361442314874,2.053984584677642,0.28381369865083594,1.09430345545011,-1.4684623723642665,-0.07803987591218452,0.22286917165461956,-1.481595350959697,-0.4380294270788969,-0.23542401800509877,1.5759634613031923,-1.947694969860141,-1.214327880934155,-1.195885802034295,1.5554481306702688,-0.7782936808352977,0.5313462919853083,1.2055096360277333,1.417110248099999,-0.21490868908178293,-0.9999259922300635,0.46127030962647053,-2.064273486012313,0.4344719761754121,0.6050777310619883,-0.4682858362954882,-0.2537399239974295,-1.0036736072894656,1.5375618586451425,0.15147870053032095,3.1278486265125505,-0.9385441626719148,0.515749298620568,0.03501255970139155,0.4249700087973821,0.15448934695512653,1.3090051321706033,-1.0085448426625827,0.6331324932436924,0.874872417333855,-0.5062254118798089,-1.1552358905566298,0.12973407544802443,2.973911468720919,-0.5833382224860725,0.9004621673582677,-1.8938793587205713,1.592359678041228,-0.31611686657298094,-1.0079944678299098,0.42478733716051104,0.1194553383850641,2.5408861017691264,1.242611341863813,1.278174015342101,-1.0395592689905393,0.7228938835848719,-2.810283882064833,-1.3335074896134262,-0.9194049162956551,-1.1241363238674633,-2.1932463360959047,1
0.07143542215265807,0.7449991826844126,0.16634533084585554,1.2849298275686243,3.0547640037029002,-0.7014415969745385,-0.005686269845684943,0.3643956508990587,-0.32869193530698587,2.087212351340463,0.06837011666820665,1.12982995933209,0.49681079768530984,1.5086597212497777,0.837100567341781,-0.8567100050766326,1.145283468850804,-1.7525108608181876,-0.1389819740345606,1.3099653127653392,0.9510363212853559,0.3328105413986822,0.4027796230455766,-1.743341598708051,-1.6457084653667897,-0.14971084616360106,-0.6999713104623079,-0.5418122036132051,-1.1359148751405606,-0.5439440805050827,-1.193469347342246,0.8129297232879014,0.6628399541034129,0.06227737016922854,0.5916536088847768,-0.5801527171077818,-1.8227703748650168,0.9552830010655372,1.851807921050186,-0.06218818364140064,0.13321186775816418,-0.3671520589937413,1.9446169893582046,2.282149922108552,0.5545552395565884,0.7802915669670646,-0.07647614219311029,1.9048215973336324,-0.4413033939700331,0.2781026962408721,0.36171371126581614,1.0817213214409098,-0.8164852698224286,-0.21531619833266125,-2.3452804136923113,1.644514108047794,-1.5782692235368823,-0.283855391436933,-0.44721137852679393,-0.622533216955207,-0.16160500133428152,0.17554423382356937,-0.5267322226054003,-1.4650482997951964,0.20084056856662752,-0.25181963210937763,1.186568713195124,0.8627370552493057,0.6910243145784246,-1.4379288364910352,-1.4241038624869404,0
0.6342357191341389,-0.8121815921002067,-1.1090014666053005,0.2810662814857417,-1.8359741430809335,1.7821990890185828,-1.4551745535782592,-1.7148034783423916,0.6259937249363372,-0.5357617644648928,1.0286231597328857,0.33882183891037043,0.7895122162063758,-0.277211215242455,-0.16779278076902823,0.17513405379623995,1.1106481871575136,0.7553132275217767,1.0433865139223868,0.6414876646917764,-0.13501012110737776,0.6370969899810854,-0.5194649907833083,0.4771005125386186,0.21151109559923323,-0.7671358431300328,0.7524481662009953,0.910046972414613,-0.4113323173322276,-0.3013472702859482,-1.4425997116038123,1.3954698955663527,0.10094029147751382,0.30820571324864127,-0.28326999796103713,0.07286198564194833,1.5810039653914807,-0.2768945156827326,0.08582332231261484,1.37943216589658,0.31579684467297975,0.30026627885790325,-0.4058392837679606,0.019114973310561986,-0.01891850531983946,-0.9365333701239795,-1.7949580349289382,0.8175515837964851,-0.3850507729809348,1.2194273329960839,-0.8066483339869702,0.8979885300536806,0.8586924309743844,0.5797318456104219,-0.10616356345833111,0.07963085447849157,0.5635872930290556,-0.11108468148299185,-0.171797537465992,-2.0951441824363917,-1.1482316931928105,-1.8852422544005063,-1.5221803967378253,-0.6679369618661242,-1.681971595674411,-1.9198545686149404,-0.813501513537283,0.3566046502541531,0.8632104382245964,-0.435638276325575,1.094455904210626,1
-1.2369562802702478,0.9417500267170835,1.198408776023863,-0.42300072950906464,0.6503643929279522,-1.110798787840711,-2.0776234775716094,2.1881789730078336,-1.5822191118791271,-0.81205874743052,-1.1313923276601852,-0.3628926813885003,-0.003053413381291211,1.4270404391494913,0.26498857047437235,-1.196676360387484,-0.06716941987478965,-0.27005765822535344,-0.16139258835722717,2.134214198409524,1.1360116261037327,-1.037968973969423,1.2433120496661396,2.3683000180848377,0.07477186155567421,-0.1301652961533231,1.4580394483951995,-1.1600211830864269,0.6268268904066993,-0.6740699669760802,2.0973639190259163,-1.5740854487251137,-0.83746365490872,-1.1846076719676157,-1.5908448830431208,-0.46940429345741086,-0.5222552364687593,1.2297578065758967,0.9976222210664596,-0.9973831640622768,1.2282349014819998,-0.15938077895656955,-0.711369134651702,0.976080709849198,-0.9859623355172971,0.3102805298414229,1.4730931688556754,0.4499312589030805,0.36196344115735035,-0.3569196662367702,0.9733374158823949,0.4333270427305408,-0.5106848924804482,0.021901399556205257,-0.8033587876535687,-0.8070977744088955,-0.6641461236007948,-1.562089956624201,0.2756660872306502,1.2134229932256018,-1.0178671494253984,0.8913382970172983,2.7374731435634096,0.9101052250085454,1.751521665199154,0.027752701006476924,-1.4108492469539944,-0.6383490669140469,0.04085100571443935,0.08544418435804282,0.5623915531646201,0
-1.2916420788593417,-0.42244430700105395,0.7300001496066476,0.19635187167870213,-1.1590026040383254,0.07761332857918768,2.1571060349594875,0.6340412713776651,0.5385715520000953,-0.32137886043885006,-0.6347718478316218,-1.2283007370111754,0.8314602231412684,-1.1654862567658217,-0.634289908198824,0.8208630210128712,0.19828470365650727,0.2847680109588558,1.0244215590554038,-0.8550207846512045,0.9589396055281766,0.8325143348500389,-0.03489719499421242,-0.020451812897686075,-1.5295014611527749,-1.739104378784459,0.45109008058005035,0.409702465703717,0.8193228159330546,0.5779433767515326,-0.4661159810691227,-0.3069118616901981,0.483975970651959,-0.9960019551493811,1.2711947961831236,-0.5439040609062246,1.6749516894912517,-1.5095127484856783,0.030011800470364492,-1.2226893813360138,0.9449146691871804,-1.6597109194300532,0.8878071790663278,0.2547063813876408,-0.7606807219798256,-0.5466326053033748,1.2640627413328713,-0.5232809013730657,-0.23681032744791897,1.1379720396071766,1.0405011210355903,-1.8738891264764383,-0.22986544789781627,0.30821977751931484,1.9212408186574268,0.1781199346718732,-0.12725260726856208,1.811384046778034,-1.3150727299676692,-0.10156036222327242,0.6708755800010074,0.11824673588876597,-0.3540073142325406,-0.21786275240076855,1.2038129818982737,0.7577536475263137,-0.16041778257402473,1.6481181505186648,-0.26987897118548837,0.5006315946124189,-0.5327792528830966,1
0.49732467468475045,-0.17298075713994374,1.6049480075277809,0.704925505107473,1.16520020747114,-0.6147419731846904,0.22431445507817135,0.9000218115072336,-0.487156027416371,0.27630314022142166,0.10646143631474154,-0.3052683943673151,-1.6602228495698363,-2.2078458196446635,0.4808498299663335,0.48540754017027243,0.6443803552646151,1.8091333942635424,0.12004224574229914,-0.970516700713726,0.45381295459588494,-0.1506570044162462,1.138016279011227,-2.0041705557630785,0.8368505261410379,-0.4406287900521096,-0.39387104886775126,0.23654644648555315,-1.3691605191138645,0.5731236635487884,0.17092200124328333,1.1420521979775793,0.7487815954061691,2.239352027133285,0.08411238767302716,0.33596219722079307,-0.3210221365149594,-1.9283117916904293,-0.5125315966450813,-1.3874377876098276,1.186255410229427,-0.3965017089611033,1.7209475276593653,2.2207568750449043,0.2831195183506705,-0.029392594881893976,0.5146295826416821,-1.4464240773443033,-0.8142175889176745,0.8021431781849934,0.05570914863384197,-0.1507426289586204,-0.6327822985943746,1.27077653489886,0.32801491998615384,0.4039056826027468,0.34759910718115145,-0.33798330492248174,0.5848066813950608,0.7687499929269263,0.4430872847108697,0.8953976372637023,0.11168304937577046,-0.9970123714759442,-1.499980258435916,0.3010678079700617,-1.371923808328886,0.8436623962840099,-0.6118973395712396,-1.1904504101261233,-0.30193146044678676,1
0.6594353912454175,1.241372743238312,0.9428183344150337,-0.6234487488551848,1.4614783810701715,1.2430839514455465,0.3904567497874916,-0.12912454091478448,-2.3644923144361387,-0.01552370619059969,-0.4756705036268751,-1.8131660701007504,-0.9877581506150405,-0.6243932825043371,0.11197417741162173,1.0997440563283047,-1.0996722147971516,1.2706876306447357,-1.0220868349755707,-0.13250935210267756,1.52693707115036,1.1626522098789305,0.2695404818948758,-0.8200135134270018,1.174832910716681,0.4440501071043413,-0.8126004405482554,0.38142686789676516,-0.684142000836685,-0.12336123909083666,-0.25675806992886513,-0.34008964507145656,-0.18846317594102727,-0.22324042824597345,-0.07091072310058417,-1.6231559709219596,-1.445983922834409,0.47446841447847876,0.6975364242886892,-0.21660715241750747,-0.13110092532402798,-0.26834693372101237,-1.2295941598459679,0.7392760840003973,0.9743394858587361,-2.321632328801485,-1.4124781607681842,0.0890167110624062,-0.16087517153446543,0.5302080769427123,1.1300415268008266,-0.31655995619065747,-1.4538658474634816,-1.2942597635581885,-0.20950467606892423,-0.44191451454975333,-1.3377763573228374,1.78281296540927,0.566052737214325,0.6839556017889992,-0.12062212686297138,-1.4916467250156882,0.8372581469627033,-2.334981497718804,-0.1665478873945235,-0.3920053581327469,-0.829705870706487,1.1328928156669553,-0.8032651875137533,-0.9688102949425926,-1.1370819907655374,1
0.4099006551411971,-1.5002329883137018,-1.0423402127222605,-0.44795828785693514,0.5335830820246084,2.605719609989772,0.8035344618697738,-0.14413402556184982,1.0892644732320804,1.0754192389995445,1.0851815314623845,0.31594843212344526,3.368041109154072,1.7856474487545047,-1.0484417295632658,-1.4651277065146915,1.1145400275962432,-1.5528387070374015,-0.4785920733881435,-0.5364031158561462,-0.45984359552857196,-1.7941324480020966,2.2641459466733016,-0.5873280709467348,-0.4920828309760734,0.6949812456501432,0.4713797417497201,-0.4905389248646176,1.2897814586360798,0.15860649027325766,0.07572652646697409,0.6704517800001347,-2.6458552361200733,0.41928895673282246,-0.9932204693897746,0.23152014692042155,-1.220234946450106,0.5612352635407399,-0.10555200607555944,-0.3754548657561656,-0.4122970671333129,-0.6451337486035872,0.43410047824527415,-0.7953771497165034,-0.9062188167163514,-0.040522686732200386,0.21369451117022947,0.09831552904677865,0.650799188576733,2.0688320346797204,1.0700203231123486,0.26035945098861246,0.5711699582910804,-0.5666549040597798,0.32259905968226,-0.12133370109920744,1.1373058485050218,0.9009715835928701,-0.05321955896477008,1.1562449839285764,0.003955260721467233,-1.887904409316926,-2.6272841903061472,0.6020870602686434,0.29760282357515927,0.6760116871822955,-0.016867368379275223,-0.7671547813478684,0.6973188533941278,0.6461037531316477,1.0050537935575943,0
0.6188367807765858,0.7401217624816108,0.28690180186846026,0.9252644951059205,-0.4629995914045075,1.027101277650612,0.18071489833085883,0.13060749181394327,0.5147873105923483,-0.4194801812510887,0.2740186896859251,0.7554603366395339,-1.289678019608913,0.11216493904725519,-1.3520889115505224,0.12682739560771458,0.2558663293168493,0.7800823420429709,0.21502772245398372,-0.18269337087580456,-0.6047543033793561,-0.02944401367118012,1.6181011814741906,-0.029093706299467687,-1.325118605810594,0.6916323898510238,0.3328818873553393,-0.10350627560681529,0.5393637389572901,1.2935434339514602,0.834766634882567,1.438775642880407,1.0829550675124215,0.7597820263705539,-0.4068300397110637,0.05022188927847984,2.491301825999634,0.7215466647413287,0.28204094279414715,-0.7768273217380192,1.9389442802368584,0.4839249179825367,-0.3463988335581023,-0.4339210816251432,-0.3685886217597473,-0.7942033103298934,-0.6270272852235284,-0.17933053648111857,0.7202646262102825,-2.014584220907741,2.0437683697305307,-1.0868957705764106,-0.016281212707902483,1.6160745488894517,-1.1491443302903492,-0.1192165591286413,1.0246631837828482,0.27602359040699775,0.6240424767312648,0.3018245071560031,1.846779374447417,-0.020914635905030128,0.4392342535175326,-1.1227775479276092,-1.5058294464426818,-0.37361005775646017,0.5873247809136092,1.061279547884384,-0.06978856706053267,1.271133433358263,-0.316508686635559,0
0.4227377580869306,-1.413492385436409,0.7011524088970765,2.251062129808192,0.5704249546887481,0.9504408624717214,-0.30218843378412197,-0.3934789161252587,-0.4427915675873895,-0.646716230358865,-0.36611313109202326,0.20813029641921382,0.5995076664792451,-1.6136185795620142,1.455508715373755,0.7988910995593329,-1.1855917082871095,-1.6445936386882312,-1.1319748556951474,-1.2881915164851445,1.531047942736178,-1.7072801311951926,0.25298316151181927,-0.314795164444009,0.11314183249471296,0.005636977031333108,0.21770535037068822,-0.16608568498920517,0.647818735754089,-0.879246126180543,1.0054657798720192,0.22941875134157844,1.1664077757973077,0.25301087999032584,1.2192231719420201,-0.17138598522457812,1.5353022407245749,-0.38299915560601827,-0.9026663665325952,-0.9064422775008123,0.22923476603991974,-0.1986771675761619,0.6912124418533133,1.8291506154276,-1.2958515503864365,0.5663878982352251,1.3008460582062091,-0.3216779844864402,1.6766479313295213,0.7561416545415941,0.5691053375745105,-1.0392323894294353,1.309589869309006,1.3074068572873665,0.24240569116886512,1.4446447859250293,0.6815720038237427,1.3309099731476208,-1.518230059160175,-0.4823322417825855,0.7801984906868008,-0.8064605831479593,-0.965711480354548,1.007283797315241,0.9670396602457167,1.2522580916156711,-0.20821666155999993,-1.4902706258039498,-0.7576834642100219,-0.19734899366067724,0.8712116323690045,1
-2.4252229964720597,-0.11091588250488411,0.02452721813298096,2.2550249085799,-1.8393212791053906,-0.45922384416518874,0.11446940024254165,-0.3666881712066396,2.1560930130276077,-1.2191606215025483,-0.6021311790163655,-0.14687644991497065,0.9129525329810992,0.6159150010368191,-1.152244208304285,0.4579871054213516,-0.16658416117589986,-0.13715109281308419,-0.09881319491796658,1.4888820181580855,-0.10127859043362747,-0.06031974136589006,0.07880409633475435,-1.5577385942231974,-2.7683724316910934,-1.8799477850660609,0.9384452746459563,2.041292428216708,0.7747431395387273,-1.6671812430374382,0.48546274952211843,0.29017343687029146,-1.0297690226883773,0.2470649838744298,1.8136331109596964,-0.5911019069976765,-0.5514939396032744,-1.0701073419581284,0.0014753256298065615,-0.8711465149554133,-0.8779165508045305,-1.1063288434553102,0.5581630130258349,0.5142635494166653,0.6305820686134112,0.2096576335155776,0.3794387435304319,-1.2637732246681164,0.12699160034511453,0.02541759006213987,-1.5670392106436188,-1.2018495181154099,0.14559709269399643,0.6460027906987997,1.3317091644767387,-0.359830176956581,-1.0353892550574815,0.020441550438045023,-1.7033605908104281,-1.268777851970871,0.59059308299179,-0.26722669784575137,0.8943044764466818,0.6270951726853573,-0.599744814761917,1.1288475674127956,-0.5083520298634726,1.5506503237748546,-2.0711853904664865,-0.41533160759727333,0.733635634469229,1
0.7739769806639853,0.6488550462644808,0.2302317194114483,-1.5867310723939791,0.9292824589691252,0.660148991798003,0.7182915770054055,0.2168398871783155,2.0539730029551246,1.248610511102974,0.4943756240378994,0.08365436679272652,1.9582317281654205,0.8790190926582638,-1.6566173813554763,-2.7125752032398442,1.4589661086527503,-0.8389871913214602,0.17073156041818988,1.0669597724875701,-0.2786557399725741,-1.3864771342149567,-0.09211161705087767,-0.1638349760414398,-1.0808458297243293,-0.26956262009841786,0.3118033585867047,-0.44387849992842676,0.9662555329994259,0.6768975483377293,-1.5632682184615119,0.8019486372814465,-0.5271382423759604,0.4188304542056565,-0.34985466100126633,-0.27418075788613244,-0.5234083455582726,-0.7556620060050814,-0.4571978459525342,-0.7262397797637352,-0.35458243521549965,-0.5113874564147718,-0.7725814515529205,0.8737989105979516,1.260981208938239,-0.2866370451326412,-0.1408549362465861,0.08077229464772227,-0.1606103376083051,2.4226449410738677,-1.468207778735147,0.8442257642797701,-1.226236132617376,1.696725583141333,-0.6225554546234479,0.8624020903893932,1.2195461562426277,-1.4554545655830118,1.1056096301770908,2.040534578637243,-0.4369704520504754,-0.7337737878480598,-1.8905344180915218,0.6528267772123452,-0.98813072223371,0.4768643581691182,0.9602456420150699,0.7141296901196728,2.1839001770017066,-0.5878035358425351,-1.9179928517951623,0
-0.060598395438396284,-2.0535634485949203,1.1661103341062686,-1.622664833336411,-0.7927214409450972,-1.0507499481592533,-0.5250433350786017,2.3495856287078776,0.6399961260051598,0.23818751203652963,0.14786958950536475,1.5449428616536935,0.2421922759859861,3.045930537402957,0.17022662931000745,-0.5731505769008374,0.29714591958500114,2.167287708232523,0.8029527431382011,-1.5097579509546049,-0.3131896184928913,0.27912624030262684,-0.263510625407618,0.5517732761526812,1.4736490221191816,-2.1217489688272964,0.4896592614239777,-0.1331748508816602,-1.8372117214035448,1.7947810296556783,-0.24509025146507343,0.32480377893009477,-1.079679463307287,-1.126645370581109,-2.2716852252929893,1.4815374481453143,0.8400193827480676,1.9404519890794476,-0.4082718686954982,-0.03853852105529886,-0.082843017737043,0.21465684233677637,-0.6463785437416328,-1.1273761035347478,1.5884538765710468,0.49805471233530935,-0.6886200757129055,-0.6089488328105447,-0.8507042160642397,0.2660083924117005,-0.6854765621531876,1.6114114762921925,-0.17494772796660535,1.322876792749265,1.112236285836773,-1.3756176460684193,-0.38466176312812406,2.055952271705109,0.415366521110371,-0.6833860182134397,0.37827564530465924,0.5630042277013346,-0.791991648221015,-2.043564581868417,-0.9865365406366701,0.34504470521608366,0.5227558346148888,-1.1708180303548072,1.2710357997426962,-0.26140092398083037,-0.8160743018868016,1
-1.518511767533737,0.4920348925601332,-0.61661124392535,0.7633005054682938,-0.22248471364246494,-0.8857759225842687,0.6738811553620068,1.1659377751847613,0.9395047470278495,1.2098635819971675,-0.9574738433032135,0.4659599614492323,-1.6037447229645223,-0.3908827716942865,-0.2651949202089171,-1.406211752730069,0.8238404013941623,0.7332862097709985,-0.3378347063288239,0.01434952225416839,-0.053220848520237354,0.9093972406093906,-0.9468341434613576,-1.2068395121320126,0.18589893479741584,0.275455871937295,-0.4310638088064228,-0.9986569436385747,-0.07177301218472928,0.4884988853262617,-0.16940267826874064,-0.7397680935556206,0.24701343573374301,0.36190765881003895,0.16726589198951192,0.4462968763620343,3.141452686284353,-0.7513928915233704,-0.920103635044339,-0.7025114801133437,-0.24415514866666224,-1.7379692499378443,-0.36006669393961904,-0.005710039872038729,-0.9790896335967212,-0.9975595434247174,-1.0855848832858528,0.19111395306892123,1.1687561357434402,-1.631699194022451,0.27502697607086285,-0.0004641700282532195,0.1266801034190082,-0.7209295938160082,-1.9454563963273546,0.6566679013329478,-1.3515079154906018,-0.4584596590068218,0.4054740477902492,0.009664993984824816,0.5668392160698652,0.7197623289161362,-0.09938670481248464,0.930347336664276,-1.6411266212653832,-1.6847292697403855,-0.6754147622103771,0.9275394559793972,1.188056085785172,1.5214128399892133,-0.7126592551538223,0
0.6051749638971866,0.3641284550032657,0.14910905706140037,1.1058663844393453,-1.0917557489407583,-0.4641576227795791,1.2391946466755168,-0.3042895066401399,0.9268388027631366,-0.40975590816758956,0.10228717664464497,-0.48546819927446827,-3.018065791774122,-0.3868707915344499,0.0586317054730007,-1.2110623246910668,-0.9214108860627667,0.47720759403774665,2.150995978395387,-0.7989906902212366,-0.5400226035440596,-1.2575213043143405,0.19859385228599963,-0.004133870922235475,0.024354351682396837,0.6158298767174132,-1.2439553959722915,0.29309555919615904,1.223384157993648,0.2712004919312358,0.41600200748923677,-0.3579251517263687,0.379435548557415,1.911985371579107,0.4126933745217357,-1.0288910649632723,1.3622767866503664,0.7519310524560774,1.417730098069542,0.36263558427119474,1.0687705205576754,2.13750722305949,0.9801137902656157,0.5178569148733464,0.401673727903977,0.5636099728329552,-0.34019716943711675,-1.8823395655652204,-0.16902550086590679,-0.8923791072335658,1.8376103220556688,-1.2346980054929546,-0.689630058171767,1.3967004680953616,1.3860711278782252,-0.6242334185703635,0.6952658370313808,0.084106398900089,-0.9128170081075935,-0.42856595956178295,0.4822168653389966,-0.051954831075595606,1.0362593189973959,0.15648644113185595,1.5576398578073969,-0.2609581438097271,-1.4644107403155164,-1.4975968187893138,-2.4260241399284377,-1.4180346135866315,2.8634967093684502,0
0.9198998338964828,0.7873438298310543,-0.8669874211845677,-0.42139847751629134,0.21099806301137147,1.659795820363053,1.4691002045123618,-1.4308080861322232,-0.39794432452429923,0.5419497540058472,0.8455159021598306,-0.3213600422117767,-0.38320348376450253,-1.1461257491308983,0.6509377056999264,-0.08963354552291881,-0.981738851065709,0.3471417659203971,0.564174931326461,-0.02320885439096425,-0.3966668209207441,-1.5155753226177497,-1.0628807646180787,0.7599874482962102,0.15975654939096554,1.654327986993593,-0.09348616352279429,-0.27103312257157813,1.3813150389457491,-0.606690426535686,0.20478662473987896,1.3673861534265992,-0.45191332475618484,0.9878675383168598,-0.06408107762318785,-1.1660733181671665,-0.7999794245580467,0.21326072808281188,0.8241955320216121,0.41524529350953293,0.37255725659134775,-0.26578097956181707,0.7620060083234107,-1.1144300731305314,-0.791972867078034,-0.2518105176688647,0.7947192898153768,-0.5731169114281318,-1.2371816774895852,0.3724163706152777,0.6084904427319613,-0.09897206727462593,-1.662477802190102,-0.5888841396507426,-0.7286534584224684,-0.3700375242930531,0.7176552991740105,-1.2943237606559082,1.372966651882289,-0.6415362911251637,0.11687371883712715,-0.3874990196655157,-0.06010323262327053,0.18035969689831888,1.4267204444852182,-0.08800702834099694,-0.8636160861666812,0.3070254764521403,-0.027816648377729642,1.9992652931429626,0.003698986020871879,0
-0.08235327559792342,-0.4276811240086403,1.3007691143072033,0.7148360646086087,-0.8421738625262901,-1.2813742279040101,-0.0007261067657833029,1.1025877487764442,-0.5014576397108217,0.19845456069581996,-1.8973350561250784,-0.13702613324870278,-1.329231634140043,0.9054813085273434,-1.2454198286252023,1.886575848637303,-0.8857356497511893,1.5765227640868134,-0.5440657577963544,-0.7968984917459564,-0.11080740306628455,0.5065313796163767,0.6303859183359477,0.3891654923105217,0.9579851262245909,-1.414219402906415,-0.05770190360239443,0.5022858075120925,-2.209726599349191,-0.8047682151118686,1.6353714077269375,-0.18425886656554052,-0.9602161245285991,-0.4084960796019774,0.8057209507002565,1.4472426491166066,-1.3646544548150457,1.607487376027241,0.6985002441378713,-0.7205666620760848,1.1644521723438679,-0.5792432738565079,-0.2249384149270865,-1.6938450991038556,-0.30135764610045834,-0.0750635111034462,2.3574731628239545,-0.8361062344441125,-0.45338242812402446,0.7820681207999947,-1.766515663036269,-1.193197036271554,0.6050447771021888,1.293197976338243,0.20289330130112132,-0.38271076278040356,1.2093608483542837,1.8272649736086364,0.23269096907009335,-0.30422078035740074,-0.27374875165633916,-0.533737483676344,0.668505209530062,-2.669941150821575,0.8190246506016559,-2.433128531466179,1.0735322867351549,-0.8411833300089627,0.47318210832373003,-0.8305941982936575,0.5315586595526218,1
-0.48693853462612613,-0.4194133839537303,-0.2264248456233715,-1.4465870917418495,-2.1927342826812706,-1.3570579593454866,-1.3290708820708736,0.8562667162391061,0.9622523370347723,-0.2744875950686916,0.0065932894895449285,0.40637425978963404,1.2401104034319312,0.5853526915483399,-1.4190590291639682,0.4555927272460146,0.5765464578818295,1.3682608061481267,1.5406104554694764,-1.4390918692003414,-0.2990904726272951,0.20858559379453276,-0.9316936250113602,1.212023360959189,1.0528616253060257,-0.6890537317306008,-0.5721279492858206,0.2745421780006323,-1.288483944251368,2.3069230979443813,-0.4401088243914224,-0.3748706255253581,-1.2106048284931514,1.582010703423531,-0.0929553034148567,0.8874902634304485,0.03805475767354475,1.061059104527954,-0.7364618531813896,0.3359896354724094,-0.8182750201679624,-0.6003447166730129,0.2987239321496064,-1.0347213687648043,1.1357558937576229,-0.18025508374337826,-1.3106375887209538,-0.2284917920221192,-0.8609389858012337,0.29935473910306754,-0.3152394672226052,1.1359030621155513,1.523003410398754,0.6579724958253517,1.7565419515411234,0.5726646241009498,-0.8511335589183121,1.3573785585157163,-0.8487988390793445,-1.0972607459692045,-0.823950509803879,-0.27069998509137266,-1.0583341490933607,-0.965056207598312,-0.6208374237920341,0.526904588895238,-0.20167381622415229,-0.04183848555079537,0.469073995425249,0.05552580978115385,-0.833376112732702,1
-0.9406623459019885,-0.04529190945380474,-0.7431374427231225,0.7557355285069063,-0.08889397632084983,0.6731377800745295,-0.6813967600652598,-1.3973294843560422,0.724456049064951,-0.8207720666819193,1.0263963403174357,-1.183023707876492,1.184741167407947,-0.00719566020572731,-0.19823920492073524,0.8605196849319277,-0.1941060668232685,0.6217623114893621,0.2992544164279302,0.2209541467234059,-0.4647834772384063,-0.17064873737741804,0.6805360052823252,-0.13563876625115676,-1.354758070444981,0.7000403554111376,0.7056205297627822,-2.153688854415054,1.632101335796696,-1.4674013121483893,-1.8599717198980346,0.6040538777585789,0.9649292462424053,0.6192557175332438,-1.0229550143488664,0.24901976613543492,0.6148195801557323,-0.45026900371403583,-0.08110213600171033,-0.22467602407626727,-1.074783288002416,0.14785155759139287,-0.5401867068395707,-1.7558281772235393,-0.5726160471218573,0.3400687129593027,-0.9960889348890349,-0.39171514525266343,-0.38319164434449526,-0.5652243558282064,-0.29872694184140575,0.4606205422479744,1.9803931392588854,0.43518688182844295,0.41265969677961634,0.846702611254895,0.05914823343770055,0.2341589098555892,1.9212153420661249,0.5250613346842411,0.7317766500338351,0.350339024777294,-1.5262012615055345,-0.9653662030675902,-0.17532922423385794,0.9890239925064599,-1.8742540124186935,1.5765572274347435,1.934995691896788,-0.14306504418895413,-1.8039036897208631,0
1.4333547109158291,0.2398655778730821,-0.02066936712002304,-0.8126261810772217,-0.5533682245609092,-1.033494787411861,-1.5194364062863177,-0.9636476396713481,0.41707435393997355,0.004521121055547894,-1.8498646515286816,0.7149370831129788,0.9734347727645658,-0.048167426914483266,-1.5531930460538168,1.8767711590460214,2.3290564048634534,-0.7872181983127347,-0.9671100111930298,-1.1606032394997858,-0.09849400559367158,-0.2942377112201758,0.3027314524114313,-0.6392631005874383,1.9434809856425188,-2.4021310666696314,1.1536524993233364,0.7012542613943552,-0.7993201671137014,0.9654089393872578,1.0621845576968032,0.605750930950745,0.8967637102013821,0.12060055674231057,-1.572172281412385,0.5472866786217602,-1.1029535090238027,2.1245085459051247,0.22989386502820514,-0.186067637167224,1.1136932333531326,-0.8004969527057294,-0.9807217407937356,0.4666054689723904,1.0230291666390592,-0.6265775719464021,1.7866923003894561,-0.8450723458711769,1.5267480686879973,-1.3868172316323917,-0.31789120083919326,-0.2692347545699588,-0.11777212604132987,0.15129009122651013,-0.8633255961257176,-0.9865599020071736,-1.058550112903793,0.5274691099902934,-1.7222962730419265,-0.04851638898406814,-1.38131065745767,-0.8632096665148872,1.3849223728174622,-2.2329791967272294,-1.6763466125865683,0.1669170625109614,-0.08538167947018778,1.9250362241047845,0.27561387071636145,1.3150218806503173,-1.0266556080903464,1
0.4870012520601002,-1.140854962766813,1.4300740233695513,0.5780492053495958,-0.37647642323668196,-1.2484048011154565,-0.018083091044675346,0.9280769411966989,-0.7763972751372862,1.59672794079124,-0.034825050001186506,-0.2807239093602866,-0.43655600570741737,-0.5257218806119949,1.0501773852782603,0.613176758234454,-0.9948504339721788,-1.22379418457502,0.8113446629431693,-1.9083996644766654,-1.5519818097227658,-0.027233706810328773,0.44643475197073107,0.1514135377121283,-0.914704331786708,-0.2689074910489807,0.42771998462485866,-0.14733814749418847,-0.195175371653226,-0.4450082668318374,0.018796890024542254,-0.09716832365461414,-0.7631734385922889,1.2519403364660175,-0.19769387743186448,-1.2886663762281805,-0.056959578153644955,0.005541670023016455,-0.5882714486275286,0.26511631995779694,-0.3129024688752241,0.5961825658472438,1.5591074026732261,0.9383709489003285,1.5473359247854968,1.317019623525182,0.7564760020300273,-1.4474808948216686,0.7021904419353789,-0.6083070181641871,-0.9849982622178987,1.0296872116880624,0.7791350405165332,1.0828380837070566,0.37845521013238126,1.0903362569705621,0.8644092704665732,0.1312366158413352,0.0944708524420718,0.23193911514285742,1.468366145685018,-0.06409048717837987,0.1547509457438452,-1.1813561720685564,-1.2024188182791355,-0.1202219054875895,-0.6163401316018569,0.8044301842213789,0.5621492859390301,0.12007966931886016,1.0618684180389277,1
-0.9223976449757603,-1.215769252911403,-0.38809432752908396,-1.2876325956743602,0.8750869238268804,0.06952464211074548,-1.7546680941365762,-0.8999008456236767,0.18159014579678837,-0.15044817989934628,0.5931004045829203,-0.5041980665508718,1.6739163532570607,-0.4109705436465826,1.8878317886375926,0.6759621941335764,0.7354255620402678,-1.7508504475966002,0.372757423971267,0.15254887907213846,0.7572314796118803,-0.39725879585196466,0.1643031019426901,0.2114483700563629,-1.1790422950149642,-0.2750154535166183,-0.5105576172365318,0.9692943391234394,0.5282243692873966,-1.065095519112345,-1.3241287367236914,1.0736098237345806,-0.22186136918150537,-0.05004254727547278,-1.7672326541028371,0.26282371444059555,-2.835948618100979,1.0423596699912907,0.0551946935846711,-0.7943061127780269,-0.8781568190142831,-1.239649941063221,0.18080609778330142,0.7945566652026792,-0.18608696122709986,-0.2584716935429262,0.15521849648042346,-0.11735025325241889,-0.7272076655991335,0.555512003364009,1.0221563360751558,2.7366299369423577,0.4290012626515128,0.08957306282299378,1.7323978480382722,0.3789608873986716,-0.0742891917805723,-1.5447153446882136,1.159970943170457,-0.5776266013652296,-2.4633842342804844,1.312550022637169,-0.11298338105638887,0.953725524675979,0.15343737468289143,1.7148567584709955,0.7038654053140853,0.5692292518722919,0.08959555728617483,0.3994046699825392,0.5200437997349291,1
-1.3360609489297068,-0.9527255105635333,-0.5846500097023567,1.1027422773052857,1.8377584778575031,-1.2592966643165622,0.6814605414833085,-1.1479063208157276,-0.2993873672832052,0.3896716049408847,-0.8077008579599392,1.0706899025690244,0.8342031992326214,0.29778796945970787,0.9256947764873398,-1.1142239120035446,0.7283816433714363,-0.9710512336105075,-0.7158281430705302,-0.12866829682855893,0.5479362663457041,0.28052742488905186,-0.5999012105590215,-0.08523010515644797,0.7611233056930532,0.5372448743085133,-0.5866153287102119,-0.17793377872232816,-0.06331684776299193,-1.2534989950450672,0.1713098374107575,-1.1416214346371243,-2.0094870464750625,0.3279667624688202,-2.8028685308507586,0.13323659966245893,-0.025934881360631455,-0.6642757676938985,-1.1792863626545664,0.039006269386331595,-0.3612325435097047,-0.30688120141027053,-0.3649586506489059,-0.6525113378209395,-0.5204575234721668,0.6071000221170072,0.12160437615196468,-0.6804387451534963,-0.46623950517594276,-0.9951902570978344,-0.34487544857577457,1.380855681651926,-0.17347512617348745,-0.8597033512349881,0.4179448164543713,-1.5967753912980431,-0.5432156994752666,-1.4848744844924193,1.7176340453730856,1.5734772687734735,1.1488797529729473,1.8476695129841403,0.34098746342453345,0.7760817915236549,-1.0877190484068138,-0.3772202830494841,-2.590964951178307,0.5294347370965435,-0.5290152135104405,-0.5632949144111938,-0.5071328965980271,1
0.8002394382126352,-0.1463126606645652,1.490414444573458,-1.0492621065287704,-0.8526824868167789,-1.867115538179938,-1.721560909961924,0.7882677144318139,-0.6107376111037597,0.3418253707546556,0.17517080809583174,0.8095711843125816,0.32176881750150443,-0.5574154756338536,0.8438431278492645,0.7824877325845468,-0.2536231747950583,-0.9742618304722903,0.22526000047519085,-1.882138110882057,-0.29931389831355437,-0.30488879531207164,-0.06484417710311392,0.3986173356888005,-0.5094406862897393,-0.4712715411931914,-0.4097130160195832,-0.10417264973066424,-0.08230126754230147,-1.0467735220784888,-0.6625972788469454,-0.43767697475328304,-1.5534217438632862,-0.0002347859686182889,-1.806338999619019,-0.7731594160568747,0.06928458835657177,0.1754548404872585,-0.8288341642181036,-0.28242279271424936,0.6356523518307455,0.8220529970208085,0.45279383191780476,0.8534313715405022,-0.04868951937450303,0.3815814028733359,1.1039325979736754,-1.9627650930616203,0.7574929647196105,-1.3165194525899475,-0.3226335268190514,1.206895029599699,0.43614456570617943,-0.4815733685505944,2.399147711063853,-0.8865103546348948,0.6038960317953255,-0.6723433326411666,-0.16960269925973495,1.4566730271966686,-1.0972894763671885,-0.26057570381483225,1.0723016133334742,0.38168201490881687,-0.20982291593447258,0.10779999597860027,-0.29183640132476646,0.572154219422581,1.0954482797816234,0.5510311941925933,-1.398644748243132,1
0.9888230613871842,1.1867143728645904,-1.192587759571456,-0.10073996497885145,-0.6938247003081134,0.20841383806127703,1.0504627752289455,-1.8463207027067476,-0.0008252676344674251,-0.036405889410151715,0.6230886702310149,-1.503732904066746,0.23517762501362507,0.39419398851186876,-2.822161177309326,0.49028634581682834,1.8046026908143415,1.874837849493735,-0.5972145771182871,-1.254923160873542,1.2702379953997667,0.408926580603564,-0.793970700188811,1.0188076929679912,0.6471149540394214,-0.20745396784085163,1.4971353288708393,-1.2453862896534709,-0.7509684967180238,0.056178532236415044,1.2702179231036907,0.03995360912099554,-1.3576999596032129,0.040987661656976676,-0.3578684602989479,-1.0540910760753937,-0.9515486453663027,-0.35434572797966163,-0.8487271825995502,-0.5366694256939665,1.2768533528537067,-0.22313946241378346,-1.3464341227973073,0.8616771487658611,-0.003126402148977649,-0.6300088192451213,0.2563567124901362,0.384015584362149,-1.7832483422596934,-0.5485522630759598,-0.2884610377254429,0.5010585920624131,-1.906723623811494,-1.086249918415566,-1.6889169484679896,-0.31852552499058706,-0.9227937639050785,-0.9789557254130477,-0.30351143265416225,-0.5934074717670093,1.1302388696743153,-2.5120651370558607,0.9351868583770299,0.7382099736111044,-0.23692699550459623,0.8011481108530007,0.29893795421876956,2.296398562365737,0.3781842669918169,-0.7088400286501301,2.305402566771911,1
0.35355324643145747,-0.26090625542944906,-0.571633687979885,-0.06597368580981959,0.7814334375889224,-1.0468736399068808,0.07742703777595668,0.5725911671382475,-0.9682495821363727,-0.004125378276269717,-0.616542106916291,0.27915220796423823,-0.640684435005294,0.8135081236132813,-0.22383438775664072,-0.8356484715111929,1.0664908389027359,-1.5481165698971706,-0.7396224167145367,0.4178368286558214,-1.1240960812611498,-1.5954049977296878,0.9562587241192816,1.551650617283714,0.8751220996262288,0.8405239320478346,0.004417015659690603,0.1799416016682472,0.677485376007913,-0.8434064272049926,2.342412037238655,-0.7890610777481175,0.4568174274526686,-0.9511370866586267,-0.2678185799178153,-0.25434514470023534,0.42928876463651205,-1.293308015201063,-1.5439449933080704,-0.9612700024995963,-1.6504745655621496,-0.8333401652789945,-0.7704644912691135,0.1286231739538214,0.6167236289719399,-0.3451656471426899,1.3817991527876514,-0.04697605636231959,-0.17752221814495225,-0.3873346575391717,0.13182047446964792,0.4320211476340232,-0.7106946356120997,0.3076486570828503,1.6287881285722399,-0.24492177622402264,1.070477851203123,-1.2471737966922305,0.45029493371814555,1.0505584499562826,1.236968440450835,0.17382225706032445,-0.4469016500884718,1.4675405670795225,0.4125852902227998,-0.9158616132241447,-1.105389885703085,-0.7980006416101286,-0.15804764112925582,-1.5444323228208197,0.5684490981970272,0
0.275834892323547,-0.8680190422383002,1.1998391647040902,-0.407504645978523,1.5065236771962658,-1.284448860381091,-0.3564073224939558,1.4939543094674141,-1.42697889304632,-0.9300219252413091,0.468383498454637,-0.7111870106008207,-0.06161226435612878,1.5026970763554457,0.7050408747968263,-0.812573307565318,-1.8286430571997143,-0.4252461836328609,-0.8302250048810268,1.0433574699668828,1.304132410949516,0.5583656910185469,-0.9367182762228756,0.8993448901307028,1.7982645456118869,0.8795360102296526,0.0923541342704364,-0.6741664580974743,-0.36019832962104964,-0.2631926890349737,0.5747381974386232,-1.207682920547282,0.7034843882249588,1.0836778999325631,0.1081649309072509,-0.741500251572135,0.333104960598038,0.3099773920880831,0.7552917633337419,-0.020039524231033175,-1.8509394743217271,0.006094084511959563,-0.07108568182933662,0.43536870706115527,0.41218105108099967,0.6520891633376624,0.059376229972643677,-0.11530104088530632,0.6445325585252963,0.4505406013897392,-0.3515146520183379,0.5288654340797793,-0.18715629317344137,1.1685092090167435,-0.7451240101835068,-0.794501869209385,-0.25321951391620734,-0.215492777915491,-0.4036223427923243,0.49932514908585374,-0.2960996696494056,0.3164764268265558,0.6500121554233124,0.9317435177997758,1.231428637479052,-0.05229930998027368,0.44009222097001677,-1.519364720879417,0.20122105816492275,1.4460580105388736,-0.46449052696019644,0
-0.513612724999247,0.13612741650703,0.9981278168623241,0.6511961278842155,-1.8449646504862471,0.40197017191849926,0.07517005598182105,-0.044725697299294986,0.3741128090954336,-0.03967632449206886,0.07176320834802946,-1.2289891913885431,-0.6956634481998046,1.6603726679519988,-0.028556271168002727,0.8674444885426928,-1.626211572637698,-0.41906580940492005,-0.4569913959052234,-0.2751860151073614,-0.877919740029687,-0.8410029813204264,-1.285069651754005,-0.09363807324613538,-2.0588062808560768,-1.4685762656356462,2.0342943371218714,-0.5953474624371902,-0.43454849994067823,1.2234983593107218,0.5408459257687248,0.29808612774793836,0.16444623718021778,0.11072650530355818,0.874751665107708,1.8438348961063487,-0.46716461514308033,-0.4391355445868854,0.45738996515114777,-2.0736540237785364,-0.28778144354344387,0.07893938182089766,1.4146612799401863,-0.6232053716167583,0.3851845807418884,-1.549799071657392,0.5423134963024981,-1.38032521970796,0.6236180929974421,-2.0192930722183746,-0.38162916592980833,0.37009892945234835,-0.4995433220340862,0.42776509561736814,-0.5292675467267456,0.017180842719448353,-0.5544808815119475,0.7305211535923238,0.07847495750797806,-0.6454077410898013,0.47105450784251984,2.2450151621075736,0.4280292398151325,0.26342339766210227,1.2991042424705135,0.028785246913993135,0.7910559611152709,0.9305838530831878,0.11738147514674516,0.5315505781300933,-0.8757072968255022,1
0.38577236347304233,0.9975462216418332,-0.5008006932648736,-0.6571863726570975,1.3745409456564643,-0.2195067444112345,1.0490818474313948,-1.9697599263273333,-0.5618610893821453,-0.8321769597907345,0.03642639899896597,-1.9967836012862799,-0.9203793139230986,1.0360375023152921,0.21153450681455468,0.08030914933962505,2.1488478184429898,-0.3760046376702177,1.3021725064073484,-0.8407697554088993,-0.80115769901239,0.025916288693782513,1.002185221632554,-1.240078829558995,-1.7898607315071737,0.5270803480183984,-0.8145094463057935,-0.956837116153283,1.3402814431706107,-1.7245641531416727,0.061463963650821546,1.4521802052504431,2.2297382959815213,-1.07323420118677,-0.31654355232050385,0.17869418493711448,2.1118197060317145,-0.4527461846981599,0.07380052230588867,-0.6445323804028324,0.38740960004368996,1.4772254664927467,-0.4522168931574276,-1.2851473121229968,-1.411733796994196,-1.263463023147944,-0.7287459274960363,0.22389621442777707,-0.7564529809992921,-0.6932955752145692,0.584336979836912,1.1761986640608568,-0.8358223010622492,0.29460036893085295,0.6660760701404423,0.22719275479361983,1.245735831180429,-2.2061192328815338,2.0510457532016435,0.6939673957295344,0.950841333954093,0.9130489212344338,1.0525514801957427,0.27428857652813216,-0.7643027915878291,-0.541313991523133,-1.8066439757727937,2.283354219734319,0.240307701543812,2.0997365390444718,-0.3828131523866888,0
1.3682416251285912,-1.3995993780341207,0.7556572925038129,0.9224549525545341,-1.0149824579828026,0.6462452438089052,-1.8354903177323645,1.1309593984701527,-2.053186023449003,0.9320779438248209,-0.17386924379568888,-0.47478771232861244,-1.5942441326974444,1.0276785540737832,-0.3608617585016909,0.4099754725916025,-0.8187081840361033,0.05728335039010127,-1.1527332068465306,1.7382143849680896,-1.2342665609254144,-0.06383479402308243,-0.6335662117323622,-0.5025820847552539,1.657738149157183,1.191198619649829,1.4397534090538977,-1.1866687644698215,-2.2525555750570194,0.2857024117299516,-2.1891133491952326,-1.8018393073391346,-0.4887806024450515,-0.3282924310493435,0.07614252001351171,0.7551723556298086,-0.007347813090218678,0.35840978084107405,1.6027006241764807,0.2311964866093639,-0.8576112793083154,-1.1353358277495658,-0.12677851371989204,-0.5370871641257478,1.3124786588022384,-0.8129462267615383,-0.8620883675403008,0.300826552249173,1.1322278462638502,-2.1410907294332184,-0.2443349417439198,1.366549854684212,-2.4175902523329023,-0.18809057109740404,-1.2360380974820464,0.17514501154626025,-2.731072597632387,-0.229220685565895,-1.322053314504502,-0.5574711030549662,0.5407363703345903,0.45817495250361295,0.37009582776723177,-0.6601372842828825,0.25084216589083685,-1.5466717710649966,-0.17826823032483796,-0.6094893378840113,-0.9083518433131577,0.19157678610504342,0.979886236497612,0
0.45157901856150684,-0.258161555381441,0.8227107837653547,0.22282452777418532,0.8464869094133083,-0.006427134367674373,-0.46629828372001497,-1.2715842507383672,-0.7786480282638962,0.24730293753096466,0.5009541319520702,-2.782555937049951,-0.9482472081476625,0.9190317280618588,1.0112249809683724,-1.4565200980970707,-1.1427446546146405,-1.5776022187472185,-0.189719564681579,0.02142970736249669,1.8887717099735026,-1.6943624313162533,-0.9451185152656978,-1.0654405800478377,-0.47648482272473136,1.4047868578646523,-1.2615241317196257,0.32420351678803433,0.2638524986456632,1.291060722842351,1.0835587739198393,-0.4657842036359375,-0.9936765373182956,-1.424698570874968,1.4844286077903692,-0.8000040412700908,-0.060079257377794605,-0.18922728542415848,1.2502209379025344,1.1560218367675374,0.3306787366402271,-0.00967432384785821,-0.27588707811793034,0.7884570245662363,-0.2391537912714766,0.28384779019513035,-0.9334704727030025,-0.21765697941919124,-1.3472428791391302,-0.029515909188810648,-0.9714623721990399,-1.2224573375054786,0.6192036308745348,0.33620117084453904,0.010868133122856819,0.8476715704953336,0.2129926356380928,-0.4132894545414835,1.6736401703306227,-0.0919544326826827,-0.8987654161429818,-0.11418215472389963,0.11237003534701691,0.22117926706242236,-0.2040173085833632,-0.12466046045538277,0.4474358545459617,-0.7518642357088423,-1.2600567821346207,1.1900783751343809,1.738939511330389,0
-0.12617331416172772,1.438487829687273,-2.46316973203843,1.5735872600102945,-0.9047097426070376,-0.2503210566769729,-0.3114945846968259,-0.35733586920871235,0.7331250483886868,-0.5508105900933857,-0.6667112632282797,0.4990132442532269,1.8756405296861642,-0.2918761466418203,1.9293100839071284,0.40216708507104904,0.3943709785685424,1.095742573980506,-2.3233218860230216,0.57231021861731,-1.0815182332031108,0.057549840283993715,-0.6350620429019342,0.11038216408359984,-1.151354355771392,1.964977134905746,-0.009060671879359255,1.0959597106434626,0.8691194077403128,-1.4653703956837998,-1.2368550046926288,1.2215276196352927,-1.5466686342814326,-0.8696906069002297,-1.1386811125719576,0.5837052864532336,-0.739220835554651,-0.3690196627190362,0.18545766730717442,-0.9218781832984811,-0.2542893584953479,0.8399007564203155,1.4526023492915068,-2.7099461373781963,-2.6471147304402285,-0.7854655770926569,-1.4215705765942641,0.46525530011000377,0.6129642823714069,-0.8971562282327358,0.9058787634100265,-0.05725741520539365,2.0966280165860907,0.4696776748806811,0.14273438751560977,-2.216248348126539,0.33309754426892446,-0.22817241766240773,-1.2724693898090664,-0.705739798665828,-0.4808705366669257,0.026904337321578417,0.5237915234386452,2.0901492052322475,-1.2605912674630657,1.1421842135951872,-2.5894227196884017,-0.31774193916134846,0.5264682264105545,0.7560597892889279,0.027972101588637683,1
0.06706994269198747,-0.8731865767315504,-0.9174075617037512,-0.8118985042273718,0.958232527705978,-1.670269385667146,1.127724618136822,0.3193961424285978,-1.0297041917474745,-1.9354494962719069,3.176716113029049,-0.06297595411902382,-0.6292298972352446,-1.9468266210583292,2.0980959855776407,0.10675786204602075,-1.2522369773460225,0.7084303985507805,0.44769547542452665,1.2549354057458895,0.07248433198283814,-0.7570818764859414,-0.43371100598411133,0.040752769383557305,1.9649560357883102,1.120406462419724,0.12041351639175389,-0.056031282919536046,-1.3341169053929625,-0.39054257588457675,-1.0098109718063453,-0.6405035443949809,-1.4501524340424157,-1.4671147795752228,-1.5935326645398888,0.25474473356807753,-1.7538818284805637,-0.5651948732049011,-0.38682818480419284,-1.4758158596851194,-0.4445065687521251,-0.33254318224857515,-0.8949619174951822,1.0867608865069809,0.8505596649088905,-2.031396350619707,-0.29089981266838555,1.723229574044972,0.5431521394008731,0.3232459308230852,0.7834339553618369,0.8899149753247427,-0.09043745701232166,-0.783268141149072,-0.07237793412296381,-1.5181109995654831,0.7810721025762248,0.2615735337978868,0.47986844697528147,-0.9481022465551135,-1.704816243144056,0.5312035463781062,-1.7433240275427624,-0.7932822436692633,-0.6849937921191731,0.9136777688829942,0.8907640771294054,-0.32143507032386304,-1.1977563221992134,-1.9307615292219953,-0.47025445798334015,1
0.8055377777731016,-0.4929650164359942,0.3923202760728522,-1.1690877904276602,-2.5571624617963344,1.271391123483186,-1.4224071807061067,2.128511475629718,-0.3246136309630027,0.5362249846286992,0.6633929604036203,0.10401925222540219,-0.5125680601635453,-0.5204334480055398,0.701147528555298,0.23135421604230602,-0.27358266854418545,0.663887873644038,0.8759747486538334,-0.4859021163632058,-0.42702511317340136,0.3937261996910965,-0.5769085450613209,-0.4313403117733507,2.221468829662358,0.11015695835515206,1.7641579659099333,-0.30730805393390587,-1.4143616195305309,1.693052400243201,-0.7890302039192536,-0.5851093240670103,-0.6852079000868345,-1.3370542629323299,0.4773512005159854,-0.1378998329812292,0.5842847523498206,1.3844923470734976,0.3947070374616802,1.215722747406271,0.03177949469060415,0.23214096340735188,0.5123013783903076,0.10520886464567138,0.6583218905658462,-0.6069107184285535,-1.200826574407706,1.3894343539397296,1.431463799024976,0.35845995110364215,0.1272175250444735,0.0013702548559611817,-0.4464414139048436,-1.9043587327389502,0.30429869503217477,0.1444059405784575,-0.852718555211682,1.6248370322338093,-1.140816508175462,-2.437833837570363,-0.3703236853188283,-2.5331113801076865,-0.7728591594866064,0.8000242519464887,-0.28318274472240224,0.041565531076514214,0.03355874603580776,-1.6423232202824403,0.9176565301528502,-0.9144902233876819,0.5296927922787722,1
0.3344816942273633,-1.2620667986685754,-0.4082192508541314,0.5382724812785139,0.03933858662351159,-1.7564179259358517,0.08795121455785591,1.4492045060466172,-1.1963490835081476,-0.4430892726452797,1.7615245444329346,0.45841842300146485,-1.1683604747255605,-0.11584823879215417,-0.2533996683275777,1.7151367133370843,-0.7893136580528014,-1.3096330477185585,0.18363209318044715,0.19046268648288256,0.9989321141145897,0.19343660706664279,-0.9131167202943439,-1.3531390640320267,-0.13969061781290576,-0.22666348434542083,0.0426283545627394,-0.07900717240737232,-1.923602708642795,-1.116123624450509,-0.3316844814011398,-2.290466638371918,-0.6176356535079456,-1.525145629259172,-1.1563754660397645,-1.6904646261383445,-0.6218044930841142,1.3735612665984336,1.0421254931231136,-1.556735717401679,-0.19494907705131317,-0.629318112237919,-0.19320029261271873,3.35883022098143,0.31332893406905604,-1.8831403421905353,1.80751654588892,1.2278103296724336,0.060205121531381585,-2.7257855320233677,0.14527057061149096,-0.7489154171874327,-1.9950862761574186,-0.07787956823823981,-2.043689267005813,-0.759396917215425,-0.5711502023986774,-0.08520206510367642,-1.5588296820306564,0.07731586416681095,-0.03465788199320856,0.4648179275100636,1.1067661174605106,0.5058885621445167,0.22347942276733535,0.08502218955110785,0.9181535108613942,-0.32697139895593735,1.4396899949379665,0.0902562634654452,-0.21430731909628786,1
0.41990064752864126,1.649622166488324,0.6603516003406551,2.120018992770195,-1.099636792418757,0.4003898788998999,-0.5619820156487084,-1.2569802716373477,1.1299129799582988,1.6269103086916752,-0.15805176224353978,0.8542230883977747,-0.045240967246857645,-1.244952268142183,0.4760118541553926,0.7728789247821891,-1.16364076850355,-1.1904870442285034,-0.07959337245228679,1.5013038765618707,-0.12973570955918684,0.49665747763093643,-1.66132237892142,0.6514601405596508,-0.9416930691980402,0.027562345089891287,-0.6605787009527498,-1.6618769536658882,-0.12616082678045037,1.440391908198986,-0.389257690470313,-0.10958523571300359,-0.7153639818663798,-0.7505555695047681,1.9999423105903036,0.6120908930601748,0.8666626102953935,-0.44235031143340414,0.05359355416074574,-0.4454335941676474,2.765506430140641,-1.8753086649297286,0.13090341184559404,-0.8355225128091996,-0.36461713904849546,0.8867934737560474,0.5241598290096929,-0.12242022009548384,1.571494530565531,-2.125588971179216,-1.262497651339021,0.47723702774546856,-0.9653466325017837,0.17937034177935401,-0.9089704174641905,0.6002896064864036,-1.4094178655146847,-1.41204105997814,-0.4030430186058008,-0.01985651876800709,0.2059554364052089,-1.4555796764271896,0.06699616623676764,-0.2167880279950633,-0.13077333570437744,-1.411757211914088,0.832122321518556,1.8790701328657096,-0.8440143345100329,0.2739706709399792,0.8548304673482358,0
0.5092929186287983,-0.15020224341415428,-0.07493851980197537,0.16590527207381545,-0.39586966452069283,0.5063964551051567,0.06128199647002318,0.5846103079985938,-0.6877995531324422,0.43913691140025185,1.5417108260521741,0.32780993309197465,0.9185972315854933,0.8825877896291257,2.0005379965853782,0.9864733075025803,0.9963255065004673,-0.7120437553129327,-0.2243765965093643,0.8124670150088826,-0.4057268996894665,1.0219897546502308,-0.10632662739069391,0.5083083278344952,-0.6005255603428371,0.3321050139978009,1.0990557360633406,0.7090961078748296,0.9537464368910517,1.3578694138399958,-0.9964972708047916,-0.26637256107479235,-0.18653781236113973,-0.1599902882411528,-0.15760286645159385,-1.090223830431103,0.575164381275826,1.126030318352669,1.4415021635791558,0.67729694036728,-0.5183296234838751,0.4515186933045031,1.8366433283190198,-0.8820422890465607,-0.5868873462240095,-0.7213021488094092,0.321623079269994,0.6917683858981278,-1.475633050147764,0.2528847008250145,0.04641034057980307,-2.0017430809278878,0.08420476162394457,0.3831400715772069,-0.27320395852068624,1.2703621714214395,0.22809766606851567,2.376762709179286,-0.9956657880860811,1.1011912393228602,-1.1987534448089456,-1.2813668031754437,-0.9832327627827564,-0.3931834465478341,0.39770734189149964,0.753929665112114,1.0114836996494296,-1.411811140579687,1.333672389876363,-0.661843575281108,0.783244888708695,0
0.2619730480164031,0.9878093350165975,-0.9936384534914585,0.3103821273102182,-1.779657119164005,1.0400466257385967,-0.06234537875009595,-0.4841477130015541,-0.3239415149288916,1.4066624576566957,0.3808462001518341,0.8194899921607071,-0.0033920032047373466,-0.04527360822042,1.1528738828849436,0.7055669807252587,-0.6617660843851709,1.9948047103502873,-0.627406493421744,-0.7739971455156538,0.8886996292777355,-0.7212090359289354,-0.9143477861325933,-0.49069089635979013,-0.2534134393580955,-0.8856382459196549,-0.2543257946196839,-0.840639838314777,-1.3822383602051203,0.7505603071513582,-0.9358336359952526,-0.6767535506954716,-0.8831955609639366,-1.3522516126058917,0.19360599147513394,0.7774577776001069,-0.09724581244586537,0.903323664755979,1.0289972020034355,1.614750923004761,1.0966953458748114,-1.9117435686383946,-0.09790203942024281,0.7403464314016607,-1.516002098610539,-0.2746731515354444,-0.683089390299266,-0.5400875402498244,-0.49801647043549485,-1.0413491765608784,-0.40907998404664403,-0.8226894326753574,-0.2608028319688762,-0.6525764443822819,-1.179296518065345,-0.5910057620444507,-2.4688577192972017,1.5682693358245514,-1.1334880783302905,-1.8063451399260757,-0.9271091935181592,-0.44947353665860235,-0.35979058727231567,0.9384472283179857,-0.11154651035440569,-0.6847392937185175,-2.2484699872763483,-0.811905255344482,1.9046983902301964,-0.7360618420716205,-0.2496445430877646,1
-0.1745097020155742,1.2087242061677572,-0.3248044270424451,1.4526694342188904,0.8017327082123333,0.5779914840507007,0.8152621038144787,-0.2279225219341792,0.7096542564984925,0.5716036959373649,0.1201306948482767,-0.25645316686749087,1.0331498921976667,0.8947375865803487,-0.6858929394641134,-0.49262670756598514,1.2218169393565632,0.7818632065147842,-0.7755302989899304,-1.1950776088168986,0.7757423383863574,1.6185689639367082,1.169796385907174,-0.23235230801058868,0.883297165226784,-0.28402184823350046,-0.49617567962851145,-0.29812889148603766,-1.8873282689765665,0.48969085941215607,0.3350358012468537,0.9068961871807022,-0.10113773115035367,-0.8953854621313693,0.854648542077933,1.7090917628923958,-0.5213514209062372,1.6400961673794312,0.3350145654277028,0.04582218837005346,0.6973465567978594,0.6607384479947261,-0.36037174911786707,0.5021526210931513,-0.12346032817590585,1.0134055867519465,-1.2148192379184297,-0.3500660971469381,0.9006163012500976,-0.06774369947874728,-0.05601794491520289,0.3980244027900998,1.6828399732898487,1.9113643375631513,0.5511320624639572,1.4056417726144477,-0.9394015770044649,1.678171249353023,-2.476089773854967,-0.993522028165289,-0.881931411964448,-0.4799364266696263,-0.5810414728802975,-1.760015406207011,-0.2690484991297229,-0.9772145615020876,0.20665504601575674,0.5135869294475337,-0.59018885183343,0.8585624400447762,-0.8504220707290641,1
1.0552572889735243,-1.6549490090285437,1.6509750300192096,-1.107094913437624,0.26890138526028384,-1.6798512418692944,-0.7042212813449834,1.4347022119639792,-1.7767880264460676,0.04387130865574091,-0.827690889814083,-1.247342097857004,-1.0256603320170221,1.5705175160861915,-0.8885367199953781,-0.9891839535620938,-2.258579575424443,-0.4437923815379279,-0.6743607311564117,0.4733943998087907,0.20698509147390792,0.2393765648743404,-0.44933950254275645,2.0951981362119962,2.755657079793294,0.7667883697388117,-0.4300795493542757,-0.621996180276241,-2.1369913613673748,0.30752605014791756,0.6033046717832337,-3.317503221979526,0.059897323286245106,0.341192410412998,-0.11823085549877889,-1.2461756680967202,0.6460227027734133,0.9426594502739634,0.06522292645010509,1.0506801213325412,0.09453544386568627,0.250339565703425,1.3064412989651741,1.4429108388203784,1.5160142319595926,-1.0729525466494814,-0.12721084033029453,-1.786515450603173,0.3292709187948993,-0.6281739803274133,-0.21505838721125234,0.3113668336285021,-0.5098217970249928,-0.4494084671836141,1.1348465654904387,0.07531448698494542,0.46548810273473423,-0.23714157796952293,-0.9545029512889387,3.1781493682949207,-0.3267636291931366,0.2956187462836353,1.9235643480507616,0.8847784676762491,-1.3443342423571236,-0.8757980492254875,1.0475654877099803,-1.3894316248452887,-0.2987836747348873,0.09573314061914041,-0.7992950375107515,0
-1.281493297111133,-0.41706093681315753,0.17022899443891445,2.0177044366320622,0.09721060030673222,-1.0214696983920943,0.4446131506945063,-0.10059959902532747,-0.685261930484207,-1.3345465002756807,-1.8765282606598028,1.2536475957825435,1.115884252801725,-1.5333697785527276,-0.3196131082003203,0.38707843213947574,0.6208379488654688,0.03346741918147559,-1.3704907419004153,-0.4218621562591169,0.44925280848573945,0.7234492395586,1.4759246480806538,-1.1372392547036014,0.6255848135545052,0.5167011954035214,0.4437394877958142,0.1370724992038444,-0.3411017074819974,-1.1870718865719834,-1.0564751230281082,-1.9091523603205658,-0.16702035913293675,-1.232369916616378,-1.7868362554915271,-1.885950054642127,-0.5671273816445689,0.7975703105704945,-0.7174858441662415,0.28830005543644616,0.5657006650022853,1.6287682048673322,0.7111819121353207,-1.8421457223630204,-1.1971188529410917,0.12018857099309388,0.4910929254240919,-0.06038703978741423,0.08830683982456083,-1.2611533647173974,-2.447180771929092,0.05405239160959042,1.8351984281490716,-0.45687322323907487,-0.22320360563724403,-0.13665002956688985,0.811508208760877,-0.3280650988008556,-0.3717666982054822,0.25810091534924984,-1.2873151667401295,1.4487093331398322,0.8869005187384087,0.6426242965924833,-1.3888092239904333,0.977464896041574,-1.2236313309251605,-0.31721354991039646,-0.7801178654066779,-0.44151224064730255,0.4894275514241032,1
0.4750990010313429,0.05273749550962003,-0.3579713905857377,-0.0931247523720555,-1.5214276620777536,0.37881784691259995,0.41750488097058197,-0.09113010839058602,-0.04235259836055118,0.09959217496655562,1.2983066175198412,0.4239825029853482,1.2382644571497823,-0.9808794301616148,-0.7405693720080018,0.5692176963184608,-0.955770684277363,1.167809006636532,-0.736743782904673,-0.029114460766871606,1.0508995186365953,-0.1440292130045381,-1.4507333791000012,1.1985311328326125,-0.21988891175834305,0.08633446534311007,1.3346260459390422,-0.12913097692757905,-0.8360875660923387,0.9468742773301894,-0.7459603721182121,-0.24278780505449699,-0.5268958851885497,-0.05403548735173206,0.02348159731693678,-0.5770226098731954,-0.4719566449409661,-0.8048740864541121,-0.8613039266818013,0.3977265353764074,0.466707119505895,-0.058982944948544294,-0.9400941657382628,-0.6476933330128434,0.855990706468938,-0.8802998131844625,-1.7680785509047323,0.6395579664133988,-0.40862620987453246,0.9832391457101155,-0.730457721831576,1.7533220485055006,0.1611909632484331,-0.6770379897963805,-0.35216681776141817,0.5573410339472082,0.03512944597120358,0.6800291675762852,-0.47468238547107267,-0.7895654675706326,-0.39793166590569806,-1.4189123211705403,-1.0047212029174342,0.13496576251338996,-1.454406186024475,0.30379355852106793,0.15759604784192377,0.171020533258659,0.1856275433604739,-1.9740824182795882,0.8984610273901382,1
0.6137764738857403,0.4290670674614983,1.5980817455933707,-0.2019288432203207,-0.5203218650064669,-1.1462920209815897,0.2884716510962543,-0.7354199009964654,-0.4175315078657358,-0.778826917301806,-0.40518553357495096,-0.08016848523396566,0.46783651602654425,0.06501312222947962,0.5938310928099059,-0.2540596611892874,-0.19414041482515307,-1.7713755650844862,-0.17463828488876884,0.3370525413001108,0.9907163747388574,0.877016963761192,0.8177250394630639,-1.0713882856029002,-0.9228034218178547,0.5824000016033543,-0.3365503757756984,1.619231861510309,-0.17284888312504185,1.7720183787194328,1.3733489891625557,-0.2521667047343299,-0.2930384908310657,0.7585661435646225,1.181464481874384,-1.0329070228190194,0.05612711084811758,-0.44132026548268033,1.0799296594770225,1.3230712502157034,0.8769865731060342,0.8128371646529184,0.2882017104429478,0.6990983311880998,0.06790366799338844,-1.034830550919052,-1.06554546871304,0.029547361636906078,-0.5702934442664174,0.9025737773945219,-0.8384622220802408,0.4616730312183721,-0.14100138675534998,-0.5111858208305661,0.23437574522859939,-1.201903139529944,-0.04347197510352969,-0.08314390085872284,-0.3848385917487084,-1.8965465397083912,0.43402027053080083,-1.3475645268836365,0.8640062884039194,0.9332989472617305,0.3427198123297411,-0.8981148806172895,-1.2181509386794545,-0.30809180904470923,-1.1506783481780405,0.0979730011282786,0.6551389745649238,0
0.1656353795036027,-1.3441320863201136,0.825475863074138,0.6597631853536404,-0.04416423432756877,0.5563694159156723,-0.3700518041846285,0.023678863970868935,-0.12533480365401253,0.16510317762707136,-0.47576875970586746,-0.24135803855506344,0.5886239874045647,-0.1514645442493561,-0.09728223213717258,1.5105006341466094,-0.36080454634982706,-0.28648986846812163,1.0777880041210515,0.2612823248445698,0.5044314327150274,-0.9473190597744612,-1.0630270988712671,-0.8561817229030908,-0.8941852505446376,-0.7522507169807087,1.1366731126096152,1.1634207316388736,-1.1317050429166553,0.2557775494891277,1.7434880793856398,1.983414545650266,0.4741568315445366,-0.9303316655018872,1.0742882474361375,0.22948901230262841,-2.0406196170226627,-0.8527533615481616,0.13308635131423535,-0.4725069645589268,1.5723217004202212,-0.857832007066201,0.7864297849360489,0.08253105236127381,0.202618550486188,1.7373460085525048,1.7374751882623616,-1.7285348614105478,-1.5846793249787432,0.3978964669496887,2.0936021552749655,0.13437640193823386,-0.6353794682864431,1.1801215476779834,-0.20479964055736047,-0.6310121502595569,0.680667460931097,-0.7987210399281399,-0.7905336164789615,-0.047490095907293264,-0.7947144452793025,1.6381883278076332,1.9514257588798338,1.3853727534633997,-0.5575414019905379,0.46731162778292945,0.2390505620608946,0.33958258920979695,-1.7258876257468692,-0.44936424588706925,-1.0613089103934743,1
-1.7757338417068596,-1.6080042698111277,-1.2230791078042398,-0.05243235309323947,-1.7841543732380136,0.04130930522751306,1.0638553048084236,-0.8169973764669347,0.09826742606395346,0.140549892265962,1.3070207277944876,0.12654976694722134,0.47520195251968833,-0.10751718042058367,-1.262045447712311,0.22493098488262675,-0.18497175663667836,0.10009426349986866,-0.1377236976935657,1.1397385540213412,-1.9754905693469658,-1.6894985296857827,-0.7049915082982142,0.26107210393203484,-0.49967814079130213,1.1113281469313974,0.6391440371923963,2.718954480814048,-1.6978866446717986,-1.5784248292220626,-1.0113962746497616,-1.3095244398714212,-2.301925671224165,0.8361787605966058,-0.5213717025033743,1.186981213633051,0.28255309323340255,1.8348733485749826,-0.9841014880607436,1.3230609249401724,-0.3739699901911922,0.4850581903541472,0.43470369453440355,-0.5633936960512202,-0.7325000387197467,0.410875109619798,-0.5930072977144173,0.5652337457868315,1.2914896463113883,-0.6340006715308532,-1.7808546473978544,1.5690525654054652,1.4304074435802057,-1.2619733120661423,-0.7362522844462156,-0.20111147185368886,2.2279940674012924,-0.4044954542514761,0.17401654044054302,1.7717266648364307,1.1871709163163124,1.864523960917799,-0.5057628863799875,0.7602262796193413,-1.0847009600963637,-1.3337771019503486,-0.2829897028940829,-1.8025818256630175,-1.342082821628824,-0.4406982246198965,-0.9527020352876661,1
-1.1615779120175362,-0.516731498122946,1.1069576723497974,0.30339429890608144,0.4313974042260853,-0.8920054057191503,-0.5648207678166903,-1.4488816414671515,0.24848397613449963,-1.2868109702590216,-0.11962897892651517,-0.39261264642803756,0.9596642618830978,-0.5138237389106411,0.44357052773918604,0.7489583066435423,-0.47871895904502393,-0.1283177009833004,1.047444745270139,0.7819367656803274,2.7437281163224836,0.10088178294122628,1.0409012979891847,-1.1082924666331238,-0.591800104557104,-0.8066097074879359,1.2438552253722768,-0.4676356480332702,0.22852190972896738,-0.04616080079383918,-0.18997322665603494,0.07627862496305836,1.4253951156840823,0.7766773682031578,0.3307952612760538,1.1348844270224543,-1.176521992340575,-0.6281191066343285,2.312318586118489,1.5919648102982014,0.8626560931068374,-1.4318482161846693,0.7348253816529745,-0.03590277666009396,-0.6362707909555242,0.28423087775823186,0.2770878690728366,-1.4660992684451748,0.6987757062672114,1.5247134329438183,1.0943764013478234,-0.07151287990093703,-0.15103302050366177,-0.11357003739850782,-1.2060524869472227,1.0795558111249666,-2.2096270759158356,0.12926605515747355,-0.1358662626001882,-1.0738414155779687,-0.33225580408349953,1.0234397373888058,0.8382724631801988,0.18830809072581678,0.1937444349952106,2.032387813330165,-0.4241842546881527,0.832290469869439,-0.8797950046858998,0.2341623872409816,0.26621097814181205,1
-1.0458733567748881,1.1932727291395466,0.31660486086664635,0.5810134861472812,-0.4634374806207795,-0.13695502077431254,-2.046192902967865,-0.6109162666811706,1.3168843980334863,-0.2919068933665003,-0.3131904312264118,-0.4597199240084937,-1.2475873816416865,0.22669573647964164,-1.175264315292997,0.2712962536295196,-0.47588811813539367,-0.2695744189873031,0.10564695765582859,-0.27578212470056185,0.6635071526067606,-0.1997891544576781,1.0915385137458293,-0.41521886768997557,0.4483214194935889,-0.4443802207384657,-1.573716720835945,-0.11930999488219854,0.7755105380629931,0.31293242611015476,0.5677108388839212,-0.7497366105528159,0.4238121386858544,1.5573216445448999,0.549668945400697,-0.11746756563077305,1.3001705342043524,-0.7938793449260751,-0.39360968704511917,-0.4042015137043111,-0.3866723503198895,-0.10523810487685996,-0.20509475144174552,0.25149402525238324,0.02737457233866297,0.9755166812643021,-0.27445560905647576,1.3562265483000095,0.8041069393808044,-2.021103040564926,-0.46962948916008684,-0.7764501082448517,0.270444839025393,-0.9688412881163433,-0.17122320380402375,0.33047282487446805,-0.710547867675662,-0.38951770483645326,1.7993291013710775,0.5218574642910815,0.20549364239758477,-0.29076504953285914,0.007892437214123256,0.5095432573300142,1.4797497294246822,-0.02805013630723702,0.2392883072625187,0.2855842661579342,-0.4853868079931729,-0.21760406608863586,1.3705968341047945,0
-2.2618242006225318,0.6101182185801298,1.0968734275411998,0.7973246063918986,0.14057824108207773,-0.17128909253863578,1.685854533883093,-0.2679895447844913,0.3108719909862021,-0.6673054178045306,-0.9702517622835352,-2.1636804251106634,-0.8822371838164194,-0.7124994673690392,0.3636157148074804,0.023316358663349045,-0.9521346195906238,1.6780915746593084,0.04300781261309536,1.8922709420481383,-0.21571901807561678,1.3117127582409418,0.4466082457388305,-1.0964932861812828,-0.8557862792973119,-1.0071151067626265,-0.45141801950556987,-0.9313826572295082,0.5123991175993791,-0.9101222351470012,-0.5717321605631511,0.13299127765524227,-0.6723686414688886,-0.06515600116699596,0.9351049627347472,-0.3597582595839991,1.77324497564193,-1.6205715909500473,-0.8748717359129484,-2.464230154716381,0.13648437037807704,-1.5318636046610095,-1.241028344959803,-0.912513047147883,-0.6986890270644155,-1.1907597779423216,-0.36980001459338807,-0.2632618446332547,-0.7337863627594622,-0.023457189041360182,0.6530534633216318,0.3327410400632395,-0.37255047456314394,-0.26750280425272016,-0.18113933227020515,-0.6769220107560432,-0.43850396115710766,0.39004361772873924,1.0247820695249978,0.2221302638588862,-0.5259378408868688,0.2704676485690593,0.4241186247910514,-0.08648430635100961,-0.1254145743000773,-1.939149513353917,0.008331765450020949,2.5413448960094267,-0.6717829817599666,0.5193630254717538,-1.6759628562800544,0
0.30212897113455256,2.2224894557508295,2.879736815305309,-0.23574654469973075,1.584900156491502,0.01342247824401102,0.6903357917840758,-0.7293523241028534,-0.9486544360686964,1.148863259644725,-2.0315897505409746,-0.07880678896532348,0.29258218224118165,0.9633549153293218,-0.1482950642794925,0.2561712528383545,0.2919718761142742,-0.32562256389540195,1.6497062678742396,0.06392034724949132,-1.6409227897743612,1.2556940168826392,0.19294212989765497,-0.6127838680546317,-1.812396191359754,-1.0292458002250378,-1.172230435696906,0.6184130713737109,0.4808111124179558,1.0596325717918569,-2.012021342129565,1.172827146452723,0.22266435742653806,-0.6594253399029538,1.54187131262197,-1.8920936436260885,1.0992949380414543,0.0906284409198775,-0.5530784245492215,-1.1392644900497526,0.5081283341069183,-0.1556277564777754,1.5861505472432902,0.6913594515723662,1.2597204578605483,1.931851266855545,0.2943859392897501,0.4453719941404276,0.22443143180838374,-0.011580897291168676,-0.24367451325470815,1.4228264936358217,-1.4589644513956976,1.6872590155081992,-0.2775163766058391,0.28794281230451146,-0.8251865787662385,-0.4055665013663002,1.0306852351938218,0.9767465129451273,0.1443272093476677,0.37629072291012167,0.19356596565284714,-0.7142558942604855,1.0144791214714244,1.4197887228141277,1.2823784455213727,2.4245984848322895,0.2446943654760505,-0.9360618111174651,-1.9641348707927142,0
0.2869416159865204,-0.5689108856607723,1.8468459446896957,0.4687108826202618,0.29506613824889344,-0.8170274032279871,0.07500630661943382,0.9873267175995197,-0.3191237639793568,-1.713052186213227,0.3265391716228901,-0.2464567435361869,0.1607408931532052,-0.22660931067681395,-1.089397013617419,1.379391193251893,-1.445377542115652,0.42774030078230535,-0.1356457291383173,0.2758257771993033,1.0642794238029814,0.243009457527459,0.2587953243326902,-1.014397650275867,1.2596376793291184,0.38306709875202216,-0.49591037861178716,0.04824801153463077,-2.293913888551557,0.8494732628890208,-1.7273536608110298,-1.4106621556292775,-0.7798852318487509,1.8303188070336216,-0.0015139746665425986,-1.173755327134744,0.9959226732018284,1.291140198612377,-0.36630652494788885,-1.8630554736198972,0.8160538693860682,-0.06677874474858057,0.9864873608916052,2.0915130657710774,0.24742947617249,-0.9156356067015715,-1.049587256244459,0.16058803186673154,-1.2113652364788026,0.9942200494218343,0.37509174218456764,1.2213091248658368,-0.18165215705747484,-0.6065355037954818,0.8095388403226832,-1.1769093575427334,-0.15663924387007705,1.2625264283627753,-1.4277591921029738,1.0836899019506263,-0.620576216090067,0.6343284777024562,-0.1828102916789448,-0.2659717661233726,-1.0792960904991888,0.4586139808094022,0.7128760411500847,-0.46126993335093736,-0.8763597625412473,-1.6589248773157714,-1.9077641311147229,1
-0.9478775187254364,1.282428987252519,-0.7200206019285339,0.45432164176937473,1.1661051392233215,-1.8345222757466517,-0.11785175202073944,-0.713614438871247,-1.34938050434614,0.5579316980668287,-1.4747321989114672,-0.2519389148744283,-0.8041996358815705,-0.6510279850539485,-1.0663901290604108,-1.351722610036569,1.847664028180519,0.2857007187691594,-0.8879650869278807,-1.8850761022215694,-0.2670982185122909,0.2922759648485442,1.1189357890989424,-0.0412702175512035,0.5031575638155914,-0.02578396961630637,0.9619819836741617,0.38758073995265774,0.10607682686052113,-1.2137372621050844,-0.21933488646953347,0.18261992210243805,0.08138536915916347,1.6475466196549606,-1.6934780185480034,-1.355798348895481,0.30860463359907575,1.3210662199151388,-0.059197805596167545,-1.1213623318061348,-1.103360854130992,-0.5961132883345714,0.39717293285733923,0.6204592458509788,-0.4008050921322933,-0.8059073148070786,-0.30682457231733634,1.480718664164845,0.7299426343626482,-0.7967412670622427,0.76938915336057,0.5491599891351701,1.0086691616674197,-0.21953832441438287,1.44818412666619,1.5719903250053653,-0.33827900530238314,-0.1627442778582954,0.8135120068717654,-0.8796768862028085,-1.32034902566316,0.4182581540668323,-0.0017673129472194574,-0.9390920844183636,-0.8911942727397747,0.12956663638847635,-0.03177158147837367,2.119659847366944,1.2157189746655375,0.3236974984358091,0.9874738402210941,0
-0.832815274058006,-0.5220988603279059,-0.9149832226272212,-0.5001715495983119,0.7065527410758543,-1.119752016199961,1.164855899823496,-1.002478345770552,-1.2761188682469602,-0.612621879733138,0.3361465038750822,-0.8012584561416358,-0.2748034637736075,-0.02831191941260774,-1.2962718452159765,-0.3636295243464939,1.8513517460734956,0.5113427673032712,0.26017642993618295,-1.0686696083675145,-0.7555036873603416,0.3117177229643555,0.23913379792405773,-1.2925117542233562,-0.9208381061219671,-0.173480239505092,-0.2794487701617291,-1.1479795694554438,-0.6377713740887506,-0.7434564378173252,-0.3599986120594495,-0.4894120794821144,1.5699455303336134,-1.3639083618870194,-0.9755136802170359,-0.36952645576209975,1.5797569324520067,1.1655435973987285,0.14619216022106424,0.45762955800230876,-0.22462382753791438,-1.2987576120940296,0.5028019678876763,-0.6371356799457738,-2.1461274065241716,-1.9363494598996076,-0.9103520125619156,1.8625520426764608,-2.128476240829244,-1.0797122226964013,0.456224360068182,1.449102053753828,1.1273700278886223,1.3803620464828408,-2.185581229736534,-0.1496040696425508,1.0783162623025635,-0.8029233694462444,1.277329532811478,-0.724820541027646,0.3858951870921509,2.056906372605358,0.4187744485637098,0.6775299508843717,-1.130018428776329,-0.03842467263275912,-0.6720118148947112,1.6503729762988253,0.41732986934404454,1.243121289120994,0.45930279457164025,0
0.8938632908922324,1.1417379920194635,-0.2687921348869847,0.2133887247415503,-0.46699698118915584,-0.021221677723742116,0.329767733920023,-0.7776014222724188,0.4216861960051084,-0.04692875707848779,1.770949727867544,0.12396158520923159,-0.038285958914206254,1.690260711449238,-1.5516165384723744,0.13574691514495124,0.6809079022736948,1.8115490800241458,0.2813960059595915,0.45127098074639965,0.15565734830842293,0.6598658437709757,-0.6798012701915842,1.0033924562794136,1.4293178182206538,-1.7242060128198446,-0.3130831062973846,-0.8304885320881781,-1.739913270160724,-0.371654006387588,1.7022573555232416,0.7978350553964145,-0.3339971272605753,-0.04154889283839413,-0.40183336139236014,-0.7362240494733614,0.6373475610642133,0.30011793672135845,0.5685298903188656,1.5662308994066094,2.1134723794425376,0.8546003353682774,0.3494532816305675,-0.4519832555860065,-0.8020675315713843,0.3702039362725238,9.612011917003212e-06,-0.31140822334150686,0.04932308242637062,-0.5988411292547524,-0.8378293998583725,1.7963739717123481,-0.11746041633928868,1.4906792384232235,-1.147762738152902,-1.356130244302999,0.8631265071250398,-0.7588700943139008,-0.9525808680422191,-0.4290577186399856,-1.1608494981516644,-0.032010827831689855,1.5120721186707722,-0.20005354999496855,-0.2746090622665719,-2.3422087573262385,0.6723622951753514,0.5267134280977394,0.32919302569224473,0.9093003958435385,0.7416897156726355,1
0.34089499068058077,-0.10955118098781803,-1.1016658014474836,0.7489424315023148,-0.9260602878032597,1.1028287257153895,1.5848578822202846,-0.5304179114449585,0.3356867241048863,0.651785454865477,1.8731610030693444,-0.6718410288148087,0.13068939346441666,0.28759036812083816,-2.178731147540233,1.1452990595963533,-0.22959334838106807,1.0309338796327352,0.8671275935108831,0.01757979659933669,0.6297513844744995,1.2727746650940115,-1.8116586344519854,-1.0541075002285685,0.30666904947039497,-0.0656712560005435,-0.16916589600687684,0.5071041115748464,-2.167920947322603,1.2542129253153063,0.47120089388757197,-0.49741077654378846,-0.3150848856826438,-0.10882740299257522,2.8808953521365233,0.3966159405277493,0.9119174261723942,-0.7830301530744331,-0.7972969904949284,0.2206397447942627,0.28138746559247335,-0.570668482032356,-0.3792276952822744,1.574757616960833,0.6303485760351734,0.12495329076354164,-0.8018553614532404,1.0577123819229268,-0.3491557335685762,0.03509229710209294,-2.191040414045385,-0.32998356739587015,-0.5295163224475558,-0.10578382103698265,-0.8690308970631173,1.2243059464932688,-0.8527364831820267,0.7541556892243775,-1.6708853359063516,-0.18730906982067227,-0.7586169389029441,-2.211195362572428,-1.659467718181903,-0.36011979094284563,-1.1584744262395055,0.17292718314934163,0.6443109846129854,-0.13735007307726022,1.4559281429825335,-0.7843883058181329,0.7495793115230288,1
0.03049455172075126,0.6084515715203435,-2.992389981898894,0.5250816171765227,-0.5324410992011386,1.2468410969531,0.3021778481239922,-0.4861583363091198,-0.1885828805673218,1.594161129336325,1.9333041224019052,0.03312219701497478,0.11977524380670049,-0.17725672060203712,0.08379573873071669,-0.31664516274869214,1.1678778695526295,2.247425155217923,1.176233511261473,-0.03302852507874929,-1.7409944835103042,1.772137481300887,-2.7927757487736793,0.22631907967382447,1.0800535131975268,0.025432177428193706,-0.15936347494465702,-0.7083000748316787,-1.5390806755529078,-0.8453713613184817,0.30300557512891385,1.2445985270045983,-1.2439958242061828,-0.9898931468969803,0.685543543644858,-0.8538727688560143,0.07717051325726891,0.640727892038296,0.08080449538020822,0.8558543099303421,1.804267752780551,1.078427571612199,-0.14638428808901266,-0.2066049744357645,-1.6689666196307904,-0.1414378675803485,-1.0006498503377939,2.0685400109134537,-0.6752048727461889,0.5680370751360987,-0.1181851733410649,0.3528164548562835,1.0764057554677369,-0.5754052773266138,0.15011376899906845,2.226193997077868,0.24295993632602575,0.1889105311319726,-1.6431435506091443,-1.5247041658468523,-0.96113862383012,-0.827566827193605,-0.18546430992329782,-0.8692831169147613,0.51491089993438,-1.5100189381438616,0.11287311880663745,-0.7215007498331951,2.4475390823224594,0.16111592751988837,0.5516678950869544,1
-0.01517165544211204,-0.414114138334968,0.5379131565657737,-0.8370911954053211,-0.18383732892119317,-0.2755563945052365,0.5023264404022587,-0.4144480967925266,-0.30841231773834155,-0.4622735973064788,-1.1513636276837131,0.7529324904356016,0.41941158103136184,-0.4820499214821982,-0.7332210869593359,0.37789841228598703,0.8143008556695024,0.7404311074896215,-0.8500598441936726,-0.5739560955501447,-1.0666836707136356,0.3210459833926339,0.7942811055419311,-0.025669636044347657,1.387480884588102,-1.226537977882456,-1.595403004001034,-0.9070442495347211,0.9100706566645251,0.3909669618611783,-0.36073783667004367,-1.1915615447302081,-0.1485381941212104,-0.8848873993711067,1.6738847045424603,-0.28620785927758685,0.8350250208900597,0.6471503223503383,-1.5218641798260215,0.6927006191290644,-0.4308692563116838,-1.2229546971534664,0.6324731596427942,0.9755629388965188,-0.8977696020729291,0.039822496520776844,1.2454879758012434,-1.1415031770896797,-1.354330770848211,1.606883255128478,-1.2388330316253875,-1.3961153481038904,2.8181395313591513,-0.1891645639400319,0.2419520481792535,1.0242000853930286,-0.1543175599280277,1.2642753197750658,-0.490381768276484,-0.2174301601422258,2.1498471031823203,-1.4955266934907427,-0.8816995619990634,0.2557868550799963,1.5986102173006356,-0.454250748954424,1.7175647256605437,-0.6064344982219018,-0.6766809639749253,0.874123545014512,1.1578947692526629,1
-0.21946889605524783,0.020759070021400546,-0.154384263057212,2.260879770739914,0.9715367530860762,0.6931946150648659,0.8395258425438401,-2.0850380064603504,-0.44303199644889785,-0.35203544769256206,0.3962477014672685,0.9452548239063273,-1.0133219980655421,-1.4063029960872326,0.5283212544994857,0.11822017412870571,0.14055801370965604,1.5542283473340923,-1.8625355279124065,-1.5111140089108799,0.5284040294693915,-0.19665004510746853,1.5180224600716867,-1.9168799627999076,0.2840843568630163,1.2939560944513362,-0.44642654511422675,0.27640668238673083,-0.1518608301461322,-0.15610070936179649,1.3509569044892018,1.2031516278853247,0.39529749292339733,1.8906246484620908,0.5150370576711524,0.32286846742837655,0.2987023483402502,-1.0830965294577974,-0.6492486664371517,0.15283760746681557,-0.3252877224565189,1.5415874705968515,1.8002893579415735,-0.2880106418143752,-2.3934726714546173,0.950650423666819,-0.26049281905812965,-0.7104948754432581,-1.9903736611383416,-0.10230183223606357,-0.5903594550956535,-0.22846962333567797,0.30196064464002276,-1.2092261386602428,-0.51342827199555,0.9443275683886648,0.132558495086552,-0.019894147501748293,0.19390558831324337,-0.4300180539566398,-2.3896342823004386,0.8255427096007792,-0.19329417660569265,1.0461199336308067,0.9526840018632445,-0.18744423420396086,-0.8415174568711344,-1.4477323156616868,-1.1166961563075355,0.5306684474232927,1.4851224892731043,0
0.07607762911876621,0.16988707909212203,0.06974665064968459,-1.9868425201444415,-1.3799482395513092,1.454371459391168,1.8818105381431105,2.097395826702964,0.05620480353605274,2.4912921891438202,1.7950595002682876,-1.3484047692086465,-0.7472301611043478,-1.0788691617560708,0.523447150281859,-2.529065123271526,-0.7119281854573002,-1.7840704557463989,-0.11369438739063176,-2.195471357609532,0.9181407854649891,-0.5153102915049015,-0.7177607460784702,0.043657626780990076,-0.9505337525140821,1.0551980066498872,-0.7309748650622002,1.1320483780866306,0.06089816667427891,1.3449194657709136,-0.9358747567239402,-1.024456387469856,0.9738150686634596,1.3281047817983807,1.1402543459482115,1.9911550865901881,0.6253699277047496,0.9223241890068277,1.8404719080145209,1.0250711417098963,0.2916644005940901,-0.14026800225853273,0.9666029678262188,0.5590737036944572,-0.6240638351702458,-0.9113010640903824,-1.185906459086945,-0.5120344091635113,0.9808614044773206,-0.9107967548415011,0.7849071354870584,-0.12973816913252806,-0.1984525998590085,0.17281802579708933,-0.5066818492002277,1.4022948589287254,0.6273194728518715,0.6127985265784541,-1.196921797960256,-0.02279259070919344,-0.038144302864702814,-0.1512313759058796,-1.1207169507895247,1.0975379741368114,2.183260376741384,0.06325865370117822,0.15978643949595886,-1.4480233430374398,-0.17338232777249982,2.7680213999550305,0.5837656634393361,1
0.2853322570566325,0.5097142702331182,-0.016916886325539907,-1.6167598040105626,1.0834569778289926,0.6350199009698079,-1.6339675988194802,0.8689590544235444,1.9396772644853644,2.0426346446219723,-1.0397700146395132,0.40673333898089187,0.20372688587166063,-0.4021025116294858,0.4242645920190343,-0.39461256414061835,1.9160944635145294,-0.6583146378844367,-1.348037663928663,0.3252659015518506,0.3517313976664619,-0.6394808199321433,0.5921675593098825,0.4108752488780392,-0.9948445676797414,-0.561257130661078,-2.5785924571426153,-0.3012577019283333,-0.2719423020725147,0.4727769016500021,2.124560148137104,0.7094167615150008,-1.3235702066895827,-0.288245680797448,-2.523061172926776,-2.5116401032505578,-2.9473479804340217,1.1620930441933506,-0.1428065311262561,2.1495505621703526,1.3587043559578906,1.099633360792807,0.6440139078290781,0.6034404571168309,-0.7833195899825877,-1.0045619666550216,0.38491076577067596,2.345106387225741,0.36051130767242234,-0.28450238074622336,0.7167737773317997,1.2270080983739597,-1.7857469204046277,-0.6704220231099507,-0.9701831076240716,-0.9507016423983623,1.7754571714576808,-1.3647749985055673,1.8039134737881106,1.058255758077978,-0.08313293774760935,1.0718037933304645,3.382549164497885,0.6536501334073185,0.21548089260749273,-1.2549653284683577,1.357777893938607,-0.5311133620862561,-0.342948797936537,0.2156862658413108,-0.626299576200282,0
1.8332300236027053,-0.46509069845298817,0.6899906400559901,0.30166572123091356,0.5330416238625909,-0.7998913639842975,-1.3359188096905308,0.9076253645242244,-1.7716512776808977,-0.7817845543056408,-0.5497396179595316,-0.45281087179326873,-1.2206284927400888,1.5526787615568223,0.36550245030662154,-0.8366292923908872,0.34248430554028975,0.21158707831981938,-1.7464778687518376,1.8369205019781316,-0.9873471419793017,-0.3103989008598505,0.26093197989512773,2.7220753055331177,0.41355605280376,0.9435232664837708,1.1567580805606774,-1.3082967440064281,-1.1861784924876624,-0.06766762124731539,1.0476839958301107,-0.16724004388452246,0.9044647796438819,1.704211429567139,-0.22943644275529407,-0.5770295608394468,-0.1251068967952781,0.35257807179849615,0.5428345237854731,-1.3617564787414538,0.4083055512345701,0.844030358079922,0.8057706108657807,0.8437012109117923,0.187404013361565,-1.279582116250071,0.5288942540576111,0.5541783807213554,1.5288155890339326,0.30555968657921456,-0.2920945095762571,0.4064940394819612,-1.9835101845486223,1.261593579327362,-0.9501598410977689,-0.26076979900069863,1.3168241178794398,-2.3144287249712505,-0.02308818847245915,0.08701681137090096,-1.7909920025889907,0.638449408214316,2.0309999728825265,1.2396351046005216,0.2642856203451881,-2.318929445451454,0.019137354040974917,-0.7603316392003132,-0.6178117282930496,-0.31644123343583713,0.7754493319918867,0
0.6673596794911467,0.07008708578462147,0.25139211449579096,-0.23496707807980893,-0.3926669339556476,-1.4506311870224573,0.3478107444496317,-0.003935802997008791,0.19834879132607766,0.026549384998365323,-0.012777637045655283,0.6472261038522865,-1.26145708687771,0.815005615357624,0.6193504804242509,-0.8618053120303073,0.8680127220551522,0.1887216248536262,0.3784350190752446,0.7223337462382649,-0.16571601554677393,0.7871150127390275,1.3796035393105193,-0.41845300113888395,-0.3030152633788905,-0.20940316709644957,0.049333652093733936,-0.5746167985765454,-0.0936461110534747,0.9096699466550778,-1.2670535352405046,-0.16713839152350735,0.9111293143226346,-0.6764877413465674,0.3774529218005443,0.7876100917334719,0.1753495946789475,0.6701141982723716,1.4030235719007502,0.9321642564263521,1.302185222044327,1.4078214139954113,1.054327383809702,0.24045437583126825,0.3014770484953115,0.8486164627916758,0.27365467543579547,-1.165069440698334,-1.4795159450738895,-0.6447733173198988,-0.3114644581743328,-1.5383392481814127,0.8597431363073905,-1.2812959551121323,-1.8586438733147361,0.341954730733985,-0.19879888779256172,-0.2141977597411119,-0.082986678532115,-1.1209089722593348,-0.3403921719879231,-0.643714109736501,-0.1293173370424797,-0.09259955450572692,-0.716716138239207,-0.7847749670441112,2.049587755048897,-0.250628901065385,0.5737126996193866,-0.24780842893166652,0.5779581451327696,1
-0.01155086609237023,0.10783652207558322,-1.1501888148933377,0.5857852594018175,-0.44628190740945095,0.4130728210928022,0.23399993880485723,-0.4739902752057233,0.7252127382432129,-0.5436765874398485,-0.09013587111192449,0.3942577525587419,0.7433207757281175,-0.8426751397502337,-1.3521904297014355,0.7644076384597199,1.1382034738499214,-0.4017927598319177,-1.2813453317471364,-1.4439958307430567,-0.508083040903637,0.7877717625376857,1.4583005546454708,1.518136036658959,-0.4370538585997584,0.13323484536348304,0.10152667297635373,-0.5369645468585474,0.6958014607247265,-0.7514678309711615,-0.9145702480630089,-0.24096782950812876,0.11498840557669154,-1.2958348205693997,-2.3694625133946685,-1.1457093578804933,0.7535697047614002,1.4648393131469508,-0.43195753686054195,-0.314200805174269,-0.3478035177860223,0.29546625311902136,-0.1757191276499605,-0.45625534585277494,0.015789419166851677,-1.0345052264663372,-0.5924907520838942,0.7044886910704269,0.3806482797672209,-0.4584896042056329,1.009313425034022,-0.5820311649023291,0.4616078161795405,0.15402368150289053,0.845858871359915,-0.15250557398754827,0.9321550521723004,0.7870681796658101,0.8545677086205242,-0.5048153235452392,-0.8197064819827378,-0.05761413464701968,-0.44167961617770163,-0.3871269804638687,-0.9122406892831154,0.37815557489730633,-0.5968560384366709,1.2466797307478559,0.9478252912724232,-0.9914797726243966,-0.15138207580213192,0
0.06080929455109085,-0.7585388529077757,1.4618880898888023,0.30046033466955374,1.050369418822176,-2.004766324830846,-1.0354833823693503,-0.6289886631773647,-1.022750337358371,-0.12256782697973478,-0.4939111094251441,-0.8760383249850338,1.003535823914795,1.3668063444514176,0.941558743959322,-0.5718862377684066,-0.6600003332270274,-0.6280394408382554,-2.004834033101321,0.3954583184946842,1.1661847441881565,0.5959767558084701,0.4887488959973515,0.5954483893972478,0.2782507803911089,-0.46246241464618276,0.4153506638774833,0.1563720367080366,-0.07635409590430463,-1.023616883316657,0.21197312691465917,-0.4984433668002964,0.04565603481153761,-0.9033102356373243,-1.2462299099338434,-1.7470129068710205,-0.4877291174875531,-0.27321532976163415,0.789020629597542,-0.38246848470841377,0.24867123082672973,-0.2858934093369233,0.9981016510297984,1.454491337908237,0.6906387419039075,-0.7643754936601166,-0.11418176052678904,-0.6040571975285278,0.7140051718187901,-0.5809965323217885,-0.7951122524878154,0.8595401206617305,-0.1051424906218611,0.5459349164220246,1.153309649861919,-0.3886346276728294,-0.22490496792050185,-1.1635906619483645,0.8511017551652356,0.9148483765352095,0.09821148349430973,-0.7433236119898824,2.0950638985069707,0.5612989217365421,-0.2279185796617421,-0.441678385587465,-1.511779923789033,1.7190594802129568,-0.9514112699949435,1.664948857953482,0.6954333616291132,0
-0.11300811143722586,-0.8018368194875384,-0.5718486890729989,0.834614867497398,-0.3204292274131607,-2.073765816377302,-0.2538187211946322,0.7161749779256853,-0.15021233919748214,-2.576083954302756,-1.0888164053212668,1.34486881549811,-0.07675890702904485,-1.7475621481461763,-0.06434118799647838,0.7052198779451095,-0.9584982553716586,1.9840485026222219,0.23092238777298726,-0.5450178367404973,-1.1167783080678397,-0.20020219981025514,0.2864748097512395,0.8814155123042383,0.30216914925550875,1.9090126331770911,-1.272013455632713,-0.5048352000446314,-0.5350896039947879,-1.1603722861540797,-0.1482325540023944,-0.4153895494344624,-0.48505194426662296,-0.2511681842821315,0.11485543085126866,-0.8616815672822422,0.8187957227672678,0.32559523573298765,-2.238587077220082,-0.9261812841036294,-1.2074841412178323,0.9123648973744511,0.4589116213638197,-1.4620096918572447,-0.9212119737187039,-0.1305075679698291,-0.43122021597847665,-0.3182265038149477,-1.1149881082768196,1.7238517481816744,-1.5064322570764694,0.11212860875665392,1.5163190098518833,0.9350583210849474,-0.48744157945966354,-0.044815493307884195,1.8715917659188266,-0.7413799024080981,-0.46574288625490856,-0.5702999533116665,0.6659628517936467,0.6596074353826922,-0.21413347176134007,0.8639722608823095,-2.634556643837192,0.7641896258107389,-0.7990441786452274,-1.6316504381857826,0.48104374791484766,-0.660713003133264,-0.38156832092526266,1
0.3058478832158368,-0.9408727810197703,-0.8067078579363934,1.918213214616104,0.02470524142434297,-0.38485560313872136,0.5824610229451934,-0.31451154415154214,1.18004066941554,1.0880689201003653,-0.8330274418537114,-0.11048231357983786,-0.25942534084847513,-0.2687307043040304,1.2442023367594863,0.11853901561779508,-0.8496557331855042,-0.4397345649829586,-1.2881942981873402,-1.1824006323665612,-1.9187302494484089,0.8302260239325959,0.6300039842049046,-0.6466388747241326,-0.9491677008626662,-0.8576303277594997,-0.38556230561852284,0.0771210234715764,-1.349471422805606,0.27874746439948817,2.0874382632745085,1.3033793170942134,0.5586660362506883,-1.5443360658186653,0.399875904064538,0.46931643601394174,-1.2292825470052198,-0.6345262628664139,-0.9317678046382858,-2.02356945285152,1.380079135849811,1.2714108140644251,0.4095024436151903,0.547366459253406,0.576782715652216,0.3540099252253458,0.29442634140719565,0.2956220766829351,0.779299075505711,-1.4448249676612954,0.699584908420462,-0.9048636736275918,0.2149876301705541,1.0213610293565625,0.2839733976992066,-0.05726449178470989,1.7467807207270858,0.08435318466196146,-0.5596341647710449,-0.6381517415219704,2.0106371479187537,0.6366426229135395,1.237953325941538,1.340922610816521,-1.2090339060185515,-0.6461534490902129,-0.4968399071818445,-0.012326053106527077,0.051215745753547905,-1.3439469155964712,0.4070966709400443,1
0.8828403384656562,-1.0726349964766289,-0.6662812188961171,-0.06632712383444701,-0.0380798963155004,0.29649227915484194,-0.5009557252172252,-1.001631533130617,-2.0653059816092827,-1.018703503140295,0.9492045919352773,0.4627504148514478,0.9201258653137121,-0.551289951738086,0.184973834371944,0.6645338938979547,-0.24501697683440626,-1.4228881019594477,-0.6345209968722954,0.4106547665780881,-0.07914544960166003,0.021299655788983757,-0.9865293589747701,1.2518196986157688,-0.5972398149533151,0.7526243483756658,1.0442487176244346,0.046450518199155535,0.5993820319069143,-1.219963825649744,-1.4763881870006592,-0.42833765496361187,0.43310453921605363,-2.077933164979262,-1.351999038608206,0.8663283682359447,-0.8790854625461308,0.29187939017308834,0.7946418877585759,-0.006563158045632528,-0.2654058861638119,0.5022272909407258,0.4051484672970772,-1.3937290750993925,-0.08419968519880222,0.7915372716347114,0.43047072898244804,-0.8817141092300514,0.8816942115876233,-0.12136028649667284,-0.08737303458825654,-0.1716250147259219,0.1727524892573047,-1.0067850537474585,-1.2897014462524559,-1.7691288070863425,0.5179867646198493,-1.4954684880166997,0.7971051041841491,0.1002253026294313,-1.111419154033124,0.15837455962818425,-0.3823623522462127,0.09090989731505096,-0.2291287314658135,1.0114498847616575,-1.246781022526349,0.28448514301210504,-0.05024926812075722,-1.1807556512772763,0.39747161994169616,1
-0.4181230079684189,-0.012213952096965477,-1.336607531410254,-0.6046274002315855,2.145918723850655,0.07252417690608036,-0.3567045256869587,0.8278969905949954,0.5664544931173827,0.6544828729476697,-0.114495721028268,2.697417508329271,-0.14575756428049652,0.11431110927261032,1.8579593625045423,-2.0255672812958405,-0.2313161440261845,0.09400885091629961,0.9529418680508602,3.043316518849956,0.1658948814159136,-0.34609654464085726,0.42928145577887966,1.916511365311274,0.4131332565364876,-0.08837707984948132,-0.6303664943233424,0.27932514439901546,1.7070158414844012,-1.2905535449847128,0.5193101366444829,1.3934692916396425,1.7785647058780198,-0.4345607523773485,-0.8865835519710566,0.5296773464487754,-1.5563224390597292,1.0421859585982651,0.8884247027381379,-0.5216616672374383,0.8381180854731312,-0.7973791753967963,-1.4790272757095784,0.12418904911613,-0.34136516366604075,1.950044171327764,1.0225424253556665,0.4218731304593619,-2.0331091223528186,1.3732841066245485,1.8150453835725437,1.6354879001983116,-0.2811460607006196,0.8909660000105284,0.4888570470823576,-0.689840861481259,0.6371278951606418,-3.1602417484714045,-0.21938180921748685,0.6410149042040214,0.01568470132218003,0.3092453757087743,0.9984516910197094,0.3535571240450122,0.7831732679687234,-2.1345365968595775,0.4013529431095121,-1.3386752487321782,-1.2621735169831267,1.3466886446879744,3.0710896466153526,0
-2.0155949034530716,-1.003591847244464,-0.3178054048739798,0.0025471573852131548,-1.1242525063449542,-2.016404211572497,-0.8583453486947726,0.9162640851723861,-0.23247619141760414,0.24636474750083823,-0.03517055709121591,1.4542282874769885,0.46413031954674894,0.7890491679068429,-0.645755040742171,-1.1524223439802643,-0.02636106212747338,0.05751795133333421,0.8044808676766815,-0.4365337510961249,-1.0107225587348463,1.522095154835326,-0.15114172979831925,0.456383396627006,-0.3530821905784433,-0.709479673585946,0.9378261494876531,-1.1376707513261761,-0.770767256574521,0.0074291275770542375,0.06436852737977804,-1.3953769192700087,0.15999252176857084,-1.9846096726075495,-0.8557272544114799,0.7876798908044453,0.3826000508214365,2.5645960066810933,0.9639610857891118,0.5553185027700069,0.620590419574102,-0.6071384158254484,0.9569433062204622,-0.6466656489374225,-0.3431612060308352,-0.5745323067959105,-0.6371462595258012,-0.6423726424354959,0.6731362401835191,-1.2743203390815296,0.8438015058345747,0.03506528686262912,2.269801267097376,-0.6838197140352184,-0.0037351859683098605,1.1185665105388831,-0.8323504800342184,0.933813554098886,-0.6617434576731228,-0.5514264262529739,0.17512261123771658,0.36209841219715583,0.42371338973077116,-0.589400391896987,-0.043152524111183935,0.13494903612766534,-0.7358211253291562,0.29779224834640244,1.004325352281899,-0.5671336857590009,-1.1494686255713435,1
-1.1535688115359883,0.6052308524223556,0.0279853435256665,0.9233992933979619,-1.6977108817902098,0.44974714344038874,1.0735991352793752,-0.36436396717046077,1.4535984680414544,-1.504933365113732,-0.28458335673319995,0.07689049174082148,0.3440974142556157,0.1999488175426848,-0.16127937993477126,0.11019986825434423,-0.3625248904718225,0.39239158091401666,0.5139656758158396,0.16770829172184923,0.6790100371660579,-0.25876015656658685,-0.32998886105590436,-0.5253184685308999,-0.2539570030041539,-1.1530000464475911,1.198916267891863,1.1650268685716798,1.0433538931798592,-0.3866062617799458,-0.931751107663581,-0.27491055305329826,-0.16231548405268434,-1.6301234134532256,1.6016096366633363,0.9048680813016701,0.931282561449341,0.04565514642604598,0.26756113790726344,-1.003230785066169,-0.7389128751796404,-0.16165829816234495,0.6504203208008927,-0.09965663258374345,-0.2920548837918275,-1.4885756237497518,0.05947231882833231,-0.5195513735556639,-1.2775166695389946,1.2940059505653467,-1.0181230977805773,-1.4424589844555502,0.7109509800187398,0.1441912215440339,-0.12191633816751836,0.10347433580498994,-0.4493792218417838,1.7632256030279323,-1.6370095501471438,-0.8018121114710606,-1.3465640554191773,-1.5208971967989215,-1.2853396856779564,-0.09880973020562775,0.8995118081560741,0.12092857901177519,-0.05538132190104345,0.0037283018280322116,-1.4845510082695856,-0.11991361316043996,0.9411801521659612,1
-0.7743260863533998,-1.027357290146934,-0.16612913394667952,-0.7059110342441891,-3.066037254527772,-0.6074645094430935,-2.00049012823591,1.0928647577940578,-0.5562973537534708,0.3858152922335018,1.0281102984605426,-0.6255916352678019,0.4621919909403002,1.0121120459191455,-0.7777235250676447,0.07795897026440406,0.580217423859112,0.024756287399832856,2.287163203937459,-1.8551965408516033,-1.530564414137383,-0.42939457489586835,-1.0029047619629414,-0.6642694665271535,-0.9456995720341818,-0.5624730282389357,1.3750834724402081,-0.8936362015487412,-2.146009918504391,0.017683739347571194,0.5574211278860868,-0.4966750944174935,-1.1539110839215723,-0.008303022186518974,0.6312741088085734,2.916326790667457,0.6458347735113132,2.2449449634249987,2.212543796031547,1.8119344392380532,1.5545473877178482,-0.5150079529496951,1.7233488674728157,-1.450368204818105,-1.4668551260260236,-1.5941302178387777,-1.2681574097346398,-0.5473684659839367,-1.502052683558414,-0.09490764929640338,1.7319337725614805,-0.544881769109326,1.5702534122158895,-0.5402136022345817,-0.3626314158339942,1.1455384923526473,-0.5455267848631169,2.184469564637251,-1.8634087933545027,-1.0139075983100079,0.14076366762652132,0.05292067086116262,0.48312630538508555,-1.3976765852187838,0.06602839488548723,-0.12937832070841188,-2.645247210801863,0.002293210811849653,-0.022734588530784975,-0.3004484018525123,-2.365554582741798,1
-0.8785689692061902,1.0398642913679919,-1.1475498918882925,-0.6279745394250228,0.7301108543981518,1.9432099527045834,-0.0452665683900613,-1.5067323933533057,0.42675960702073307,-0.9298256145649987,1.315855324045005,0.7432323533995997,1.6240833744521066,0.12312738207559967,-1.4552793857615802,-2.5709405942855192,1.8908912794688644,0.2236909972841412,1.0551435836654801,-0.7634665134041334,0.9363508248339842,0.07975114928270166,-0.13517774286520268,-0.37149504667744226,1.1432199378297783,-1.1396915333889883,1.270606382688917,1.0972245378106729,-0.13482150416251468,0.32710719196052496,-0.4916012093518515,0.7930104502637567,-0.947692567373146,0.049823281817244325,-1.0388859292822457,1.10416568265072,-0.12527916794872168,0.1533109781681463,-0.0638134463813712,-0.5064761008674324,-1.354942424508463,0.6897088136758852,-0.1961904067716978,0.12800019119150838,-0.5292369969832584,0.37926772690357946,-0.4432039093205937,1.300885490432292,-1.2465981239495898,1.2696132919975167,-1.0734209159127206,-0.304045136443248,-1.0377686684562073,-0.9120688285534694,-1.2212145292288044,-0.4521465745141114,-0.38770738498444474,-0.3486600152531121,-0.9762627660972892,0.5856865608506674,-0.46423230631192947,0.45917059640379243,-1.945097438835077,-0.7786617689690326,0.19017951544220446,0.4453502074998971,0.04444972767932145,0.64090980055488,-0.21422976001169003,0.7127211820200997,-1.0938136288015932,0
0.7232030865408027,-0.25471905018374785,0.5346900381908687,-1.399650048009375,0.7327910194253449,-0.20637534638748886,-2.3560799922958306,1.3444794334284396,-1.0979967087084785,-0.04611673407723071,0.6444717386171206,0.1314110514263168,0.651482251031825,-0.7454393670092088,1.7083910570502354,0.6652684959092349,-0.12200967374821775,-1.3235969233413423,-2.0078200757034907,2.3789848076366735,0.5620244347964991,-1.0057529784545758,-0.029722391988392972,0.926706400761753,-0.0406929959644198,-0.45724083172646096,0.43851762280187434,-0.1857630223734336,1.3926843109811744,-0.23470692289301176,0.6806874289759318,0.6709416032850937,2.2932255317774155,1.1000970787219868,-0.26171781712072556,1.0846996417194261,-0.10696083797252538,-1.325300052556599,0.11657028291960313,-0.027531262299104433,-0.8990707421640639,-0.07180383768509703,-0.847333620404542,0.482468889624991,0.49229414463471755,0.624373734960289,-0.2288238914279012,1.3615479679497995,-0.5814211664565019,0.2705802241721191,2.3545311890278295,1.2840095269455174,0.49955959773454245,-0.5799345217525512,0.10721902717204451,-0.768485028296299,-0.20873595425293143,-0.5095601422973542,0.15205513652535962,0.4313777612339609,-1.505116159143651,-0.9957807106149209,0.8407317638107792,0.6822696324524805,1.1303251336507887,-0.3738644711447949,-0.5022322760049004,-0.3564365474336467,-1.075213835303932,0.02531012730389235,-0.29450711418991776,0
0.17753771113780836,-0.4072180298517193,0.21265109634720344,1.4892903471178482,0.7285460247417521,-0.1960536109918293,-1.3640499372783772,0.3882107962016685,0.2907542890850155,-1.3944529320294519,0.4549184097553741,1.420684789856432,-0.2726815270903341,0.6785529072533082,-0.6874612130581097,0.6181167972981327,-0.12913520340390036,0.1259632366075123,-1.369784666977324,-0.21304864409257757,0.6382590608227475,1.5297418136543657,-0.09225366143993022,0.184478832320857,0.6067109199577972,-0.17934593787913802,-0.5553856437343508,0.27986897252392123,-1.3784509972793628,-0.9352159678390062,1.3870426505847626,0.24248991340956763,-0.06738814491956742,-1.9117255923056662,-0.5999960490553047,1.4803382878591214,0.5758540242615354,0.8444869029071651,0.40549351295704733,-0.3540478151003333,0.6655655312559521,0.319862067929531,-1.1209121539050841,-0.12100327419552508,-1.1678814973300213,0.9568747108230463,0.6985122921662376,-0.9296609634009778,-0.5284781636662145,-0.1423341174432869,-0.8905315068075027,-1.0665692000929494,-0.3819650076224666,1.8139196302995744,-1.827476435797083,-0.7491696605694099,-0.24135118433090916,0.1399176395420126,-1.2904971589411174,0.21093746129281793,-2.5230136972909687,1.5144500792695563,0.7574088259183753,-0.9420352861081924,0.0627454908868681,0.912872542914594,1.251068977818285,-1.5998151031716867,0.9371374133902581,0.12492499797747401,-0.622363665551042,1
-0.5515733687350736,-0.11931397825271416,-0.12437962975376844,-0.64720047876261,0.6077484557939237,-0.9228722012613446,-1.2606520361206428,-0.16891029714414602,-0.7406498194072285,-0.7383854521376676,0.4894543005847899,1.2826758744782385,0.7590187444117111,0.3939115853712538,-0.5609445097051144,-0.6053118459213731,0.4463005511239221,-2.195901885456736,0.7681101948708573,1.1846960429426616,0.0474270226498819,-0.4588915134817573,1.0930838730125239,1.3051894177569523,0.39815758817030505,1.1767891641951114,0.7932742463343608,0.3669779602068773,1.7201665508732893,-0.06613828564142013,0.9717137589445706,-1.4629740312762678,-0.07744038425425837,-0.254387774208471,-0.611257262540064,-0.07231315832675704,0.10319967034210344,0.0037725255748008355,0.8058775696832451,-0.15264610883295707,-0.7622260207475126,-1.9768743261108992,-1.539281775455947,0.9830771824201823,0.34709493905746747,-0.8465290894725245,0.42475091059235354,0.25979473352389393,-1.6052642081360065,0.8110586431263705,1.24419477386316,0.6318282566400472,-1.2405267325815434,-1.3208327280471657,-1.1552568194846051,0.6486441747125815,-2.0643000855948004,-0.45848404432477896,-0.963954017382925,1.2704310152790264,-0.9663143103815405,-0.4539337120850606,-0.4834689136277567,-1.0974027932699855,2.6387980644299183,0.588599283663813,-1.65402220481387,-0.2831429086580151,-1.214964185069352,-0.22188970178917777,1.0590840359262759,0
1.0622250411589977,0.22637057722428874,0.2197588721532158,-1.0709102559011787,0.335144530687828,0.957907014322816,0.37555898553548717,0.20793227396769454,0.8038676152566908,1.1871514984176912,0.7850328877755163,0.8805981428014197,-1.2890868915532905,2.432817613686366,0.5638090763380749,0.13338510111437818,0.8371783255594919,0.3988356744973432,1.008754780794432,-0.24260633497510461,-1.2696476429644152,0.45743991329772743,-0.3337053741512723,0.8522282119019794,-1.1802184353375396,2.060884824112101,-0.5474854982316893,-0.335852675396004,0.5436744142434041,-1.2709693110803537,0.12551618429347733,1.4641711042214345,0.5865949691439192,1.6895642209005208,2.128501965765314,-0.2620540515037172,0.5013348032509282,0.39215270185693935,-0.028238034012880244,1.799288861001991,0.6316109371040467,-1.2938686826415997,2.1377463439662616,0.26737932779422535,-1.4294657104350572,-0.2511130691318321,0.19986750592471764,-0.1395390040868134,-1.5250160194455444,2.6836437283912113,-0.7407738271242127,0.6360830928248142,-0.7506415244005306,-1.6173645700343344,-0.8179381895524965,0.11128643746144447,1.309968279673993,-0.9062652944835523,1.9065007991967933,0.21955757419111707,0.39106635365596126,-1.9230692130240208,-0.9603212010126444,0.4084004234306342,1.7055785816740228,-0.6909822507262333,1.693553768016071,-0.9215374948357068,0.27738033694427766,-1.2800210972847048,0.9764454086449028,0
0.4993215296852205,0.6752091709110015,-0.5392082687481043,-0.8483517390050495,-0.13358566587682508,-0.19301069725839595,-1.5653598700079436,0.26001009913150813,0.5703844249795569,-0.5908291549138103,-1.4526205352021029,-0.6787493287892323,-1.8746362419991038,1.1468679403117117,-1.506325795297301,0.63670864366477,0.8729520005083704,0.07418226621223155,0.3137127819471009,0.3107305321127956,0.12700488041538713,-0.22307494690414065,-0.6508367069492167,0.8113460547008065,-0.03009675272345555,1.1129952166659132,-2.5984767268055493,-1.1352050457022524,0.8095257506268402,0.6398675944101703,1.295231836956648,-0.8178330611382947,0.6332417684991061,-0.6346980590693706,0.7245205726474487,-1.6831208780218898,0.49565761149292853,-0.46185843185942527,-1.1330486882008273,-0.4739570043261375,-1.1200372286066635,0.04773581419553689,0.512090947606747,0.5091457784330008,0.14206879123857305,-1.7481934672765336,-0.057141074123274384,0.5950898638634907,1.8364620664278766,-0.8267855890510747,-0.8692011843025514,-0.10216590494788493,-1.2318746956911972,-1.5907019963362885,1.2440241417921563,-0.31808269348231283,-0.2818597075613243,-2.1668572121199983,2.0985568662354463,0.13938092010183675,-1.0751027864729967,-0.4697533458137527,1.0041472521625634,0.8637412236832172,0.7432064420616866,-0.8439149746923728,-0.05639432529846133,0.05464765979774807,0.5284562699880548,0.249441958235411,0.5932144294460691,0
0.7274421327314796,0.0609978754283429,1.2593071871988815,1.0072155547560684,0.2359733374613062,-1.551621630843342,1.1019964958745243,0.5481606756062486,-0.2952610312341413,0.49452013495788977,0.9355789575122214,0.7180987442875296,-0.5899749402149624,0.22573208225221714,1.654948068979677,1.2766822279349808,0.3373749827549053,0.4147179439710129,-0.641884721520797,-1.2578415574154185,-0.18987485314247915,0.1630943520402745,1.293876110412372,0.13128552440228142,0.6295273504978327,0.4858883943143107,0.6855683451350457,-1.1115439824951274,0.21726234411559364,-0.1349767224090793,0.47079206987376954,0.6622502010499676,-0.6731825402856855,-0.2104143069369892,-0.6980365195636133,-0.05929207334308066,1.2986878004641298,-0.4812683004094242,-1.0619808948998306,0.005550797658885071,-0.4850342487821178,1.449490406098671,1.4515356544325904,-0.22198807557596992,1.2834257925157964,1.6277254685836928,-0.1410490669448105,-1.5987106762519838,-0.5853578081423197,-1.1166925996152335,1.1575125714715606,1.1674667523819449,-0.7349175160103183,-0.1548416834790608,0.5735004092681433,0.4687132147967086,-0.6745436072709214,0.30332413447614154,0.6809503138466606,-0.36241452282272474,-0.4103593591873419,-1.45700260287973,0.6116516938671926,1.042508050787416,-1.2362493919646915,0.30521885398653936,-0.9946824024013061,0.9182218585424505,-1.127832509525904,0.12355105051510058,0.7577797985996909,1
0.06541787784688673,-1.6683115077200439,0.15172429608361884,-0.553558499735903,-1.1174751715327986,-1.4835157621946624,-1.360853577799907,1.033515635114344,0.3546585696747698,-1.1438937967674003,-1.6556386646788805,2.363585345826377,-1.122239396476681,0.11791989049208436,-0.7574899717225158,1.590464536543927,0.41698693809429566,2.629935231122612,-1.381602426076341,0.5162682290080775,-1.518776565779057,0.613005227165702,0.8432484498282856,0.8990599868403606,1.6483022528251057,-1.8215834275132483,-1.1644350949985105,0.12486577245843809,-0.11790452481602862,-0.17936300531654556,1.7747102896952072,0.26308099235218296,-0.5633385085484186,1.6541830740703787,-2.6748979276541145,-0.23779707766487274,0.3126023834201921,0.2965895809571759,-1.0874956016473254,0.2912567046204176,1.905926145366236,1.176069465206364,-0.14522081128824044,-1.3075989762634799,-0.036886985236512904,-1.6912851765061536,1.2123210210114712,-1.865939295318466,0.33236342862292584,-1.0318340513196578,0.48449708481902654,-0.5837716769004188,2.002205481035188,-1.2505351557850635,0.0540130588987838,-2.129268198047756,0.81032228879959,1.2538691252843455,0.7686340544447283,-0.06854005853680899,0.07228996254164133,0.3143119036806971,1.82985011193773,-3.1205561006434066,-0.43617608314205636,-1.2680006136608157,0.9917589254983259,-0.5571108938669642,0.24715126355179112,0.3222185404716519,-0.7122493115134086,1
0.7742765316134569,0.7033783047643707,-0.33396184934611445,-0.611556063882176,0.21032692468896252,0.4231997014095576,-0.6642691775753012,-0.26099201125433524,0.1727480634243592,0.6692094901315593,0.37819126517445534,-0.32371916075151214,0.16317327202429968,-1.335709160479927,0.6392733459039502,-0.9324713007103406,-1.2222866116349285,-1.0022590121814547,0.5475874765192864,-1.254524122023818,0.36433023160192807,0.3404779262089473,1.1498670304873442,-1.6940397275522436,-0.6458607384774471,-0.5407971924486503,-0.3480427339430045,0.2703495639140674,1.0332170301951167,-0.9303082346437573,0.26749730017569184,0.997835368857238,0.03637292524485183,0.8490591935223379,-0.5919122887373618,0.11748301808112022,-2.0025066596612833,-0.21973991815795357,2.4810828517677757,0.9731476542251263,0.13238738713574416,2.3679137601207985,-0.9231107528219327,-0.7098913903663308,0.08769863806566051,0.04760920795226701,-0.5017340828792155,0.624460192322087,0.8188006522934872,0.7815850933108226,1.0862385452164476,-1.4894098290659208,0.21741801300440905,-0.12143772931443926,1.0426762800127019,-0.01775199064931283,0.7912927962107796,0.3746311033773821,-0.12202482745703908,-0.5281406940253611,-1.3096250318567142,-1.346260835631959,0.9311533728297792,-1.129031813353096,0.6999286116950153,-1.1267197772501978,-1.4001245082594627,0.0469372238439865,0.5119812290495069,1.7428708433178315,0.8414409169120801,0
-1.2687945651074626,1.6573420182853478,0.9821132722068837,0.8541789612612849,-0.3700729129871348,0.15748487514700066,-1.0887730939989446,0.5109940595717235,-0.048149120579489314,-0.1469597259418049,0.7227374766456425,0.5691632577410415,-0.8503239611220915,-0.7841611041614607,-0.8844259900718715,-0.8074429534824501,-0.6823681372305018,1.167303806952899,0.29090072338985534,-0.5399912055526637,0.614296702566277,1.398084711668691,-1.4187401553522383,-0.8096917569023508,1.2890614521219952,-0.6777136219827787,0.978774586140907,-1.0005800649081442,0.547761411523695,0.4522124093939696,-0.05830458343290326,-0.6568962653818626,-1.5866638431530424,-0.7581674478926796,0.12724470943851374,0.5177397262634192,-0.05844492899506161,0.353720702910173,0.5727916159797118,0.6451065064838144,-0.5757067638285085,1.2213969171708356,1.282992582006673,-0.5792560914514482,-0.638049756090652,0.022588942724782107,-0.572743706702195,-2.17764176522685,0.15442312945830464,0.2553132411957357,0.07929079102190581,-1.0408497338490321,2.2461238984831833,0.3527068079483312,0.5484968658707634,2.3088079177992937,-1.472560372235351,1.3092992333597164,-0.21306193198110573,0.6853473333790214,0.5301232466294759,0.12392286458971588,0.30153422314282646,-0.38849797087002247,0.4535464186332657,1.0215846720191346,1.5871002542162058,-0.41219858070970455,0.7206173322656304,-0.07936065399129508,0.7545889434807411,1
-0.542468204059055,0.8047934502696431,-0.10538951212681459,0.38086009814957134,-0.8738367275242541,-0.6830391894526296,1.1955348637608325,1.9672667311742196,-0.2955161769145756,1.3152337260783336,1.1052723045127182,-0.4996234166185834,0.2647879721045237,0.9741482408506521,0.7661378890415537,1.622181871990858,0.49299222967690093,1.4821725218160184,-1.4863694415664732,0.462919864352072,-0.5710743568766012,0.5932846921232907,1.480397812272979,0.34613771237943347,-0.46485942577912703,-1.3758587022860855,0.773217482900647,-0.23147076940037556,-2.0207596754221124,-0.9798483928979858,0.3436235224655599,0.12115948400134316,-0.17595064837760668,0.20720971680884145,0.6540051825307879,0.7975461038563706,-1.237267829302397,1.58475448109698,0.5392988151644789,1.3649401344659053,0.5857711421386849,0.5694904891729627,0.04990633446604827,-0.780753481430606,1.144334083445793,0.16229518142684124,-0.343779614902746,0.5507719773277845,0.3942802443137914,-0.699664029789824,-0.9558048831605535,0.050383343094439245,1.0336520182049367,0.4898481101655487,0.1966733408525195,2.1349484454566783,-0.2498289009370839,2.9650723286646583,-1.0959877187958187,-1.7386960416444424,1.9967475685998926,-1.3553963527238932,-0.024220263632207438,-1.8308534310187927,-1.4030094088282015,0.1596102073314398,1.0150215443238335,0.09688707439396911,1.012370128579952,-1.5606880501430922,-1.0368181568619252,1
-1.1051665213586195,-0.07640575137863848,0.5779534661017349,0.4262061630798951,-1.1107455378956586,-0.4628486716701469,0.3377866739769758,1.6649942565564415,0.8246392867788255,0.6912763305276693,1.0985716369669773,-0.47358249309983097,-1.6878632502390174,-1.6420354410414253,-0.5169211539187745,0.47699487025406817,-0.4217868539811713,1.8444257251880727,0.39516284973660515,-1.453045506724257,0.2590143475722005,-0.4845514413168009,-0.676449518371293,-0.6406425597524255,-0.2794322005263168,-0.25403419912403746,1.552691445579333,1.2930171191900055,-1.7835400933730252,0.532669986679017,2.0910943399990276,1.3638484039622956,0.5172738043623208,-1.0331566799423437,0.5557230731915671,1.164127571736499,-1.5588951924660481,-0.8259349648493824,-0.8314595477682609,-1.642524659488868,0.7137626315207208,-0.46371285066064327,0.13211757445620906,1.1331646993014683,0.9939455089508782,0.17407078464704462,0.8687637334687552,-0.8188598387001477,0.2923590336674059,-1.40926285129159,-0.2174370990921644,-0.3600946333534181,-0.5899982912812437,1.7087687276586663,-0.7159904619493282,1.0932376283281722,1.2335351690507799,-0.3704694353213699,0.725694631207224,-0.0047539797170801715,-0.10414468773937567,1.0422746342084366,0.8899192890478502,0.3756042280112003,-0.43604446717050227,0.5692814014200626,-0.3558895027206118,0.6098801427653662,-0.6874294405760405,-0.4233320290387558,-0.8893479651175945,1
-0.0016300980826316387,0.08684464688090192,-1.1610431650833573,-0.46878657573541044,-0.5758934216010413,-1.9501951563998554,-2.5151010050203606,0.04888497901701229,1.7797174326253422,-2.2024162491010983,-0.8580060933556359,1.4453164368535754,1.488638102179003,1.0486920749111757,-0.47575717007843954,0.38571674324975763,1.083651041116676,0.7411695523849324,1.5258419498180624,0.8272821257959272,-1.0407092449829545,0.5794046403559928,-0.2916245519733743,-0.39326158281639584,0.47418679327336477,-0.26407907080652193,0.13049287138386403,-0.9673921909785134,-0.3639489002041838,0.8829997559201272,-0.6764619367442415,0.24424684309634836,-0.2351908319596281,-0.996369164748807,-0.6356819452893644,1.6313909852398851,-0.8973151401392858,0.46308420087957786,0.2334072864885384,-0.4727292455515354,0.3096141519371098,0.4942145628055872,-1.099988302750666,-0.47380834456473203,-0.5307786652558301,0.49554744278606544,-0.42991727314710454,-0.3203874576466406,-0.26925856924810226,0.9033311376270636,-0.30843792388294555,0.4036056747183041,1.6371387133195912,0.7180337534085528,0.7542722842677968,-0.853798963544956,-1.3673383290850833,-1.4660826599809809,-2.0285618121442677,-0.6573436610219049,1.2993328634319579,2.2155329576997413,1.1562777578838965,0.15333860334820232,-1.2882843061015785,0.26164031792885123,-0.6693121514961251,-0.3384719543949682,0.4181918247366663,1.8417793460601148,-0.4980088882552063,1
-1.4667396273762996,0.30035034866257176,1.5272491538446884,0.7354991482701366,-0.5225949263086139,-2.6541890156081087,0.8258626383639258,1.159831158171691,0.18263087183884782,-0.3236992833398786,0.14613207458933627,0.16714823738964266,-0.42756718106795916,-0.542088060549066,1.3244343348316587,2.1741110917934434,-0.6822722574671843,0.5581197287568331,1.3730844514770972,-0.9929713666578295,0.9486342315526621,-0.5674538319937988,1.6008157306727777,-0.3964116824849079,0.35191301243940293,-0.4325424638102436,0.7899970524723531,1.0298846289617571,-0.430088390694814,-2.5922477379475093,0.5509473245561117,-1.123471660563449,-0.8367947651717091,-0.022128882369130323,-0.8133176727720948,-1.4366291895495473,-0.31741840931070836,0.9015999813761735,-0.4589680407164694,1.0940913896581486,0.042583518545862765,0.9520307735077557,0.8649975648859283,0.7017200217781175,-0.325687157903602,0.34363351700166817,1.1806153085994722,-0.1852652168784193,0.7086800380675192,-0.4322471441036843,-0.6426985624301133,2.5347282435872134,1.1336186256254082,1.1100499355088767,-1.4532093705372937,0.4776416031596918,0.8361862030059112,1.19553923687692,-0.9749937394020688,0.7750236325255452,0.18356909320266773,-0.24631876089674024,1.4812273127833404,0.3114704298669069,0.24522859463261687,0.36674371226774094,-0.7228993705212169,-0.7433364493134127,-1.2068674464910722,-0.729016779862865,1.928188652130656,1
0.3399150430352371,-1.019224091892611,-0.3553724367649358,-0.4852146762694575,-0.6361659856999111,0.1298306838909318,0.3574586904395359,-0.6212474124493184,1.0416084814076556,0.49461780042344133,-0.8485342602550701,-0.39464044283145105,-0.42891675244902194,0.33223972607636526,-1.2892461872561334,0.16745739255066425,0.1919148661356363,0.0014267011167064122,0.39855442757415105,-0.11777438581917182,-0.8404823499593116,1.891459493357802,-0.4689725950962265,0.2508658996759481,-1.7928991278660682,0.6735244816240488,-1.3589671758676074,0.7189712194259292,-0.07557371647022325,1.1362021303422754,0.13654048977858116,0.9128744208719816,1.676245067850575,0.28127960419531317,0.353590883456493,0.4442676837972561,-0.2239294231812512,1.1699266070454268,0.9372750609141859,1.048610390313163,-0.3088193095817153,0.6034467253443413,-0.2401159411451637,-0.9729358792724695,1.3965438633689329,-1.2652577753532732,-1.5332730678772417,-0.23762196752601716,-0.28013445552855204,-0.6426510176469172,1.2293792602099642,-0.22632296853752243,-0.4601201293159988,3.409428750533801,-0.5686693874719869,1.275028413737382,0.8479539410379191,-0.6392139053143276,1.8793932012597108,-1.4530972096204227,0.6614033218600139,-0.1455140642063677,1.373663845836493,1.050192521279423,-0.49047483881830106,0.062475874373667924,0.08967498178910378,0.09726966198346276,0.8988784249413684,0.6906534652155969,0.05847502601281099,0
-3.1783753457454407,-1.6154094083686745,-1.0157788243648378,0.6273502228696763,-0.557002083734089,-0.3241363622371083,2.0256523613584627,-0.4503301457622025,1.7931735544552996,-0.25142123142671086,0.046972568307645304,0.29538281264276417,2.154615340243887,-0.9899928647375735,0.011473788314041842,0.9736655267979946,-0.9907869009928748,-0.3926924859489122,0.3041297765272859,0.8257104738313585,0.9438544581749744,0.3432286100460773,0.4519138858599491,0.3345086483789957,-1.46202841418252,-1.275578978859146,0.02681245606128026,1.0513265677167243,0.6677265929039897,0.34946115994180366,1.1858787193968323,-1.1380733088353328,0.15797604978401583,-1.3864567881749046,0.5145362775045976,0.6992310544778558,-0.2507258566302689,0.5804276107297678,0.002811944209608358,1.095512078577448,0.3983261119979299,-0.7883043202969163,0.1943265844792335,0.12447807339283352,0.023065132337914795,1.3072111325762692,0.1726599973915303,-0.5468935483640124,-0.47888661456776416,0.866299024558975,1.3624466070817425,-1.5708839095454041,0.6286430362480591,-0.7700585829659141,-0.3578679635653295,1.6368207687345702,-0.8773164970909039,1.4499216207993413,-1.016466890274877,0.43712366365211996,1.0033637369674782,1.3502270271781056,0.9841594670400631,1.2837245603711178,-0.3803893209049149,1.9571900834999232,-1.0613725236801688,-0.6042228406410922,-1.4380328798694268,0.15477609274690385,-0.03853061941083382,1
-1.7802761632276893,-1.8514639550660372,-1.0176793255785144,0.5505374105599041,-1.1175734095233856,0.6657383400054689,0.10042439641734816,-1.6254533235409463,-0.6389321304512768,-0.39040648804671485,0.7843713067079838,-0.3729760258747388,0.08428456014777495,1.0791217674014215,0.26748527508261766,0.8825676009894088,-0.843693383531713,-2.5001513393462442,2.163153271228582,1.147090453076916,-0.24513678093623778,-0.7901101583997211,-1.278553916154923,1.717903669731481,-0.5292490204702867,-1.7227424914309273,0.48035916880549206,1.8630641490794113,-0.11486123309500965,-1.9643919440938258,-0.0491494066368047,-1.6528137840120918,-0.4439389728456865,1.0436452354994177,-0.07819727069651908,0.05190374943402551,-0.8531740316953247,0.5323197924402032,-0.08939455481597317,0.24382703817160467,-0.2522736373979869,-0.5740243610186924,2.085428205110209,1.7029210389055327,1.1134992449166714,-1.233355872594726,1.5706320646627967,-0.9532202777203685,-1.3515062204816704,-1.554823172994351,-0.5171700429132696,0.8748261451810756,0.7833894870894509,-1.2179194607605557,0.12205820171098308,0.24422344209349103,0.23334477000483503,-0.5491628065498497,0.009603332853497994,0.19468811070709224,1.568522580113753,0.9573260538268077,-0.5602709399585883,-0.29780085591462757,0.737108760817018,-0.11063212340459576,0.3678539172143544,0.5069854185508142,-1.472702248864332,-1.6376162102385725,1.5679889204465702,1
-0.050764893396604664,1.5795492131476236,0.09088536901636722,-0.49995023546349654,0.4787739015358871,0.2528422823966223,0.15568349997011757,-0.5161342698225169,-0.9268063594588193,-0.24824095466938906,1.205541882720191,1.7048801565383194,0.8559799051841003,0.459880778935113,-1.2998766207562447,-1.079769069178697,-0.7156368254470112,-0.012572044661777687,0.7042057657862588,0.9571468124041663,1.3189232662322752,-0.0996338219335267,-0.4401807418687055,0.5657985344597524,0.8595369011843531,-0.9858809537231406,-0.12184732770189262,0.7305264394229778,-0.5270521960232469,0.7489790029921355,-0.2175978120446828,-0.13577494664365125,-0.5215427549330494,-0.005606963424919701,0.41802682346306713,1.2985105170095759,-1.052852416164115,0.4240460072305419,1.4731653760840184,-0.18812402921672897,-0.18380553972075564,0.8467334481331694,0.8664698829355547,0.2601140724578719,1.3084024134073,0.5652142983258642,-0.4454852638804163,-0.7360890705485815,1.0135957795881332,1.1255665157597008,-0.2637701934814591,0.28026499351726963,-1.5999825148626432,-1.2125989198654903,2.2697137661623485,0.6346011778307092,-1.9563711891034803,-0.5726345366237133,-0.7724647324951829,-0.14952508342428567,-1.7317063459728117,-0.4457710147762827,-0.6178797256082357,-0.8220449974985996,0.956354416162271,0.036872969016435886,-0.5641801071173224,0.002354650826051477,-0.21756373561342246,-0.08222863226182339,-0.9503628296960789,1
4.141360580290841,-0.7298377364002885,1.0380249880744283,-1.2364267005892717,-0.3107832003173908,-0.35676251788255436,-1.1384266618483951,-0.3294081620927497,0.07329659226325462,-0.17704384387569472,0.02867069531283827,-0.16683385592591554,0.5495463109691767,0.908969907120764,-0.6852620049085751,0.9478180508160536,0.606249757266756,0.7299093489184818,0.4870467513607555,-1.2602605027020153,-2.2404675115228354,-0.4250101975698351,0.018472426961200994,-0.16269161066382476,1.8024201940421327,0.41365969523551416,0.13902340938830954,-2.482704390059031,-0.5796808478062447,2.251836594733332,-0.15459496217880805,1.093570340426247,0.44314963341676883,0.6420940904969017,0.020504168763269666,-0.9048421849965961,0.23526687678417163,-0.8840860775283695,-0.24854427547327154,1.0457931032808112,1.4695737059813008,0.8097232913031076,-1.132891918579874,-1.6851793501237866,0.8985249252258278,0.6222255456359658,0.6572566237163756,-0.5833020347176443,2.5842493828911164,0.9391828708418426,-1.9869804975850374,-0.05502752197788757,-0.2885702372134646,2.5030089634760024,0.4900662338814399,-0.06105454418601196,1.2674488518313465,-0.31331763831701487,0.14235176111085898,-0.11691445297589195,1.0526015589439084,-0.4725305521847021,-0.2014967078018499,-1.1937103583324857,-0.970736474489368,0.21997798176586442,0.8927535195713119,-0.2063720447823603,1.7026234943623975,1.3548389770492395,-0.009146674900508259,1
-1.9231982899576288,0.5387390356176337,0.13004641735864447,0.5593182701954601,-1.2348836275477317,1.228492739592073,-0.6336056857403062,0.4763581832509008,1.3430022890212625,-0.33593079982251217,0.6351610196858132,-1.4208161015631147,-0.15781067572861918,-2.0525366741662077,1.7556738141759003,-1.3337550006974697,-0.3847399880066681,1.6986380841893665,0.47415968144282017,1.450567450657952,-0.758311658730857,1.0836985445650922,0.909100792938624,-1.1845958617068089,-1.0603404858909518,-1.6105929662405534,-0.25772077596902915,-0.12831014489758993,0.8481748953344085,0.3446806802086349,-0.8314183476869035,1.7763659614126697,-0.8091699265776958,0.011376035159307237,-0.5730884608337456,0.3677707722561563,0.18634323737115494,0.8082129540384824,0.9165709382262365,-1.9689962395909886,0.5661562484942874,-0.15131601552687565,0.17995675956742005,-1.5079225173604538,-0.5030021264708924,0.3635137859937017,-1.2348573768295732,-0.35232738403928276,0.1805158770702756,-1.3112822150827745,2.173492422187748,-1.599160771095472,0.2969766053275641,1.0528030361966503,0.6062932299452775,-1.762219271514137,0.4392136693195362,0.40613943295354366,0.013181376493608489,-0.8100461638785945,-0.38551687203573964,-0.9519841233143888,0.7901604862515401,0.12648077859042642,-1.489683192244619,-0.5773399297621415,-1.1241346715427825,2.026625368971137,-1.1960440059146025,0.4890958161482217,-1.154438440757591,0
-0.8644644261742699,-0.13487337652120443,0.28778198655438886,-0.12396304721553908,0.3376117774613596,-0.9325883805549325,-0.9741137711676455,-1.0378077768511687,0.09153472027580019,-0.5500905631269202,0.6234444963791038,0.055159581889035816,1.38742947972583,0.9775302759608312,0.06752292293813146,0.3103891078677703,-0.00062293077198714,-0.3653318557236893,1.3973672912221244,1.5982321833838318,0.45813528490941907,-1.1182092454747967,0.5216399702438803,0.4817849676227176,0.9822131496026228,-1.7973178301905794,0.59522873522003,2.2726700125141526,-0.641392500962821,-1.9340927593587256,0.7713535979977905,1.9680545368320752,-0.08352408153949914,1.520673546872414,0.9850890466459203,0.8870129533984675,-0.5777998118517429,-1.3555474687939535,1.2404553426918448,-0.5617374411592659,1.647691205635691,-2.0093398388868904,0.19891700655426103,-0.08866409012455154,1.094302050822853,0.9141430983647802,1.9404662487728452,-0.6540697473989303,-2.025432945463527,0.6827070955534662,1.6910529246376171,-0.8860722248315225,-1.6215467403741557,0.5944607318937041,-2.5182494588898745,2.103286274651592,-0.722937261326651,-0.7873213794265542,-0.38397046358216325,-0.49059229770513696,-0.2782571527648729,0.3749695012710164,0.6952763979628481,0.19235927869971414,0.4206784103469572,1.3075583543644669,1.3207831567086497,1.6310330689247416,-1.4840908972093079,1.6458688087730509,-2.099875217969374,1
1.0472975443179322,0.23073631731278335,0.8213084203555803,-0.5326027652431278,-1.0077760825994446,-1.0742267824099685,-0.05310618639337941,0.4720311329945454,-0.5568240461768306,0.3407642528030838,0.7221674101086137,-1.7978127499188934,-1.8488607625858022,0.38940397540948496,-2.479155488489237,1.0069234020127107,-0.6945391807201322,-0.41450662428592117,1.3567298485645505,-0.09839232663219702,-0.030567226929226934,1.1936975240741698,0.0638849613403764,-0.8240906620295264,1.0276549839840479,-0.13666394405337476,0.27792051372369153,0.6448919433069779,-1.891012620049963,-0.49378486523285436,-0.32378425677586836,-0.9010303069672051,-0.6908380636154894,1.3476356504072025,0.6436982043216636,-0.25806266409533213,-0.24559592372950667,-0.30489016642045075,1.6087926035102578,-0.20130196803795133,1.0844473540462531,0.5290646676672135,0.6987345290666153,1.3763188598614617,1.6627562944032923,-1.1932144368092423,-0.1905389392247109,-0.7382309746386686,0.6252838975565866,-0.2611525712289366,1.2944321044106306,0.1306070101459987,-1.4337825108660414,-1.2907962036714882,0.3951421537823758,0.14668759943221843,-0.24897975777366135,-0.2933403343998677,-0.4077575022774982,0.45356439127061154,-1.1714615382469142,-0.9855244553627459,1.2926377527641995,-0.41131880808904175,-0.5068144968921029,-1.3427367589858765,0.8437291974068619,1.157582173552006,0.36682522651161886,-0.570328256164056,0.44262751341180967,1
1.297931311937648,-1.5581016325302557,0.5419848681995466,-0.13123910418795276,1.709523768410549,-1.3484234753271747,0.3908172622648195,-0.3397566463373271,-0.9505576451645751,-0.5482349861428337,-0.05834398009736856,0.5687918322383636,1.3726430486452368,0.44879217869034876,1.5930285870114567,1.3037855428047556,0.3832186872439225,-0.10701517047930356,0.7727292520583352,-1.8182520172570864,0.721458325915527,1.148521489210682,2.101589522605409,1.425429862790695,1.378410533515666,-0.060643932856477525,-0.1756933336081438,-1.5003192011949726,1.3084889364348429,-1.8622371591121223,-1.0597592821480732,0.42901435198496984,2.370822016046504,-0.29666216877320806,-0.8838018146126911,-2.8833269624497473,0.11894381075240551,-1.0466647582326636,-1.0298040529665031,-0.5329158999009166,1.1162455691986908,0.09939060867289332,2.6202720550316476,-0.6237630432971107,-0.10260497385957197,0.6307443555302602,2.5667366438750414,-2.252295664649386,0.4102173269679455,0.9286951229341598,-0.4624687279281319,-0.4582868719089327,1.4698612750614384,-0.6536336625739552,-1.192332295086149,1.3906238577622512,2.1276364516824047,-0.5689076840499462,0.7985941088395193,1.8435966589205615,0.3328239543471132,-1.8042534848483938,-0.8210973403156518,0.15853779939218463,-1.2701704806874758,1.4820597176060433,1.3352881054129466,1.4543037791126565,1.3723555360354653,0.4863618955202742,1.197612487395369,1
-0.4420296378632707,1.8312694754170689,1.462311017621626,-0.40083013325563943,-0.25615444050108904,-1.0736988830776508,-1.9418429559069248,0.7978392431458167,1.0429792746661353,1.8097954049196725,-1.5604054906074247,-0.4532013606577356,-2.053147069173158,-1.4289851222709,0.9519295923421904,-0.11338893724392865,-0.7008957135235414,0.4507045697657407,0.18458119689936373,0.002741194956551293,0.9783515552230047,-0.09711358690536989,-1.6210953826428658,-1.9878738139158103,0.25214909581677775,-1.3339385378380475,0.3705348606549739,-0.39618944819495444,0.600990531881909,0.8539623947795778,0.7171504703708572,0.6282258435083536,-0.2854537237211242,-2.349483526034128,-1.0929876758449577,-0.40767887878353753,-1.1774650477727375,-0.4495721822311248,1.1641208132725003,-0.03408119962554509,2.335320441436583,0.8458272372593961,-0.5966341295364644,-0.2137493265991091,0.19628961223104371,-0.8205019930736286,-0.33383379333202234,0.21521863494996246,0.05014129552833549,-1.158130014685581,0.6985631396456984,0.9803700821133262,-0.38006595298388135,-1.374915195154858,-0.5432171377909404,0.27359708110640824,-1.32146922352297,-0.47097321889554045,1.6377028648069283,0.3523047647334482,1.4610761177361746,0.15091082443762455,2.943089210710042,-1.5421251428955967,0.1408258101012368,-0.4508207147208583,-0.250999497240161,1.1381154997517042,0.10074496030061687,0.5216683520094247,0.970723560869985,0
1.1076235318446563,0.6933180912332237,1.7188402780248684,-1.936538945860875,-1.1115398043186069,0.24708616260288166,-0.3618363831824235,0.23720442090725233,0.29758945463395803,-0.37935542911086584,-0.012779407985288224,-1.2548974096914929,-0.01854081962769904,-1.2611759409741647,0.4519257942707604,0.6440554229583135,-0.18986957223125359,-0.466535427623297,0.5896884525632998,-0.5516521693874016,-2.5038190010790116,0.06922179282999555,0.6403617662401865,0.28515991487204884,0.7535312358396581,0.12061716862915532,1.1505479571644661,1.3980253384407602,1.295773257725275,1.230280761054647,-0.30037687263235563,0.8159702620289754,-1.048439121029404,1.2062797217117331,-0.011438067545098532,1.1177149797041692,0.35950405066000246,0.17529575277761572,0.05712733628783059,-0.7255421457892046,0.16514081253718002,1.104345485297182,-0.21540903851772342,-1.429130476928099,0.5626971302385646,-0.3323722899812607,0.43781643818103555,0.06867215212048411,-0.5788560232269649,2.2029816380323157,0.5292318341834994,-1.417477519502423,-0.006027891977242948,1.0221256516850348,-0.9010143992703038,-0.4280136726449088,2.202136059793945,1.4883452967936774,1.288119945297155,1.6394554214098482,-1.274827631657077,-1.4615465258334033,-0.5637786773019443,-0.5021437491770048,0.8517392316922181,1.0580105035066194,0.2280976763071993,-0.6850225380011142,0.2998844281465376,-1.2433063718777104,-0.3408999298762124,0
-1.2135855020727302,0.9033239724920302,0.3560014315573955,-0.963423365625901,0.22806866968167588,0.6559058374367324,-0.13475310327745496,0.13911251421141274,1.4558529114586236,-1.3734091295369595,0.0011490659635745707,-1.4947311306869593,0.47200378923351166,-0.36246949829860614,-1.2308087679530277,-1.0418881587868707,0.8685704591149096,1.43380595756731,1.0710596575702442,-0.24457299832103507,-1.1238318114120736,0.24141290417808253,2.506417443266816,-0.4204333717524594,-0.6567806526281467,-0.6060992659031064,-1.2293355567727096,-0.4428469611724915,1.5148280900836224,-1.1409491336107265,-1.2892337751946579,1.354497935520741,0.5170059498476266,0.5033759847279394,-0.3035682491360766,-0.7328645891159914,0.38155669182076846,-0.18000632674361083,-0.35314721086352563,-1.6456867615995026,0.26445331075567796,-1.6314621609067026,-1.412137678924988,-0.8837255660628869,0.2722330582525811,-0.6712065137222052,-1.0763682233854426,-0.26966832284662257,-1.1552697292069303,1.2989974345289774,1.1460399769089875,-0.8734281683669358,0.7745412282627643,1.5782017382425013,0.5431638295566632,-0.6505153860196102,1.4031693408250252,0.039943553226902004,1.987955443838714,0.31650543092156325,0.9392291680902788,-0.26287409582115256,-0.7241758461159056,-1.0844085575075635,-0.37463965683464995,0.5249615962998055,-1.015492641250485,2.904419514034417,-1.2649878081727715,-0.4321925279644753,-1.9312202425220826,0
0.5432303922897919,-1.1524386189770814,-0.7488085409643294,-0.46721156869435476,0.8025996616565255,-0.6754677321438347,-1.5145443693194174,1.0120581916473423,-0.7108951110768371,0.3623517098893787,0.643000782230044,0.5496695965687752,-0.7492844536634559,0.893451106476802,-0.8542315903612968,-2.185251448773523,-0.7267320889247937,1.2827101259122453,0.2772224825975727,1.342861752569282,0.0629840750848663,-0.4424215508572747,1.0637765653184041,1.2090245915899154,1.141310681303897,1.695220298036356,-1.0574575414139202,-2.052142681313233,-0.2713420559389251,-0.1905711139252826,-0.916588628709493,-1.3171777444104351,1.1110698987535055,1.7176617394703024,0.6571327465863326,1.4211324995580432,-0.3259031526369851,-0.5339306561636331,0.6384288402695206,0.516691440689509,-1.5110732636361452,-2.4965610850394944,-0.983323950502714,0.9244735746914878,0.44034904891957877,1.8604135540418607,-0.9001161126506447,0.23981048161433793,-0.17385398170589245,0.0523181435333903,-0.4792007654853784,1.5710691737486693,-0.08593967955518322,0.7413187112395541,0.9660541311877197,-0.3371147419081532,-1.8677703003716597,-2.263700877700335,-0.7341895927368781,-0.027424086337999153,-0.27905819976286655,-0.8171429339018115,-1.2789497566189196,-0.35967929015713795,0.8041573414408478,-0.7524584483484773,-0.9270698008967566,-0.8986236583192823,-0.5678955242929449,0.6989780538522096,3.27149235795839,0
1.0221170610403576,0.013590119647581968,0.9510704255668816,-0.6456540963840995,-1.740287877910762,0.5890779631707658,-0.14295972195335352,0.17652467702778235,0.32170546716134396,0.08452267066004931,-0.43723173124693726,-1.3398279900029304,-1.0922478068803398,0.8366200771924818,-0.7985675632391052,0.5032936416523267,-2.3485627397198856,0.9427724155854657,0.11697602777085156,-0.6020567036710759,0.22866819061637123,-1.5030101044551152,-0.6221803270568061,1.1918521480308668,-0.25410999211964913,0.583287105989898,-0.38311476609758005,0.17370231022198274,0.003459584362064894,0.050747516315545284,-0.047480495281250396,-0.01324427425388886,0.5085309825361665,0.31448345069536127,1.169801706651776,0.5301014894899517,0.8952807713289954,-0.35065603498603876,0.8227803176907935,0.8610246743248596,0.45908166795492644,-0.8659905232338294,0.34808876343634876,-0.6179247761080492,-0.028178732642750146,-0.1535522099918761,0.06967229105290171,-0.10096456764900434,-1.8828402848655568,-0.6649297509691201,-0.6126491956058996,-0.16752811644083512,-0.1490286407216269,1.1707764819087987,-0.27155924841506296,-1.8527481437101272,0.7894588938994476,0.3141903160672857,1.1388476056920744,-0.5908536007636562,-1.9415462966213977,-0.8483153324096989,-0.10708979627042622,-0.43309386781668463,1.8051178050163104,-0.44526730610526166,-0.28824332597293056,-0.21145166238138535,-0.3786459805783485,1.2207715641786445,0.4099817371927003,0
-0.454204664727132,0.6442121536829559,-0.8028562786182835,0.3844005466450633,-1.0936707363991756,0.7713291548104595,-0.22412917553214984,-0.18977517661736903,-0.09449877460576338,0.2284033633380812,-0.4387127638892281,0.0610215334788859,0.6895694593741077,-0.9433833427082677,-0.33777534748768956,-0.017940009374703334,0.30770958603374343,0.08090487303786136,0.21821564890965361,-0.5744528235967371,0.574185283585911,1.4163698945159386,-0.7976552607097752,-0.7038563131026523,0.18675790518575702,-1.029316755158143,1.5412165081959035,0.9080375309129165,-0.5772474583728796,0.20499646914713707,-1.0322240387745965,-0.15017402694901544,0.7834827791296956,-0.3007263352790073,0.3729103564197151,-0.5275649898844144,0.24710399431054025,-0.5771781598859799,-0.04427978105338335,0.14123676166331772,0.019178987974506984,1.8298570079349816,-0.7848921016913905,0.07001440436959984,0.5319308837464682,-0.7214875740016373,-1.3593082392575984,1.9201233793106218,1.573301640115419,0.690834145335662,-0.8489621221240545,-0.6740509183725044,0.9185463501364861,-1.725502890019836,-1.828916858266829,1.5031625120103977,-0.07862081008293076,1.2188627620724264,-0.9744011951048709,-0.9072383680407448,0.08728147225262214,-0.8525902420761244,-0.5649036100294187,-0.36968714108471246,-0.5419366297558836,-1.3396039797907513,-0.9006099960803855,0.19565914046181856,1.1167757920581807,-1.1414329012068196,-0.5294597719764036,1
-0.6526607197837431,0.8209100228499783,-0.011280972604164033,-0.8847980868605104,0.6366715509789912,1.6188526516828907,-0.9019026685139151,-0.24344965547450645,-0.6618431799568502,1.0096066783739042,-0.6981123271933526,-0.48991536307567224,-1.5629318737454894,-1.780137390700761,1.2880178405670106,-1.215858835787328,-1.0913471478801215,0.7068480506449595,-0.4860224709970633,-0.012263622739720098,-0.3911769361589818,-1.8273451380786336,-0.0874985902097082,0.42831657285488894,0.6361582863109635,-0.3431099447188082,-1.5943965147838675,-0.23830765735971834,0.5851715595993735,0.21818712467717374,1.1559598624370702,0.5335344622082292,0.08520412787395501,-0.38902496632956446,1.661494699069502,1.8574021629946411,-1.0510421258858558,1.169227400805648,-0.7108188053678759,0.353098373123947,-0.695270955869209,-1.7858713688470467,-1.0261103393285418,-0.751795412089554,0.6261519140724656,1.6688707076409715,-0.27918379365247,0.8558133302343499,0.12248455621895044,0.29130615432429113,-1.9496206827639835,-0.34491295485682155,-0.9028746240900818,-1.1419448444997395,-0.23935466162787672,0.56739051372703,-1.1050386415006914,-0.7646064073748845,1.7658470406296418,-1.1598535492918056,-1.9220974507647466,-1.3358912717341824,-0.9237897942804919,-2.3637131255792223,-0.17450717002987873,1.1055931431035473,-0.13971276713133113,0.12686430895261272,-2.2966550353322965,0.13311992121483604,1.798925534441771,0
0.9866045714536132,0.5124933314034177,0.3499243880541338,0.15222721281030213,-0.7606254824153035,-0.1767994317752282,-2.505490367838481,0.28049441067173825,0.8011345755585375,-2.446419147207583,0.27332576043982626,0.6826395684118005,0.05421429344338218,1.1096020347133018,-1.7407227832914085,0.4803220614782233,0.6230680789325684,-0.6774812772767468,0.3238095001314191,0.959589300721114,0.7416709130690229,-0.09495375078540165,1.244741188836919,-0.7821200241247592,-0.6143769667463421,0.8835806689217474,-0.03759449038993149,-1.5043475539557711,-1.469875288739723,0.17641129181159557,-1.234138195211289,-0.8991762829879436,-0.34995746543937784,-0.5872531720162686,0.7765860967605948,3.1725131293139786,-0.4702897391809032,1.2006592166462688,1.5594590056439004,1.1231072956715817,1.1240954172271678,1.5125584972953332,-1.3424676058026404,-0.842245176383471,-1.1753901040972388,1.140150728771822,-0.6646438080009515,-0.4760016125396303,-2.470659220527218,1.3240152842228092,-1.3217381347866934,-0.5336548953183515,0.27012010912800716,0.0403453968512963,-1.3985366236787984,0.18292896540540066,-0.8868990108800596,-1.2960045374464586,-1.1667702132416882,-1.204732201499981,0.7469008930255128,1.619099543577592,0.3190909452723134,0.8639522671955641,-0.9431598703887795,0.7146700886279519,1.9286253813980385,-2.129283765639536,0.3686938575873618,-0.5121797814745926,0.13081121256137823,1
1.26459171630702,1.3639452955750722,-0.3481928070111686,0.22575526125467923,0.8468698543014918,0.3868186688664513,-1.4868018060144872,0.30480332557141226,0.8367187981499304,1.972820978534921,-1.0843304313018252,0.25007877665673756,-0.5228429102959259,-0.5586049671281218,0.40662819028138103,-0.9040050505381453,0.6443283829158891,-1.7819626967701632,-1.3941266491249726,1.1817484339126296,0.2701876284974845,-0.6623827135157235,-0.3165152214553044,0.641894213449356,-0.8628556011376118,0.5571830228884613,-1.8994881829842336,0.9920654843329497,0.4079649451991672,0.06831626219206212,0.786911705687979,0.7771378832757443,-1.5150800517808054,-1.0708625546128716,-1.0585683532852352,-1.451288585646827,-1.569539734517481,-0.3574462440759507,1.1416455138205173,0.16829408076895994,1.6351771902603462,0.7572330397427036,0.4274710466496412,1.2968388180796102,-0.11639383805125468,0.180971127806367,0.23607826456324632,0.393022675477759,0.31808695693844563,0.6386547203213857,0.3565145762691351,-0.4761764726863254,-1.7212891017218184,-0.6531958954034807,0.841274289440285,-0.7684293362845876,0.708086424728932,-2.5239935782516234,1.1717503472424338,0.7111698490915578,-1.4259813280264166,0.5486567504847548,2.000666748489702,0.2817895165769328,-0.3679427628165978,-2.307727777000872,-0.7660926865363966,-0.33344856362970754,0.5584663558762317,0.10723729124873611,0.5346691466782525,0
-0.7688603111033671,-1.1950796604946226,-1.403220162219413,-0.646460196667529,-0.3073148099756802,-0.9234130436238361,0.6301918982609412,-0.5363115799413717,1.27641005391452,-1.3743092707151745,-0.8098520602682536,0.5197127824426176,2.1950232866519386,-0.46734891909980064,-0.39041954145896474,1.0553749637423893,0.06296253096988735,0.3610580749097449,0.059618685492332436,-1.0697663020532144,-0.5297036720214919,0.09948449969168419,0.07415877201369761,0.6725564164377345,0.9266687662038418,-0.535763758989833,-1.536065836584441,1.1782153290974844,0.3517649808913787,-1.8226142912108385,-1.352804149121867,-0.7261781495682916,-0.0019239575657177606,-1.4521263365360528,-1.3000517099160303,-0.9838114845344442,0.3054274413916266,-0.096363328405315,-1.8656290950994765,0.6381434820797168,-0.8443143283235917,0.6062232793056502,1.1593360424546653,-1.3899168581954848,-0.22879308622783784,0.5661558314133645,0.15651114337954827,-0.19736747281860934,-1.1725341846077286,0.6036568460631897,-0.6193832328750738,-0.2578862291740896,1.919018324056929,-0.8927129315684299,-0.5728493078315077,-1.4723150497217814,1.6907331551178386,0.38949513164077276,-0.3544155251821811,1.3153541066803023,1.0446749146098815,0.7686450970499502,-0.3089922749344277,0.9064041374273378,-1.7277818478174607,1.9269667651695475,-0.4111688842382712,-0.13995906875361377,-0.1423995562014704,-0.14457873221701673,-1.3383010765894094,1
-0.1538784838655321,-0.5289775928720966,-0.03994116788395102,-0.21212087902795246,-0.022828220698840513,-0.6761460835622374,0.06534816272175899,2.7834634352033287,-1.6372155156150094,0.8359308211181339,-2.1627239612241196,-1.685360367482377,-1.9203356734750272,1.3747889093070291,-1.3188136752977961,-0.6007680651940905,0.9733595726822464,-0.7040223326308354,-1.3394638598637598,1.881716236972289,0.12804798420508318,-1.4641913017329835,-0.10611399426782304,0.44101428691292766,0.6470246615718167,-0.1763261633820768,1.4728703042269713,-0.4142860169104961,-0.5427322343160362,-0.292190527928064,2.3858596383944195,-1.584895402423259,0.8985095994370588,-1.0064837773653963,0.5710392144648704,0.08753732075617926,0.11045266652490933,-0.4807437129734739,0.09103395675374984,0.65744305585521,-2.2926101125781084,-0.707663321772112,0.7678622777588562,-0.4565313080608167,0.6357790794028986,0.3128423635956779,1.6478448627989706,-0.4084137184111492,-1.313977867930762,-1.4697991100357428,0.060156446143233275,-0.18038250856669158,-1.108183473348659,-0.6164050022441143,-1.749277419654098,-0.44519426796277267,-0.6991151443765626,-0.9012138732987611,-0.7924754022208649,-0.11959077378444978,0.4160952081912006,1.234867215712961,1.577150812279248,1.3058795619344992,-1.550965783493505,-0.7304189150958937,0.9176000753892726,-0.7135339189691595,1.0109067917320056,0.541013195638936,0.28164544210662923,0
-0.13489407178852156,-1.674149914864686,-0.343907396825041,1.2022889788051732,-0.032335820833968305,0.4368795565748212,1.0232773530000685,-0.42807844085391233,-0.15522509022522107,-0.29512166061427464,-1.0926448221294263,1.089973653384789,0.9665674691269021,0.3280015835111723,0.5932992848664909,0.828541702649494,-1.4427569833569995,-0.6873594836390383,1.1424243289257179,0.48447237148492195,-1.067209701820486,-0.35875239028543277,1.6566908295311542,0.027132949062285045,-0.037204158726370486,-0.5012013093599498,-0.8283658136106807,-0.7155306358000727,0.2270237270320985,0.19735888949596056,-0.24499821887610432,-0.5540546095653867,0.4786111786514008,-0.002933559137065269,1.9961942568872244,0.7136610850355546,1.0929366706217787,0.5510706094255586,-0.6300904248394683,-1.4959148784121548,1.0273252880083432,-0.08424467522267351,-0.33285560288286636,-0.05134335905291448,1.0605722179701984,0.7860986284440193,1.1051817557786232,0.6004451127445575,0.13191896205397258,0.03287586689086636,-0.20564412000228316,-1.9318304860759692,0.05488993959959338,-0.34665219516295065,0.3291173754651418,1.9222870007183954,-0.2987101824830705,0.6594716865134554,-0.7109744789477406,-0.5452773761708305,0.45135262635485646,-1.6591037874771415,-1.105507342206939,-0.5727578902059122,0.009987502839540936,-0.36865172225924386,-0.4838638269102069,-0.18644168571523673,-1.1167888490803424,1.0714093492199521,0.5249744339144371,1
0.08436126687977905,0.5541088126945156,0.7739864257872789,1.4662924943117523,-0.31777038224898435,1.2939638490761787,-0.5240162556944928,-1.0515374019662729,2.0544581104294837,2.191271803315004,-0.8109819196239194,-1.4191527748122383,-0.7462126000575142,-1.8951833232289668,-0.5316099215013279,-0.8046708059320331,-1.8207108337493807,0.049240223295182815,-0.7298085880486,-1.1554867018054191,0.5701309503408066,-0.48301564501611693,-1.6511335351897636,-1.0977516700235874,0.3418146441668829,0.3404329600833637,0.04072254607663986,-0.18470259199337108,-0.8418377273475286,1.0448870159329429,1.8579322717538203,1.5606603289411551,-0.22867719196417402,-0.5165785375383338,1.1556910957489994,0.0195294119736895,-1.110410329287132,-0.6469466297655538,0.5491564447262693,1.2601277885393531,2.2654072259135187,-0.11897522513986104,0.6769522657897546,-1.031655552656284,0.5627798487867484,0.9723479918260589,-0.8453643329347404,0.6627969677349729,0.012400763161815187,-1.1715879340827542,-0.06140981680895263,-0.575500075514908,-0.8053583823444178,0.1701391782623591,0.8768875122983919,0.45140135104346985,0.4156815396518469,-0.23805583333307354,1.3173374790272372,-0.2283290060660521,0.4468080348296064,-0.6981618255878206,1.5378070731498426,-1.1344275247402624,-0.6702073381790397,0.2576093740287279,-0.11112985713872542,1.6667813538239686,-2.447026331365672,0.6912500902810061,-0.04785967301440357,0
1.5639331918994426,-0.8358968111797046,-1.4677878496778898,-0.014152550615977815,0.14521198440885424,0.07837648680417177,-1.1815091517839262,-0.07066699492458639,0.015416930701395097,0.20498718304749725,-0.48912574350273624,-0.19551553253041726,-1.1897735584810922,0.45789002050076494,1.5835401190136993,0.5977948685047364,0.10081274728502099,1.0822924555402356,0.1316101622358278,-1.1594466003951156,0.4201571184998283,-1.475738354392317,-2.1007391396886392,-0.16847684420680822,0.1453352374487363,2.0378822144483983,-0.8990784848049703,-0.6172682769721636,0.15641513386037023,0.17059880462397453,0.7006593104032665,1.7303117664172225,0.017769231208937496,-0.04588869945373949,0.41841773246341185,-0.06257002739562664,-0.2831304373451131,-1.1300966449642509,-0.5213394309172263,-0.9305887132824175,0.5223521448345649,0.6271064927832449,-0.834080547718528,-2.785719399030385,-1.3406304029737588,-0.7582597090050803,-0.1861386198965219,0.8659806357679184,-1.4977972656336684,0.35496008464755285,0.24493811066610852,-0.09741792728782768,-0.7207601480883253,-2.1240229017806436,-0.29776838177658654,0.3132879104233132,0.573824429467098,-0.42729467620375,0.21872852022530145,-0.2746780254109743,0.7580574830628273,-0.2795646298497553,-0.19396071139908333,-1.3284250063965333,-0.23978192494671213,-0.609255825682791,0.8098566639450867,-1.1462119574177925,-0.34046285083910643,1.2720229475307938,1.1101773120931662,0
-0.432784689095339,-0.637489200263898,0.39653487695553047,0.43204284914388846,0.05615999623526039,-0.5467972842050945,-1.5760619855562197,1.2924216302839457,-2.27317017702502,-0.5576345898862308,-1.7093502422096758,-0.6020517291970303,0.31594895380973187,0.22081438926790417,-0.7901636184573781,1.5181498465673442,-1.687353806072201,-1.9170709060270468,-0.07629590889869341,0.9494598978897384,1.340632789582977,-0.262432586013635,0.22639072069001148,0.2802988848859951,0.18429470006111476,0.4018643786355564,-0.5170574730050443,-1.044363187617694,0.5215490757926048,0.5911442716304796,0.3284203871838007,-3.1777422879229458,0.44819963292767223,-0.547476456455048,0.19863458915216056,0.9956422232226205,0.515378099096176,-1.1137161982344388,0.8539704294159685,-0.19894728243684678,-1.1084410730839616,-1.5204076987669917,0.17820806126173727,-0.6694593710441245,-0.6113533641648835,0.5692719063187899,0.8469478704540119,0.8992146075930915,0.45819117452042585,-1.7829463250602713,1.9611678377678063,-0.4158528477541909,0.9819678799070198,-1.0650513961645722,-0.33087463992236094,-1.976769245332362,-2.4285624592686488,1.0505512294823445,-0.7001120128025412,0.7532375394084853,-0.06574501539195458,0.5377442787628566,-0.12651142832993484,-0.1368144432546647,2.0721925426490024,1.1235753055456954,-1.6862422348192432,-0.7652992779002592,0.5699513201893562,-0.9872283578633223,0.5973079151239103,0
-0.4324975019086753,1.3056101865328174,-0.20621148620025845,0.26720562177456664,-0.5174599265897362,-1.1886439981991166,-0.592798309307201,2.277613422253185,1.685494402243833,-0.06765067911826887,0.7689754523011525,0.9892419050094331,-0.24424071690978502,1.329473989349379,-0.731055747057979,0.7951026500753892,-0.0036326026350860944,-0.022051801964514204,0.19024434152420433,-0.7164862466213439,-0.3823716092616099,1.6405722312275897,1.8238364282895885,-0.418430625401587,0.40540253190650855,-1.1426306486280402,-0.17965114473917018,1.2813744337336328,-1.5415668552887443,-1.6859068057713755,0.592723720101381,1.6177743375496823,0.43735896686294784,-0.08026222182347123,0.18472246716569346,1.8747885972314762,-0.78285445955946,1.9021408313585746,0.3056401402688926,-1.9096121282580798,0.5831535735845957,1.4626859796056397,-0.42951583404451577,0.363837891924478,1.495500062900987,2.062248198916975,-0.47035938498825014,-0.6490355660626071,-0.8609802507197339,-0.6425003703990508,1.084381582154678,0.6149988673104477,0.8277312645276246,-0.19587328489264616,-0.3440888168257957,-0.7438223888016534,0.3502013374581537,-0.0612012436652054,-1.4652812134084934,-1.0988238323620372,-0.01379585110874847,-0.9902284274588821,0.8589420696198072,-0.09013363745374892,-1.3851904699913753,-0.8728515797312472,0.43860506205112876,0.5903962271350937,0.1345523804408379,-0.04486155943113904,-1.033132496959673,1
0.12938614619897387,1.5472229149599068,-1.147193970737142,1.5875370628562238,1.3199484788071658,-1.252586593990715,1.859483442236031,-0.5438713830065423,-0.08390161307359004,0.4025206593233905,0.6103683561438867,-1.652586107623221,-1.599220293263951,-0.02585679587177501,-1.528494423685249,0.14670999693794104,0.4360844248268332,0.0722746916814378,-0.18078838931293942,-0.3802829204698295,0.9948827543601718,0.9348404758909151,-0.31921537767477626,-2.041448206921178,2.5665331641467595,-0.21285439551747504,-0.8402962320862487,0.15461766506406074,-2.2999698676180733,-1.446543413672778,0.49760719917662427,-1.0276044168843297,-1.7430391511945096,-0.3394562584447203,-0.19174908977812138,0.5480049195171702,0.2221601541946456,-0.17592642892022833,1.62388841961017,-0.5583036283500744,2.1086424540673385,0.0958669416368251,-1.258226791808348,1.7357736519550357,0.004463353790829519,-1.3589809724746493,-0.1180910476921802,1.013388094911154,-0.22091280769583838,-0.053693554050455256,0.589278534808655,-1.7435707687211228,-0.6976803583972685,0.12433697421149915,1.1614473468686577,0.8062459871123179,-1.0510328010223349,0.9753459900839463,0.03088996848798333,-0.5992719997418796,-2.7980279551264164,0.18563732343388883,0.15865014507739122,-1.4297926599822062,-0.6539601163230356,-0.40077098171713943,-0.6050594254384791,0.5228269246518761,1.6165014214259021,-1.2567310986944518,-0.08585434099742267,1
-0.9125439602133176,-1.064015543659318,0.2388006305342433,-0.9613410718568559,-2.054647236255817,0.34208440056892175,-0.8705569450343155,-1.3223270913617815,-0.3290176360012264,-1.671859987558786,-0.3836854470011006,0.3298089514881234,-0.26471648994733055,-1.04338953932518,-0.22322805338166246,1.9447432392350692,0.5529142544266049,-1.2855298490534204,3.092399418245599,-0.3369080976259593,-1.7115734935796552,-0.1401382710584221,0.5093258512003593,1.3023579040138136,-1.0620693851449248,-0.33423972687590614,1.0030581629443056,-0.24682748470853372,1.1632469238250194,-0.31163095037379174,-1.6610739954926284,-1.146298310972878,-0.6514750652927295,-0.8633712184376358,-0.381238129623893,0.2955914885860677,0.1965030826400556,1.0892713717276374,-1.4162124417462933,0.32094809962388,-0.9495972674323439,-0.269852604262847,1.023208898755092,-0.6102882002445916,0.2647185490909327,0.055700958057678523,1.999500821231439,-1.0910449489007557,0.16748635625847527,-1.1121738080163865,-0.269952535148045,-0.2016662987431384,0.4433955799943895,-1.0878010442447508,1.2629564893662646,0.38991045929853413,0.42052175183009666,-1.130285379754026,1.462557246320174,-0.2961144859312648,0.48348470011370603,0.727663305748887,-0.5096994915625165,1.1879766683932358,-0.213850878855163,1.4169387270579101,1.89547917301517,0.9824263790308815,-0.4103262439833308,-0.6087315940538144,0.7242188250420885,1
-0.24298774256675465,-0.9861082167676294,-0.22819714740954347,-0.9153880214024301,-0.681126310940864,-1.277614549608105,-0.6043061094811809,1.0803778027827071,-1.1183367888650757,-0.5819881324542688,2.136757355130916,-1.3305587781477983,-0.8696564399913085,-1.3692187488868393,0.5948057531481793,0.6427443287287781,-0.2222313998284276,-1.268775337391371,1.0182952447250546,0.366266508036687,-1.0421498484527658,-1.9555919512376119,-0.1684829231531585,1.8073071781366001,-1.9745519521308013,-0.12684244727528246,-0.37947948723922337,0.2457796849140662,0.5718918189417364,-3.20356889555212,-0.35887973526570793,-0.8301140202505772,0.02163904566991808,-0.666603991717467,-0.5506378648530473,-0.3556907457099991,0.6735582141417322,0.12267358946869826,-0.1103882470390653,0.8151363593572426,-1.343510715493577,1.7869520043347074,1.7306290404962812,0.3751099836415914,-0.2980994525841243,0.13683399052103015,0.9651804204455504,0.15764876323305885,-0.4946697572204259,0.37952619519463554,-0.381730962140669,0.18542090380415227,0.9181059440844307,-0.1102397028017666,-0.08297453769772524,0.7168196999495076,3.1547411120007136,-0.6138291012970346,0.20720014699475714,1.6496867342491617,-1.4682513925571605,0.7470908161669063,-0.002844244833506614,-0.7160594954657508,-0.3842301008713209,-0.09995242038321711,0.3444083638553655,-0.6604388910959407,0.33488226974282637,-1.1174359470419541,-0.4980004641883046,1
-0.8924764717320413,-0.007364763188007997,-0.5073669580875078,1.7297126347534408,-0.3074827878239997,-0.41741366934650126,-0.35337270096086804,-1.7499261856180262,0.8304202844863966,0.14188713477851925,-0.21063903406996842,0.7888928887904857,-0.06205890821267483,0.9626627363000682,0.8878026198477459,0.1185466207468775,-0.40428347744249954,0.16309264163603698,-1.4630546252291563,0.9377361283876456,-1.0110373266663777,-0.14419260497186467,0.390352978210554,-1.3520465660379724,-1.115995900181873,-2.2449935864320416,0.8890715171531368,0.6696227012939726,-0.4988184160162548,0.14575153483046727,1.3652181674177755,1.3959929219431377,0.7653599493631049,-0.044795900143606744,1.1543333470572816,1.7452214322884987,-1.1007114369473079,0.72971237613103,0.5508673039491417,-1.468998604083035,0.5050032128656815,0.23282673210686525,-0.1030651635836814,-0.5453452690362341,0.18260844998838088,0.5884537237411767,0.35397555726579133,-0.26235369082435284,-0.8585254651432879,-0.5558258443038137,-0.24317147503575465,-1.938125945991393,0.3632184426599962,-0.23209592097185816,1.4446550064819925,0.8997776890592515,-0.02087154087773162,0.9297913198781325,-0.2680270083913413,-0.6255212107717808,0.46320369053433263,-0.0754309056260127,0.5061482801706985,0.5164186073612389,-0.5001068114608828,-0.9536293500133598,0.41211216311592314,-0.18875806273385454,-0.519093357327485,-1.8916785728621637,-0.09090235894511371,1
-0.4491266062991251,-2.021030838150115,-0.6933415262880621,0.3897319598402773,-1.7019743152068496,-0.831714822224191,0.36753269795969795,0.8243546471970675,1.0661542935556148,1.9639044767053446,1.6967327554115015,0.7133604563781121,-0.13733701117620045,-2.0819746112080906,1.9003585579975404,-0.6111515644325074,-0.21144462470399739,-2.5329024299184555,0.09579935724551933,-1.1260801442985535,-0.20021471852720327,0.563285399703228,-0.2654816437496914,-0.3719804510193023,-0.8774839617357341,0.11344775333462795,0.6667796390998217,0.41910289005504703,-0.5876053028552497,0.9354750216134735,0.3538347348835794,-0.9102836671854393,1.714018754934398,-0.30229721295089074,0.2765253982221332,1.4138388676809936,0.07105987673867861,0.7852850502187417,1.0678665952231343,-0.07637951128165436,1.0702635665160474,-1.1128365754699738,0.07252425878183245,0.9375191584846088,0.5221957994276059,-0.6339807722168506,0.2878594131996845,-0.45471889770480395,0.8390387080969102,-2.183785201644019,-0.2940552843122897,-0.7941135914052946,-1.011311596188262,-0.28381522020861655,-1.119357320941792,1.9579290708041333,0.1830781181896177,-0.2792911973760511,-2.0096151731949203,0.06728684269534796,-2.0335388127450407,-0.794939467082992,-0.029154292361856772,0.44558460524748406,-0.15857279776874836,-1.0486862008240398,-1.8871486390235488,-0.07345489798265158,-1.0019460819368833,1.312011740616401,0.8889835929112946,1
-0.3278893933309947,-0.8171462092193913,-0.7203593736148437,-0.695398231157106,0.41476637398717653,1.5704080426589686,-0.36726021760042366,-0.511303452050628,0.9090540503319424,-1.1060294335818794,0.24361894811780188,-0.3619070025024584,-0.20409806046873777,0.7286185993309688,-0.6600694158370919,-0.5861664097447752,-0.34807362309773615,0.013995753417288813,0.8410081776954893,-0.04692183307642279,-0.5600934220281569,0.8503844658084105,2.0683585521413757,-0.8097099059040944,-0.18320826926726708,1.4671254352191152,-1.1829683089099272,-0.07758002007330585,0.9224466394421439,0.48907165027271915,-0.33579383449950356,0.2607907688032338,-0.2942612657480985,-0.20329571485645526,-0.6079722929241117,0.6529653239756713,0.27094810128436386,0.39089303667485736,-0.18796142871670837,0.369345094889164,-0.884224022808529,1.4299800582356434,-1.6118887430694078,0.44155548080984597,0.4256048040663495,0.5034373739202392,-2.3362104633988583,-0.6896449547737703,1.4409203855683677,1.4653190423455116,2.0024501767444587,-0.5289974566037491,0.9906260034362028,-1.0080384077373459,0.36883127851800857,-0.21369899707129233,-0.07010688774761534,0.13117343041517915,1.9969071471662738,-0.5885301289365445,0.6853963206848834,0.5418448495214554,-0.7858668947596739,1.197578276180489,-0.38442512572431803,0.4501422579273557,-0.8516765049817943,-1.6207843203812744,1.1952670884163747,-1.0098105782920126,-0.14961123167812845,0
1.887850168891032,0.08841830984975635,-0.5059062852100028,-1.439986696314015,-1.216855767023054,-0.6213777204390977,-0.03709064707260968,-0.25833807638159834,-1.3528886095682016,-0.6233443872919563,2.5222233821889297,0.16724009717836946,-0.29459786433215246,1.3419601017786933,-1.0763850187558925,0.38962529170584453,1.9976888166053963,1.685776744595359,0.48577079641631676,-1.7794375856584057,0.8370790610310503,-2.2047693581800343,-0.09450255614803012,-0.4325420528677574,0.006129829175356776,-1.6673268186656274,-0.196099370652962,-0.4318478632618776,-2.05951157888352,-0.8878965984306636,0.9199898005744591,0.7830995057327957,-0.9303501606081281,0.41396775516567536,0.5121100701892447,0.28566629054552467,0.6447156377841438,0.2252863139453696,-0.1957202796317386,2.912620987583668,0.9563942708654664,1.6208154436172222,-0.5489135677291348,0.9494909325281724,-0.4446592558493336,0.04402404490831086,-0.9246149881415295,-1.0948532320185231,0.2592820372752532,1.339717163700021,0.770999832031045,0.5768705132483709,1.0237838914770552,-0.39831793947982813,0.5956128794816337,0.9733606015765803,0.46485025501844485,1.2394324185988481,-1.701486039160369,-2.496771382376727,0.39228957251934354,-0.8716774347198395,0.07341456725089568,0.7341636618190899,-1.7544668266297847,-0.4688680529597879,1.6400603247842163,-1.0422564509314265,0.29017497161509764,-1.2747657273679411,-0.1323473519817352,1
-0.9046191521241931,0.4146143691882918,-0.3307573883304107,1.1541314719696085,-0.0966047456282803,-0.7553362513633289,1.614933068838701,-0.22112143123238645,0.4576487986361758,-0.19451540806706785,0.4774008665904312,1.3826496630090883,0.5753341823622993,0.04104626599432453,0.38703999945705425,0.8354235502742785,-0.5531867437361639,-0.06290246155283492,-0.4137717434049482,-0.012709033587685069,0.836195867825913,-0.6362899469684079,0.09579028060613202,0.3270581019609961,-0.7032133321565971,-0.16483329569692776,-0.6714247193349404,0.813761452936729,-0.09727841770346872,-0.8330537462836085,-0.10598824549717224,-0.5035700349610549,-0.6502234459046486,1.4175884896510056,-0.2558558839365357,0.12786701667457323,0.5678167099027437,-0.47907087552015615,-1.622609247699767,0.35063057755339255,-0.27140446385439027,1.7979494389255632,0.12243738237780907,-0.4212759650616094,0.5696754505398979,0.8245418023213502,-0.5793510122836495,-0.351072168598383,1.3920255702953934,-0.9971356808161104,-0.4928989566469553,1.2161366828661195,1.1974381529611982,-0.5211129281279663,0.9876259683451359,0.2770779222908085,0.4643622370669757,0.4319169618743739,0.001432437683539086,0.4588704940687961,-1.9043872559793134,0.32611190677538915,-0.25985791063896246,0.7447892397769866,-1.337609979348912,-0.30667531282546895,-0.11072855683603128,-0.28780670511056733,-1.163291440886158,-0.8599485456841104,-0.3175711140827373,1
-1.291209547037045,-0.31301242778580635,-1.5620597692632763,0.059166345311005314,0.7981393025837242,1.4069277882565625,-0.18908378694535724,-0.23292249466242163,1.4459986638707878,-0.2584339121270179,2.32458287171969,-0.34531212201221634,2.1685076944083286,2.1958114818223695,0.25141736714680885,-0.2736480366760557,0.8297933317268307,-1.213220239808586,1.2294042446330191,1.9707725440266513,-0.9748587780357174,1.094185757564798,-0.041325953847974405,0.0794097710418621,0.05711520392569629,-0.7136835209933482,-0.17994240851180626,0.04828728877925465,0.3457233597770072,-1.2830605935869972,-1.0287633140089152,1.0018497095959455,-0.20110943286493957,-0.7096922092703164,0.5966138417081047,-1.0818468223352973,-0.6253351946491038,0.12563613545299518,-0.22905332526246722,-1.2219685226606218,-2.1352616448682338,-0.5678913673854664,0.8965987031602536,0.5439980080318999,1.7754638099342455,-0.4289143779280808,-0.7083393878808775,2.0953312148408827,0.6890070412554521,0.39547732444124434,-0.7750990072761058,1.4825350845609948,-1.1715609976711572,-0.510827814394003,1.133273087432011,1.7435342741718054,-1.1446150023944157,-0.393506930287565,-0.44554065981750424,-1.2469591998548675,2.5291355410452576,-1.0595596193047037,-2.1014464345114234,-0.3495061890468135,0.6164788194765662,1.8832704619847025,1.407163829491944,1.3315818316415011,0.6388414337410112,0.27830112070880914,-0.758117397609566,0
-0.5207623016142217,0.5906037285548832,1.959183394009169,-0.057715334587518145,-0.0793426407261964,-1.1861789097548163,0.8401728819200945,-0.5949495903630074,-1.353205044600445,-0.30559327969108535,-2.3279592128365887,1.162458853434781,1.181158535515688,0.2890384934336605,1.5945912289075135,0.96543671694468,-0.6622845826747316,-0.44811271819330106,1.859476119041068,-1.8941753646507764,0.08071847352128335,1.257989916899055,0.14773241628317346,1.084478406372111,-0.6669597984356382,0.326979690944191,1.771671691320445,0.37567822193607037,1.2119758252099118,0.8529261559018516,-0.6127717413037032,-0.6906164885608719,-0.17423322124045074,-0.7735925860457241,-0.3754231411552331,-0.4544621950088389,0.32870308357374206,0.03369962275160607,-1.0468757522228838,0.5558514163084868,-0.5356946848234798,0.18920815238707844,-1.0718147663607105,-2.9415444767852046,0.38978190356676734,1.7622367580577212,0.9313013510584998,-0.7989893114263219,1.471890352680705,0.26214495321246645,-1.055994219707035,0.24413295345924418,0.5745624887539105,1.0286809286694372,1.6173136785835833,-0.5253624593672072,0.18749603520211885,0.8250652060396652,1.2315152259844047,1.1310987019569732,-0.27320635812627253,0.07025677253548676,-0.011462526638910798,0.3865217112454817,-0.03396085964640302,0.39543200367874753,-1.458994084540622,0.5762927502493639,-0.3931544575896901,-1.0053400887875341,0.1286904128391426,1
-1.0547859732329747,0.020240378384070067,-0.6175434910417327,0.27538521416129036,-0.7094106882353378,-0.08331100990762842,1.5122388506726157,-0.22181453487334285,0.539925513340246,-0.05193714293408731,0.2750304368026315,1.480598797882376,0.853642427521592,0.0526101196104545,0.026391094754078272,0.5021580421572227,-0.36598814098937316,0.5215377018462122,0.5972999586255054,-1.579535680750952,-0.999203084239621,-0.6555565279735084,0.10858106222096285,1.2514419549299645,1.5599417591147295,-1.2709017796985018,-0.7019314833384904,-0.9331304591019555,0.5049452503226721,0.24730498789283073,1.264532654706574,-0.3717844890630337,-2.397684968894159,0.015938613379597164,-0.4021685999723864,-0.2537609224084496,0.37148966150549967,1.4626721898831039,-1.2296515305177167,-0.3351602015583657,0.26372880925588515,-0.9992582397981503,0.7693195641773629,-0.7157665216590932,-0.3880469211595401,1.0372806921208864,1.8862610519828102,-1.9442138294315294,-1.0721532977693717,-0.15214978755523245,0.4481105894612764,-1.6146744916859472,1.191181822127878,-0.4402342988800415,0.412825608533585,-0.04019185017226004,-0.05853822912641233,1.4474009243409727,0.11675820860001976,-0.6484241664517659,0.020725158592371448,0.1080176633934521,-0.6663800337638537,0.315696626065199,0.7949494010590954,-0.20146265001776237,-0.2748348509380554,0.09507706791633928,-0.2385612536519036,0.9928128379316942,-0.7427821822214787,1
-1.278710353523063,1.6037511058057032,-1.527932924665399,-0.015428245997939407,0.13876790422845853,-0.21461867406905433,0.7428066898259794,0.3802577601041687,0.12909858530944646,-0.3113938873454005,-0.015088824694718546,-0.10371653555119296,0.28501221158543943,-0.13538515131094475,-0.2899298581076034,-0.28636027656912577,0.06298729454522148,0.9677270798067386,-0.39376462251561606,0.6310269639321949,-0.8137761162842577,0.12065099201206407,0.39697602069829135,-0.6523868572503201,0.6753535186609599,-1.1603417539981837,-0.09335380022772209,-1.382595971259544,0.9325669175490188,-1.9189298998033992,-0.1891078670639406,-0.3090032533803789,0.2908797350190232,0.12645912450856323,-0.19836556862071344,-0.3705725036670959,-0.04052209942943965,0.480520792656451,0.19129287498067632,-0.768311831452111,-0.0361428538735032,0.1728717855739761,-0.5536513026635634,-1.627468219750328,-1.1717975169451387,0.40045443603674735,0.06290986319889515,0.9197473484303854,-0.11802718906617977,-0.20846521094806045,0.6339720117732047,-0.632818998199397,1.0508760982560177,-1.2424795940141549,0.6848902943736352,-0.25147008889410816,0.00257827948101842,-0.3280577965513431,-0.07539150545658953,-0.30144754858606415,-0.4991252021257732,0.21902704564673306,0.8880736951134371,1.2942239501836146,0.08810492023698718,-0.5723198309486742,-0.8354682570051307,0.6840691197322099,0.372769741338491,0.8701669247106054,0.14857943879386643,0
0.23361554968995277,-0.09274011613017828,0.3271512616674529,-2.130656565335923,-1.4357146824430733,-0.7324961531492113,0.07607079849394596,-1.7168587069579189,-0.7212775507118812,0.18628936879680125,-0.7210530720274141,-0.22580098158054804,0.9492640613984129,-1.1283149076274084,-0.06527312766689573,-0.7328730634763159,0.1003055162941967,0.9655415919637201,-0.13749132423132557,-3.8027345374736257,-0.08809187682846238,2.1934926292354455,-1.113263330610362,1.3778096873966121,0.2600416589686919,-2.8711856744034034,1.257956386433357,0.41222630378453184,0.12260484503460978,-0.9869684807095745,-1.2591252590263324,0.04812210816378718,-1.4493041470155072,-0.580118695146332,-2.359823598581362,-0.08517064742575634,-0.7818816191146125,-0.39843724178532425,-0.14873142868328326,1.105081873943878,-0.18448004022185674,0.38586539321717384,-1.2632155974205244,-0.3679723258430796,0.6472788236937896,-2.0668748070200493,-0.7795181377381964,-0.8503273874130686,-0.3223019408345631,1.5040160106788754,0.03731087093364827,0.6467713838577366,0.4342072180974544,-0.22632124252275757,1.0596221817017177,-0.673153527903354,-0.1922022002031503,1.4084089975493546,0.34256550004538705,-1.4925627413363056,1.1322510720127912,-1.1368409887246014,0.524748934449848,-1.2118009701839196,0.4347001150118544,-0.23343320478429147,-0.44591721355900654,2.452912033612077,0.6557647335059134,0.07319171821601354,1.0460762749942498,1
-0.7102623897191371,0.6749270074016664,0.6440660194495548,1.2494412418243825,0.6050803358544848,1.6157565389492132,1.047755772660017,-0.3941733945360892,0.5607621822613772,0.6021339396520516,-0.7471861301459903,-1.8958102211263403,0.7149572278265622,0.4730822673291241,0.33395799917916086,0.8821898500459675,0.09201639161487092,0.41126257511793324,-0.47484779074662503,0.8677549116080195,0.2235837599352889,0.12061313651907764,0.3706195131087253,0.0639857887661664,-2.064063909631185,-0.383945172018464,0.8752964699889496,0.5475046005576263,0.6418188644566564,-0.9066107030948849,-1.0572455658270046,1.0424220666389126,0.18843336544878136,0.954821891228473,0.22887504640185388,-2.4362704308831598,0.12891536621724123,0.44546520882258683,-1.0026372160025592,-1.5757601682537998,-1.7263759779798569,-0.13936310842455507,-0.17462390126063895,0.6067592380686838,0.4563642268602778,0.47491052085440183,0.38544927443305743,0.5575564728192629,0.7002948691628527,-0.7036389364696309,-1.8371078793237081,1.620028832208162,-1.6059163691558,2.0791961568621926,-1.1650430869223805,0.7096938218453187,0.014448867365983413,0.08182514637650806,-0.7466426045602371,1.144188899679164,-1.4224633790003922,0.0197643982031957,0.03809292365165328,-0.4963741132200216,-0.691971704652629,0.4100703591777168,0.9305201125283292,1.5131479360075049,0.9322112017099489,1.0213118479186825,-0.47015669408520594,0
-0.8779941144529296,-1.907664863089437,1.2082951322656392,-0.5260988376453033,-0.12647344863045448,-1.0726783177293506,-1.661825458793163,0.8073857484744863,-0.6214882910735416,-0.7211564514607677,0.6002001308509877,0.26037730935040143,-0.26414111426293585,0.8998478985379199,-0.19635703988822137,-2.6764476965962998,-2.9607588551560124,1.688282618446013,-0.30602818205156557,-0.08569739829258441,1.955934310140824,-1.0501773816866116,0.5310089422222191,1.394625921224684,0.4063028512465853,0.5323463815103404,0.6627532884737047,-0.49957937495524096,-1.033264190186974,-0.037087879608176055,0.33687377714197797,-1.4486612290544005,1.5543079969415572,1.0454415385596603,-0.687920853257035,-1.105807910820526,1.6393084257978496,-0.5502456218253806,-0.6087408817161167,0.5525184975928321,-1.0727904860308062,-1.09906559186275,-0.7652611856186928,1.7861618241596162,0.5283249784777764,-1.0473703750731813,-2.166990913093113,-0.6309018996092629,-0.7754821480668197,-0.75963710250427,-0.3236024807327693,2.409469858560459,0.18789383330635015,0.4058614807892552,0.8182867150135391,0.6366006285001008,-0.3570488228095233,0.0973107193277402,-1.0250749536902983,1.411729698299781,-0.9991378083109228,0.46102978316486104,-0.07665817379462225,0.5579670213651354,-0.7273893553055972,0.035216648565901405,-0.2503987657581112,-1.0252115459933997,-0.21165820812519417,0.5952548424454664,-0.5079903795606469,0
0.7187885588794026,0.02523803373669996,-1.4321370365529136,-1.858181576082018,-0.8283491172984677,-0.12758935040788547,0.4517769892167212,-0.32968268910770837,0.699575258377174,-0.9738011568650841,-0.546062651083403,-0.8377353158089924,0.014610113996610337,1.1567032125229626,-1.5164599299021755,0.26001904771659473,0.12284799539985532,1.0093294670385773,0.92921351037029,0.09675642943183646,-1.5429733958327327,0.13133724683761624,0.5642625680869939,0.7066514392440595,0.03598803541191119,-0.3695633854909832,-1.4579490129440573,-0.09175542267421294,0.16804395606967915,0.925411192037619,-1.3591609767321082,-0.7308631826965942,1.0041030670906346,0.4644387740753286,0.8569091145633828,-0.2354146488059591,0.12832833232859123,-1.2286326047099025,-1.261292783141788,-0.6270940283567593,-0.14531494923401267,-0.3264330983933516,-0.8633486224761207,0.36590605230587164,1.524838378365015,-1.4677814438310424,-1.3131772454202704,-0.21459112841887132,-0.40393107390457234,1.0369384033189388,0.38684979562988836,-1.1126238017642753,0.9549334019577169,-0.6648769559261111,1.4862761061140142,-0.20471416578601376,0.8850097449968407,-0.46570814799995786,0.846138010006016,0.6145430774051618,2.2537435472918617,0.30388274335427,-0.508295926911475,1.366877184012526,-2.1107620100872415,-0.6793068541251502,0.13270102025711078,0.6143918524097194,0.2121801560291569,-1.0254906346145698,0.19327229739847265,0
1.8544345984132207,0.24693166100833217,0.8038020142388155,0.04195020583036606,-0.6929361509140378,-0.13264192968623312,0.5155753966913877,-1.1866806357717117,0.651798048606794,0.49441868145328244,-0.3520573757593445,-0.6318653999804119,-0.772561105360758,-0.7767837527157507,0.9020670095463248,0.7770467396067512,-1.0432557680779313,-0.68635430548467,-0.4756423656169149,-0.29714419727141356,-0.6374103795212935,-0.9122041918366212,-0.14447260711230672,-0.15539736572065682,-0.9165600853897207,1.2427526873027614,-1.6375965202102,0.31948179427674905,0.3225428908024278,1.7478048246802562,-0.2472829847578661,0.6897448007018429,-0.6544555951369448,0.27706460091338486,1.1488379145956844,-0.4006019468946717,0.04469083761464789,0.37019352892944196,0.0490315795378205,0.3697715290856134,-0.013591913979359207,-0.1591060557996742,1.1031841808013676,1.1497256695811848,0.4698236956031767,0.05443985371452839,-0.3826446271458393,-0.9993827316947708,-0.8046843563854329,-0.6377412983662987,-0.09224852235811136,0.37262873994794093,-0.0796898567637476,0.8266155184711664,-1.1951928760613504,-1.5338377719180338,0.20045139812134077,-0.25541187702262924,0.12940333683595376,-1.1373185284381213,-0.33251725157100204,-1.1884054427755726,0.030067052473324685,0.12624668439785594,-0.12182124808556752,-1.0066400845410504,-0.00594562157750868,0.2924155060338194,-1.2051276951046697,1.2714806944396235,0.5956794378326077,0
-0.30364699720839555,0.45617029925111297,-1.329815793721802,0.5330607439202721,1.3910487063691448,0.3218393293655785,0.7132817973163272,-0.005263653434671149,0.09364860859228825,0.2169393104585246,0.08232281398639754,1.4615204776161326,1.5233472128738101,-0.07029854823686317,-1.2055949460224449,0.26137296909487123,1.2455429165737184,-1.8094468082657131,0.44161720063347937,0.1288954277028843,-1.4945090979511715,2.2821226983455354,-1.1219584061302308,-1.1896235161456237,-0.21664881001472985,1.0904781704560864,-1.4236920485388622,-0.14247293306318132,0.1930927895317538,0.34703124311459466,0.9646305650639045,-0.06651203726022434,0.2720659916605099,-0.3959343728793779,1.8261891082832606,-0.5484711273230001,-1.2739693825256149,0.8432109589012996,-0.8819105943384383,-0.5585544808745472,-0.3719338756847831,0.9406297034392749,1.6032512296387567,0.9835006013686046,-0.25642216336079104,-0.34074558842221486,-0.15864502752851214,0.9139977273943016,0.09844902985698581,1.845197566538358,-2.1442357325577897,0.3910057095627445,1.944795463111675,-0.7329617513000122,0.5550670549530085,1.605884167436782,0.1837391571870984,-1.0425945666426366,-0.044747440960104835,-0.5784423110535111,-0.18163106574049992,-0.9383045537798808,-1.1785027958050498,-0.2617466876980063,0.9538693753702732,0.9411930265014239,-0.950437092006743,-0.6005113099466938,1.8029711864370357,-0.9544143915533023,-0.06982181437040673,0
-1.1454843003327868,-0.7485346515865837,1.1180953304750434,0.06843755561034419,-0.9595497395432977,-2.4728756566114285,-1.1278850114274195,1.645505096463748,0.02016469971964666,-0.9660858615438598,-0.4008283423625512,2.5824846416105087,-0.827476895795105,1.5329390501222016,0.3116137490481444,-0.32280543999008127,-0.18988940740949226,2.6414742521494254,0.3182042482330602,-0.554855279708142,0.13833208116861928,1.6870698930392576,-1.5320522703935302,0.2961630521078434,0.0894323787719613,-0.6170096057587894,0.6137424209610692,-0.24831287057720058,-0.18905513591664533,1.7304566442852616,1.1240994317575612,-0.7361318349433355,-1.3342730878918043,-0.16586416307143498,-0.7755639430595463,1.9320508787207082,1.3637205449143095,-0.9916229451417623,-0.5699197516162324,0.2707981788287749,0.028524807067611454,1.0412575596840206,0.8180607683935862,-2.5353951347978674,-0.3944153733959308,-1.2291227946049552,-0.7948180686977333,-0.5576988417653018,0.29763523286613863,0.14423586662443816,-0.6217167746287231,-0.7019282188479458,1.0784999972558458,0.4668862977978774,0.39770317314708326,0.08352087917162869,-0.8251930096332791,1.545496073414356,1.28988194830329,0.544573774950578,0.6583841028873164,0.04990384098360027,0.42923400040845683,-0.7657258100271567,-0.3049876568994142,1.5443784793727446,0.472169354067949,-1.4943066349480176,0.45230615804025903,-1.44930305007068,1.3130193444292673,1
-0.026027977338157912,1.3094989426466757,1.1305698547932073,0.8328256154303639,1.4126483994614911,0.4676518838070224,-0.34757165299088516,-0.5960250696888592,-0.6705737179007405,1.0596971088903275,0.07332899852221668,-0.20787710033944964,0.5421729168983811,0.9096552907506158,0.8480255494209884,0.44502249108202424,1.2479280624837603,0.2182764827362153,-0.3527326300215796,0.7660695064450462,1.6689099170875514,0.23917009644625106,1.5661675708800313,-0.6251730902229887,-0.4480480661748692,0.3194047010445585,0.5196435377758609,1.539588660496097,0.4471419679915935,0.12982578360352218,-0.5022301722680175,1.694313997990911,-0.5594607815073709,-1.5168025934249743,-0.06303216766524047,-1.1654930028387682,-1.0097980121608465,-0.5986183110171807,0.8901597632007937,-0.06551088927701013,0.318598219292759,0.1266925764226141,-0.42622112066893064,-0.002764221145823556,-0.026473221796877677,1.1399701465926586,0.15991532131120773,0.03620803225483148,-0.09662433961037731,0.6488739791368481,0.30102645034023334,0.6848721409703687,-0.08571025392112881,0.8570455228892965,-0.11350300482600444,1.9841589282120065,-0.5325866516608482,0.3883882878277124,0.7536797015760403,0.5539071453113568,0.5166322700238173,-0.5022553559795593,-0.18959688738056346,-0.654523319923646,0.6588616387670251,-0.943291841399823,0.9844395473503653,0.32413612384481627,0.16777178835760626,0.27924156247515597,0.7807494409222245,0
-1.111613672809617,-0.2769014371421578,-0.7232325419845825,1.518485664062068,-0.014683018400586693,-2.306966647439734,1.703043087028689,-0.11673739791164928,-0.31508459398419486,-1.673210597170789,-0.550414497403529,1.245370508434972,-0.06829949329696719,0.2503796577962006,-0.08276649166319533,1.0079322705043794,0.5350972074392627,1.7105012760371392,1.180997163112963,-0.03751352421555821,0.25996429402174165,0.029493958330119103,1.184662464515124,0.37527796220505666,1.1181882096810636,0.3553672391266463,0.0074099090174243555,-0.5222392729058127,-0.9008438968156638,-1.5903282728590993,0.33591157293060453,-1.4159820635762153,0.08011432119530197,1.7237174025470583,-0.2959736469496299,-1.581898587837391,0.20473646972398138,-0.6429030065064647,-1.2165818775770554,0.6907324541370243,-0.34704367537629294,1.0868643615021722,2.771854706717044,-0.5569195524109102,-0.1382540344199513,-1.1389694723286525,0.8011249111811327,0.1930198066591309,0.001988677042302255,-1.1842442034029297,-0.4151348145326028,0.573534169621867,0.5104429344402015,0.028840776026274943,0.9980206080292665,0.9212864816704592,0.26380341571747157,-0.19403227039686796,-0.5227607727755571,-0.7210560199325389,0.6080790758388841,0.4382498428293435,0.6676013350811616,1.748492928208823,-1.1457628399966862,1.1194997240332525,-0.38759463664123384,0.08068148257233632,-1.0505513804259157,-0.823067868432221,0.7676883695633775,1
0.20390812137970116,0.2551348258880789,0.8872766041570028,-0.17836207831470174,0.22390063183386547,-0.6903495307054751,0.5067900549852185,1.1595374407039725,-0.6820415178809408,0.1672263666113832,0.409804056729747,0.0925424347052029,0.2507743049092099,-0.10217552968073328,0.48537044862012896,0.4084862524267884,-0.7613582517749246,-0.11298364809093724,0.6350118285598317,0.925251905213535,1.5890040319450183,1.0359624517280976,-0.10820327858342253,-0.7389191257524451,0.7793962306833918,0.34045391227713223,-0.01644978105813206,-0.22623007693554079,-1.452135656240718,1.3922811485153046,-1.180051109642201,-1.7729943319157284,1.0167073510563454,-1.2373921276752504,-0.13827293813014307,-2.0093116056624143,-0.00885852181022423,0.8432359464391833,0.41978666919644586,-0.09324950122835232,0.962608086247395,-0.3181164877633415,-0.7314002195373167,0.5120452594576805,1.0955930411797512,-1.2403678034504226,-1.0179427390498066,1.2942371080545672,-0.23908125098865154,-1.286350152153429,-0.5475915917793454,1.382892510490042,-1.1972549792145846,-0.02422984604474131,-0.2521533838247418,0.010371233598632262,-0.5461421918388373,0.35423513291563363,-1.1310532442700825,0.9936443311853569,1.7334264947487608,-0.8496188276877091,0.3911910178466291,0.20191966351827478,-1.3698662333428924,-0.22857888675286214,-0.20644827001973293,0.14956130268100545,-0.2035222388272647,-0.9612458752071047,-0.4377286135985368,1
-2.5053061830404744,-0.5079903211426814,-0.6666571158999505,1.4408112734295697,-0.5658666228384938,-0.717951438466177,0.42945275262250754,0.22348097119126148,0.3625814272616209,-0.44505769931222305,0.31846482532471615,1.1999493302303448,-0.5361936865180221,-0.3183693672761371,-0.08974138727177745,0.15643212761722627,-0.953555538884882,-0.21987218966517577,0.15873006258114863,-0.28438615422916497,0.22553531881401473,2.6982166827162617,1.1774077335017163,-1.0555393799876198,-1.1642092542277305,2.199026477447452,0.1346988982615156,-0.7853472990322372,0.4266940620587687,-0.30783092467153583,-0.2355468356578492,-2.0729140998414466,-0.26338078473390547,1.4601218365747497,0.04670870161969665,1.0667826536158709,0.16215806573933025,1.9016102888612012,1.552277407366019,0.32152725417201095,0.14396066851073983,-0.9480904963784411,-0.1541064403225395,0.8479157250894193,-1.546760524477776,-0.7947880642042932,-0.5800745596819552,-1.3865486458522878,1.6951571991642254,-2.111094470721983,0.4323556450384514,-0.8413932068817316,0.6113984299962586,-1.2578848928171096,1.0862625184739167,1.9467810449097966,-3.388752647051527,0.12317253974936335,-1.0351043860563944,-1.1208521246460235,0.24728115510785945,0.8850888612919113,0.7906027979297436,0.3071159297803679,1.9783981618804878,1.5673222424849662,-1.202863104865331,-0.5587112386747425,0.5479234032338036,2.755836983962969,1.0885765758339316,1
0.6896421625221022,0.4033591730562852,-1.4932718197927104,0.1642969013147964,0.21609028297755192,0.1480076834760014,0.749841568849089,0.18764528160865593,-0.6351431487236169,1.03370206094627,-1.4118882316685961,0.26747821411272493,1.400795210829526,0.1895690957889508,-0.6438903013689575,0.5298578149087997,2.354914678222005,-1.3055254273102428,-2.038682466473813,-2.16638866809272,-0.6175090128080083,-0.5325371269270259,0.6049082017260758,0.8444062190178426,-0.2767339328602701,-0.28916966778454234,-1.281079926401087,-0.4106124556560663,-0.27698071519345324,-0.10820317913623029,-0.34135415705591704,-0.8507084679074403,1.1200955631635685,-1.4340715560254746,-0.1431020050143907,-0.9442465805409241,1.1281362903632224,0.7782764266268355,-1.3707533192574388,-0.6155109933967189,0.017180165652013298,-1.7750946833989445,0.756208675315092,0.45094058115011976,-1.6740879679404697,-0.9378803619199135,0.5783196128021231,1.3549188703526855,0.18840360031261216,-0.7135616312729264,0.5176147131217289,-0.3421972426558263,1.5845177628191136,0.23235238279769738,0.25016239731867257,-0.05856812456902026,0.9946932818598205,1.0558264790731,-1.2025655341546633,0.0993437211363848,0.8850363324609518,0.3616493341618671,-1.1426236301654076,1.2173796338524703,-0.09920042658315789,-0.5150281732721202,-0.5376279260033102,0.3415082552435181,1.1352499353832088,-0.7942187549286231,-0.627822032997396,0
-0.6396544713956541,0.15005686377191094,0.5645636183664562,-1.738741127815111,-0.4164366552144277,-1.4971516346904414,-0.6119419987252531,1.3473624736006085,-0.09349687846607883,1.3396507238533857,0.6754652749642317,0.7424956577650427,-1.4402760066566789,-1.215986478943512,1.9512589201627877,-1.6736873367322522,-0.5760232684076553,0.3191923991593331,0.9839162109516342,2.0802390343018313,-0.3961638321641489,-1.3964493573709427,0.6346543937159176,-1.100599838899416,0.17305999456462717,0.9102866417658461,0.40888565184303627,0.9395824916028737,1.2958963318993622,0.7886818193961788,-1.425947468434491,-0.06601171374302872,0.4851406509738681,-1.0279905322750713,-0.3202799922822523,1.916421245086655,-0.40752363165862654,-0.2620912574796778,1.8498284236177267,2.181049543821293,-0.9141893674377465,-1.72044769169987,-0.36647911398908656,0.27982943511305025,1.5932646129986983,1.424513117983958,-1.64905192538623,-1.4063894489591964,0.9240726370234574,-0.18191104010527112,1.6050563231922583,1.8003570639401982,-0.14984532451403781,-1.149958244282971,-0.11626143870239351,-0.28659307682396423,-3.113528322438262,-0.28910983045478944,0.11774779182017471,-1.1653873076193695,-0.47346835243425744,-0.35611655115079693,-0.7465530687768923,-1.0274245601005754,-0.21466907755159367,1.5453668311170135,-1.7110111813006348,-0.6617094076776349,-0.7205665104277063,-0.48509802982373373,0.8007649902238697,0
0.7920547888718296,1.452791823926397,-1.985419894638599,-0.37578624704164665,-0.08528015419155421,-0.4039841058367131,-0.47900251131023724,-0.18634841584433903,-0.13421288034866916,1.2890176315160913,-0.9320149519844806,1.7041143360167874,-1.551376718816967,-0.3486996155184749,-0.7659122074098655,-0.11866122038828207,-0.10876914575893673,0.7320848582621087,0.24003435981092197,-1.4811325636471608,-0.5312614228040509,0.6631701785235101,-1.2094937543775381,1.4281894296843212,0.6735877570298758,0.950790525234872,-1.9736374641535657,0.6284812153266346,0.1925700083140414,2.1129313582524523,0.3782371794644332,0.3450163715849821,1.144903030217686,1.1171458429146972,-0.03144811728508822,-1.1946076032569704,-0.03262607721174054,0.3296209831936119,-0.23392346288243537,-0.4863575885947084,-0.25286663526909714,0.11491564785113127,0.23667653256207724,-0.1956859950358178,0.6250638360256839,-1.048688320704865,-0.8600774627839691,0.30197884393529506,1.0690032619310426,-1.0853036610902156,0.7989855245723256,-1.1012549184557172,0.5593506699252556,-0.5687710481486516,-0.3117905118227295,1.678662811374355,0.10625634681516732,-0.8470486671478272,1.126935789066537,-0.16199031497164068,-0.5503778569945786,0.7718754518502847,0.16591817315062005,-0.22049037121616877,-0.6793117687884024,-2.4188740731458367,-0.007698374532859692,-0.056709793189270996,1.4899408102578944,1.5249030730196511,0.8657145383287334,0
0.6625581783809188,0.15588973168627313,-0.14284276427305892,0.5442822335616045,0.49743433343441523,0.4262844767843499,-0.7150883824842144,0.18969007682137487,-0.469122306560701,1.000409377528683,0.7235273796065578,0.3745271010284783,0.6392328834919069,0.6127840049202066,-0.1070191137315088,-1.8985042093382292,0.33770779584935173,-0.45063364543132206,-0.32278168140383984,0.20363743677647764,0.5651390324950737,-1.711245116174342,0.046501712890921594,1.182424539624666,-0.37537650226237446,0.14780269529066573,1.2889383298379804,-1.8464248134580976,-0.317360155011673,0.16721863788777447,1.3439121025553225,0.3580158399607773,0.08675201416721612,-1.0103074269908023,0.18546539423623962,1.594129565780578,-0.5586688520930444,-1.6809231013001207,-0.35991582648413595,0.21081215777511472,0.05475988529000126,0.06179415843677418,0.36101852803615364,0.6046369276997857,0.5011910243304636,0.10611623202673479,-0.5719615067722521,0.28498118326652855,-0.573178121849126,-0.35220886785566347,2.417762053122015,1.212455275944127,-0.023211831588351342,0.6348692502984602,0.7622758913683316,0.7740672065174451,-0.3071548891048308,-0.12195675885467055,-0.7061059491154503,0.3088956029741921,0.7415558023212544,-1.0794487808116882,-0.5236405103782449,1.0672716828539288,0.24096697815743293,-0.04225157464436233,-0.5664231214789583,0.31984278555809115,-1.0705159366533668,-2.411525747784482,-0.16505983732407528,0
-0.5422859228325844,0.4022512784861176,-0.3379779541312355,0.15665848473949687,0.5172593311683352,0.11122310174055047,-0.03590880744000767,-0.5752114854345844,2.1205230239833956,-0.5917520499160289,0.8988452033378936,0.3581105349283332,-1.2499516776253874,0.9227176266521704,1.0268207989440006,-0.7827742043953791,-0.2126751931574784,1.8595534454638545,0.7491919710383051,2.1062097273488125,0.21164908938515176,0.24436654205741293,-0.7996553140362138,1.520316191222401,0.07349388839432197,0.5610741874912594,0.4070474966877741,1.1539697294680065,0.6909652154266351,-0.15982528627320222,-0.1968193425953771,2.019041156220243,1.5169134045744306,-0.5709359373080425,0.4509559169344349,-0.8235045984858346,0.4420946569239035,-0.004080387488617423,0.26176180955990985,-0.01301574502802726,-0.17674177145052053,-0.0171084978893241,0.4949962383883629,1.6128357823803667,1.2402052682638385,-0.3841053573789485,-0.6768003100824787,0.5599840215749737,-0.31629978341481263,0.7010266078784331,0.05986864165906409,-0.09718395921688665,-1.17805993979773,0.2860334452231784,-1.9672020516595974,0.7436056460918613,-0.15810307636069829,-0.18088174103737098,0.6772425788740258,-0.47145882083936363,-0.3248249361533841,-0.4361515648325197,-0.44306205811035276,-1.3639665991512469,0.7570112346955038,0.5966707521254957,1.8996248157425077,0.02281278159921474,-0.6972264999782424,-0.6209135603133528,-0.8188646278194137,0
0.5633888743555604,2.055947616354893,-0.49012408309732547,1.4719822806884542,1.3375204907177445,-0.1195844797368449,0.8979790621217228,-1.1880006397248988,1.1297741690113963,1.432137301173203,0.1555550262818566,-0.050835642081605965,-0.5958432094555706,0.8588379155705781,-0.4982859234005471,-0.04746440811130302,-0.02738346321116705,-0.4732905954392579,0.8737529307592732,0.38840453299981664,-0.13280245346271327,-1.415970028526749,0.6248391341276109,-1.0213750659834735,-0.566725635104617,1.1920907742418918,0.5899956085127465,-0.6599056131969111,-0.12032561753670099,0.19038537476142972,1.2539866979541445,1.175069336809963,0.38600927983706473,-1.7057284824721728,1.2791537381010842,0.030669768670016192,-2.074305210281386,0.2085042593477681,0.5475231963844651,-0.435717627788891,0.03642940093847581,0.18100551129882964,1.4915382989592922,2.5023422776420055,-0.39561349678171986,0.9509611367671805,0.860517374269655,-1.0468734245980986,-1.8773431711193942,0.6490913957849005,-0.10916662701288458,1.4628207938463906,0.6708603334579855,0.9539231991586439,-0.8935591455268803,1.3449510352746885,-0.06435929313443874,-0.847416595729082,-0.3121613940062514,0.38107299411789447,-1.0474130823043273,0.4763280824021949,-0.7327608202560122,0.8413535320493402,0.6662383789805627,-0.7196312274616715,-0.3892950567649269,-0.7613764892960234,2.392012677492481,-1.792329149100989,0.3207362605332734,0
0.7615342843251415,-2.2582983384126765,-0.7909427082673122,0.21357706040791044,0.8858925175992356,-1.3910972142406142,-0.4593465299505589,-1.6292755222913682,1.191090373091902,0.6539396924566774,0.19322047644966467,-0.7419473154361109,1.7121151974022575,-0.23267210710141656,0.3840015510194171,1.1849725943669187,0.2441182467237976,0.2941791022840891,-1.328456303339429,-0.2878724554280147,1.0031495224954994,-0.8234672797007881,-1.7993249762764874,0.5895607158780805,0.8494514990203094,-1.2071657484195195,0.3720793539636258,-0.28792238845404333,-0.9485637563663492,-0.04610283105090404,2.4661879916626264,2.6518900091409874,1.5514382168235512,0.3722685333317245,-0.21330529078334387,0.5240664881248013,-1.6735300781578861,-0.8361629568551269,-0.47154435668442046,-1.2111437169833452,0.6809824838332532,-0.43209546439108426,0.22594914898083954,0.8394493872302538,0.891279998007389,1.689476215165056,1.6096407837607154,0.14441380153162559,-0.055050010019552086,0.08278710781501086,0.8428781937520413,0.5899644084768046,-1.044716541835306,0.9492548388778689,0.1508871983256054,0.42109669513792053,0.37971212562458395,-1.134577360930584,0.17674379892963824,-0.7802352612806597,1.4663487502868717,-0.6921834563451578,1.3727222176598566,0.7527687802314751,0.3976477351825887,0.7891190271408868,-0.6589601325207407,1.0042602481865817,0.18173798756790938,1.221167511023369,-1.2594956598648985,1
-0.3654961193367204,-0.15604991977436364,1.1516150133052077,-0.06871680480991542,-1.0541691323280944,-0.4966764948165909,-0.7389437128358091,0.03346136568778246,1.198808565174919,0.3511033673308491,-0.8731109789510064,-1.334222535450574,-0.9542010472970422,-0.3411385883423715,-0.5564554228422213,-2.274751502042145,-1.4599487773271922,-0.3841848993755172,-0.9972230045953338,-0.9486549049112721,2.1184532612309144,-0.08149268535279779,0.9751078248930181,-1.2050971500991403,-0.8199012134290785,0.5952928676579604,-0.47861753849130106,0.894716568611931,-0.36092416654170384,-0.39261146692843685,-0.216673197750373,-0.835797836278945,-2.049506161593319,-1.3763941861472346,-0.640668353542894,0.22743685124043042,0.07148790696287771,-0.0036876969944619467,1.6834591934505494,0.5730859093310935,0.03997491466845765,1.0595906976720815,-0.6309283057708869,0.07128695292195239,-0.4140233277986982,-1.7659167820142367,-2.191355605043155,0.04699604908172452,-0.22409041672626037,1.4765830902584605,-1.0543410444330032,0.3047884227362332,-1.0842191629521234,-1.59751413325256,-0.9495014687551335,-0.5377532405711479,-0.0642849893380025,0.40849485896338816,0.7428405888293523,-0.7336202550837743,-0.28585089672876485,-1.5004712473392126,0.11553651859388508,-0.37399647592642904,-0.004994957239757965,-1.2375196550093788,-1.0326055372161547,-0.9663866895631918,0.6692562797569528,-0.1985225339836807,1.2689156536450255,0
-0.8272252868158034,0.9431606041860464,0.5537743432849714,0.7816217855933466,0.9977069315236334,0.09509992417652205,1.8768607770025012,-0.6608773170278398,0.5321888598350619,0.7409259237813866,-0.4507744173309262,0.07513784616997812,0.9977599758903473,0.8105015079553699,0.019530210541137315,-0.7482704098644212,-0.25969980920127583,-0.2797403551415836,1.925245743630723,0.9899669822324941,-0.27705673071735387,0.4085921435295864,-0.005520884956471917,-0.7886113883398448,-1.7578853876460045,-0.546717075656783,0.8677544953413331,-0.3778528317426829,1.273678107010591,0.029976053850096756,-0.037070013296264206,0.7722632036274982,0.5270709063881811,-0.439317954373396,1.880316023299516,0.5028095176299676,0.027633469431464552,0.8687435805007836,1.1027379217601303,-0.3334001145878881,0.1038277109560254,0.8830032533655683,1.8171533301189045,0.6790843170823277,-0.4563265356107691,1.7366565230143074,0.9368209288666309,0.07490305176577905,0.3807037530980469,1.70591190757344,-0.8395923496095907,-0.06828774036280975,0.5268023903632438,1.1431043823146674,-0.3078606708143424,0.990452161570238,-0.1918641903805346,0.08502337298790807,-0.5318173229292413,0.5628945112115894,-0.44266111109346196,-1.2164354207805848,-0.6007802763358475,-0.7175360210329856,1.6839091464723086,0.27727136425665155,-0.8409546660373614,0.17848164927759919,1.1579100922881862,0.10461426672431932,-0.0029366682543240717,0
-2.4777416116118207,-0.17697155582769633,-0.5704524901600031,-0.8036245992865435,0.0376135129733314,0.20750586056081963,-1.0758140482243665,0.39935552855405365,-0.8876162337248278,-1.4021063945599135,-1.264465746914274,1.8304398210904522,1.1052217589620401,-0.30632277454333134,1.3558978851284784,0.8944587608457996,0.3089901315176349,-2.0150912273772326,2.094267360244045,0.13085192246290853,0.936025314681251,0.35863399572290355,-0.3312027338278692,-0.019980120495692387,1.6767281425314238,0.4526730509594225,0.6632235276601839,1.9368602302133566,0.7549008126929924,-1.411230994961426,-0.27470782605347926,-2.049097432601866,-1.16552136517863,1.613043527946368,-1.9334109008651796,-0.495682071980562,-2.029728222540139,1.6384435812918414,-0.2568606160769852,0.8993183916706129,-0.34811037872384126,-2.5076625362755443,-1.0547652304183006,-1.4002669614311185,-0.8729601288038741,0.1654935840396801,1.6262294039880192,0.27440544147718476,-0.38165193551557636,-0.2603350081326269,-0.00392471140332722,-0.09015591434256826,0.7806473651941224,-1.5456466801798583,1.5603396888136682,-2.3683945150346357,-0.43035291199367653,-1.263831775458371,1.8530299383212354,-0.15438488467740655,-0.4218449278221573,1.6024380680928278,0.4322891962662662,2.4752127985676933,0.1617180633706082,1.629381378645671,-1.7444998662875746,-0.6720890716585575,-1.3882179658916973,-1.2301538709114122,0.9488786736681928,1
-0.31185813687660935,-1.3581696167793864,0.4561185051482064,-0.505290516343895,-0.6473346627337483,-1.4797614904792524,-1.6728308012697504,0.8428409197955055,0.5256109835854103,-1.2507667889699672,-0.12217085581522845,1.1495249715149523,0.5330164266650516,0.9097777145598113,-1.1771183289474063,0.256431802003782,0.4372252719527615,-0.27470829450550427,1.1609881139125606,-1.4013282267812006,0.5532504751093252,1.1706796400516788,-0.4394414902479279,0.702814601869597,0.9570745776939563,-0.9664940196392354,0.45411635512604653,-0.9500841626326368,-1.638845365825005,0.2652260927270524,1.5374251216829151,-0.5203162142374924,-0.31138067384826873,0.2920223839441915,-0.8699945199820058,0.9735879960394421,-0.40128089692622065,1.449672029676582,-0.7123536856012971,0.5574883267975519,-0.12325875605669422,0.10387660926949284,-1.5122990812525539,0.2857043251622803,0.6846212190964522,0.8464280320699455,0.4371323653780446,-0.6159942898084271,2.00653857588015,-0.09299520419395367,-0.8186656482443737,0.571970751927581,0.8908597253176278,1.9120602662946287,-1.3545599695392194,-0.5185056259152719,0.34764949780787374,-1.092699997505108,0.2846604292285077,-1.2845810104921769,-0.7858783153258433,0.6725218481714389,1.399781215420518,1.14372319767445,-1.011207668248058,-0.7631447388306235,-0.05443395139480642,-0.04918090053758479,0.03685007692473814,0.9028877824291869,-0.1135344179167633,1
0.4254663764657835,0.4144225028656796,0.059490614218526174,-1.5113513332765451,-0.13753410098402602,-0.313347975685323,-0.9507287930042294,-0.9144902018522064,-0.7340836297207235,0.3964300777546564,0.012102581621837201,-0.3140792830487051,-0.11450065129846829,-0.39731146133248973,0.10264724797133042,-0.5224696519607012,-0.1872371155849057,-0.07192793488197849,0.49835325301624367,-1.536002711550106,0.6570234847739321,-0.8334636426035218,0.6870175833090437,-0.3741531795667826,-1.0527362192519851,-0.3946854980263742,-0.04710998335233268,0.15111158629599167,0.5811809751866623,-0.9931087950827313,0.5538255699395721,0.555756991752231,-0.9733496032076239,-0.015664280384732658,-1.0638475142431385,-0.3749373400211191,-1.3763708438849502,0.9045864415773288,0.8910953667959695,0.6836217397663201,0.4539601182784542,0.8202389475739542,-1.7959061342401401,0.08729357075206708,-0.4583347865840175,0.352997081320525,0.38947486941024967,-0.013398677947823422,-0.257252990551297,-0.09617413354128287,0.91014432420444,-0.31328677644673736,-0.5599415905992738,-1.2827218596296925,2.0351788805716504,-0.24539021207585662,0.02431188183484722,0.09766960370274184,0.3076958245441955,-0.2508638528560877,-0.35814417413183225,-1.2559847661714996,0.9329356292103544,-0.5276744801101737,1.042224283673834,0.18370079489643443,0.03321265165048077,0.11772797498658907,0.8898559337397481,0.3850602667627459,-0.03389152754728899,0
-0.13854848601418296,1.0180421712933037,0.008660481894822394,1.2417574676771417,-0.2708051457468945,1.7140179724101483,-0.6118768578318221,-0.06296828566014688,0.283962924104413,0.6975862643528065,0.46324334829273434,0.37925553863837724,-0.6005083564634095,0.08254000006549946,0.003206746404241561,1.0837066628940022,-1.6998754729542265,0.8036820817932088,0.5484218631959434,0.7342343172309672,1.182089936493317,-0.6918205253298102,-0.670422430425375,-1.4714659811694013,-0.9645607066393702,0.8375362412264379,-1.1605140740029471,0.4426645029665133,-1.64205526347938,-0.2073687869480692,-0.6824392791146405,1.1652085405276418,0.6246861898586593,-0.1831732700077413,2.6061253709131087,1.1746070417583463,-0.04050956521430987,-0.1988425996666742,0.47664749385838606,0.0997863024025086,1.2848218253622106,-0.9203638091145535,1.0645428277823783,0.9689665415208938,-0.4888837215609688,-0.10488158441118824,-1.5564655567339738,-0.22130801491338917,0.8415785893235377,-0.07150924839040763,0.43904026927901135,0.6144202819571838,0.6685164578825865,-1.7972013525835862,0.28883795674794605,0.3299960558736146,-1.1607339702700021,0.8402700772671031,-0.6371075986504662,-0.6972902305262454,1.064847534264085,-0.5795399479592772,-1.2699836171651315,-1.3762776881872458,-0.29061705862824705,-1.090491831008779,-0.3266788966156586,0.04812446975846787,-0.34277485317701056,-1.2174595842376092,-2.790307880109392,1
-0.9505372543725967,1.9937205889268617,0.8202519515560954,-0.2863006222407108,0.11261239154994704,-1.2457277037418923,0.47501514000784234,-0.8444442259832056,-0.20638128229283026,1.9825559881902068,-1.9619857476759133,-0.9018683335346586,0.5292806335643486,0.9700822821179459,1.3814952217150858,-0.73535642411987,-0.8408164145153588,0.44492218568082553,1.571280791939629,0.1567829788009341,-0.6508751005367629,0.5974378575357182,0.03503728234006315,1.191036922491483,0.009334157553701324,-0.3289337463503491,-0.5717802310501617,3.1968626466550796,1.132480394322744,0.04966373682983794,-1.4011302896669053,1.337710280622292,0.48921360375246165,0.6816842837113352,2.0802771689841695,-0.45288363721846175,0.8137185582974399,0.39340176375122754,0.14235763250834552,-1.7902681453621199,-2.0666184977283417,-1.0628024252699448,0.5326623142701412,-1.1067820524959016,1.886804906365837,2.043656786461679,-0.6253651629155687,-0.30007998186410045,0.41533663493965006,0.6565952079604696,0.14524937566898558,1.5922640573066995,-1.07943859339585,1.4072820755048079,1.430325555453408,2.2094320935947787,-1.3603572805130686,0.6734274613348878,-1.0151624762276026,1.024984593832968,1.2643037845886111,-2.4005583279777767,-1.147884111641774,-0.19493979341280032,0.976870590223213,0.10467977008118572,-0.860922347423302,0.6313384448941053,0.7249802142439862,-0.24734722797246106,0.15755355181974193,0
1.2286410364120854,0.37609168242044916,-0.35652141928241354,0.04163141075495055,-0.2595658710080446,1.6660770236399296,-0.4530542735049552,0.6667527893869933,1.749561047155222,-0.34009577156544923,0.5662027108372857,0.6335991866080348,0.8506057794117952,1.0911140819296181,-0.7225818209848798,-1.0648749230840358,1.2850052990981937,0.45702388805685756,-0.5183275005736344,-1.0918459736077066,0.14702709483450466,0.6592258692165655,-0.5977247703541635,0.07943273400612101,1.5617186108688004,0.4919182962675988,0.4628916713752142,-0.4957939474074322,-0.6040967986084368,1.7615609393991143,-0.5792719347565213,1.0508792134736662,-1.4339384053445876,1.0570907210952294,-0.9068725434920725,1.5475488685317509,0.12902935167356072,0.42597816404800565,-0.2038315054428868,-0.6390155522881005,-0.09443108152375294,1.211167507137424,-0.6016454592125353,-0.45127959768926523,0.7500378213388721,-0.09434885010690335,-1.5019317134619836,-1.3149672356969866,2.289751626371247,0.5777396765009144,0.16335102609450444,0.32450459588024894,-1.3417647445540333,0.7254379753519368,1.30861359321438,-0.02429633115227512,-1.6474163100970103,0.3559846691232042,-1.7775053548530597,-0.8277156630274779,0.6216721941398728,0.20738230396214627,-0.8106557301088729,-0.4016377448218709,-0.9372333497342671,1.7221418467074046,0.7554939190197564,-0.5071159106258285,0.35275009251604483,1.126249021488389,-0.6749396774930745,1
0.22435638053783952,1.3422774080338802,0.21334062713204768,-0.031035899866395367,-1.0485762388567952,-1.55845855887853,-1.6040504053354419,-1.413140706236336,0.585496624444574,1.6718465474572097,0.08322962837097533,0.48338717018064303,0.019185827805427578,1.3432015990102042,0.6032505123208883,0.19241016919837703,-0.1313214603140696,-0.7744450864272683,-0.5274111009087404,-1.4277252161876406,-1.0860763473117034,-0.852252677752099,-0.49824253869327717,2.812970889187353,-1.0128354377328603,0.8067345436512081,0.23723088747913337,-0.1082161960494176,0.39732297504499847,0.4951737855290312,-0.2627904946592965,0.27026053059478367,-1.785446755843887,1.4011100947092674,-1.4369707275060541,0.5306994647531981,0.6158477159437958,-0.24264370934220852,-0.9337530957718448,-0.4451476366779696,0.34018774061711016,-0.2517992690592132,0.2965589155999153,0.1300063800088574,0.0979537406773695,-0.14744175858000166,0.049324382268446675,-1.4947585392109615,0.995058420215011,-2.6741328946458514,-0.37470218788987325,2.005568386761123,0.9369650129779131,-0.686528898348355,-0.17703052186911553,1.1260772664759806,-0.5291673988247017,-0.37085337270381663,0.9959715072919482,1.8118211864594618,-1.4625088811313667,0.8352231091058347,-0.372089141821549,-1.0675967103040271,0.7326606295134682,-1.4734697220439668,0.3281727388208721,1.4519657575965668,1.1593748963432309,1.2385403596635325,-1.0510069691597397,1
0.23130909575878728,-0.2061558978603053,-0.8549338108548683,-1.1444445305205946,-0.4621005030392944,0.9325896765658889,-1.4930402953183912,1.5664493383554776,0.9654189903752398,-0.8382238769421786,0.2929975310633065,-0.01153880566832876,0.803350206066183,1.9932560560277994,-0.44746202072266494,0.7649390842867853,0.9348441398252618,0.28306668529156326,-0.9512491002373392,-0.27170621240244053,-1.908772573246583,2.0171048851786058,-1.058923019103907,1.1429475510855618,0.9036924962905674,-0.4446992265413715,-0.5952326991393239,0.139465468756126,-1.0870346632341847,-0.8118167852153518,-0.48443102391779597,0.20966225989661647,-1.1500641520108421,0.21952248579451444,-0.995473174406372,0.6033193904985242,0.5365788440533837,1.2111105974245406,-0.995562815932542,0.361861466538264,-0.6693316173031888,0.662719757109682,-0.5105151297280738,-1.1063925147434706,0.49644236858727336,-1.4248314455153863,-2.2361672159965953,1.5221737976448,-0.3805435305942401,0.971245009989907,-0.1700119280680246,1.2642503989179024,0.09892099950398749,-0.005246047796589075,-0.023759679172478457,-1.0412896217700107,-0.03130147894729898,0.5166354644937177,-0.29120645725372385,-0.6481848339321549,0.5563430196662607,0.7038523998208221,0.6138561321711449,-0.6538112490940285,-1.6304796103446175,1.1955836793044297,1.313798111908716,-0.17609209861365835,0.05910896007714303,0.21594480569469182,-0.29385951573415187,1
-0.6811483474746944,0.5568804496451776,-1.4012739154964506,-0.4092441983083921,-0.5180144844510165,0.22147649034098102,-0.3756039403306097,-0.8758812700878169,0.8882697304790523,-0.7201197624586768,-0.1855537088309715,1.585429777435223,1.5184617794153494,0.41404052621528287,0.26911786124344006,0.006774494323626596,-0.03139981959629783,0.36716905104356024,0.4459519183381823,-0.5100539582160345,-0.3441402266603548,-0.32332292326735246,-0.26380123047690096,1.4378125744095727,-0.1557946789626906,0.9897317784078079,-0.5833161365330657,1.048502901397045,0.8862357413547288,0.18966347973837228,-0.7872948378058795,0.092714189714736,0.11760898145853672,1.6201638595824426,-0.2516454827419111,-0.17684134566903872,-0.4226352993651115,-0.4978016248273066,-1.7711582903676808,-0.1004641075395187,-1.1971977968281786,-0.9938118103853191,0.28700265514030066,-0.9028860304527618,-0.19226138862553108,-0.18176328490615168,-0.4708135231579571,-0.3283600869407177,2.397460540829869,-0.8829043291288177,-0.6160789681119815,0.8718981025486767,1.347475639764454,-0.15094013010529814,-0.04075004316872259,-0.4223832378630977,0.018082425428069353,-0.7260780887214981,-0.11059029652633319,0.5536081507343399,5.234583244897892e-05,0.6011354876760727,-1.1998204091468248,1.3455746457219324,-0.46006988878536237,1.3096096962585237,-0.04371641601169239,0.17505320492629053,-0.5227652236954901,0.5633944588021634,-0.17527008081815454,1
-0.6302172600574405,0.9885083185198308,1.6001356773342752,-2.285536555154296,-1.3797348363729234,-1.499651985176542,-1.037542577839611,1.9441762515406242,-0.66833981018533,0.757143688452104,-0.9956532199714117,-1.4892402790242008,-1.7733416854778281,-0.2561197891590339,-0.6372287325180092,-0.380835633416361,-0.5142351177794708,-0.12652760893499418,0.9635612815903087,0.08554705609237176,0.738204375876814,-1.0407091405904687,-0.6810637487445785,-0.036152763708051316,-0.7442749053427086,0.0648456548281075,-0.7123577354621855,0.32637598778790866,0.23724521551547173,0.7612471825487943,0.8567583187453929,-1.6862691374428636,0.5504674050729892,-0.00217845163945991,1.4479116030048962,-0.531834289559244,-0.3383947145225671,0.051103347802834584,0.3469495959809624,1.116317767013952,0.3160925265926175,-0.9154321642656353,-0.7857453918520443,-0.7368397414187029,0.8204680678167732,-0.02641845542331807,0.15959576550773627,1.1915710413602663,-0.8656175460391213,-1.2010694055693054,-1.0330153562192248,-0.32918905602957005,-0.629086271852616,-1.1680977594950193,0.6781707937788467,-0.24571391564755737,0.14253836833623318,-0.49447689881470824,1.9187292043083335,0.2902042015655905,-0.14383198944916747,-1.49673787974044,1.1497432427210152,0.2052021365121764,1.2037219469686944,0.5798377512977236,0.0769521135175606,0.07970088679296998,-0.8411877584831982,-1.3128174089372378,0.21347739019166542,0
1.4212288231530112,1.2779930003269673,-3.059519184511089,0.048672394479134885,-0.3884964548061397,1.2080817012578295,0.05547253359527108,-1.553495794247022,-0.767703657126336,0.5361935833428557,-0.4980802872042806,-0.24043590084013786,-0.38904108069870674,-0.24528252747569115,-0.9313033905260307,-1.0491345752178305,1.3879210694798225,0.14757782645405043,0.2238408249984023,-1.5059749219273395,-0.34400222937880853,-0.14844200044993236,-1.0917417631984876,0.9172368509100053,-0.4367402220522512,2.1392095844519545,-0.9938004625222828,0.5358238543402496,0.3778054927729,0.40555630428735445,-2.6179108436421425,-0.009122257819323177,1.2987982245276444,-0.8004967307918174,-0.3571612405016739,-1.6825729502842048,1.5986081256346738,-0.26505333288829647,0.5368650962324992,0.0998869259154025,-0.5819275813500501,-1.0629404607785904,0.06854205438264394,-0.7909657642818549,-1.5697661243235566,-1.1434113054718782,-1.525690106215877,0.7148754663920415,-1.8123750232302558,-0.6069231829331627,-0.2031106783651672,-1.2130838720148363,0.0327895040631513,-0.27498808150489,0.40136983575477014,0.13044680761953648,0.5474419447977092,-1.7119654331813186,-0.15105767291687983,-0.09787175309110639,-0.973421163228274,1.6313770354227444,-1.3681326791231876,0.7656641688156461,-1.9365855966358307,-1.9734049611994593,-1.4578271881836642,0.6787219032980459,2.1046495226347095,1.7843131307075313,0.5530674991775787,0
0.5324857855674303,-1.5112581152413238,-1.1229815280969546,-0.5021168718414305,-0.5171275626248737,0.2853727703685048,1.2846237137725516,0.8188112669012326,-0.8503222316838847,1.3649967490230355,1.7673667240877884,-0.7801451261745339,-2.2648650452717534,-2.1890641825988784,-0.3783008438995138,1.4853320968682207,-0.78296200632004,0.7670071442157056,0.02745534700832229,0.3286738580800802,-0.37968863868630304,0.17663602353733998,-2.193454440410574,-0.07148898939259186,1.09003249497039,1.7726941250015242,-0.4313614452582492,2.1294052646936787,-1.2374596477488589,-0.5115154423629731,-1.7040939301037827,-1.061717953877468,0.3347003833455125,0.5563819256987615,-1.4616541955093596,0.6097688343495576,-0.22723416139676134,-0.017225881864651293,-0.20171717486627425,0.13520271312105453,-0.44817662975233546,0.19098294092100776,-0.3223190340249293,1.8216065726733246,2.0584014226754666,-0.6931489833327966,-0.6056813103425355,-1.138445122018904,-0.11141709792291989,-2.663923568147446,0.9848925480117434,0.6145864046008525,-1.2296517816305288,0.25762954083409767,0.24027486863173836,-0.10379880966075739,0.021916755015005274,-0.6090248404577396,0.6219977786935535,2.012929332459387,-0.41455117480009873,0.6714136849964821,0.17791340760154714,-0.5783202234287117,-1.3416415860153872,0.6616102970070555,-1.1741934119842283,-0.604191239946674,0.5078333744131359,-0.7042945705460352,-0.38458004917684335,1
1.3230445051885578,-0.12846247336720487,1.0093656756490526,-1.6473277172484202,-0.6925590619682575,0.782486624246052,-0.3530113884494696,0.525405472586601,-1.3156192241232316,-0.9562020699318091,-0.019456346312225543,-0.46578003282217895,-0.8393506831794872,0.32847826627518995,1.2297388947390786,1.1788337951812689,-0.16639264202320675,-1.8174999980905984,2.471345901512036,-0.9037444356157017,-0.1109886381924422,-1.4222487073794503,2.142562602238756,0.24989115047916646,0.24449533703600065,0.07132343318997843,0.2166588306144104,1.053357319652947,0.10867262077714811,0.7613806197071514,-0.9015093245301679,-0.17010220944943058,2.6327952692757397,-0.2155891413002912,2.033832821796717,1.5431965929893794,0.9312637912494441,0.511492074315971,1.1611833759428127,0.5987384454734305,0.6360821785774389,-1.497645079602271,-0.0837995686975429,0.10269715224191829,-0.03380298241755213,-0.07762972440511291,1.4249945989303778,-1.4663500093727886,0.2636824651173701,0.7154506453320623,1.5165638893959381,-1.770614577245893,0.1271019151305196,0.513140012825354,0.035833026639130905,1.0987448739913643,0.5895300899777733,1.0386953269177224,-1.4321401484610294,-0.074614605649331,0.22039190141670506,0.9359556693775755,-1.2538805058281401,0.34302693420353686,0.134295035869738,0.020953692496165247,1.6695498450117943,-1.0524139927469103,-1.0339231790831773,0.7154483704949653,-0.19149758362371747,1
-1.9256872220096415,0.18990063320574424,-0.2280749890329803,0.10937298271558918,-0.7202254488301326,0.9627441003245625,2.209647803743279,0.43783851790509964,-0.38529641519422997,0.7872191564523019,0.9320880162714877,-0.4962271422627718,0.8196229074932164,-0.08195860694266488,-0.5742938891128,-0.20542639168710797,-0.11841347608794199,0.267785299791916,0.7781058618859253,-0.02503528806182533,1.1432527656594185,-0.821203176202075,-0.40769832444161846,-0.7824973912893591,-1.1685715179123692,-0.8671873286702819,-0.35479910086022737,1.91542614432817,1.424025381135391,0.6253502268071338,-0.2731268931133379,-0.06365693338722983,-0.7436805744181963,1.427404023243728,0.4003006557768484,-1.3759903575567876,1.1004297779289685,0.30620967551861267,0.9418110102382872,-0.29979331275460663,0.7408685595968423,-1.175892738207028,0.570702168386009,0.18112075316857357,-0.6727331448902414,0.06994728027066122,0.05467718755022733,-0.9990018365657859,-0.7758101976637445,-0.3062452913457027,1.877816083168505,-0.8575345656803411,1.0402785080723442,0.04974512611698649,0.5825009902506034,1.2258849875998756,-0.8634479145499828,2.1158714495262916,-0.5256764445238249,-0.4206369495467213,-1.4564011018707173,0.28212995024237664,-0.940523702861116,-0.2484408803166596,1.8134193477514102,1.5064035753599223,-0.3972503044627709,-0.06424259748383868,0.4847081030036234,0.9233667085118519,-0.08971223405739462,1
0.7528558453293936,-1.3372809748159642,-0.058446043932621906,0.2638724289364382,-0.8166438297835389,-1.0001262905634618,0.34338661122751984,-0.8923594416025245,-0.8849878326490119,-0.005821979919105578,-0.29096075827126516,-1.4679831930548606,-0.7221421749850387,-0.20673301380595602,0.4262174730226186,0.6206852369566689,-1.671288206125592,-0.5358696897444106,0.12251953715746214,0.9016983666622803,0.27041177725146087,-2.3481855249447627,1.1276721028118428,2.0772175893772897,1.2738060645878642,0.15435394849059186,0.09645086816122717,-0.8924102887076543,0.22184470158667421,-0.22453209354617495,1.0352458931943138,-2.1299905205702725,0.8323348643372591,0.9713039285644286,-0.038694626583666444,-0.06042732349722064,0.9409250127633979,-0.8079787995090213,0.10165601256942297,1.3424225663863836,-0.19079418079676574,0.4505654815504397,-0.5111616161930372,-0.33789125227909805,1.0500332815784952,0.944220687956644,0.7950660710045757,-0.7437627460057955,-0.1012169264876922,-1.509555115235931,-0.09661347465965162,1.0839986499431928,-1.1130485232836334,-0.2979638510586983,1.9761161944197634,0.4823392676668039,-0.42303750510856786,-0.38301622655819617,-1.3165642506096402,0.9157455392875637,-0.20357218230848687,-0.12170461775269943,0.7432511652464521,0.19717812399128912,0.05675101365965541,-0.9074438663485184,-1.43905965904073,-1.06554363681353,-1.3891471247295837,0.5952973729247938,2.7424229978900283,0
0.5301246425586752,0.6044382267534493,0.27295166862432213,-1.7136488531509055,0.9679343517219209,-0.07168432078857317,-0.2784549694620699,0.5199701682828961,-0.5931858917616898,0.12285311752125383,0.504815669670483,0.19118852674256392,1.0791277157053354,0.6986155562597526,0.8623451814438672,0.0953993639730444,-1.1513692264803224,-1.5098730193406311,-0.4699628519333358,0.2113312728643293,0.34977529753532244,0.2537997891614998,0.2288179859781845,0.9352448814249584,0.6939475619864783,0.37624219885696647,-0.521825692911935,-0.48335629194639756,1.3320927223577965,-0.5352239657328862,-0.05187444081033832,-0.8442022764627806,1.8840199137587992,-0.6150924096953929,1.094571982122115,0.5981619891771589,-0.7156639382425007,-0.031791245819196824,0.5252422447489575,0.9804006129805044,-0.01355176554351586,-1.3028478530185823,-1.5520307566250282,0.023696637337157146,0.5133188817665416,1.649237843576067,0.22371168253019136,-0.8152142908440335,1.1844245447207844,0.6900227390363748,-0.3414983709635838,0.3548570060675486,0.07466224069597409,-1.1272040914527492,-0.3715663926103195,0.018408724303537804,-1.4149437108718457,-0.5683199934548074,-0.8963913906224434,0.9580321033260457,-0.6586862074306743,-0.64659629395682,0.1071556498331774,0.06503460705751654,1.6973955302153,1.4200375008533497,-0.17858453411369482,-0.271491975741549,-0.9548130944470783,1.4215461203763693,0.5742655154078746,0
-0.15926328557084327,-0.22702919020087792,1.060888584061412,0.18071619500863106,1.184231070939526,-1.502240568580022,0.7210651065408465,0.1530687424163026,0.1329702122273412,-0.0016521253793092905,0.039330581313971644,0.4621795751111367,-1.2241736040994695,-0.6820465812419184,-0.24393724239448333,-1.009978185802299,-0.16196732703895755,-0.26697404878978437,-0.38944517847813603,0.13637977847126243,0.7907885782151786,-0.21445163898038677,2.224997301139097,0.1390817537142371,1.2621927949391607,2.788531869865963,-0.4095349138162753,0.4455373277394259,0.7311418712787946,0.7366659286168609,0.6027997700609764,-0.9427999925168365,0.7152868859069792,1.9187881683262182,-0.8432466494132087,-1.3739813048686718,1.6482717272149514,0.6876989514793751,0.22671810428404823,0.7767686579680908,-0.06633789663302322,-1.2411260116205876,-0.2399311691391299,0.1706656359911208,0.806992903346601,0.22075939578035061,-1.1392131506926817,-1.4268562600002903,1.2751802932970673,0.34302056188391017,0.11750708715239029,0.9235481943763261,-1.8993129381043736,-0.9082613628717683,-0.8860853272891206,0.9365460682763406,-0.9788041603797211,-0.4740725494728992,0.8777593175776923,1.2406731859251139,-1.1259456427009105,-0.41356655806783255,-0.4127000404816835,-0.6053496926937764,-1.33655092003738,1.694498260702522,-1.2884656171546773,-0.6338953119484576,-0.5410358105863444,-0.6775139101356152,0.8578428593226615,0
1.3548291480186276,1.50754749142479,-0.7802946735695592,-0.394976424168241,1.2064419182654378,0.5704576355857224,-0.2725106590400338,-0.524247520681846,-0.5128629299511603,1.1254922499175049,0.537397024434846,1.882123108620188,-0.39325979750364726,-1.4026062828676065,2.788066875284787,0.7297759988793237,0.006256108684552391,-0.21052158398971432,0.4427380003751561,0.2802241829276147,-0.02487785816447793,-1.2487112962617937,-0.5473264567078123,0.2556951443547585,-0.07618341407587338,-0.3775704278259144,-0.7380610166478138,-0.34365223237082226,0.9125547194954117,0.10377501386351756,0.9071795738307235,2.018689740524632,0.3633205960009987,0.027033518833785863,0.14176285579680514,1.1635601559021922,-1.5533879447900503,-1.402330208020964,-0.7086749818023952,-0.05126567740007763,1.124534337749049,0.8344171694431013,-0.3467472625265293,-0.798931700465487,-0.18155731496472274,1.3164736675348538,1.6760218003709817,0.44403175930796196,1.2327202738096903,-0.8675291456355327,0.32960730558607354,0.07891607832689158,-0.5085382669169602,-0.44496322923475723,-0.41721032981039874,0.43236837474081274,0.3170415716550756,-1.7144267113827305,0.6926561339105611,0.11283690067208256,0.3686756466981211,-0.3700112428363004,0.2668471137649653,-0.133991781357726,-0.5751333646114785,-0.35747785112238833,1.2631372776923373,0.2739284298817126,-0.4090172289087169,1.4707282416821361,1.0698027042469427,0
-0.009427501971260289,-2.0482561965075816,-1.5000241613180831,1.156746745270178,-0.3847906966501619,-0.7783814339142762,1.2182517721496495,-0.6909251197535614,2.1812676096921866,0.7100196719205767,-0.8511225701936214,-0.4392651113388259,0.7899206104246289,-0.848921636793546,-0.24937227693471892,2.304095035219714,0.3135224921273603,0.6214217679768909,-0.5701024007826377,-0.6915655786166037,-0.054045668996730106,0.11879178457731335,0.01447196571409095,0.8542589684202839,-0.03072284720979031,-1.9450026234715039,1.554903458563393,-0.4296406121119808,-0.5544778833639119,-0.35546056888963773,1.6836215502520453,1.640102440628524,2.142135461309823,-0.05115151598888261,-0.16361396846774093,-0.6565521317992302,-1.4505384357481084,-0.25907126130057034,-0.3666611075372061,-1.2959054131100844,0.13221886652932588,-0.30970940324646834,0.43500447244041374,1.0439388183760985,1.4732885921467718,0.6675262587539251,2.059817697826772,1.276350742643425,-0.8989320898402554,0.5756251419515704,0.7498153051815309,-0.8030130397806862,-1.54962075214868,0.16388098288030853,0.8561541958255824,0.7881188187731406,0.5782844404017057,0.5527514584946949,-0.6045747718809004,-1.678228300633998,0.3428347101730224,-0.4839261931694149,0.9968837645550828,-0.19456165188944585,0.19433498157578483,-0.4473670859390251,-0.8730370991868726,1.248223418423771,0.48432581954293535,-0.2649214537357971,0.2645714522821951,1
0.5753974114373713,0.20659597123075193,0.8406647486641061,-1.5187565462265296,-1.3233877173230555,0.03725698238772119,-2.5341690048987755,0.9415529745757708,1.677022733590209,0.35960458549307356,-0.031497805553024484,-0.3939983449798653,1.773799363285427,0.15937005333851542,1.6445936993632861,-0.09128727538911795,0.9686858454649332,-1.6680131526112654,-0.7702868439231109,-1.7847760790428775,-0.038947813107263654,-0.24422023648982288,2.515152544711482,2.1730429704850205,-0.8351035170199946,-0.07906562026803161,-0.47981144313213364,0.6896844117945137,1.4466533515176072,0.0017610975793570431,-1.2724245105560272,0.7396353669607583,-0.3606594962582846,-0.41116574150113383,-1.9101207485248826,-0.9712080345695828,0.08622047062799332,0.4743650554952194,-0.6926896115334524,-0.7739081077490303,-0.2143130656519763,0.1189235954858215,1.347179653284079,0.2804241993197242,0.08819800508830855,0.4337771916877363,0.7011398955169897,-1.7134958105038463,0.38148260038542753,-1.1276309013594799,0.138077385484832,-0.18069154846356095,0.3139913960061296,-0.36935644226820347,0.31888574003474185,-0.21707118086565844,1.1573065268223768,0.042741804813256574,-0.4182024165654984,1.4036576567239756,-0.2915816852684578,-1.167662147974878,-0.5462510873390246,1.1497785063443513,-0.38463562640625726,1.5520747399798869,0.9871966641222276,0.7029096445439588,1.5701810636918916,1.1896325438671387,-1.579466637990077,1
-0.7816662360448223,-0.19974727009063126,0.8007757386630235,1.4233758904010234,0.3438244700387131,0.3629748702202368,1.1965098342843306,-1.3811201019462211,1.132315700835648,0.019452152647079907,-2.9702326136532893,-0.33207254485369897,1.398755650271271,1.3135710788853474,-0.18866573978062487,0.6360537915555121,-0.5998169931152001,-1.4740386979473534,2.6620585707809585,0.927098774539013,-0.494734739558903,2.7847568269044625,-1.0896872181085002,-0.46743187272110237,-0.5396051717460482,-0.06509322223309515,0.1723678281826687,-0.6965364201475506,0.9146713756322442,0.965887313596798,-2.9087606914697868,-0.6770064870257904,0.4944270960484781,0.5647433280225327,1.283499512308356,-0.3127886353992056,1.7021118892166103,-0.3440481376645445,-1.6879393607324573,-2.1721351076673536,-0.4685425529982228,-0.1787606542358525,0.1962739470200743,0.6859037736789678,2.3718348498434754,0.2799059020039451,-0.17538235206765873,-0.30931354239628467,-0.1323929512743193,-1.62186778922241,-0.4669430538759456,1.6568588679482223,0.018254370521761626,1.340982583011879,-1.642103438794283,0.7325046847980229,-2.517898751695512,-0.4811017345527442,0.07363907315548197,-0.062017566335444245,-1.07542474153721,-1.3331840119991654,-1.2540986461767094,0.6091115953351834,-0.5580526853204066,2.2516659424370262,0.42021072236404383,2.5089256976569345,1.513969753050405,-0.42764423575297233,-0.7206606123867573,0
1.2162765812234053,-0.6153953879747647,0.8324039834924783,-0.11097278998644151,0.2459180347636679,-0.08062552526117618,-0.7829931543094031,0.6987234827039263,0.10852115642582622,-1.9407792594995805,-0.3970999784921368,1.1453367078893226,-0.8239277622544058,0.8044757485003518,-1.5727418337881625,0.9475433178975956,-0.2982637083110682,0.6906296401853294,0.537719132441907,0.03332483274989194,0.03361711449814491,0.6192782563153396,-0.26753035724591223,-0.7080850606921686,1.6287402595328078,-0.02967142728273822,0.26113776948226536,-0.5854448994936493,-0.8798075482257499,0.823069868873348,0.3752833684127993,0.6083370461983322,1.2410394967641227,-1.5407350854493338,-0.3020816394697472,1.9200137089704936,0.7324004309486327,1.750190175687444,0.4191737701022645,-0.07784432551427993,0.8843547605550522,1.7605038472270682,-0.6207605991385062,-0.740642768834458,0.6716045669345179,1.565788629202941,-0.1427812275165631,-0.44888916950751384,-0.7658909982292532,0.41046280423240444,0.3569820446991052,-0.26899823643953447,0.3520148477058231,0.8690554371718077,1.1350592219819016,-2.073342016856344,-0.007902236944965378,-0.06279640591239624,0.6287635691800378,-1.285950468191985,0.6441178684091557,0.14708715651182827,0.4033484155438029,-0.8669138613375658,-0.6013148196670605,1.5343847805891646,0.6058186164121977,-1.2620243447484383,0.394125449031438,-0.916634244561649,-0.6007227636264496,1
-0.23826933193711505,-1.4189167342317726,0.13587657083637436,-1.23736942388907,-1.1534931644080788,-0.627113041272367,-1.4397785288050187,1.0484946709538903,0.005099232939360012,-1.0916755623765828,-1.159149246661482,-0.16914012516858679,-2.5688914322755325,0.7639724702489797,-0.13670724795720487,-1.5362556072943374,0.6456861515182296,-0.30956429667169527,0.04927881513478394,1.7280336944703885,-1.837536041306607,-1.2447473827613513,-0.9212305917370217,-0.7976537512592887,-0.20328504455846189,-0.006811291963941769,1.6218076017556862,-0.7612605406112571,1.4217343036458665,0.5948048556710142,1.5041188152720877,0.006240578050881917,2.7392947618659256,-0.1504315677929444,0.9972708874298067,0.301062535040403,1.4829369984939835,0.2609331079326805,-0.8263436367892282,-1.2333885547408137,-2.6421705385895335,-1.3517270371027819,-0.1197621152697127,0.6848875612842694,-0.2024258944556462,-1.9441449281017316,1.0547803363451598,-1.9499268005210786,0.436627623197172,-1.7607871371087562,0.40617568931547615,0.04255498267850587,0.38019349955840515,-0.9051381562472022,-0.6144785536659163,-1.033912339017893,-0.30093854439848605,-0.754753190307627,-1.3600272511700873,-0.381148849280808,0.3957402431789265,0.18817742945563082,0.12276370727635208,1.0964526507239833,0.48380080730636854,-0.617940985401726,1.8643182581179052,-0.740050592343333,0.6007654697796304,0.7714302789849389,-1.2740693943642654,0
1.4309159395703368,0.6055570365366,0.9653498709407111,-0.3093892973579147,-1.0305556042712403,-0.5477426525768593,-0.12125900602438588,-0.14122699643726344,0.3704574994714933,1.1202063499500712,-0.21800417882934403,-2.2987029357671265,-1.8314493470424715,-1.1885490983388356,1.1331874184404982,-1.4113608885926288,-0.723674248310324,-0.9004260347375899,-0.8845566062535479,0.2142773185815662,0.5351889655469366,-1.7030796143484932,-0.34702661261199697,-0.6092792065757668,-2.3118325756798543,0.784640456939531,-0.7559529480256342,-0.4103808640074488,-0.07623269173164046,0.7692380217480143,-0.09682984664133537,-0.07850948898688677,-1.6602350071944223,-2.2486574274499347,-0.1038090282463993,-1.2522254040456926,-1.1458399560022399,2.0922044847243013,2.508894695464703,2.2677812172290177,1.189073913742826,0.8126285482081101,-0.7558728292761207,0.28988285401933866,-0.3216304875768384,-0.6980304707831447,-1.3053655545813723,-0.5954894261884971,0.6960390992738194,0.2759283693507717,-0.1716693867029527,-0.6190057810949494,-0.11644420321209958,0.17636689031392846,-0.676645738681446,-1.4973125866408188,1.1114314315783214,0.5589635412871529,-0.13597371984445747,-1.3638055813884147,0.5949768575635509,-0.7970142109974195,1.4181419029511735,-1.6701422844649556,-1.2983059273231177,-2.5327554651156987,0.24206090351165446,-0.2527719663319568,-0.9398917307615722,-0.4523023373629034,0.35674466193691806,0
2.5275676486862992,-0.2844124838004364,-0.2928549201955891,-0.27089837930252303,-0.9197970853248816,-0.8407562458584428,-0.1884247657791691,-0.2191628286920527,1.7371647834169226,1.6229320835087095,0.6567564197249275,0.4164125186448128,0.8497956781044422,-0.7092907549330019,0.18604734388368596,-0.5835144259665724,-0.9492297316361445,-1.8152646200288005,2.1492197867340814,0.6892991116236702,0.6237619342364271,0.1941123770498642,-2.4044628127543004,-0.9461534799660714,-1.3107630493953517,1.8082779813741017,-0.2462621176074756,0.3680056951510103,-0.1710352463653631,0.44157746983264,-1.014727616774932,1.5303498462000515,-1.1482255228792615,-0.952407139078927,-0.19519734477665712,-0.43538629945071267,-1.7930955874496213,-0.940086804591142,3.0515096336019205,0.5222497255184098,2.1115964983895164,2.2709059062918002,0.853871777194985,-1.6564257715615172,0.3987206065098115,-1.2871838026236218,-0.3285162320631632,0.8555738677114557,0.016741882164777823,0.7811644739234812,1.1424190631118896,0.9408711820018708,-2.01769030534361,-0.05270182156385679,0.939146983697719,-0.9734331091942225,1.4325879141439815,-1.4289147155760293,-0.8129990170118405,-0.18996399760959962,-0.08135418181829077,-2.712909208011226,0.5996085237454851,-0.7866285494136231,0.6224614942567935,-1.970432912341676,-0.6080899662838201,0.07870784531237578,1.0941355027424193,1.034393723864174,-0.6707195753029216,0
0.48150796951550956,1.3275352716753046,-0.35183221389609426,-2.7995897779003993,1.5932299391499145,-0.8154768118459299,0.29909185959855905,0.67635205480289,-0.2745216948981184,-0.0984886029132466,1.5580362427742231,0.8376070493882671,0.12159476311935774,0.516076564634706,2.3130320054606903,-0.8961935686315099,0.45822809332300135,-0.4958400412757154,1.8920973401601031,-1.4744451787666617,0.8911567759920594,-0.4913819576262925,-0.9735940383039295,0.8003225269587845,0.2203041492966062,0.07847274322473868,-0.27525915488819414,0.17573148484868972,1.7456011585981979,-0.961591180984145,1.1605705467668472,1.2563062882725682,0.7250051451736894,-1.8089643669224573,-0.7278625754419624,-0.9558778906908133,-1.5099710523693841,-0.24959761273211203,0.4796864038992457,1.6516504613000413,0.7122763178438067,-0.7448532558495975,-2.452643002441238,0.012927014972736815,-0.18589123189622297,1.2677610232313026,0.4951114009002336,-0.9779432719265592,-0.19783197576834471,1.3000548632940416,2.154182295054575,0.7772166356223495,-0.6397713977340723,-0.27140434831815025,-1.4853924247197994,-0.6995590620932841,-0.3100670219997761,-1.0783150522573974,-0.4797338431455263,-0.12148740492934362,-0.5344322957595672,1.214690015077045,1.514989531809315,0.3980690769703668,1.1932812159485942,1.499030353427722,0.6999375795784518,0.190468388496322,-1.8524052593881313,1.8984189903138753,0.6264646575891759,0
-0.6803429815308721,-1.1253234029210653,-0.5045538288860252,0.9019814863149206,0.00020639850585039437,-1.054468579668474,-0.6848843954337537,-0.8528590144213042,1.3365624322244267,-0.15674306795980136,-0.0338139369215346,-0.15602375631215296,0.8554117905642014,-0.44883241998010626,1.255418842786245,1.3327401468987787,-0.5116339393621016,-0.2895778490096831,-0.4836509016435414,1.1593808143908488,-0.9797174273603795,-0.16984709343711682,-1.2533616573456667,1.2949557263466867,0.929591107869692,-1.0130990068101942,0.16576630171386125,1.1570187534864143,-0.4989060212197324,-0.8452339372436664,1.7059687997687356,1.112610064508987,-1.807421946642612,0.21348828753785495,-1.14106047048951,-0.42633803843732676,-1.7240815971632042,-0.6398235702493025,-1.2118164396027613,-1.5267570235349297,0.9966715459493123,-1.114872117772925,-2.049269798923867,0.7873810424482941,1.6458325929653517,1.8437377662270018,1.7355490119824297,-0.8224563049596422,-0.5109602417615371,-0.5553806638765488,0.6443446408615497,-0.29889227518082606,-1.2270272633900081,1.3771394584973133,0.09476965560398959,-0.7569445350467686,0.0753507239447038,-1.3190563777495325,0.6064059378172472,-0.21882419541212364,0.44451228755668243,1.4500554669909023,2.052207747858626,1.2808905899580783,-0.37081184532383465,0.42379773307017915,-0.6706290582169587,0.6331066528976257,-1.1554044915740045,-0.4761721211306172,-0.8609135087122837,1
-1.6372901924806813,-1.1270315135554088,0.4603669912413087,0.1863539184962153,0.20518776259970264,-1.161769113223947,0.8497798146872401,0.02928770180427941,0.45672282345589815,-0.33087936668704954,0.3723679192422166,0.6813278536711904,2.17751535958484,0.033252614852181055,0.9639866432746044,-0.9775000827464725,-0.0963583587130331,-0.07185926665455755,-1.3172562289501981,0.6112038519684164,1.4187957786549554,0.1541223573911149,-0.17243878677213972,0.16090103352466387,-1.154467813685748,-2.3308304665752595,0.2321719274261786,-0.3383082622466024,0.9339578991668761,-0.6719373938579615,0.6246938069380982,-0.048565702582692834,0.14890102520278953,-0.8002254795736299,-0.5874180565675458,0.37976695955315387,-0.34060672191675617,-0.13315402580975774,0.4042891971782355,-2.348999897564659,1.6546319497997237,0.15765913924948596,-0.11581354394237585,-0.6713218856351496,-0.20484980638104,-0.01901805086348311,0.8832493949682371,-1.1003140738458133,0.4639270864136508,0.649885927315484,-0.3124885681779333,-0.05657088847586086,-2.0555434884096018,-0.9135128228926022,0.43851528528917566,1.1410739042143747,-1.0379405725494506,-0.4405086173914767,-0.9224686073418823,0.36575005724547854,0.5922237102312095,-0.6977880873228983,1.194870888222515,0.7940290895138332,1.6213180840415131,2.281684173706659,-1.211174966546198,0.43277868715935913,-0.7665006249350894,0.42441919268712863,0.05894838955216665,1
0.46053416622270443,2.529795832115695,1.6737969091282145,-0.8954315321839994,0.6338610869526978,0.4172974146044282,1.014520937337352,-1.1818773217177425,-0.1355981715349571,0.532684851706934,-0.4658347291393022,-1.0477670463262412,0.6434860292590493,0.96891466366747,-1.1552512678802387,-0.6038361426775165,1.9284447310847177,-1.1961472617332332,0.9465748327820878,-1.170301604091522,-1.646262634211232,-0.6862950941197238,2.313739804668826,-2.2788869899492226,-0.2522287192023644,-0.9380724476206145,2.185887139441916,-0.7284915307806927,1.078755881331652,-0.8450012939930593,-0.604559485736044,0.16399072435034862,-2.0110835777104983,-1.9325449049765395,-0.2937269145392257,0.08471217904986646,-1.0275192713129073,-0.564950020724923,-0.26956147728014995,0.6318504181406784,-1.516008228659566,0.5959508515897535,-0.3770428919904443,1.3862839979676032,0.6902204765657327,1.7975662979891092,1.9756315312664785,-1.1647162566750027,0.859826840434925,-0.059053010393648894,-2.1215275306250994,0.1277862456186245,-0.8427414033807987,0.7009367179021158,-1.691649250710132,-0.5776821968188416,-0.9481451781422481,-0.6153848305850628,0.8904234661316606,0.5502388019974099,0.25227502068890023,-0.124916624129551,-0.40653986644211776,0.7535393679987962,0.947840143960718,1.0860104703115392,-0.5491671107725624,2.106268542552017,1.6316132635284915,0.5183038983378455,-1.4070539361573133,0
0.3659085582379192,0.8667417296540485,-0.6353359812155805,-1.2858114636592781,0.01215027512093784,-0.9635598197882159,2.7310611700599647,-0.9427877196950563,0.4136291264584411,0.4976234255082078,1.5047954553624383,-0.6399542577220375,1.1207580946718803,-0.9964223223492131,0.3051819478356437,-0.44659542326548407,0.3418538000546862,0.17637316364418035,0.4551348040608521,-0.3743237244557433,-0.279054807629158,1.3358450137699973,-0.6562627651519574,0.7679842357857879,1.5549997683196262,-1.3243107795494873,-1.0495035255866496,0.9689488412303394,-1.1289889053347177,0.5148604645270659,-0.6171554326456898,-0.7315609295939883,-0.13313606503908068,0.7940508933450361,-0.046065266120463855,0.5647401258475527,-1.3054669902522211,-0.07642160989404732,0.36280792938100576,1.0153185988596205,0.7158933816878181,0.03453359277304681,0.3958772428520712,-0.7730724447563361,0.6099840837250546,-0.7925921138804702,0.14469260041379828,0.05644105031084934,-0.7924853498367677,0.6549542755190821,-2.0957925154335477,0.351643940914086,0.20370973571691373,1.5092056553269546,-2.077698396353603,-0.5810253545555679,1.5497992242691352,0.4444743533745792,-0.9991775473498963,0.96992430283712,-0.625775417137591,-0.5633504290076272,-0.856840613137507,-0.9760805196913654,-0.6248991439380192,-0.5590519488166914,0.09161494652432134,0.7322548129246085,-0.45512134174956115,-0.2964652287845439,0.3547159700361382,1
-1.029406243979124,-1.6063716001931228,0.11905255839261437,1.1083534898474734,-1.080754274879465,0.8783863523645722,0.6364777536116557,-0.18276009004200844,1.2315349626649525,-1.2531341455859577,0.31485125923175755,0.7483670945026676,0.09274052992965962,0.11319227370165155,0.16199552200386746,-0.37705435867242565,-1.1454046879202402,-1.016010400717111,0.3461001486787089,-0.14799988000833497,0.8380256883001972,0.5838475164023493,-0.021587838439828526,0.28733523837441766,-0.27534947514910346,1.180102397719262,3.010828750216299,-0.6128700155012033,1.1340635163483146,0.8319841191404389,-0.15634772587544032,-0.9525715506768185,2.332524927396791,0.619962995628708,-0.2606579332329038,-0.4376834192076355,-1.103722786780709,1.0278453938293528,0.6273420242243618,-0.23227191977880016,-0.40526612901498393,-0.9325639495274141,0.39649398288935955,0.1607116315948031,0.09041430846118813,-1.3163786164832465,0.7151167985555856,-2.1265121447048783,0.9915514482788232,-1.2407541753434144,-0.9830470240125972,-0.05488049753886966,0.8083993122722778,-0.058272526479955254,2.1919200929374374,-0.20394339020276955,-0.12237050909627138,0.016513027914116622,-0.8656856669392374,-0.46883182867633494,-0.7737635171855995,0.6660352634278849,-0.6168981327839961,0.41691161639174906,1.4148855910513771,0.7319690024098333,0.04088139533903217,-0.11705390941289427,-1.4245980262279103,0.514664637464366,1.327163025688004,1
0.4739923982368401,0.7864250966940286,-0.5560421030707536,-0.4843656363162409,0.3043508318136012,1.3569436707438423,0.48212569916972314,0.04267731192948722,0.48610643602069326,-0.001204718456662128,0.8430681163237878,0.6043018056212959,0.022434906427010185,1.6100123560119304,-0.20681250849787639,-0.9901865146611483,2.2713929744621515,0.13177049152411813,-0.5355290603049433,-0.09048828375560077,-0.33904755701914085,-0.06400695299611821,0.5418984168347419,-1.2087025831784224,1.2043929457564255,-0.0348661163964965,-0.458394930606166,0.47029252391268334,-0.35229066340846943,0.19474537593648364,-0.45699523751876864,0.6698336331623835,0.08476985454706276,2.63176797360415,-0.02034782800530478,0.4199357936575151,1.9974444185994478,2.6269321673292914,0.5571674620542809,1.2652968410375367,0.1989777759414204,0.22422490067990924,0.16483470657300384,1.555420809060804,-0.6285545189818248,-0.10577857702850198,-1.7396121915679366,-0.2853496710435928,0.7976484891738304,0.47553149993827043,0.9199019229880055,0.6938251513077694,-0.20514193091159036,-0.37583376829003273,-1.1629483143622301,0.17899151062880864,-1.7760517504901774,1.2034565261281356,-1.8299488472876255,-1.8376370901793289,-1.1276965011488127,-0.49320985661342004,-0.8309294020087091,0.2288860081095959,-0.050573256152849806,1.449005727136888,0.4223843376016507,-1.3619442647431237,0.6527889807035144,0.08741429668870916,-0.8783911072582131,1
0.35170489861334103,0.8203940421274573,0.4425185126277155,-1.2394781891931523,-0.10226653724402571,-0.8973223085238715,-0.277025493799865,-0.4468546720302154,-1.0496398173841013,-0.27173714546186406,0.46887944543289195,-0.0003701703988388336,1.1383550944673497,-0.23289723479166222,-0.28347149815328987,-1.5824031092733117,0.10886356131701394,-0.8404156475637075,1.0368884217908292,0.7351369286347481,0.8580898403421756,-0.5501009095580075,1.1326773858174046,0.9867745478046827,-0.5702383394360898,0.28274832929581134,0.037539135738880715,0.214996214550036,-0.39523496844419803,-0.8872848968538469,-0.3278140833001447,-0.8207908668795029,-0.21739269433444597,1.3173521212012642,-0.07064556087733014,-0.9969316486020163,-0.5691992743108928,-0.3536991587902886,1.2752767710900335,1.4654038180109477,1.3689398087957827,-0.3069522750245576,-0.24636593906367021,-0.18580019738105244,-0.3954929042460466,0.907105372451096,0.5807217205202102,0.2632658874729417,1.2514482284066673,0.6977011500163173,-1.5765484151952778,0.4025829286954023,-1.8052907068547486,-0.5999990885958202,1.7441606526887812,-0.3690399478769,0.4717066565232846,-2.44352930355065,-0.2835802777013573,-0.011875275778282743,0.07904807217552347,-0.32315314271819673,0.4918057893804388,1.3539936304406173,-0.08703871036242332,0.2711926090162773,-0.8433308155716965,0.32066589052643574,0.49876396133756895,0.09616115523337324,-0.3916697851722812,0
-0.8201341914722353,-1.186158972038142,-1.0074510750598153,1.5948033625738163,1.5595307587732912,0.8916865614357186,-0.3654660458250331,-1.5360825201499233,0.6190207137025765,-0.6623609339701352,1.4952836978993524,0.814121859229005,1.0242939495407688,-0.020490223597235707,-1.0114198119377649,-1.1545516248483843,0.7107787031183483,0.2873033737238031,-0.01660156486761169,0.8105699577787393,0.8312845966476465,1.6187491386982218,-1.0435390836677305,-0.46211939262088325,-0.9607362922924838,0.47407577173252596,0.20569874421861398,-1.1910403185393983,-0.6574216188714267,-0.636129774001252,0.12729151449166212,0.8596352341586909,-0.004352177138601504,0.36819146457799007,0.4628723649011088,0.14868312417154955,1.083528921634358,-0.7962333676334835,-0.40941462312817295,-0.6486342558344121,0.6508834966124823,0.0032814173703453317,1.6049419916443817,-0.08895980630972952,-2.3187969454561,0.2029973085358376,-0.1898489612821654,1.0565340584328573,0.36213211658774846,1.3951914199508828,-1.401064371098207,-0.12652713676687655,-0.7480839951553746,-1.201100816147132,1.1421242841271368,1.6599108992608245,0.21672241104515885,-1.7613250262620201,-0.1821169106195084,0.9733319841226266,-1.586052066260647,0.5604376362270072,-0.8820511343648861,0.02458201567633575,-1.21192394163005,1.3573088662555688,2.27682428936869,0.2795823196704088,1.4356269516669784,0.4641027079593732,0.035458443861416875,0
-0.4809792124349227,1.7196731962757568,0.16942097264016234,-1.865012417132194,0.018013876324609452,1.2582344314774572,-0.09752140823258443,-0.49152256470765093,0.8345813892972987,-0.22862955943128097,0.9833103806344355,-0.9113804465472309,0.7841863218282338,0.9152958397184678,0.1940830412452897,-0.7837965320936826,0.9871027746711659,0.7789102244229735,2.480134481466567,-0.001927942652670843,0.5853448380629105,0.8134913712938325,0.966027746291134,1.3588884763942968,0.8583660441675856,0.41991883080261366,0.8168415507528564,2.2882315287224513,-0.6425457558168635,0.9909407485633793,-1.9835441406022127,0.5320829896843993,-1.5637987471328219,-0.07209786332494246,-0.3026959290112293,0.39180515052417614,0.8455010833921137,0.09753585031260041,-0.3600660823032813,-0.04241002828705128,-0.6276239168817683,-0.6502832905135563,-1.6083436647595735,0.43862588070384134,1.0290546396110405,-0.14304896621501806,-0.6961352095239359,2.139938955300968,-0.7920261383989949,0.8631672945697946,-1.0884088850034899,-0.22714494713670283,-2.347635043060067,0.8785489564649769,-0.8650198076604465,1.309895581287831,-0.1863041859790403,0.2250230128505138,0.6269149996856603,1.425653811763025,-0.4975684709099738,-0.2986132478541303,-1.954425256978949,-0.3541408421718719,-1.141238085386742,0.9762173289618016,2.096193423826596,0.6722095442602131,1.1029588661416603,0.9591685813349773,-1.3944145187924821,0
-1.3262666728835855,-0.7553828656345402,-0.7391181212451003,-0.31906164609608967,-0.3819465785051721,0.9935692199681682,0.8709711020756813,-0.4817666978038573,1.5442669018838129,1.2561060326859026,-1.9484769427579969,0.5163146116176521,1.1650178675156253,-0.2785771301489223,0.6112522108034331,-0.6864492679481713,-0.3217900830266498,-0.01740161289114616,-0.9895505701183862,-1.4838530813332627,0.21398036717077945,-0.805368991420599,0.6219213596345202,1.163270438855847,-0.5424058379256043,-1.4944178411776536,-0.32456973176755943,-0.32286732415056285,0.05180713184357691,1.8057863354707062,1.5019824129356498,-0.7489578610699646,-0.620167612741879,-1.1862227799597302,-0.37141200219101733,1.97762828717738,0.38488723894908144,1.1977170054539752,-0.054297267477199485,0.8117189477799619,0.009028624805421104,-0.7328420681559905,0.42983835931205594,-0.5593742879889728,-0.769243495608844,-0.3773621574527432,0.3915233463491058,1.3603746681720625,0.01013525781243831,0.9075773628550426,0.6142144393049646,-2.625125331270538,-1.6783200966245475,-0.4504140817170185,1.6695073337152755,1.3300853572620392,-0.6867834818261844,2.1186246084043767,0.4531683599184699,0.1216551662849671,-0.502099328012476,0.9240143084593696,0.1487175310549471,0.848246097067627,0.5275973219039054,0.7855692569867266,-1.1172131451275362,-1.3775577469167368,0.49325539759078146,0.49083785993395834,-0.6130577831465711,1
-0.8320761407739808,-0.07515068568502646,0.4994848107711318,1.912391967631867,1.400273710991434,0.21821704476834794,0.09826003621964972,-1.2234082005714852,-0.6703618311602257,-0.8297423274030609,-1.3735956044208784,-0.5376369818422029,1.2305068404718726,0.48917972018677497,-0.30058724732182807,1.4185534937340447,0.20290289192393354,0.5541163785867519,0.3438452103809796,0.28464322363369293,2.1359231831734786,-1.3444469069824214,-0.30067520714124524,-2.2626721590281162,-1.3486976334125076,-1.2870393368398958,-0.3644233741416135,2.3010813531816083,-0.771824523568566,-1.3912342605226233,-0.394860377864242,1.9136956725580745,-0.6187880588673779,1.3320370338484637,0.9056318965254759,0.7279515842340807,-0.92587101427185,-1.4374427023583454,0.3715850557262682,-0.773242166394861,0.5625788433090022,0.1334910050787513,1.381983571534813,-0.2889416595895901,-0.7061814613252414,1.5066396637350148,0.29054291217906053,-1.0551569469871669,0.6143777120758404,1.3008837139976077,2.3556968663082993,-0.2856824214597,0.6500558249062425,1.5481043028698893,-1.7103099767038819,0.4363446877742377,-0.6015008297189314,0.5003003520838878,-0.5085762074931225,-0.11140089131860786,0.06357643811057082,2.2692998347211653,0.9741971066697878,0.7960175801872414,-1.4792246273964222,1.9401196268824834,0.3835256883154691,0.5126316391531301,-1.5212695420054236,-0.7095035644232643,-1.1085214930591634,1
0.38236988924992943,-2.025311550490602,0.08569530492090646,0.9078150474985852,1.7242609952163164,-0.3729331353760034,-0.6228735270453543,-0.03606748826698061,-0.7793694232364218,-0.9667047177215866,-0.8179595234467771,0.9514824834599661,0.9110829515407334,-1.3593226600409736,-0.3418374391239467,1.434059185035876,0.477048402788953,0.6167695078211607,-1.465564638784668,0.1493947210673972,-1.5772426384605038,0.6402719522604685,-0.661716626471122,-0.44916168343068125,2.1335627614489,0.07619307957495511,-0.7229694108591233,-1.5117909429572964,0.14905890070855451,-0.2274228319626426,1.6035021116155777,0.2290493842398996,1.2845600773381558,1.512356968341207,-1.3190327039669478,-1.274749673194636,0.9817311570710819,-0.12463121217224148,-1.016350584598079,-0.710479196568982,1.0831191047033413,-0.760826795028206,0.28412843857051673,-0.8404372079207324,-1.9101362853194488,0.2485164046823292,1.9958605655273853,0.10809606407608832,0.9069209895972122,-0.07631818052433749,-0.12924762602927647,-0.5644147561320078,1.0628634352934745,1.8915285288765544,-0.02362288687454154,-0.8610856499486604,1.1618244359927377,-0.36512866874876904,0.23851488444978564,1.4940431951554782,0.23404311742727704,1.9568660810036331,1.3021393890029955,-0.8984831287631801,0.9884795770375888,0.8391075069644018,-1.3678850601992951,-0.457352094299945,0.3545318604091837,1.718422716672282,-1.2912730818517015,1
0.08491227239759726,-1.2088428743380615,-0.5395230489769092,-0.6576262776599654,-1.3245103028963876,-0.2552289470893648,-0.6763734253744932,1.2146427364081587,0.5097620529501311,-1.769157572074848,0.3080855878824539,0.4499017610501226,0.8628507240453223,0.30382116997109776,-2.4879125997335665,2.1047570922480645,0.6865627721527193,0.09260771201337703,0.7090763059934299,1.0922914227916847,-1.0160942970376854,0.6016578224363075,-0.3894217212797992,0.11940432221950026,-0.3536777702617851,-0.24210328502737485,0.8088598870468935,-1.001672277651532,-0.7027328403107098,-0.316519138623296,0.10199342055632576,0.0873402688325052,1.104930030138166,-0.25691517031253286,1.3257204368423436,0.8260867523638539,1.2629584885760565,-0.34218422527054776,-1.5696984829774516,-0.815979058365714,0.6435396221480966,0.4627487106451603,-0.17628735915807933,-0.43932909304548606,1.094684837147297,-1.3376633023177316,-0.7656389088762089,0.9559608639773414,0.7886633305141594,1.1064814465214206,0.9787331950784214,0.4878008345537013,0.5187861010022562,-1.212006111552994,0.617331509320459,1.5538493062673113,0.3608265520121023,-0.652579288150373,0.06418712411709117,-1.0881703235929252,0.2497242408226649,-1.0079845354255574,0.350643990619068,1.1452816464397682,-2.2572430845840668,1.4062553123319537,1.34472805431943,0.7774740033030009,0.2638565971924342,-0.582202286114181,-1.042634559743429,1
0.3651775530141062,1.0868308560019617,0.6850360423366512,-1.8652751730137762,-0.6634966023526454,-0.7076382124114635,-1.6605352444390138,2.5013004058109045,0.8446043240143167,0.17386463573016073,0.12333087106563169,-0.36219001841049825,-1.1324882953597717,0.2717496222413058,1.081094775177027,-0.6746712273571026,0.7518186882854603,0.297200355047714,0.6009434960370212,1.1166609863258055,-0.4519935341736089,-1.5657026082407246,0.8232941788638564,0.8704446619012683,1.2474467265952032,0.549918165517824,0.1769522948282023,-1.088605790626602,1.2910437607660832,1.7079787436084604,1.2437255526188886,-0.7367298836219363,0.16256211007158278,-1.010568429266099,0.20202784037089955,0.1798250148708048,-0.3216024247057928,0.7970938355573112,0.8823669768848535,2.218886818460168,-1.6145862905361066,0.4629433395257575,-0.3900791902179447,0.3354222365105642,1.1196440463719803,1.5017378308421117,-0.3535133626324136,-0.9796080305533722,-0.08299731160715818,1.1194563192156533,0.22470247530714527,-0.30840488325431653,-1.1176269677464248,-0.3493052292902837,1.3763019530641518,0.47255101850144354,-1.8455155511928445,0.22843816975537715,-1.0594305743977321,-0.0016498036972518958,0.830055442426826,-0.05638018437354371,1.0123997359340586,0.09158684594551218,0.8390939485070998,0.469142693582666,-1.3513945675865904,-2.2943244115267643,-0.5394126184138822,-0.04503388498953209,0.24176704008723834,0
0.41055427546848267,0.9316679498814558,-0.05055708981245732,-0.947450068769369,0.17734970128782251,-0.4967545103059614,0.5876758143339175,-0.17291442073798224,-1.3673111609296542,-0.6559563428380952,0.8854411757126693,1.587366261135006,2.1295210666625186,-0.3444678081098866,-0.25611020481501157,-0.24723561688826196,0.3427493434258702,-0.8091008207571523,0.40869063022409285,-0.5538106553586005,1.312140307416794,1.0754080953949938,-0.18388712308486382,0.8700426199793972,1.8934320326845988,-2.1931122444175846,-0.4007887905914748,-0.07765344270768197,-0.7335023284060317,-1.175720129180528,0.03400359594957632,-0.8818166190503892,-1.769799637716282,1.2857864959172896,-1.5324566576289864,1.39809138850841,-0.1347690983630626,-0.7220713846710873,0.4660194731352155,1.5197018440225647,-0.27847667152501243,0.4638304446791377,0.13399957739004542,-0.6771833565855031,-0.8834793213634746,0.11212179044160485,1.0461976676477192,-0.6960851232724861,-1.2040053627290583,0.9477168109306318,-0.9088458659908282,1.4008624632291382,0.8791196108059965,0.5462431884103877,1.1489548240226102,-2.405564163584166,-0.4388975013347515,0.0932283060118685,-1.5186992063914102,-0.9868036362300069,-0.8576665900044805,-0.3715069143457557,-0.7689707065580026,-0.34633561817692393,0.4947716331652722,-1.1503397605239811,-0.8322690540382043,0.35622743892176484,1.571931798044101,1.35046412916918,-0.5085373494118013,1
-1.2959923341690838,1.6199945823479238,1.4828893838621364,1.278811026354432,1.9533245814121838,0.5980776181997024,0.42131893432093376,0.11724973209211692,-1.7343023704698597,1.2400064772122685,0.1549349192736478,-0.36953608366254864,0.06870465270103698,1.015678546870815,1.613884439535011,0.6152020122540932,0.937218962684587,-1.714610657800666,0.9143229178019435,1.361641923725543,1.0000622672340442,1.0045898011998677,-0.7960542870848365,-2.108170436164495,-1.434801662090124,-1.2237368562174697,0.49574571779944937,-0.490712456653692,0.34011096670090624,-0.852480200878028,-0.4600906987790347,-0.0709538085992731,-0.6294467769994132,2.639100783549815,1.845115737368234,0.41556691796532197,0.25898184224876614,1.0841344839771623,1.5638982373740682,0.6472521117034481,-0.5693237879381581,0.0038267625492268997,2.986042967670848,0.4862452756191693,-1.8529047928664764,1.616958678604247,1.6142266508316927,0.9295568680050782,-0.3499682161131321,0.17025531631339047,-0.5471381002606946,-0.420270442513854,0.4055038670854065,-0.027371272052559122,-0.3126254730166005,1.3650196056782085,-1.5490637891727446,0.7588057901411674,-0.003738933692509886,0.4842307925546996,1.570427406669811,-0.2751767584541534,-0.0872527812487239,-0.3350252163192394,1.4964762092270976,0.2888057507090633,1.583617091686181,0.40179278922409173,0.9205975034879779,-0.11077325904930406,-0.2682914011270655,0
-0.724905145108658,-1.1051230305762456,0.5890743589746356,1.707657530575132,0.8631944463531813,0.2916143614129914,-0.7482316287749556,1.7456620817976043,1.0685976097278496,-1.027338063837179,0.6210058009757041,1.2995406710356399,-0.21516191620107883,1.5964803160020633,-0.027989306813370547,-0.6902495803437918,-0.7809994068964605,0.24414759364681163,-2.3911558163401505,-0.15718108906260156,0.630827878742734,1.2534799465516535,-0.25801135113919915,-0.6238591623722038,1.9535872100725749,1.6358018014756894,0.5938063808199565,1.2526231279025624,-0.24156586805522867,-1.4701625094230253,0.6155971419391145,-0.3675976110295843,-0.7327500722868945,0.7817038218441873,-2.1185879648439863,-0.7513232706577428,-0.4009480626458776,-0.4765244178857127,-0.031573312912841045,0.15625816627407058,-0.7455433324406231,0.40990309587419516,-2.2240756338842225,-1.1337158372532368,0.2086321218023617,0.7817461186669841,0.10823125451148337,-0.9967858144733914,0.5948647966965606,-1.4368690605595473,-1.6268791148816693,-0.7284057305571068,-0.2628128478435002,2.374208812442112,-0.004563097374527813,-1.0966691019435384,0.13877578194526657,0.1576619230363007,0.665091083384064,0.663204888867999,-0.8864967484635791,2.3628935345173843,0.7248504432644213,0.5903878366500905,1.2704259825341202,2.0104527638335044,0.6634503148910782,-2.3464129792938886,-0.40445060562929835,0.7291357676236468,-0.1817696477518309,1
-0.6399724272202217,-2.3655966611307373,1.4136189187931643,0.4697997299657618,-1.083117976708038,0.5414769279194421,0.22577080907405142,1.3066646960779742,0.7311202808014122,-0.09952381901221073,-0.08590841540612017,0.8250503023918994,0.29660469738911077,-1.37381355121687,-0.7836745825919935,0.9690401133982814,-0.2072018781741765,0.2647972298559268,0.16820113046549529,-0.8250048854698321,-1.6112217667086648,-0.06666343728717837,2.1560852299995723,-0.34507022351313815,-0.3465509482634118,-0.40125583781402385,1.13041530105769,-0.9415997504730249,0.2979543853455975,0.46022780390772733,-0.3140989302285512,-1.008767345537721,0.4462219138120836,-0.7524786043505084,-0.4381026206758395,-1.6335933459410983,0.9644448032217988,0.9780868546700149,-2.5093179161698367,0.6195537552448612,-1.219950177203205,0.7176270019363115,0.6640165603340156,0.9063413200605177,1.1643637927974781,2.353653694364532,0.76295685155312,-1.7153474789890288,0.19678690881386854,-0.13455063532799635,-2.3874014180998837,0.28399230645486806,1.1571400077108291,-0.3426550881171916,1.4291585000709393,0.2794659541770736,1.253276459691141,0.6328939858255033,-0.4539879016598149,1.5193242468508599,0.7045083952184034,0.07539804892570316,-0.5486161992377566,-0.37382811945998,-1.8361147314282424,0.21360415802202773,-0.3729426363131964,-0.4474704822418473,-0.23423838947636266,-0.6881564815912214,-0.2228423504512587,1
-0.4205807257718381,-0.41533329836730803,-0.15742721886246197,-1.28096744282188,-1.138257376963483,0.5182670781736131,-1.1797957033256334,1.514797174867762,1.0759257687639037,-0.6818445015617917,0.023408973610170136,0.0008915013273036677,0.6231135744174191,1.4922375137325126,-0.7489315547320985,0.1849571097778042,1.9948281861304402,0.3616056481118074,0.31827083373368825,0.38435952303835325,-1.9301551339812184,0.9274688142124314,0.5224260944734045,-0.49036062275144654,-0.5761293953263216,0.46872754145588896,0.04455012288858865,-1.4460373827176665,-1.1476127031397505,-0.04006017036134013,-0.9253981536340201,-0.3979652965579066,-0.07833520885721906,-0.7520235213342873,1.8702454911703932,2.0203976904392924,-0.127414077955855,0.45120869639031624,-1.381583459648656,0.9007173238957307,-0.34321171925689503,-0.47314845797049315,-1.078315529245295,0.13485938221285496,0.27885408330576217,-0.2840136329879593,-1.5311518483828999,0.4725249473198106,-0.860380216218094,0.3978383703116508,-0.7416222940968454,1.5188496632356048,0.2530441968432772,-0.853120328037285,0.16388765929432964,1.40664617877281,-1.7143649238129104,-0.5803055957795821,-1.7166296306139373,-1.4768362684461336,0.03879369080120892,0.3341262526389736,0.25981619924181465,0.9450465937882953,-0.24264083163333736,1.1839716754682006,1.6449730045668314,0.002286212124287838,-1.7976278437787576,0.7687263987480342,-0.6985930007506355,1
1.017295602122991,-1.438965607665559,0.6410011352509164,-1.0891066796858613,-0.0408713555344106,-0.6661781884007111,0.22084309410837147,-1.8096321046114725,-0.43331021194205616,-1.1595065723286513,0.717872804025604,1.228433757017309,0.2613779349795243,-1.0050286817123402,-0.6438130035640495,1.1485080652735342,0.009326819132038089,-1.5592052618240224,1.1295892137047412,-1.5613369991041641,0.7490216298974374,0.10034445976357988,-0.956662397608726,0.8245275335130496,-0.38001539915243326,-0.3814862660645304,-0.3064132120304497,-1.1102451195648504,0.5851334747390737,1.1664767819658617,-1.758518812029277,-1.1983729531916791,1.1331467511553466,0.27232466866113875,-1.3903176227387257,0.43928964095349515,0.71306542411752,0.9250111210240891,-0.9243266287636767,0.22261448204636888,-1.4105105797658624,1.5776199933823805,0.6038905545793962,-1.0041752452913797,0.9481580428979725,0.22491503576829594,0.1671907409217645,-2.471841424321279,1.7857499121004985,0.5285991372303078,-0.7395848394208263,0.9498986609187224,-0.8489817006216717,-1.3575958925857452,-1.2372233521260634,0.20344594961467816,0.4658231020466752,-0.6233529751199895,0.7552972047997354,1.9583481975556978,-0.8323226315684118,0.7282418976837344,-0.9277042253452167,-0.006750532199601542,-1.3282049618098775,0.3367043036127112,0.6700433222818235,0.03944816705063061,0.26413666363425653,-1.4032159119133318,-0.5254215479352115,1
0.7477516553730551,-0.8206002770279398,-1.3064942842858074,-0.924718611214589,-0.76720483642152,0.9909198089790817,-1.1839782253033273,0.9388767842839032,-1.2609196167082062,0.1518533598722428,3.8108856677782845,0.3981388718557701,-0.8530090074132674,-0.23810007442963255,0.45492675298315083,1.0614253056806795,-0.7789036300193742,0.766504189907986,0.1742265421989228,0.2982335461974098,-1.160231833663343,0.20023660725433726,-0.5876291713888373,0.753578905345968,-0.3096081455944544,0.9737304641928298,-1.1422588952934343,0.9626987437094283,-2.140879310610795,-0.0097653184510316,-0.6258093878125098,-0.17455881389743594,-1.6438800297126819,1.0527771621857307,-1.1377203569818894,0.3488411386472649,0.27876980159714865,0.22507076203284507,-0.27878248289146357,1.2290931731520267,-0.158769038982009,1.2990953146900184,0.6081057444090819,2.233864019860078,0.7621229774192201,0.19594638141776313,-2.2854996735868442,0.8118429912175853,-0.5775206132355971,-1.570522436819468,0.9586055590973322,1.3897868070137804,-0.7630163916080587,-1.8471923616827242,0.5369880440804373,-0.6322916921773126,-0.6619410784609447,-0.2639003114894219,-0.671457546052109,-0.27636360710430086,-1.9597766431249422,1.207265328975275,-0.06382132463713922,-0.6609368120977208,-1.5574642710510678,0.8588065645783226,0.17416548929995845,-1.1722461584771782,0.6228753812724059,-0.28055386227490836,-0.5027497057488484,1
-0.006309779326670036,-0.9946470218432972,1.3092172507207576,1.1155686264332993,0.18149320131200825,0.7426087389390315,0.5742247725918381,0.5099294939392415,-0.5568789139541962,0.5070214042771417,-1.7415414561751226,-0.164160682631699,0.4817157556960502,0.872423490095669,-0.38012706181896655,0.0015564240997765085,-0.5936549900855328,0.14038149729305627,-0.0771675496121492,-0.23918039868495258,1.931854662213881,-2.1716229471831356,-1.0207648702658207,0.5406174416353713,-1.5852273897795741,-0.6589775384624674,0.7560144152036798,0.25246768360275496,-0.22961206673390458,-1.7030038258721858,-0.19248415098708085,0.9089271021339721,-0.4227780865214238,0.7876714509126495,0.10091662484800407,0.21884777176092107,-0.8669671618128829,0.1314476100958083,-0.37586708718942813,-1.2645217997508038,0.7668219800999215,0.32486125548350503,0.5021640051297732,-0.12060514064621258,0.3990995494872459,1.2573633808480715,0.9000096145140549,-3.537239835388008,-0.36689527521335924,0.7590261554903689,0.7098230246606686,1.9741565603306908,-1.0844991185838284,0.5443292846682517,2.1340365200432525,-0.14746407210913887,-0.13794277342359257,-1.0771992623834261,-1.1077424810481218,0.7895151736528518,0.3568790595293157,0.7915941434214835,1.430371746868306,0.14869645868797826,-0.7649909200157751,-0.5048382864177481,-0.6813711462672104,0.5971650553880165,-2.0217814014660105,0.25230150735611523,-0.5962128167634303,1
-1.0048374242791016,-1.3908154600920983,0.8918387572837324,0.3097649666228163,1.9192657832489175,-1.6021997220209339,-1.8342180272846387,0.7586078304751657,-1.6074752846504845,0.49108016548956696,-0.2553970338255479,1.7097644162088201,0.966449106468305,0.8903376573824794,0.5616178786367911,-2.0952712524935997,-1.762886895566713,1.1968930447537236,-0.4931380065794729,1.1698484699151535,1.242379511558767,-0.6413118365957021,1.4766660515069077,1.4766782594924415,-0.21111388537535064,0.4854720957183506,1.0905211021643466,-1.917596693283459,-1.1540681402168123,0.019381749002901794,0.7587842159740654,-1.1187888303279616,0.9632541225205451,-0.6027819635129407,-0.5589241054501491,-0.8498278072413337,0.33722230679230736,-0.9608814532746321,-1.2081298919420094,-0.6373260027406216,0.3041450960400568,-2.932536976010444,-1.0793144276864592,1.74585267335007,-0.6142793279570533,-0.07213380164903728,-0.71605174083892,0.03288120594556918,-1.289718419543906,0.8327488468802178,0.10327185049430763,2.8003187776231906,0.48169536293349285,0.28088724466066645,-1.993891055196258,2.098453394727142,-0.6132666612736689,-1.157240587640116,-0.5702989441091233,2.842547278529819,-1.0240586344542475,1.1914198844244792,0.07236963960199387,1.0249287748872813,-2.032090585267851,-1.0773674173305485,-0.2732774915819358,-0.4223192925456135,0.7963876798541019,-0.40115252971390497,0.3347061266288906,0
-0.2846777180093971,0.04375088080723235,-0.8956954608902404,0.603127822004141,1.5694409997915288,-0.18302385836449395,2.44212977489571,-2.199452282469791,0.8138628520937079,0.08620220112693885,-1.7140885199550502,0.34559326227709897,2.4466107195754554,0.33985973259141666,1.2928006036202762,-1.0635279509537754,-0.3231958207204788,-0.5977994346143368,-0.3338691096641074,-1.4491674599394857,-1.1716217245556106,0.4109006282520319,0.8005065183976335,0.6050149424156301,0.038044571441686784,0.5980376750924036,0.26369948878096233,0.023865392520774922,2.210597288304634,0.5952626946269651,-0.372045135548585,0.6283735228997521,1.238764644067694,1.5896190856473598,-0.19990335737604376,-0.9415392988049806,0.031137517016013853,-0.6771937743851517,-1.1866755798583293,-0.1060503586255235,-0.6699576976322237,-0.7468323307232754,1.3564000465843649,-1.3159737159393787,-0.30035353509804663,1.5990858070229745,0.2674954227047734,-1.4101544512663717,1.3551218760869934,0.8554021322100628,-1.1155910098575634,0.05258939266179616,1.7662173465305253,0.5881353641106478,-1.3094523837468783,-0.3055029743593766,0.20287904961883022,-0.09082802534993414,-0.04281622818659086,0.5397415213072235,-1.0421118201654085,1.1092667240932486,-1.5209895106153961,0.557299004159019,-1.1541556936578028,2.8240844290097686,-1.2403023792310413,0.9256120473305082,0.623203995941118,1.135383789232849,0.8638446941994878,1
0.7954795408107695,0.24056476898248616,-0.5787422375545804,0.15313950634432794,-1.3260916487015493,-0.33357759560190847,0.5452963326487138,-1.3017999219573286,0.2684176209044496,1.3612219749211691,0.6500596886479593,-0.9886827591902617,0.6056798910339417,0.5416867406064859,-0.26253851190855043,0.3325834922842934,-0.985839387211951,1.3731291756855062,-1.5980877873826007,-0.2421991698817707,-0.6219175720939416,1.176620892762129,-0.8036754580774219,-1.2073580277688891,-0.7405873695955384,-2.012128044539338,0.494007196457557,-0.6501948344464373,-0.2542619540326331,0.03279020459062901,-1.9956113008211362,-0.01769538341716326,-0.4740722895501333,-1.2496979669884043,-0.3734038477866119,-1.6094517178406873,-0.5065735787112048,-1.4103354317528531,1.27415874194369,0.39012745273808086,0.7828440069745913,0.08925824824181958,-0.3923881691267144,0.21805187735780257,0.9756293908020238,-1.3340833048198486,-1.8193379223847577,-0.39618349594141417,0.3852414360075157,-0.00030419080710560243,-0.4770727777365287,-0.6015803079149077,0.427777572252181,-1.184206989764158,-1.4299787147273149,-0.0914483443608936,-0.9088917081480232,1.2688602074065414,-0.10381918591127874,-0.5049841602868868,-0.5649413877392951,-0.9779761025501312,0.6429918482085797,-0.646912726300404,-1.03744965866774,-2.1996837470582618,-1.3351492645832572,2.1294974092206194,1.2676778195998117,0.16869149616109483,0.5957324161522604,1
0.9504425263393522,-0.33502986362593196,-0.9447091928489467,-0.43432708912734336,0.08214562737347955,0.10180908440152864,0.06029840056991968,-0.7345311676391851,-0.00875627566506323,2.074307988603848,0.19518835549011102,1.489671553986342,1.6697057307207734,-0.8138982007086216,1.3932297706035033,1.4539053533112494,1.5666759594018083,-0.5772201085492193,0.1240564662409879,-1.2463922280413784,-0.7134676726361122,-1.1311316930979987,0.4776386930876624,-2.74671926717582,0.00696683724945671,-1.931483134256712,-0.6131782541204567,1.301030605592516,-0.3608882002292486,1.7681506165822762,-0.7475967884211674,1.632347564374831,1.3238117915654435,-1.1204274000973447,0.6797855912893719,-0.0978038484502685,-1.4275375011344704,-1.1112383180983576,0.4103214191918421,0.9692213677474912,0.8503451985536224,-1.9149065528698639,-0.6520106817247743,-0.5404745429201825,-0.06883161204940212,1.1712753646333123,0.6128212141964616,1.4010182435920737,-0.6354143785279177,0.10062760230743054,1.9474877623510085,-0.7060971597687131,1.3952391185475805,-0.2230235361648105,0.08156638583070341,0.6786632612149794,-0.39440492531416915,2.799806465689389,-1.8607215443914584,-0.9470356354140537,-1.3394408351037634,0.41249232973800964,-1.5445997054972738,-0.8533293335794786,0.5582548762633169,-0.6100514455314089,0.29918621308870114,-0.10085878563809114,-0.599340068937266,-0.9389122487494372,-0.573444596610949,1
-0.8464644407485145,-0.5800493966041477,-0.463215666642698,-1.5728742076513773,-0.4515243463853522,2.2889640478988684,-0.39482680741623205,1.3647017878840857,-0.30215508383890805,2.484063963896556,0.4632560168200643,-1.8917288554274585,0.009013613213033443,-1.2690514137516358,1.285134591544197,-1.4106367220167308,-1.3391793377746488,-1.1706160517332518,-1.8143552506268736,-0.29087499772705677,0.9091498505228506,-0.6463077126277491,-0.8448842915506626,0.9382898106693095,-0.4578893655810208,-1.8182448553671562,-2.1070845438383157,1.4899924388027217,0.4896255039538655,0.1727992022492526,0.893892533456184,0.22424335371004692,-0.6826161576282114,0.6625000360157826,0.019944949527881794,0.3463734305262337,-1.6759376999549136,1.28189897616056,0.3709040867521271,-0.40046605824999626,0.2361200657917936,-0.5051153785894823,-2.294059353214653,-0.7228164931336735,1.3204870396403547,0.9298663645972647,-0.7452189619791056,1.5670004115020846,-0.06069312404230006,-0.6026388947211289,0.0005705018965580131,-0.4799112466710783,-0.6348350001913786,-0.49794022731856885,0.022007664472924997,0.33033515337273556,0.6983943610820946,0.1674378333454995,1.508004753395203,-1.134155356177115,-1.706806806502984,-1.6707038326718258,0.22596173296042596,-0.7725406772462041,0.7729889632407514,-0.4368009127588052,0.3519797268884723,-0.26476973257199266,-1.1547231476644262,1.1087332441057132,2.2234319611706823,0
-1.3673243357450735,-0.4382401601438987,0.03747760966679365,1.7823337023595651,-0.10867809594451437,-0.5411519798465636,0.15014596804007108,-0.13037790601353194,-0.24006263720688684,-0.7601699690623069,0.4001250199589955,1.3012392293241863,0.22603083680577749,-1.1506036070644536,0.23672004925383308,-1.0021568660701148,-0.18956163580947014,-0.059589820350165565,-0.10646535825390532,-1.2903061767715178,0.47173947328502136,-0.7149177147658152,1.913069979299509,0.9888093180383066,-0.29459476103920007,0.7621310172316255,0.09398547098663516,0.09562890003138518,0.8376210689601858,-2.507302255370553,-1.5762666152706073,-1.257537141951049,-0.7930986267660985,0.12440824473335449,-3.0557140072675515,-2.601778873686251,1.641786376500355,0.6510556040704574,-0.3546266572850614,0.4689664021371421,-0.08964437222841981,0.8551792971477188,0.9038875783146532,-1.5049942156865734,-2.1173483586719026,1.3313476387696588,1.1848165940067574,-0.8500520710104248,0.5311237955552897,-1.4542828824670566,-2.181972516214258,-0.2223500458164489,1.4694143735282204,0.10021340795363083,-0.12446475479807972,-0.4697932471015861,2.341960901130341,-0.2445678908195987,0.44243041308273506,1.54232817896555,0.5943455980992619,2.0745232937131335,-1.1113975995730843,-0.42902928569741905,-0.39188281883905957,-0.1671193635441045,-0.504433019073626,-0.5592847328642288,1.058818391260599,0.13298394344270598,-0.10539334726357792,1
-0.1886683002846458,0.6822060745525276,0.3623829618473813,-0.29079024427299827,-0.1423108077038357,2.215247531082644,-0.3075255786328111,-0.8996241154829552,0.06765716483371559,1.2460108523511202,-1.028359766854867,0.39224578121709314,0.4892768810258333,1.563490258456757,-0.074733124601894,-1.0804071553067802,-0.9802122504922033,0.48842010450958195,-0.14931200691139623,-0.6011680775719864,0.2514794156584866,-1.1924290418922583,1.1667501616733724,-0.49471408430869407,-0.4627223270214054,-0.9561153513007326,-0.36222423411524274,1.4464611668829523,-1.000225466093595,-0.2822634005189187,-0.20972690749268488,1.2409166265143368,-0.931535377936427,-1.5555252960439998,0.9966720957673715,2.7603298255571125,-2.8909445751772895,0.19230683464997367,1.0239556611721836,0.7954565567726716,0.4800964388025475,-0.28461944095377567,-0.0886644402419437,-1.4950693147097174,0.8529500658706091,1.2608477766363473,0.041440373350755885,-1.197545002277581,0.2771835922549044,-0.6688356148807817,1.1220517827332854,-1.2301004674043423,-1.0197349631098391,0.6178714303951336,-0.8118852270063657,0.34493639208967997,-0.5085360137072747,0.12708298742930565,0.7045498538675457,-0.242321275556319,-0.18268952963172233,0.3364074644073902,0.5875335936610147,1.3588008346524407,0.410421682491037,-0.09479022336966847,0.8688264652121174,0.04419756383082155,-2.3693132702142523,0.47634490823024145,-0.8330736741960408,1
-0.050671292291967734,0.3739950840860019,0.7396205642780235,1.2092810712395183,1.2520861933098848,0.833170542541703,-0.009307427162487189,-1.3242264953135081,0.7322269476688453,-0.8908027123715588,0.10802533477038756,-0.12517588941097166,1.1071864645593128,0.4633630972896868,-1.7197094157771478,0.4293779060496942,-0.2512897645327766,-0.26868429145914297,0.11741066901420565,-0.025792346461653133,0.12344108628929568,2.794099828400551,-1.2879446610350684,-0.37200300628148686,0.3936213697875225,0.15599294662914592,0.6920191138816264,-0.42528862142481616,-0.77266564227505,-0.8378153689720715,-1.1960525791523264,0.4379518157396105,-0.6152193961534386,0.0631115838050175,0.09949395590493922,-0.5415341566686644,0.5476022646366883,-1.2257526015570557,-1.1634549429855428,-1.2644886083330042,-0.727880643326776,0.43460803521282715,-0.482209938638285,1.028435926529475,1.25102537792194,0.13052979547359336,-0.921523456871399,1.3202067263210777,0.8937694976665094,0.8125364804317214,-1.9016900096892169,1.4720283029614116,-1.5626964463415616,0.2551812952678623,-0.3062934971329907,-0.5552254833303089,-1.0166915334968247,-1.0028850469488682,0.7338235603993569,0.29324090386235674,0.9591416923879743,-0.29719743352588657,-0.4893939519234161,-1.0111701588399153,0.141903774153996,0.8720100305359192,0.11489832799852112,2.4111297926425634,0.17500870005600233,-0.3896834712446494,-1.4731852128587706,0
1.0817696608822227,0.02728800517447968,0.832354786892469,-0.005246895715727773,-1.3993358375314282,1.5061049488474911,0.03501235279622261,0.5845529689426051,0.12387372560863277,0.5978321140678661,-0.13109193512498993,-0.522971692182426,0.2403006448881498,1.4208498096923476,0.4733433060044335,0.08929202646339375,-0.9474819803892619,-1.7867298857290579,-1.0563709089828048,-0.330874881454273,-0.4419398994978777,0.36087648746893247,-1.318356880330029,0.17880743723430986,-0.8554729852716797,-1.2902838154987464,0.5964926612312975,0.6749098860786898,0.757282584819467,0.3820870064239299,-0.5621225220720439,0.12755676946167238,0.03380641951356423,0.1219037506366659,0.3388769423887343,-0.4123630898879321,0.4068733200614907,-1.0627961461379072,1.3566342198033705,-0.3689977516707032,1.4004902312059806,-0.21082671112524193,0.6481539631329093,-1.2289205288863274,-0.43532993946908605,-1.316860428335929,0.04505484199270154,-1.1424505544949528,0.5958232417103478,0.6139485384364696,1.355770905985136,-0.8731935284512996,-0.008829839707881627,0.4289771169540476,0.02354624169947573,-1.3762557619445375,1.0411406864063013,0.9167750009665437,-0.0647274346670165,-0.22093563856172613,-1.3499862802763747,0.6806800148032662,0.58087501159599,1.8094655195553073,1.4100289966296484,-0.9455661811861356,0.7867472827665574,-0.4004742133495745,-0.07855678262721955,-0.594194683111027,1.235482698139345,1
-0.06003428594711477,-1.4810294210555046,-1.2188508558284248,1.638551522798878,0.17908758643139944,0.6824803469236854,-0.01018263381646298,-2.1379775111649653,-0.05451741555870804,-0.10262906388507514,-0.06223933930242165,0.7058536433998057,2.5237173687084895,1.4026183657140128,0.1485669032972088,2.0442346094746764,0.7837573112311523,-1.1090517310913646,0.4827738644145549,1.9462365758149658,0.6779524746267299,-0.6364793260993626,-0.7955814201677844,-1.1000917326381223,-0.3107934004178399,-0.8014452830751837,1.3705527390522767,-0.5950587774015178,-0.401975476111377,0.26789313294842454,-1.0630298494418968,0.9372840520776673,1.0688907234508174,-1.127964989255187,1.6028409007051452,0.5996968107201889,-0.5109454920511318,-0.4215148947099191,0.9841707621984619,-1.1243423622513116,0.6035760755711291,-2.2549901649616912,1.8107774885470358,-0.9592344587966019,-1.1477992782066828,-0.3223682722207512,1.7974109175532254,1.0516536430199803,0.2862925507243349,0.7313648250836834,0.17105165212256443,-0.2925268651278986,0.35256250308990744,-1.4311473519861728,0.9981098626611457,1.2381933466990143,-1.2048078025759748,0.6662849609439939,-1.0365304342798085,-1.2653827517142597,0.8831131680610497,-0.514457830385696,-2.163860119103306,-0.07296672860359667,0.8376336874887693,-0.2822653180991034,0.9105544975471105,0.656495723662271,0.9348120599078164,-0.19944885830200806,-0.8302623115927965,1
-0.6111414683071584,0.08259078681964926,-0.4653504037905829,0.4011418264589079,0.8409733692120418,0.520118549920779,0.811397481374724,0.3030869675246342,0.24484578306273425,-0.27220142362656785,0.3885107396057526,-0.4714477668921487,-1.4772791344513394,-0.024800614967730946,1.9263719759718116,0.6450155617168246,0.6305821159621174,2.091307064804575,-0.12656990578268518,2.0037299383856078,-0.2117355945392756,-0.34790965874795554,1.0948423857244007,-0.49067988827313536,-0.2276276465395163,0.9695318034041607,-0.04496395801904513,1.02603743323923,0.29911887663505,-0.7576497780784522,0.6403345776467388,2.0157519040910987,1.1790869876852148,0.04852762589436853,0.3257647623716849,-0.24880046210279957,-0.6501515665558347,-0.052063962722802094,0.08278135975385441,-0.7728335234325538,0.24973329873730146,1.1521714521633442,0.5929913289174589,-0.07825247503852831,-1.0712203785894778,-0.8597963712895659,0.5867147443148357,0.6340810512796426,-0.8126042204988694,0.4823440412322354,-1.1938812976728954,0.7278247290145546,0.20581743606649425,-0.48323032472845706,-0.7590907219479558,0.8443127629188232,1.0701624224565287,0.08592712166731441,0.558941333786493,-0.5219330986664684,-0.617899307651853,0.22177425805334655,-0.6021665312268056,-2.048329861619736,0.9617331235763016,-0.6687611371547523,0.8480206649938901,-1.358229811779249,0.7336292766579939,0.5413274677553573,0.02704885942296845,0
0.21319990945825468,0.9148673674690867,0.09083838935989093,0.8580330029477252,1.093568624049928,-1.3931832986200086,1.7560150418268212,0.1804196448191897,0.16166110147027862,-0.14532218361876356,0.5542605728359516,-0.44614908481061,0.4422243763840527,0.40246825360243627,-0.7085370553169875,1.0304835852628096,-1.6478765538444315,-1.0803617610612999,-0.551895612318618,-0.26339213267043404,1.0931396417296426,1.223656981385513,-1.343848055459635,0.22019069414372222,1.4892613173487061,-2.125194837950524,0.20298794962001943,-0.5400272250809687,-1.6986722177500755,-0.4967441790475236,0.4514602207045661,-1.1704692599177857,-1.6681301586254667,-2.1961239964994035,-0.12692295954324279,-0.19588378507983778,-1.9661222339064468,0.01633827968776905,0.15290367599303295,-1.3948689951580158,0.31417979059628787,0.6157087024345588,-0.7131861170474824,0.932321162495018,2.620833491209289,-1.0344876697672982,0.2820354248429733,1.2384718181225995,-1.9845081817038708,0.25975519971394295,-0.0827351638025143,0.3842168656865479,-1.0126800758966112,0.07004359251365075,-0.4180180889398218,-0.09813300368252233,-1.0244609663937307,1.4159831415475577,-1.0516663072741284,-0.575012670089252,-1.0680542604948853,-0.4274797192186764,0.534770641640867,-1.8697439521844006,-0.7279153153456464,0.5008845961565048,1.995148476334921,1.8015596662270017,-0.9721264154425966,-1.2980745063474863,0.7026260232202792,1
1.36556547207782,-1.1052261494165838,-1.244181262677373,-0.0818748041440558,-2.050069450030184,0.6047408355304166,0.347157315053059,0.1014687305454292,0.44924772591306755,1.7531832050558214,0.7400959841302882,0.7739608619267595,0.30958038511226227,0.6268617528303874,-0.14324646142882583,0.9032643011486446,0.9351267529217543,0.2244452355420261,0.08927919718465795,-0.6729370106655216,-0.14746265918796908,0.9298377980066912,-1.4815499916665271,1.0280638885199629,-0.7298492895317762,0.7068072441443624,0.09436323476289997,0.8836515064735337,-0.2897858366128786,0.7703731564452804,0.47010634205539087,0.6042561171505298,0.1266342404448442,0.40084402515756634,-1.3111047456966325,-0.8355873374998111,1.2416052855592208,-0.4561262807879905,-0.22395908977975987,1.379256387335762,1.5031419585316432,1.3456376372295502,-1.7794473555716914,-2.396533164124472,0.16756778572407172,-0.36875807539828515,-1.0614996108265067,0.1778863025627695,-0.4129671753797793,-2.0322329836139588,1.3604648597240276,1.5237900534898907,-0.8895631253909698,-0.046506669227687834,-1.0918380104905405,-0.49627867231149325,0.847131203631762,0.7457110169814996,-0.935260051830867,0.11158460432365727,-1.3559790684141555,-1.6073508887743142,0.37801415871856636,0.19686500590181882,-0.22044696695360097,-1.2112772833091665,-0.5462644155140576,-1.019083370419143,1.4633737346718314,-0.9514308941439292,0.738863729097037,1
0.5967875813127742,-0.5939354227481054,0.06757543049473479,-0.347145006248351,-1.0726159679875593,0.4283265667021156,0.8145661051476784,0.9953864619692633,0.3218383928287148,-0.04124376817330603,1.5430751138805063,-1.353413021799069,-0.18860513632320777,0.03871464011734511,-0.007872829725857199,1.1654897831896367,-0.11751862041956034,1.6907380498350715,0.2169098723407725,0.6330113159855433,0.2985800246382974,-0.4613370436709754,-0.9290918005843206,-1.2594869344239346,1.8519790577102024,-0.5176776075724224,1.0041518349781335,-0.3228743246680578,-2.840403072993812,-0.706035065631994,-1.2409413636030788,-0.6807199959520246,-0.8204198826017359,1.4636992459736289,-0.4901329982990482,-0.08367980868685862,0.30114066286593677,0.36636350510179333,0.8835655880537143,0.7993923989993043,1.3317833686404845,-0.4357355109239641,0.8961846827466039,0.7328219850158799,-1.323989525993305,-1.648667174489123,0.015881403345757033,1.5882694126985255,0.4165933726009917,0.2399435500472836,0.2075099400235672,1.0815408701992437,-0.8906507673980455,0.07212887843795375,0.3126834783388246,-1.8816733371970649,0.6381280344899188,1.672910297472598,-1.717620474546664,-0.0694879621107813,-1.5449516228045381,0.24626725683460657,-0.022479990298327528,0.5578732722092031,0.1150832852065855,-0.3794289361498218,0.41032556730087233,-1.1641289882333237,0.7885664646645626,-1.2636517946147983,-1.3755171185202517,1
-0.23013023006234945,0.6781241980042786,1.2624698736011402,-0.5593059516259516,-1.484333055355151,0.09720138011101144,-1.6901603614726843,2.3025368319980477,1.2834570024552423,1.4107976037902594,0.8145906520908024,0.7369116850881305,-1.1227849782761794,-0.2941385387684333,2.2248794478273544,-0.1582412414662628,-0.9569941423584953,-0.5271193347071917,0.7638679562230872,0.940379408722931,0.518035773923333,-0.6929975708764035,-0.00448389757056697,-0.07965671776124648,-0.9352220055503147,0.1236647382134069,-1.457620508483917,0.09034448114195079,-0.06614538073549499,0.7613769172308882,-0.7621131153364689,-0.2760008383601189,-1.0741889200884442,-0.5363869739098375,0.16828436409511352,-0.028126998270744188,0.6402953663881127,0.6346124056205299,0.8138406870000503,0.39397533017134456,1.1343438962113261,-0.2864272918731119,0.7247932019949727,0.006278386576971775,-0.26151800394823377,-1.4583772423586538,-0.6210485261882358,0.7983618553515012,-0.3206235165439907,-0.5403831169182189,-0.6407930274263236,0.46433010797423235,-0.39849619267697245,-0.64745271815425,0.06758613626606436,0.2485876622397726,0.4517810633862252,0.6554864451930966,0.8682331068892036,0.1630700433193457,0.4571195595362548,-1.5911396427079232,-0.6500185896198052,-0.7019850002092737,0.41345019545114103,-1.7766243863223885,0.39643462929844814,-1.1473105914530126,0.5245049445785405,-0.5840653056446748,-0.5261820232780114,0
1.3284062499762046,-0.6589097621050134,0.5507570361430781,-0.5718572558158169,0.8196291340980013,0.5127505990416619,-1.9801761609851891,1.764710399272741,0.05327918180568285,0.366846497230377,-1.2568012524970211,0.72288853866753,0.8444562170231807,0.7390417607784135,-1.7871507666673114,0.8855917323830674,1.0510505935400216,0.45869563564296534,-1.1550353359502694,0.26457672543203403,-2.0346186674295113,2.0229025000912,-0.11573842320978622,0.8630673457302884,0.941981824450568,1.057471711972315,-1.027580648875436,-1.77970283705943,-0.3592344038541159,1.1087752467235574,1.6464434277807058,0.9124488316604338,1.2980663185827837,0.2311681486110033,0.7588530849827017,0.9560341635375812,0.10075969511208742,-1.5996220872710054,-1.591724002581215,-1.0451704712835135,1.7220629586645766,-0.8116588855398469,0.06395483302368822,-2.8332721037606134,-0.8833210166040494,-0.2299164334907523,0.6719286955182145,-0.13529628932116855,1.6754371928921359,0.20264674900318388,0.056052142656134674,0.908920465713448,0.4401915774031882,1.0611014514254358,2.071031551983436,0.6157711288460627,0.8644031834446712,-1.3827032551937195,0.21764496516522802,2.238544327844856,-0.1687409517207034,0.2906069456562845,0.8333725480231364,-0.5455562355129117,0.07231084916763462,1.159346123475477,1.9390199494738718,0.03421745898765987,0.9138300120494742,1.259700132029849,-0.30310008736726607,1
-0.35706159517666064,0.7809764480351512,-0.8980637314585826,-1.0592494015010723,0.06333902940713224,2.6301635699317303,0.44680764627455827,-1.1021357727354826,-2.878045024397703,-0.2176063793858649,0.9707514717083312,-0.661688918558481,0.21608609688086994,-2.3846702991345876,0.5222313091148623,1.754346802768957,-0.761267653062209,1.283669976888328,-0.7414051844951987,0.9093140043705463,0.7103749394311966,-0.09167540592925802,-1.4184395415099664,0.6441050714790573,0.06573270395114116,-0.8748343938547952,0.30682886397726006,0.06745057955751711,-0.10097397819726651,0.9381811277658461,-1.1027517054016756,0.15906258887723956,1.0807070437454767,0.4884058794925241,0.440685720384971,-1.1979676533142936,-1.298029023770722,0.5895005321406607,-1.806709420948954,-0.31459427876789503,-1.629053058255671,0.9132307303884913,-0.7535759525367348,0.7782162502361212,1.6999282702220349,0.13722126601801612,-1.0443465689952185,1.4651833942956922,0.82914387876182,-1.1606971965599158,-2.222870849991906,1.3059093399694086,0.22097954784682772,-3.1894150716686394,1.713607073524415,0.8526019046071102,-1.1908093915685045,-0.58276984712663,0.9830394896651324,-1.4537547853471722,1.2595781966937716,-0.5685572405374012,-0.7220448719313959,-1.8487799936933578,-1.3045052656030018,-0.5030761814766495,-0.03530943187176009,1.933631807213078,-0.5371524338382564,1.386058988542796,-0.5943719496067968,1
0.28995438785497685,-1.6488209380926002,1.6482967911882103,-0.41008833371479836,0.31998675163984386,-1.4841569200518736,-1.1776093694550607,0.9777395431748254,-1.6234444644975192,-1.9378891843281392,0.7909490116247259,1.5383945792911589,-1.2233337661285857,-1.5725785228177611,0.4578718563352286,-0.4833686452154738,-1.1332290494547008,-2.0985208691927584,1.7857089007345144,0.3857346323398812,0.8038031492099481,-0.28999432624281474,0.949988914638534,1.8532031949246532,1.5577431447237287,1.2308407283810534,2.0496149816094613,-0.06629521119823475,0.27093253266641,-0.4115994951012261,0.39426574717488905,-1.2904421625644202,0.8998077424607888,0.4059766644224877,-1.203116770195929,-1.4425229199379264,0.16021842532610087,0.674351383247703,0.4933909023657056,0.6055340018698286,-0.35001279661264134,-0.23406797654499018,-0.06692837736665178,-0.42338263089865785,1.6035472843678618,-0.07827113336003869,1.409131315892613,-1.0005361265323667,-1.6128615356658929,1.7132904485804294,-0.38355982281747625,-0.673809039331575,-1.2388311971400938,-0.802466915645179,-1.5156141756660686,0.7371229017244537,1.7186346474054555,-1.4130303360393788,1.650774991240969,0.09045721691379839,0.7894359460835454,0.16468411399690633,-0.4138434210407498,-0.15726650386065535,-1.5075325843718033,0.08312991221372322,0.9084945064687001,-0.6687665961809136,-0.8418439040344625,-1.8686929936343286,0.6693409196374416,1
1.652691809829003,-0.4990038260740174,1.4370751437583154,-2.14579271637302,0.9929183179473219,-0.795181175660107,-0.6838484702081319,1.0354770694346858,-1.885380959827762,0.0746658193863788,-0.08774331889931887,-0.13921547929884706,-0.6570931120611854,0.10123656498303009,1.3549880714393843,-1.3791271074280995,-0.3551744854179303,-0.5743742531960084,-0.6051458291077806,0.6741118346262803,-0.5233817562942356,0.06539141198181912,-0.4959156593141855,0.2730964286936293,0.7828468061692822,0.7860847892811483,-0.3924939261575484,-1.0931197578292555,0.8739246597164317,0.9232986721635384,-0.5131687965839283,-0.12282909910230323,0.4574181372921691,-0.5354465607281444,-0.41941504339226965,-0.5009024287720835,-0.3084474651127433,-0.6606900721086367,0.015271280408856253,0.3387053671757006,-1.5300002506712869,0.4215966821304986,-1.0055225557741871,-0.0979132703575638,1.3411063618450794,-0.6304548168531193,-1.0027913342826527,-1.3201306628215026,1.5370676036001072,0.7375910906369842,1.3715498745321986,1.8535647759336407,-0.3400136427747714,0.1473203980480458,-1.0892180539452514,-0.4320519515276031,-0.5679884590038491,-0.6966109285817835,0.3111273857094926,-0.22658923905067624,1.5470108611718087,-0.3084379869039631,0.5068183404813165,0.5815792370646432,0.5466692569874406,-0.6662158291652748,0.6077665605831036,-0.498103683315739,-0.43159284504157974,0.6785136216907484,-0.15197035944137324,0
-0.09449581814701456,1.261822303028333,-0.8814326127851618,0.12946900768683461,-0.8628155450028655,-1.187763438056529,-0.7343118466468189,-0.7203915452999878,0.8778321201447457,0.3788489786828624,-0.1268615144945241,-1.5776488808397848,-0.9998080311642306,-0.15766267925184188,-1.582590669462075,-0.44857908939960345,-0.8139281209266911,0.892980413519284,-0.7101049334512372,0.7855893679869033,1.3715879910756557,-1.1628792242842376,-0.6688385656228726,1.2862630352613853,1.5019760510375881,0.723130178590717,-0.4812389861770028,-0.6604760860722141,0.9461556151958623,0.2329443479368616,0.20128423144263347,-1.184027398607338,0.9122967968368326,0.9073795277704143,1.367621080099535,0.689426597195727,0.9884935770996915,-1.9797732508751305,-0.30842028118246806,-0.6805135025233962,-0.8570096547924123,-0.4881878485316826,0.5923656084152876,0.8280478334759043,0.7009004097338645,0.041410394624091025,-0.24076021872485598,-0.3098734180959508,-0.536515346754729,-0.8578584917491995,-0.6960282889713554,-1.3259035382249087,0.8543624734393963,-0.9979629265847588,0.4995224914076897,1.6263269463707775,-0.6400788713290487,-1.047366541270014,1.5721914218800248,1.2722653034969789,0.45492701718603806,-2.4847449605499548,-0.8352697291447633,1.5506658943513374,0.34437005934822335,-0.48259646114198335,-1.100291356382061,0.31578317758475694,1.3763199469149718,-0.32956235159664954,1.0338658121671642,0
0.8246986592137934,0.08978411935583952,0.07092201647708701,-0.9339379530174334,-2.8578523866405434,1.2118851914034952,-0.41284210885327577,0.6797345582113308,0.42795930784789105,1.3620271216044297,0.03263895315028441,1.058896721164828,-0.32333876074753065,0.31183587902996546,-1.8206345712091636,0.27414893368751564,0.20431713637121462,-0.21390024590108236,0.31346236757042417,-0.9738943953679711,0.23774087545088549,0.5411486473472102,-1.5864015662705022,1.1626271528309229,-0.8789625240531405,-0.2375927752213135,-1.2082926335389839,2.0218674989649554,-0.8092075358912854,0.39889454127026636,-0.7580912530853793,-0.42554560144034614,-0.07884836674984397,0.29093327057336144,0.44798778581851906,1.5393766531500852,1.2440989001077676,-0.42811961482266786,-0.4742297281781986,2.4217675679354143,1.1470140397472819,0.08096743553396032,-0.2075269673733049,0.17014976806234358,1.7817740314235888,-0.4238480246533578,-2.0496085377248816,-2.4317590090046166,1.5346357085861755,-1.6315336317310523,-0.20616442657441952,1.547312213036031,0.01745696432380401,-0.2304418474735742,-0.7996704509500934,-0.7395542409588589,-0.983362036415248,-0.31995182816453405,-0.561900631452078,-0.6158749598376887,0.6390712450108134,-1.4832197723127332,-0.01147362983466879,-0.4627182392455972,-1.2631465227913814,-0.150610983545495,-0.9650126111065088,0.47471642492659943,-0.5528577775644631,-0.6435546749003023,-0.05858204782421387,1
0.7210130811720709,0.0919752670873862,1.1583667682573702,-1.152096519689703,1.3776208940384749,-0.980081310513274,2.487142541502572,0.12640037631104736,-1.0665189449494958,2.8844824809215126,-0.8419558546462337,-0.12741389590201424,1.069633823512668,0.45403077418222276,1.4887500601295718,0.5661865381766674,-0.6192750779862995,-1.531101375580177,0.25267093063076507,0.2491754473293447,-1.771799399666277,-1.741849250648743,0.6520887747423036,-1.5488930654725988,0.3367525124164027,1.0637390922779433,0.5450277126551472,0.38048295024206674,-1.0173576032020686,0.762887384139822,0.08448627034308127,-0.6947428075550368,-1.4793224654286443,0.7531212574943782,0.26883084656699785,1.1031080876743768,-1.6487975775562267,0.003399922209017732,-0.16974295734171613,2.2728971549871857,1.4520573491334112,-0.41647861624498933,-1.1969315038383779,0.47650317725399394,1.1957845241885756,1.8117361458647177,0.15175127042349038,0.03543256496084466,-0.6585846838917896,0.5361286397228273,1.0747938459738757,2.603448143186057,0.11164060450438038,0.15042437800560596,-0.8384462474936203,0.5387130237239103,-0.5819905023973163,0.7043434643797502,0.42802736281447396,1.3242403680456742,-1.036902475371182,1.3466618330413738,0.5619719318791879,0.8543872903885735,-0.25817992575975934,0.29858523542791715,-1.5539325485440294,-1.0772263759894771,-0.6271847567536613,-0.8029326653699786,-1.1388812210107058,1
1.98929461641294,2.103712322783722,-1.5756420610943163,-0.8226472457545541,2.768430125336009,-1.6236785285937363,2.848166868052476,0.013061086500300478,-0.5474308826795424,-0.46897428227593047,0.0026160328161449766,0.7961671379966269,-0.2840270369425096,0.38322422489155833,0.8467794019802133,-1.0093475967188414,1.2358707927046435,-2.552010788209808,0.3496013532344895,1.18879745002458,-1.0699571360064815,-0.47619219401643753,1.3540939945479453,0.9356521740102807,0.6390654290910368,0.7537004976645719,-2.4219312933976767,-0.21356729646137976,2.7115565965168074,0.2560364717835166,1.7380264004751564,0.36021425660992207,2.62078092113159,0.007267470002336966,0.9241060495803678,-0.5537192824811845,-1.0272490538283359,-0.5693169129618069,-0.08637673265621008,-1.5016251988794762,0.016225035596064013,1.4445927668252279,-0.5595412015299028,-0.08876124462222766,2.001887437985389,1.3043832168411669,1.6423743170567011,-0.7691946591063967,-1.1900219361456688,0.6898925888889216,-0.025602656856280027,-1.5591510350644637,-0.2058730208546031,0.13312240050306515,0.6896192614960917,-0.8322036173070738,1.343990023755233,-2.2806885050297576,0.7355156748559699,-0.2726209410662149,-0.008878078329891747,-1.5587207494748805,-1.0016385313023548,0.30810338854166763,-0.07330179706984152,0.7399647131597227,-1.0162592046310057,-0.0266280347316963,0.4252247552707684,-1.5850405428906644,0.9817945319928205,0
0.579262157389773,-0.3260753746940911,-0.1844998887497866,-1.2108323003921506,-0.26879808260298804,1.3193895018251574,0.6362218394072582,0.09275192270176374,-0.13291195109832046,-1.3412106628795752,0.2811506840642597,-1.0936230373467601,-0.23900454006826852,-0.19746556241741325,-0.6678375076882327,1.0050819580782167,-1.819130496349238,-0.06757050203020251,0.7642727846312402,0.6662227331346489,-0.6360518443128463,0.40106981808829634,-0.680004427066334,2.685384685952332,1.6385740784400487,0.2282131210506674,0.4878080839890188,-0.6131463601856946,0.4332293889223707,0.18951352331892402,0.8118234929825855,-0.16590206095136628,1.445837098515432,-0.6230036978672172,1.2511512227563224,-0.37811137842435294,-0.5042598949317589,2.1297217690251444,0.5297720097853466,-0.09040599897092307,1.454226120868489,-0.7221965552873353,-1.1919714151281882,0.41049685772388494,0.51949632678118,1.1356033700127863,0.9745964028323556,0.041105535272991905,0.5288436323118724,1.8850677552835635,1.0046720271472778,-1.194579313676196,0.0739351351712719,-0.2909795283112917,-1.4427745024714758,-1.0000559156513678,1.076777300834427,-0.4271670241524994,0.10938414863241169,-0.8491493072684624,0.9767161235618992,-0.10128988202567646,0.9048091450268714,-0.01126550412615731,1.8238855650241577,-0.20730945264658288,0.940559999986687,-0.46428787744142774,-1.7290045029240615,0.5966519038999938,1.0171189098943385,1
-0.7675190171993327,0.7105004069778186,0.1469724097340003,1.757148768070494,-0.319874798771643,0.1384449244788393,-0.21901466919799875,-0.7498607492725614,0.7375159837409055,0.5386921017803631,-0.06582514794509402,0.4293461018643806,-1.2404121152901435,-2.1615431761422306,0.504301240539923,-1.159598526553847,-0.7194396562652318,0.49789074207258055,-0.46001547780892627,-0.9635300814912009,1.3299299123919244,-0.9930625463104684,0.7851953961691616,-0.9835051075441528,-0.4739763641573274,0.7762685961274414,-0.12210527518528501,-0.8872712762326872,-0.46276347008064084,-0.9194420124457549,0.24065941800126062,0.1585263784524142,-0.9042070254030777,0.4278205226628979,-0.010005400303671747,-0.3965135251790699,-0.3366915530455635,0.034474974072986095,0.4333621536959656,0.6619866453482074,0.6744330943275813,0.4002293717227463,0.8530069581072635,-0.900305950227178,-0.9993315498431566,0.17384041596905012,-0.16428405104129637,0.2157451060902964,1.7124245123668989,-0.9896919705123557,-1.2391496430818747,-0.6334481575380566,-1.4523678872833643,-2.1062215259216903,-0.26822311085221984,1.0063838620644818,-0.3239698179033441,-0.3742020830191883,0.3240445170854919,-1.0901202598845154,1.311861352972393,-0.573750061071319,-0.04871469985674949,-0.6556220239480488,-0.5285787535849187,-0.1412327194142957,-0.16398302088224637,0.513240171888309,-0.9947478193899536,-0.09649801453618101,-0.12308446833069114,0
2.2814970782189365,-1.0055542384510519,-0.34325856297783874,-1.7418665438655088,0.7859058188466772,-2.016600107900098,-1.2214018147017405,0.6421008852202323,-0.3034279070202201,0.8376028189087268,1.3705881920331127,0.1717037669372395,-1.310705208871445,-0.2613534133467963,1.7534990225564007,0.23790178655182617,0.08999936887101764,0.2903470206894874,-0.9369738339869303,0.7859517420948847,-0.9725264710516239,-0.18268583811640107,-0.24846463221713147,0.4309643315497015,1.5695042008964166,1.8651009032678678,-1.0730728061336348,-0.38457991264958896,0.2158364952994583,1.2054625674278099,-0.36121726124993975,-0.25621091411225844,0.6822381681172268,0.7366366881167982,-0.6344157239713692,0.27144935685516103,-0.8406141519723302,-0.6055209860048913,1.1300467155310578,1.0862421712130907,-1.7275540609779905,-0.43473047535654247,-0.5872913550924233,1.2792231151635376,0.5208962224589467,0.015675938721659902,-0.4608870181483749,-0.11774105105855184,-2.2962026748841473,1.0108321370674693,0.7346693566087253,0.7990056702205038,-1.0196482041329447,0.6207109409654818,0.2044079502895553,0.17394506496114212,-0.7279604811850767,-0.7784670429699195,-0.4778558772894572,0.94896311808977,-0.5028508749012631,0.26566141841852864,0.5223088760316569,0.17166967984239884,1.221775160145517,-1.5462107411811932,-0.4955292167613142,-2.409314049903309,0.27959032412589796,1.3870336651874542,2.040727030821344,0
-0.4876648101607763,0.9008170643091238,0.17406826752615415,-1.263083530446054,-0.9722390408145665,-2.8173359940028186,-0.052944784454850284,1.5422085989224432,0.4881693602783108,1.3263499586363423,-0.04945364235362247,0.1704077402302898,-0.8229394709806245,1.552421414680117,1.3481602556591055,0.36337877522486134,0.7216686672649045,2.04523082181293,0.032042533130326366,-1.5904843249753193,-1.299182604330569,-0.16918861022713994,0.8842258315808735,-0.15838964317720503,-0.47496589609365036,-2.779431271293265,0.5522042307031867,-1.5259874044551953,-0.6756361036117144,-0.24018487027926272,0.6691722492863711,0.1671536796504282,-0.8932448836976127,-0.9183491873138508,-0.27015279233957573,0.6632709021219523,-0.6236107091853889,1.2198006135810628,-0.017029388319464402,0.9326368660054913,-0.686143640856341,-0.19895161021204122,0.24004202381358572,0.030798440362799703,0.36924160228532377,0.2306840875994441,-0.023157887639976425,0.6533955946020336,-1.0247803387239436,-0.10030979079561146,0.01761529003443229,0.43407503715415385,1.0999405806729907,0.12128387136857488,-0.09994971369832252,0.4259546897006709,-0.6791447439775894,1.9470092856769536,-0.15881982488512064,-1.521198485241811,0.7861761871521527,-0.7310709893303976,1.1084846309948946,-0.3852686820614754,-0.8564702734784883,-1.0829442706156827,0.5555243841106079,0.6956015573459131,0.6887262554457132,-0.08677267838582862,1.2822274341806708,1
-0.4159878817690058,1.1498679175568665,-0.6420666371533793,-0.12927891305488282,-1.5887139112181434,-1.4167717992182163,1.6534810051615454,0.09438939042755132,-0.516234985854054,0.20476173898002897,0.3550846267764234,0.8915127443244885,0.3777162791088631,-0.496350563997527,1.1174277649250073,0.895846187302881,-0.6760981244237712,-0.1325638692091016,1.8414496844697166,-0.5299404137415784,0.019501158918622728,-2.1791943118371115,0.27983557402259734,2.3822842513486227,-1.3322134683346898,0.9435756109548309,0.5848005230919393,1.402594911575835,0.4548805674493978,0.16952742064970527,-0.2699754382061068,-0.7081767340658949,-1.1954144265473636,-2.62838676994037,-0.6805391776431191,0.6699963667314016,-0.2525734455996985,-0.07836812649868115,-1.124022502760158,-0.1560505344133429,-0.027951088122639786,-0.6991398634259002,-0.1839217157673303,-0.29940687467796556,0.25005489278509485,0.03362983605215242,1.0049772372118668,-0.5810148553340453,-0.24336398074901372,-2.7803215560804557,1.2089018784812124,1.797008199530073,1.5939577795257307,1.2015993332254038,-0.18115476621233312,-1.15794170139125,0.4905354609851821,0.856557987444384,-1.1759810194614975,0.2957027660696274,1.9882018967838546,-0.11922654869829044,-1.4331399005113261,0.03989801383112554,-0.0771901719851018,0.4795724795929638,-0.4877230834423884,0.309471201449928,-0.5061210254932801,-1.0429541191414584,0.11397383633265042,1
0.4331573534484942,1.4864532711640286,0.6776211137050014,-0.4134896431191897,0.844238033647672,0.3474096928953752,0.20247385177575442,-1.1395633276424173,-1.6376799515609217,-1.5199392885551668,1.0093968569729972,-0.663768982303795,1.13488270482732,-0.14457340599848445,-0.8054358955738324,1.3536605271649582,0.08957391437165928,0.6194975685137528,-1.4437296061521068,-0.586838281467276,1.7986169635469755,0.33874681428732156,0.21192056995674877,-0.2222593025235844,2.326829328840272,-2.039489007394849,0.25907587717856734,-0.6978045408036225,-0.839731255542436,0.025822554656062594,0.12839788663297133,-0.19627938617034132,-1.5754218105096849,-0.10958694887091995,-0.5930883266174967,-1.0142019072877742,-2.5515842140930007,0.5484410496373696,-0.0654097964044032,-0.39838926961435545,-1.3999739257351165,-0.6598404355040973,-0.1408587210462436,0.35515615165702763,0.8343610434716505,-1.197701409884026,0.07189059187343898,-0.18373536025760348,0.794704449595583,1.2447909723888366,-0.7103105259029721,0.5914385472723785,0.37143937078282824,-0.015283154332059873,-0.00805798198151653,-1.067438369380167,-1.0149742418928698,1.1581694079957392,0.47845161259396096,-1.7510082783512386,0.6679303559972487,-1.1256344226867963,-0.26689918595322853,-0.5543211388152262,-0.11292124522575184,-0.25801465786374944,0.7023960874180049,1.9896869217783502,-1.1096292728403157,-0.4060701127143908,0.4997101264340571,1
0.4713671300137217,-0.37774561947994284,-0.7206057182003297,2.2634120006231506,-0.9985352573205634,0.5045063306818911,-0.6637181570657565,-1.2210478613410478,1.0894979077421119,0.5941650573353097,-0.29658725359510313,0.32704698257769876,-1.0097213278015507,0.31311131735451936,0.24551290296308925,-0.40013991996782294,-0.09406140054857351,-0.12084204828344484,0.19704083990054755,0.24149042609870805,0.2220137386219452,-2.6844543964831433,0.5670328535896936,0.2778940412420673,0.6406238100386011,-0.41979772167287865,0.8837539169141397,-0.5459545241734522,0.46338441881972703,-0.7016957700655148,0.15796675465884094,0.5558013816018154,0.6607507385483987,1.1973714978752588,-0.15072419594289146,1.4892085419339656,1.0476346879956604,-0.7736751394400609,0.3708994233592997,0.3859915376830231,-0.5056990035756578,0.4997466613990641,0.6853218903953806,-0.6995218528675601,0.09373113975504652,1.8143223793411816,0.7858339555179371,-0.7818788474386803,-1.7182238136424057,-2.019465864735635,0.5973932212469669,0.375148282888476,-0.11079550392356492,1.1584367356940684,0.551515059419186,0.21880260355118764,-0.46395781230775296,-0.12878408999727398,-0.884199489142692,-0.8712615554141719,0.027296070140588328,-0.2468674377991393,-0.9404199934206173,0.5786930229075696,0.2652785892523447,-0.7415495950436213,-0.5900899485798343,-0.8545200482205796,-0.41641186860267165,-0.7520292467393166,2.1155682255953,0
-0.23272755302500656,2.098972604447442,-2.542838419986542,-1.3727413609370254,0.09621445842072761,1.130606482660652,0.4367524967608675,-0.2597147798682568,-0.6504992543925631,-0.28240081305986925,0.863339807264388,-1.2363244112166663,0.40706632825473554,-0.4996528241329621,0.24634441996640838,-0.5900050480593207,1.0589765989650515,0.11844427832908223,-1.0463779923246501,-0.858314913925818,-1.5110543373013667,-0.5867241854251349,0.5681273225894147,0.8667526533308844,0.8708588168338911,-0.6620519922140248,-1.0233527414651953,-0.8725896899318446,-0.17471402242090384,-0.5198745288307175,-0.07817034020218985,-0.55454692377297,-0.9788738244024581,-0.23709549462522253,-0.5154460263981857,0.3554044569695393,-0.20419796495494968,1.198962785081119,-0.3514479512446557,-0.506383733772422,-0.2395478645334063,-1.0720821764985307,-0.09172975900304542,0.23951391540092196,-1.664416117435106,-0.3220778214185463,-0.49691158175687855,2.9224592243659906,-0.691639432880304,-0.1578608761190766,0.2726014049952432,-1.6370677733050856,0.6725144487392998,-1.5403994779435195,-0.2541985898730547,-1.9984294650504857,0.8764294159905902,-0.7637862253929114,0.8326680402569977,-0.9227647178728101,-0.8060785276592463,0.9094253953014579,-0.0714693537635508,1.5523889303497231,-0.7489783488893462,-1.1311710752335151,-1.461010326625083,1.2477282048632898,-0.48408476732831657,1.2767298579090303,0.2644018051941843,0
-0.6825286316684362,0.3940615871284432,0.2041930201028966,-0.5547981712875346,-0.6934301447597461,0.6192726496934564,-0.5831492479361462,-0.5128329656533757,0.9907268477760253,-1.9544648566105074,0.24308485520457326,-1.275878695718393,2.290916341395003,-1.8977026312498844,-1.3646286812910413,-0.5979380196705459,0.503577837230068,0.48716969504347357,-1.7724765036847767,-0.5600973848316891,-0.18216763241544592,-1.0295612190103522,2.593478999348214,-0.6372439015890546,-1.5194290474128567,-1.3405191741460993,0.712970310105588,-0.5697086779034948,1.7728459617805141,-1.2340101980893814,-0.8823020938196908,1.193056869907813,-0.4977079990675127,0.4942814023402043,-1.724650469378703,0.4023352765712073,0.1258930628440698,-0.6273653951157774,0.48879530483838246,-1.3000185483038749,-0.4352605708906431,-0.8376115603053934,-1.1936233135374574,-2.572693374886899,-1.683012152080991,-0.9754493882049865,-1.26791678475525,1.1541937066585528,1.7804701590384244,3.139426246949652,0.7654642634668791,0.10592824819249358,0.7525391120733539,0.7280690415969652,-1.7499817896124845,-1.9161766800284805,1.4299871397134978,1.1754005775785012,1.0250030534581225,-1.3079663614965642,-0.03516755253648427,-0.3477067314131255,-1.3331346497121952,-0.44417539701500774,0.0020030376087067383,1.9144120390469581,-1.8276974307875131,1.3504026924771726,0.5349793529237072,-1.467391531895505,-0.12042241692948824,0
-0.3133272823883287,-0.5322128673010958,-0.32510834445355613,-2.1742420477274784,0.06292248001713982,-1.0335562992260234,-0.36605786023274833,0.16150512247065257,-0.4636646245219047,-0.11338406657082159,1.5025170794202365,0.08145325250479926,1.1400760001074137,1.0410778170003732,-0.25707638186891874,-0.9433185641598744,-0.34722066081832764,-0.06907053001643645,1.0186393729860905,0.35931346957295884,0.4743467382579507,-0.9650717936444145,-0.10983611209844416,1.3245882841180274,0.39364076271514425,0.23395387867474046,1.1249427455872048,-1.0766752403549704,-0.06439014912275685,1.4702645692996381,1.3545876446207585,-1.2546581908568057,0.6808459516928677,0.4050485757777823,-0.14917554516614145,0.2082596139672915,-0.6119126752189278,-0.4647002638849689,-0.17435996919334157,0.7903025231288825,-0.6253201434148756,-2.282793823969768,-0.6627551276241394,1.8619764623659538,-0.022716505591713947,-0.8387307211872127,-0.08214036129327164,0.9117172972738884,0.8777714882638272,-0.17861079139691194,0.9289701538042773,1.7735216241144902,0.316857787747636,0.30847556170795326,-0.12249844253058524,-0.10729472427180622,-0.5677133783008025,-0.8192834463539187,-0.36073382494947354,0.9644356142295462,-1.288332500116102,0.33457209299910234,0.17281572403308598,1.8983402319487566,1.1269994784908373,-0.08960003986854402,-0.7140572332731963,0.024244221041577294,-0.48029499352793364,1.3425134963339689,0.7344078964553308,0
0.47625393659995346,-0.7063876613271048,-0.9195782455069927,0.7893445557692931,1.1796923822050072,-1.072194800710677,1.6429167499576791,0.34454706613268815,0.34190070755376656,1.1400935830245515,-0.7896591531106593,-0.028313451870816114,0.21271701250544836,-0.7752298274948429,-0.36032113861985093,0.8750832102739063,1.1076695196769513,0.6602745033050013,-1.7386834499426094,-0.9336942272476974,-0.3458652575721441,1.1786490794821676,1.191167666406682,-0.004725789234205637,1.7142599973220307,-1.5478012134525143,-0.9491159125659502,-1.4262769331834824,-0.6894430577570361,-0.34670589521734063,-0.009670397901293298,-0.967233576155809,-0.5385629808184013,0.9398578559644156,-2.0149976741860276,-1.685985881645494,-0.21317954423749264,1.199659401621661,-0.6036563578618817,-0.4777885321173651,0.09875190890303201,-0.5633141944271118,-1.142139829817864,0.7773589653942818,-0.11876816253763037,0.8558849356037849,2.2347690693808846,0.6927123777010172,0.4092204747112669,-1.280234647780983,-0.8075741828105352,-1.021975794495665,0.03776375887161711,1.6745243300977384,-1.3663816583128863,-0.14641415999349117,0.07716154784716048,1.2820449907156959,-1.1749908643555123,0.284325916156421,-1.3468568962338319,0.16998559566710994,0.2216616831002796,-1.2894265513698264,-0.7396864649962355,-0.3637610699541485,1.4178207864138763,0.25092213006908437,2.5583591620246344,1.030577797156826,0.9568083451916186,1
-0.33631723498577737,0.5902462223067935,-1.7078950407749287,1.7064789874662427,1.4960274136431198,1.9513913970373598,-0.4273634012763978,-1.704510443290644,0.23069703919657697,1.1266650757197831,0.11265585121429396,-0.32425104613349903,0.28061679777747717,-0.16858531597061438,-0.2842634332307139,-0.7798244990354127,-0.09834417906388807,0.17000956761243183,-0.4708781239010308,-0.8422813710132981,2.236770515171941,-1.7128431237990387,-1.7977432287061557,0.45006072751924986,0.5326281505890691,-1.2610408745962967,0.18235666502114195,0.20813405093843956,0.5769734119638625,-1.5003789466674107,1.6481783826328225,1.5458357363513633,0.4499919279925776,-0.4349823845587846,-0.932189382416072,-0.13353038186934194,0.17583031755196527,0.661559422870599,1.383524110402655,1.2967539396548726,1.3116611647819716,1.1614035829510374,0.04803145423309095,-0.9434445295309383,-1.5973443004093446,2.2543074700696826,1.2026256013924816,3.152649116494464,0.43517526268624396,-0.9675501124283854,0.5388487156749916,-2.561968814810169,0.49701038220629934,1.1559154781760237,0.45066498587485954,0.6385939327077069,1.1291678476686458,0.5708155603723204,1.3880888659482111,0.03132296683308251,0.11833604159858192,0.025772827877285746,0.3323080991500833,-1.747956188332384,1.1316544438558918,0.7753781917801752,0.5058262030010585,-0.11258323142411898,0.3633783556471033,1.0309239427475305,0.9041086501127138,0
-0.01774009021818866,-1.6077590877253178,-0.826108634131931,0.24796088992921306,0.3978233200589315,0.6645314723488482,1.4489389597121503,-1.6870250939689355,1.1666886804337393,-1.09134982255635,0.8536754812489887,-1.3167179513485092,0.8176200902100573,0.1359647926275647,-0.9528671566042877,-1.4066345726849967,0.4788817061379206,-0.8310181260480671,-0.10051137099341474,-0.5982191729485661,-0.8650901651194812,0.32340478100908093,0.2740793853847423,-0.08591479366289545,-1.4807377076254715,1.949443827764052,1.0696841343268388,-1.3884377666371353,0.9264705512929814,0.47887505015852877,-0.7841652525500635,-0.08207208862804537,-0.10287249027548581,-0.02129549195157589,-0.645031151976552,-0.35351725699787045,0.4686993759832352,-0.873733617809841,-1.0098151869030627,-0.876127902233601,-0.21690708019400867,0.10987817790230789,-1.3272650769105838,0.8474135587053079,0.3784511367205911,-1.631237305649061,-1.4431427731851378,1.0754272890121503,1.2671528381100403,0.9266405727258175,-0.8602674203711629,-0.0770472113598001,0.48750333011894725,-0.2706571882466894,0.06071831737507441,-0.2456041403304885,1.2352413321540796,-0.4685839767170041,2.1583748726660517,-0.42270871831587853,-0.9218157106193127,-0.019678440124102716,-2.0729634949496796,-0.5236736694600811,-0.11547514289026749,0.9166076184525862,-0.8687992106594127,1.3547200250051938,-0.07564082328981035,-0.9255225310631372,-0.08946136572981019,0
0.4405081319552793,0.16164219484160028,1.1758252993805383,-1.384862057768653,-0.719888498709762,0.0621146328625873,0.3550922797547225,0.8157411047483433,-0.3861989363133753,1.0237940113642499,-0.35519313792853296,0.15176762902595037,0.4851404946487658,0.3104251607458738,-0.4409384951377188,1.9594902646444934,-0.14130109730006488,-0.6821942844210865,0.7068762582776416,-1.5207553113914762,-1.5823012567978514,-1.1569379513696267,1.7683951744269615,1.496784313057911,-0.6277638489800936,-0.14835194565615012,1.0093258789522646,0.1927536781598347,0.4041208527954384,-0.2599910496902448,-0.2010817207481988,-0.8096483540853001,-1.0750866670021488,0.43436749159458937,-0.6337204434939151,-1.1382550753251408,-0.503789339134047,-1.2223940542361555,-2.0418598116699394,1.660745707606347,-0.14229619659338846,-0.554366314274005,0.27988987733714105,0.25905853103498,1.3131158908005216,1.5155184553649343,2.211092726058393,0.008449304356585557,-1.332655353627291,-1.886591605489773,-0.05901204070235616,0.289482156121768,0.4766591166364525,-1.1418984063103317,-0.8975058472303411,-0.8425283317625238,0.8146464666514827,1.0376547773744558,0.5255753752305127,2.26140015360654,-1.1110278545725143,0.6015399168530167,-0.1252699487149639,-0.9388586773801503,0.12247847006112708,0.8914204277541771,1.9810112882868403,1.5341774125181409,-0.9470931657893712,0.13567899176834822,-1.0430295208405524,1
-1.0558491856913395,-0.6741349771807306,0.2714499411644981,0.24010152194006337,1.0638887526697125,-0.03542641552065519,0.23762965875370967,0.11561527633468953,0.44331304130292254,-1.5480448035135639,0.9737802215199731,0.7633060792977604,-0.09004685893434096,-0.951514060150427,0.8496465308005565,0.19917206370148122,-0.9301841785374724,0.8075517793887782,0.5978102049566656,0.6855252568597451,1.9184814419921883,-0.025684828041719145,-0.3587727411523448,1.0255974943910167,2.1874010085210376,1.0623015448597046,0.19114103764450308,0.791771993443812,0.456342811712157,0.07174559089155774,-0.21611905829199865,0.15403843409679013,1.4052143387920402,1.4674359105319612,-0.3686207418419592,0.9913179534904275,-0.4399905416196355,1.7750125479532601,0.34552747453940114,-0.9605285733305639,1.110289986772074,0.3541064469481104,-0.9690645458237154,0.32693519170337415,0.20738621763670728,1.5986592877010577,0.3598576822416929,-0.9220608161547356,-0.27524716247424325,1.361332135438233,0.43469507711381483,-0.5345850960464222,0.5524856003602244,1.0726426155020632,0.4791825984825114,1.3370875897140213,0.4863060317150856,-0.6870405112228487,1.2356101427907324,0.5877396261052242,0.022056141757877644,0.6026965857915877,0.01781903458689557,0.5096548669496089,1.3182907038567244,1.3313260644647336,-0.3158319739289762,-1.9167004087031563,-1.8739868293341424,-0.03498356081061498,0.7362066944524857,1
0.4736587943299809,1.1211225772478033,-0.5128656564928114,0.4013976229423596,-0.15931314812205352,-0.032554221487748954,-0.9550221893737155,-2.2755697001059407,0.055547842308126566,-0.6086811031956066,0.27560949958659736,-0.6267148845259296,-0.7095142671622191,-0.48022992330743697,-0.4920045960624898,0.04783570076094584,-0.4148081124551967,0.3026940646218644,-0.5125579420902071,-1.805972317337449,0.5641952264984195,1.6088856008152,-1.1692353835758673,0.5240263468682356,1.2293800818267273,-1.6255233501653163,0.6804523460898861,-0.9533736377959601,-0.3374841804738808,-0.05810193805796585,0.48127184824150226,0.12048989889283798,0.850931292138969,-1.4396563326472411,-0.4406301018855794,-0.6088258023177384,0.7128317820878441,0.6978894671704745,-0.32720745606791324,-0.09123839188707256,0.47141426382933815,1.5761966317049958,-1.8136936170578732,0.6079446738847558,0.7229700493855227,-0.3791916162148379,-0.9883486694750221,0.8844072923470259,-2.476362687618321,-1.0019045507300492,-0.7344208322121388,-0.8619476676298109,0.22731090417500532,-0.34450923453887045,-1.0551348291234421,1.1636465037141335,-0.2911794866740095,0.1415257905704631,0.2902745602338026,-0.7522435135011435,0.275365502427823,-0.9120743831559872,1.038996152719169,-0.5721664360391809,-0.9390244868179309,-0.5317270466149677,0.9444504787992488,1.6359077675595706,0.30917471663692403,0.2695025431113674,1.2000275673009617,1
-2.046239378438839,0.8797130005475279,0.35448591876427343,0.4126827978011955,0.7992685664283249,0.5752358459228285,1.3555808534377098,-1.0843594068475986,2.342140603479713,0.7067989952092274,0.45360276707272484,0.47556890710461613,1.327685175227992,1.7876546616245732,0.9916518253945771,-0.06455440341744505,-0.3967837665449292,1.0131612855093708,0.06179926537730069,-1.106672000660675,0.6441827453869269,0.7243827442868854,0.37615155684985707,-0.5606456445651553,-1.135026547652737,-2.0835469454955557,-0.1773037991783609,0.6876318279675081,1.0089308014359917,0.5288443876029189,0.20858290016481978,1.1943942220570336,-1.0236323454541365,-0.14345085783559922,-0.6797684850358324,-2.4399280790921307,0.17892775790934512,1.5788964424753467,-1.0559798390816153,-0.10101638483309869,-1.5909021808619228,0.03515721845101078,1.3972190198458916,2.2865543992330384,0.3439783198858527,0.7371617108611833,-0.8507278061324103,-0.902924984646801,-0.9772016459828404,0.24196422972190076,-0.5525372833607459,1.2100177718413057,0.21251739673380252,0.26915078663693953,0.3318619688830175,0.6869906190204617,-1.2411928448641476,1.603090187127267,-0.12509598068011357,0.5465026094783041,-1.9531516389208123,0.6140886072226629,0.2935012959618043,0.44596501057222143,-0.4114890316288646,0.7684983776850824,0.6195033288436406,0.9466497358752917,0.5652483599168747,1.6382713909013806,-0.26948901810586734,0
-0.06645937955960407,0.8211055457579237,1.1519112867065666,0.23795173196731761,1.1146349710311114,0.054908120819898654,0.7206775413452442,0.010027840002283399,0.9224354017869302,1.1484078077709106,-1.5206421143914473,0.964018668643953,0.1801431787193236,0.7159868769376728,1.132077409538003,-1.475183357762479,0.43562641975954497,-1.1831066802980181,1.2620376950104724,0.8894322307943605,-0.5419893469794016,-0.09730066074163068,-0.5716835282208012,0.8886888888087815,-0.9415843442954112,0.3891239247628747,-0.2038923149006976,-0.10484914039859944,1.7185426510220305,-0.587252982214602,-0.6552423463507809,1.6291338017328392,0.7993994402713556,-1.604946593957634,2.1278693028084295,-0.5834042387112496,0.6270179490657591,-0.9966845474947672,-0.5368307150187966,-0.4606546388210293,0.03381194766528439,-1.0312959778919257,0.7678558657410631,0.20457395242526816,1.1395315994878783,1.803809605395979,0.9277274045657318,0.13571288625827715,0.3198118803779323,2.2707725680471915,-0.5401899441094967,0.4442561954152911,-1.1538761804351108,-0.12161906211442745,-0.029171994163023313,0.8064389340260123,-0.2469282660691442,-0.9860082411138948,1.5209940423781763,-1.3367410285288683,-0.005251294976911916,-1.7874361228794855,-1.7883786760580727,-0.062094619406842945,2.298562055435136,0.47958871712718254,0.4712303454477343,0.7464860959793137,-0.11026867285354745,-2.1806016616019286,-1.2588350038093037,0
-0.16330278713474128,0.14684557104305257,0.2151077688025336,-0.6286058934456455,-1.1717944030360576,-1.8967439016863052,-1.2016410096987615,0.24180483975189998,0.37385010309842454,-1.2171864178564555,-1.3674618746729608,-0.08927919303187243,0.13894177622099274,0.5138914908976231,-2.4155177189283044,-0.6103978680113172,0.13743605184863109,-0.1450415375893245,-0.6004286738140081,0.21446981689709388,1.4933431419690038,1.018732450498035,-0.4208493160730555,0.6752641022745371,-1.2371572312432777,0.4023860801030102,-0.7088822732044089,1.4481255609436898,-0.12435645062130127,0.7013992350077348,1.0949063413393691,-1.0176069670565453,0.3021942607208978,2.8880922337087482,0.9651602507311975,-0.4600378345063537,0.6179098091792425,-0.531879047400524,0.5879196461675696,0.9309862713874332,0.721111608017207,0.7082455396284826,-0.002478505169344738,0.5891953102990087,-0.25897160046246176,-0.7732359361823661,-1.4750575972623416,0.635006519821921,0.8929784115986231,1.1363065955006995,-0.6701742390829105,-0.5005087525673092,0.8958708084483354,-1.6710991020190704,-2.2082427246469973,-1.096147205275206,-0.06751592522803315,-0.7260946114401599,-0.5542486191506636,-0.48570200745916414,-0.4327073707433739,-0.9789583497283237,1.5168806504987964,-0.09894663811823773,0.00862327706778009,-0.4826614018332289,-0.41903949292325077,-0.10047648510908523,-0.7267196321921842,0.020005829746710994,0.8804559454379834,0
0.401818117655845,0.4822313747684485,-0.7884466832197464,1.0188528192456623,0.1375154787214377,0.6616617600528334,0.9879221388739515,0.27353986272434866,-0.519996681765755,-0.22913882073945074,-1.1921336138269099,1.0490354963748387,-0.5228108359038212,0.6187970746799424,-2.119539204526639,1.5713315451943366,0.9094427249558052,1.11346965518235,0.14122861757095187,0.03817207216991457,-0.6863451894974384,0.607546704105189,0.14419146113247092,0.41359244502583614,-0.027279155835549768,0.8294071584750468,-1.3652197784408218,-1.678560177737574,-0.01943970062450667,0.5128873367562683,-1.121885799616267,-1.0161695313555985,1.0669837849395445,-0.2593683881381825,0.8853286023105819,-1.4931794557564575,1.929878388074769,-0.7769070044524735,-1.3711500526444054,-0.11418186867191468,-0.2577890549382718,-1.3856350553275185,-0.17133718760351604,-0.488221593085653,-0.8889643816378971,-0.3935431709793504,0.510785930913726,-0.17958658407629982,-0.47461259497169517,-1.1622644747903985,0.4006683035309378,-0.633925437070292,0.9151428190052691,0.6599184515792007,-0.12734283776169852,0.4893666534477991,-0.34806218056373234,0.04944126961227002,-0.24470438403177186,0.4934746938075297,-0.43237287826280685,1.8117016869352516,-0.42512151802521153,0.4266891963455341,-0.07953726866963944,-2.0143846138655457,0.967374462598534,0.5292284618848039,0.5482235821527752,0.964415051970635,-0.7641055278864495,0
-0.8540952840549347,0.43616519293063055,-0.6735635939368739,0.10532795403215398,0.16760410738284262,0.5974020649044087,0.2960335368180667,-1.0784676102771749,-1.2315070892896745,-0.1460524027576429,0.1533892294901919,0.25319706605312603,-0.4044078932540664,-1.1114512087627322,0.7462935834399754,0.34114407632406607,0.05912137099126306,-0.676032971046991,1.4839281515399985,1.3158171343324123,-0.7653835530747585,-1.4518622966109427,-0.9011776974323902,0.7274017894597234,-1.1270789603773144,0.8063846023559269,1.4721823439307369,0.7917396855938587,1.6085104602106206,-2.088204532263591,-0.6964940275031948,0.8227544266065233,-0.9090610837931282,-1.0288106366549292,-0.6310417377146174,-0.08732697326473993,-0.421857302820743,0.6071893691783944,-0.1931246549675618,-0.324340793037426,-0.3808789553515225,-0.05770657856832224,0.8833334025074875,0.16904139432095402,-0.939371574169011,0.17236146445672243,1.2679927951018497,0.043977460181445334,-1.4576371622081596,-0.08851944980260407,1.410095066979622,1.2357093392189242,1.0739320378468344,-1.0549884098622446,-1.713709594369039,-0.35932201283440157,0.605858216074204,-1.147740606553766,1.1597178055649984,-0.22149838746873524,0.5218965192489268,0.2165835936621582,-0.5539393539589152,-0.21260850594757028,0.7339070698382184,0.21611837802300785,0.3643700441136928,0.6196080748202398,0.04620937382706152,-0.5667674156212007,0.15003707344933967,1
-1.5253104726032904,-1.7821379458710969,-1.5214181613705273,-2.141718256031289,0.2573886894348123,0.09372148528847561,0.012732521244315571,-0.9692976131719535,-1.4744073309761547,-1.9475051940117392,-0.3010818160898268,0.2695107264912306,1.4032983699254107,-2.7653087724169354,0.36791568966809723,-0.02354056147141736,-0.7119914931871918,-1.0505222894163506,-0.13632880040284912,0.8922473516348587,0.207087287078871,-1.540042776585168,-0.10692593530066989,0.8226228751134351,0.6357300664338648,-0.46144111787499686,-2.2453686446737686,0.9942133247742576,0.16990857133215798,-0.9255760733910862,-0.5262242494471447,-1.6304171873161237,0.2957626720128921,1.7932000084925985,-2.1221321300385108,0.44584384049787806,-0.95603899365795,1.4573269292240922,-1.1518436544267203,0.17729106743416764,0.5073177288939685,1.2582866451055221,-0.5611133033239479,-1.1680918190347944,-1.7910218617572289,-0.21867294808097587,0.6310290711515215,0.2528074363901115,0.383987836454043,0.5187407092222395,0.17402607542224044,0.6434472235342023,2.638237091058657,-1.881228204552691,-1.2809729331375603,-0.6307942986475044,2.6264420799220565,-1.3932184178873355,1.7153425616660798,0.043689253565201674,0.7075622091906946,3.2391672631877437,-0.1582763434073346,2.3652992660199437,-0.15781853238735583,1.2534436025005236,0.11687641919297605,-2.691660501516571,1.1574985644345963,-0.5041250062936045,-1.4413786108513489,1
0.21149662175524941,0.17316159772704712,-0.9168554952211494,-0.8730011831854161,0.219786437441103,-0.6701732784004769,0.39497198657737204,0.05393918737089588,0.7565085697719696,-1.7926030084901077,-0.1064673181121518,0.561671941715722,0.36727964983276684,0.6130060780214892,-0.6842496786785265,-0.6969748198963958,-1.6224653271918015,-0.22992493344169676,0.5611725607359367,0.14011529996680988,0.3432923738526433,-1.1650135006226685,0.7923437938432225,1.7004014391535986,1.250461343594024,0.4774928761472738,-0.7340029810093799,-0.4420600854320914,2.1805304677388646,0.16564555264968125,1.0654859357825863,-0.6360077720499858,3.2895804078886277,-0.1128029858838702,0.44597973505481414,-1.483595719535669,1.5099360920540514,-0.114559779783701,-1.066778669894792,-1.1343194521962563,-0.9163743498550084,0.2865040704864233,-1.1859474130257712,-0.22540146488350574,0.7628602269457109,-0.28436135711118166,-0.5234126890058579,-0.521759990923124,-1.3744461013469802,0.7076628021335911,0.6123477430633019,0.4230598365451314,1.1822502001325976,-0.7424906618612255,1.4364420115035084,-0.22486632749117863,0.9573320804746567,0.07800847293636232,-0.9774940251323652,1.0146409040851478,-0.8575706503658344,-0.954061398085255,-1.0844013102506098,0.6892306541638894,0.4911184000044482,0.5222281374535611,-0.7259704444431547,-1.1777079779296225,0.10958922381523088,-0.43558806199819333,0.421359122188929,0
0.6643375147939518,-0.5872801462811321,-0.13439526761897844,0.328186775174919,0.7756813103634118,0.30998493169019287,-1.0883826203114322,-0.3256700274964217,0.4446705198092548,-0.7479785904010475,-0.9287203709268205,-0.4423290064761662,-1.6253077382364443,1.0890728599905943,0.8302518704584839,-0.9340737754021564,0.3490566950725646,0.08126984275553799,-0.5850936035770623,0.2549108082685041,0.3908969565614115,-1.6507079787358863,-0.44302697474540276,0.47296962442906837,0.10148776763821317,0.982951180612415,-0.072232008176197,0.3058420598353171,1.926966815260081,-1.2380308269142906,1.4188286597941047,1.8012167646365207,2.7223740442095306,0.9816269351599283,0.4095440844557423,-0.29390204564715244,1.872462404158231,0.003728793618921111,-0.6801524621214278,-1.450761275349185,0.25105756827896847,0.22054469286695372,-1.4306431454440054,0.0632864537852591,-0.6678957079609632,0.21346038957054958,-0.1767692683578817,-1.9188989368277416,0.5373829833739361,0.6858005587154014,1.8955353007682385,-0.08963373844463243,0.2785271445365448,-0.10466301794247969,-0.12366707099806201,-0.041479610629639826,1.1092236539907345,-0.6115935894920285,0.021870890181651986,1.0017135514482025,-1.0551794463097892,-0.5846373369900066,0.3483410539400821,0.630876193357461,0.3139221251101235,-0.25035850843535384,-0.04983933267231599,-1.3665820527279662,-0.7571187545144673,-1.1069120330727475,0.18229778575021183,0
0.42272393804363284,0.038237526412504295,-0.21977037129162502,0.529016675232259,-0.865185937006253,-0.3371801819156452,-0.1465097084179284,-0.5080920125210646,0.3802511054449234,-0.6929223319921832,-0.2313930481220445,0.26767245728604727,-0.8492700901853002,1.0239699636048516,-0.2793500979786386,0.7294561311682254,-0.08358286087630198,-0.7008073514308186,2.1475673255273056,0.34690997027710696,-0.2175351881391311,0.38393086637221413,-0.7569729756611304,-0.6273137006167702,-0.1259252745221384,-0.2810538677741145,0.399859026975903,0.006227192585850144,0.6183624413069415,-0.5316069813839538,0.1272345142677174,0.639340089033072,1.02012129398568,0.29884708952667527,0.5759493019613068,-0.5687815092689379,1.6767821855963414,0.8922528776928671,1.4807737981405813,-0.20523180636202223,1.0257718175873454,0.5045117321687961,-0.6308450528745332,-0.4198357127933532,-0.32120421543740585,0.2730371995698989,0.9389875219355669,0.30008440535448566,-0.003693267855391911,-0.5601386474637583,0.2954562397592849,-0.7925714700311517,-0.09095622510357902,-0.5240160458096645,0.2984529711242364,-1.1867511423162098,-0.17093614421216882,0.3680756829618841,-0.6296716075174755,-1.6910616726107754,0.44283229054238776,-1.0927455429735304,-0.19567763447266068,-1.5568094415095777,1.734943539929741,-1.1356421093654052,-0.2702958422267252,0.08101291931056098,1.181553144406723,0.2341511944039877,-0.5740438864503177,0
-0.3650729042281974,-0.20040087985619087,-0.1552500041904191,1.148602411542072,-0.8553203438192322,-0.43073937055494854,0.09918764419365224,-0.563315915818826,0.7851735053283594,0.44120580064957066,-0.731122054077466,-1.145297401201658,-0.8614238761452322,-0.17202650999953242,-0.12576406056926723,-0.5615459188045776,-0.4199215187851682,1.81578112101824,-0.501155521293866,-1.781622690558333,2.2613107550263916,-0.8205092525056077,-1.303938704978324,-0.15724886410673736,0.5755004406250142,0.6608050324092819,0.3251340509352153,0.13398248839483715,-0.7584398202126317,0.44133842792373823,1.3804943960271445,0.24850570788502074,-0.21315529917147136,1.3410309272972452,0.4820183218158314,0.08522840082838806,0.8391070449380325,-0.5719351142489238,0.7134493884657855,1.274444700231638,0.4033560019302321,0.3391786691523293,0.03353051779196525,-0.8576198414814298,-0.9499991982448508,0.33651544766143654,-0.2696255819139977,0.8665161359285244,0.2759810367239648,-0.8860016516633353,-0.4628811340083722,-1.8602443248953753,-0.5037057126553847,0.360454838120207,-0.5959121946763,0.6246155565373671,-0.2821131386623718,1.1185822101774714,0.2809229500858436,-1.0709780877900892,2.74054880480191,-0.5297858188179743,0.6842492572103782,-0.17041402821855406,0.9180490558865116,-0.174483242404663,-1.015908249219367,-0.47981131159085294,-0.6268652911050298,1.439271552065637,0.045414835486546457,0
-0.5773586992251641,0.44325129619140163,1.314092041915519,-0.3742210422494345,0.5797299451394509,0.7510051504917714,0.5738115684011528,1.354653841952723,-0.2448860666390126,0.15271786633196854,0.8578771029429383,-0.6142774693618903,1.1602535513003347,1.0560991138128974,-0.46807055705377837,0.35212515739349437,0.7172614470856284,-0.5602888407421113,0.6930523842237093,1.3058113001495046,-0.2370259133637508,0.16328835424857296,1.238332308935742,-0.4041277985474252,-1.3002983316602725,-0.005659490460603109,-0.013596971271824146,0.4676009952095125,0.06708114670994697,0.1246774120072823,-0.620386903787533,-0.6780608535261304,-1.0383128252678813,0.084330930989324,1.3347907070878826,-1.732328192403675,-0.10541959231093462,0.797822996835044,-0.17995437021944038,0.31174669570727015,-0.623716364555182,0.006042042337376935,0.25133876736043864,0.8697525231689055,0.7238773489089629,0.7155484535672656,0.2693264729176983,1.5441694884449715,-1.238827295460242,1.2128768683402738,-2.3562261128861057,0.17846374797438125,-1.0728281106647601,0.8181629560470058,-1.469472022166616,1.6489681735056023,0.13836639570623402,0.20209829399593285,-0.30566851660203964,1.2929788510781013,-1.3199497789152714,-0.7003341272920302,-0.35732593734036666,-0.5820443360847539,0.12288968651137029,1.0439348338288728,1.3004796214190912,-0.06380054726035682,-0.41761885576834307,0.2810900651325766,0.06365864407650493,0
0.8497103082221013,1.2829528890811372,1.4519399443403662,-0.881694073758598,0.31561155019807724,0.2674746722738329,0.3924004500714664,-0.0300447247879543,0.23353846171988396,1.6634787311454131,-0.9231977542957678,-0.2198393289347704,-1.3540191502559156,1.0260231840525862,1.0598384736283755,-0.3390425201100141,1.1161733755553418,0.09136035218863023,2.344543188063457,-0.05553593842868808,-3.022393980020838,0.6169272417305303,0.27213956624027014,0.1535058712232853,-0.25383734831431753,1.9150744167364915,0.2926902579394593,0.6374827483849725,0.3272870703593375,0.7414979296902777,-1.2707249202798985,0.8927249649685851,-0.8177245144622053,-0.521677372068441,2.169190427423998,1.1874180410773127,0.9371238301182218,0.16039204419773623,-0.6293022707409786,0.6279843048958241,-0.5063934627301733,-0.47717235984984924,0.4370720570723475,0.24408664270911765,0.6833805813493786,0.9085664281297425,0.5894457882684089,0.28337526267942154,0.48161856992732754,1.6294457620112932,-1.3065126288836324,-0.8938957071877702,-0.6899447023549601,2.1617695671207002,-2.3276471942607375,1.9014602585336031,0.9910768387915864,-0.2577298244935081,2.431428923464894,1.531611779710181,-0.43256892600200836,-1.2815795787082946,-1.5211090524917883,0.3357302090973001,0.542678779223235,-0.5725835300569972,0.7804492715041864,-0.5809799228273124,1.0815165281182078,-1.4250592556242376,-0.7139357801566241,0
-0.5939235395381586,0.36599540071925657,-0.21559777065972852,-0.3319880114114827,0.32369173626123526,-0.910025378353151,0.9155657474882265,1.223031715098349,-0.883783194242212,0.9283660509241012,0.1706109802272154,1.1962344968939482,-0.6708003848948626,-1.3106851057341748,1.8586538358890332,-0.3871031313682651,0.30771491338591533,-0.2478308773609006,0.3683128128908501,-0.3032650666224241,1.2044136400392826,-0.8906869665335821,0.424957796356019,-0.7281320581164438,-0.8714785728618656,0.5801293085814663,-0.5929735713878341,1.1699073701754021,-0.39416744308226914,0.06586472820569718,0.8741597743409222,-0.4600875912190529,0.17832314132917443,0.15381653884110683,0.36917594815506855,-0.6584342490662675,-0.5802771119350285,-0.2225504908286191,0.47376002296948605,1.4284889829587901,0.8845612237456255,0.27980555216894587,0.2715449318832231,-0.6199636388927957,-0.8671565248002793,-0.040975827020456795,0.5192102335451437,1.2071171736449875,-0.03435618902268518,0.09824209128785359,-0.18368775122661946,-1.3352248296378297,-0.760425408889052,-1.8695283602783228,0.537388611294697,1.0680121859340528,0.8184894907962749,0.2674523280096855,-0.02253026774484995,0.1392260442310761,1.2933996460053665,0.36622406310791034,0.40299889557771534,0.29615990331835385,-0.5441136363363481,-0.5994999883233629,-0.23606854534642038,-1.2959785266304753,-0.819540600085627,-0.36796484147919056,-0.3486529086348892,0
0.1965156120175578,-0.7792242837875627,-0.09927623138537162,0.9342683379162762,1.7917453818448887,-0.8813234379392373,2.6151894654273966,-0.4588533400360632,-0.8872633657636818,-1.1751473646070782,-1.0430379905390428,1.684692736614185,1.2551498600709485,0.8776853986787507,0.2547122562128329,0.8487085948660322,-1.2630289732620943,0.12916912582584283,-0.28279424385854945,-0.8554323627279504,0.854614388848086,0.5158011878665316,0.9721078910988908,0.8940111407045154,0.7136800900867695,0.9237419048750516,0.5558906515381549,-0.053795587404058785,-0.1356377533409688,-0.9988769333172505,0.30601575066444614,-0.30743739017715965,0.08939197775046281,-0.8147094303225275,-0.3734395462152393,-0.07995199411859785,-1.0240254601226586,-1.253173601410068,-1.1683300099241634,-0.7191313089905766,-0.4222897506557099,0.36554830330598675,0.5135825230606518,-0.8254888627165382,0.8783038244123268,-0.11946354507826286,0.8474985821299246,-0.8618494854671311,-1.6347954476470568,1.6088372753970293,-0.49748624531908675,0.34149367982155,-0.1521733466149966,-0.6660777383715429,0.4114353453287231,-0.56376854844732,0.19978749623640227,0.05226600123847359,0.7281426232178777,-0.054017407408215416,1.4663921479914066,0.3070087791976351,-0.7757167355615714,0.07462399767589602,-0.8852767811575388,0.9192199411887215,-0.7919351480479886,0.26784434591502776,-0.5204852420639933,-0.464128540164784,0.183757104120298,1
-0.4870943181928939,0.27219910934335617,2.6002424633462375,0.2456579967532817,-0.3298331128526739,-1.0053308582818827,-0.129711961004771,1.0295576016490215,-0.212457140249475,1.5216073126735266,-1.194870597505935,-0.9268753908896727,-1.2934880829495252,-0.27603526959798624,2.037277256580979,1.8410046301477778,-0.9785311510985499,-1.307818995082018,2.3622681824938514,0.45977827901923723,-1.249507926404987,0.4309819196704629,1.108037777251582,-1.2654526614359538,-1.943934455955362,0.46041445307881357,1.4279028957440336,0.5906240860417161,1.2995625390595404,-0.6653657068958023,0.06248724822615448,0.2291598023154044,0.17989297179580294,0.19132964641808264,1.3598290442966856,-0.6014764659028925,0.45248876997006593,-1.0170266266452153,0.2532346421087273,0.7970364826082695,0.11441781027393134,0.5477623502822286,0.48615189249800383,0.48755577711239595,0.4510480654343095,2.8023126581996576,2.0148014866668333,-0.3320964978656684,-0.7718282335455748,-0.43479675926948175,0.012695821070649942,0.355716587129477,-0.40565062841231325,0.7511797526053,-0.45739468250404175,1.1694000801094595,-0.009542778279679585,-0.19589190644751076,1.2574134871432132,0.8314886640894475,-1.1884675150134485,-0.18575309724804703,1.2295329678970792,1.1993446134510453,1.3824340162047293,0.7989737830051062,-0.10013120454071542,-0.4719979290814011,1.5643800527317737,-0.663535668993611,0.7202682228462278,0
-0.15048799588626727,-0.41259567884152215,0.4607238818916554,0.7629829877032522,-0.4197157591070492,-0.10439010582289406,0.8364429493294996,0.176633311026842,-0.8571901151719553,-0.7209405892572588,0.7876408337849685,1.0678864449189516,0.20166681632392716,-1.5333408019884978,1.5837904460922214,-1.6163479887904324,-2.1443780098530825,-0.1382597544673187,-0.16007076333818226,0.05521417251663909,1.5420687053372608,0.39358602338439436,-0.6443838307754788,-0.6674492648561697,-0.9894074918441491,-0.5288736186122001,0.03329965613267626,0.34497383517020386,-1.1466741833586158,-0.12961618735684677,-0.6547453057148085,0.011528419470046488,0.08773176512105128,-1.1498398568111803,0.9152562825470102,1.7227558538193568,0.14702617369012064,0.773251579731717,1.5087489329717312,0.3834618875382163,0.6349746587028832,1.491092860614552,0.40505935201340004,-1.6628034569301937,-0.7203710994423271,0.19437094010567296,-1.3594461592923937,0.3382974906417952,-1.8689872173300095,0.6210703276366628,-1.4354847312795527,0.6234805697376354,-0.252159449391505,-0.775054930352146,-1.1744448010080237,-0.9336471356410011,-0.12335966301137156,0.4185122851061515,-2.7181205034023947,-2.1538260034878083,-0.5745917033818921,-0.7622930191606643,-0.5345853939143488,-1.7821258351057008,-0.9801751376583223,-0.4130866541956126,0.29533143767486103,-0.577730588843442,-1.873008532620373,1.07114962686996,0.6927795211182342,0
-0.5035944490541675,0.04426332683506279,-1.6829415365357778,-0.6929701018502284,0.6224586493683678,1.296001902064032,0.8301622230002064,0.42275448254517495,1.018337655917395,-1.225620708956412,1.7233865372763295,-2.2807670646806804,-0.9847585914983469,-1.2281804903583327,1.304012688812575,-1.1511401733179378,1.5080237338614515,-0.4548330691525435,0.987479173185188,0.7362372340157871,0.22559421987131684,1.3539370311590142,-0.8427944265301207,-1.306734908534856,-0.9598966343089099,1.615959762532888,-2.66860567783644,-2.3918480888227447,0.4336942990019045,0.1322818431779425,-1.0407809924429723,-0.2964699829992767,-0.5722028335928117,0.8780358634348135,-0.43069585299800495,0.4034494793488656,0.5339996060963854,0.008747292291319042,0.44383519405987687,-0.04635528495214738,-2.103470263690311,-0.6979666016068174,-0.9207779402057452,-0.2522825474142305,-1.341171582282234,-1.9540868742723938,-1.913483994425418,1.2732265424211016,0.22643805170779122,0.04760144523069124,0.17704554603281053,-0.5422869420692349,-1.4752309956564778,0.9782397353791998,-0.22326982086966646,-2.1356766304731676,-0.06044790437242844,-1.781475866851524,1.820484067774626,-2.434150578799435,-0.8156695702612975,0.9289079532672168,-0.6719259540551527,1.541873578398562,-0.7501523152630366,-0.6615695575662278,-1.775760719724352,0.7210298303798564,0.6161151120242413,1.1786587888233246,-1.1332541453300273,0
-1.3083208356693121,0.06745597151046556,-1.1480487199210272,-0.4756058228467505,-0.12981699488640963,1.1050116091240632,0.745863191581328,-1.3420948467327174,1.8074206315963937,0.2809600316166697,0.9477530476683641,-0.7273423780697693,1.8509237709668496,-0.4980105467306033,-0.5450908321935022,-1.6533912785164206,-0.892765943584294,0.5821629096510943,0.41110992767673554,0.023140870580155872,-1.0806988465046303,-1.1944107607854937,0.35687377471377424,0.9397582086621822,0.6846268927736814,-0.985155794253926,0.6074847201740836,2.5794151614881624,0.9589599278603422,-1.4269045850145827,-0.036397735317195534,1.7895503223398304,-1.458776642892672,-1.1864399971431994,-0.6248394390197595,-0.5564185613923986,-0.20358312658381492,0.19572001553842486,-0.8361076476981771,-1.4019275170595435,-1.6524640685996157,0.5754283765957996,-0.05623841926002881,0.15235887898106767,0.9194254625670525,1.3797392967857804,-0.06694103147249235,0.38992634980224006,0.38913876208961967,1.3130775168966198,0.3898836940540722,0.48034813773037077,-0.6562603946590655,0.3034288439555586,-0.7949828512100174,0.7478671972047678,1.1401971794365973,0.47582474573903993,-1.0629542662106222,1.2167171903177758,-1.1913135430794315,-0.5720118765034499,-1.2591691166275287,0.11814341393848583,0.38566855381523346,1.4183067319185896,0.397352146500179,-0.0793179309858612,0.5091785487435916,0.8688923710214383,-1.0240439406828017,0
0.34014240225286363,1.301481915950371,-1.1061597434001356,2.081886925010083,0.26838886647152105,0.3900596158672201,0.44553480914463967,-1.894172803188848,1.9349394794539139,0.17444516929094916,1.1015269309155045,-0.7033906501210336,0.7461560439873768,-0.7803582092358486,-0.31673714632515243,-0.4613856192015916,0.27793156908459216,-1.155581673664041,0.5769409700268119,1.2678136426592594,-0.7075733301796795,0.8848362479372769,1.2798630491472853,-1.3379216718960842,0.6008941352344876,1.6116922156780622,-2.3429048918307576,0.4277290111937099,-1.3599297658308724,-0.061319528933733373,-0.06719544757653503,0.6246479406312454,-0.4038972514015103,0.7699793399516803,2.2061039897119255,-0.6562186950488945,-0.9457660558302476,-0.34714342798479225,1.1442528766362852,0.8441144040989872,0.4159187134392477,1.0567052512642159,1.2643217863059037,-0.5631456878613021,0.3206855216392601,1.5481725609526606,-0.8717101021901216,1.3173665085962452,-0.05648601158522286,-0.7061128579573581,-0.9313232276549972,-0.8878860239122504,-1.2793781025855093,0.7370887178723049,0.7171909609975168,0.9245669734180688,0.5009021581149881,-1.4590245942374247,-1.4310782258121677,-0.8958073800587842,-0.3106278150563672,-0.7789617070680268,-0.016127318512218315,1.4078438469793715,-0.2147188582631986,-1.1680863447013052,-0.6409483708278721,0.23468393582506172,-1.7992131942525256,0.32128534169043704,-0.9301616654185839,0
-1.4329204919256113,-3.2747842926503212,-0.16626932501085612,0.8287869230354343,-2.2155346420902675,-0.7946594630637065,-1.298663957935523,1.5476889032558978,1.4402476825213646,-2.434548886378115,-0.33005028420137317,0.2386037561668511,-0.2652573428816053,1.8552631836431293,-2.358439459037225,1.4841658301869352,-0.6441797203156674,1.0312187781984785,0.20365026870835434,0.07142481679963097,1.7202614367619034,0.7605535582753441,1.0646808386027136,0.41997597809184567,-0.6525865871503669,0.14796014168628985,-0.043280742083036144,0.8501038754227553,-1.7950545444833075,0.565721485702674,0.4431260795618234,-1.053709225351149,-0.38186051543963984,-0.3569762981776844,-0.8414552071333243,1.353668251750231,0.5952200511496117,0.7579398419787449,0.34496899260433184,-0.05371249952504003,0.29844716162790097,0.5645658711955617,-1.6032985294342075,-0.5140575171127806,0.3551271615336038,-0.1512587377165321,-0.14026932383614013,-0.9753688125209539,0.9605001364582972,-1.4370991634918557,0.2847490460559593,-1.7137525849916926,1.4602915920768285,0.4355751357408291,1.0250833679133255,-0.523549951394101,0.013402199839368308,1.2789795215366346,-0.15574144935804635,-1.5047312455267021,-0.02050767699010473,2.020738637626952,0.5645864617457599,-0.5620202296692116,-0.6262576741576085,-0.3841753428320762,1.537439797762403,-1.5873620574875513,0.20288443526388314,1.2684947772473745,-0.8976965002759124,1
0.4724136649758455,0.2994090837654506,-0.9876329495884622,0.3496203622273661,1.347808420163815,1.0683099090690082,-0.2554531036091224,-2.398826605731239,0.07715842263964576,-0.3819191007860461,-0.010987762197899301,0.6026052694686334,0.5422506906065455,0.2183113529834698,-0.5173694456358011,-2.2412570096068962,0.319986224779664,-0.35425619545715487,0.46411052945423725,-0.05611821231052594,-2.177261436612341,-1.4547382345970228,-0.12523370243054197,-0.1475679661336215,0.976799049407786,-0.6691602806243098,-0.033817207186300796,0.8490948066217465,1.071905429666992,0.030307670817572352,-0.8744539133721974,1.3996047406682082,-0.6312698935444233,0.05769232925562971,-1.1731144414050378,-0.46014915831762704,-0.6723191218475325,0.3609049772307859,-0.15335566727496733,-1.5427502449185666,-1.4520539697257018,1.5111979098428017,0.8892152268241468,0.48284120150508275,0.6501223660381249,0.30536408922762115,-0.3990417771528115,0.35128914934176625,-0.042155477767996385,0.33169008310482473,1.5839441668870875,0.9096012092252743,0.10352356055931367,1.1153776265972655,-0.5083487744145915,-0.08047325878154278,0.25942500231010646,-0.2958536922338624,-0.9904506212979025,0.5241541326989757,-1.1163644069665082,1.5354973652344177,-0.9524131270344772,-0.6089336776586912,1.269260861860802,0.7402698205880464,0.6411824630431624,-0.14359820578868768,-1.2612061974258977,-0.3689097829421126,0.5701882008464784,0
0.5771737898326318,1.1403795812760475,-0.8756758887953108,-0.5315886430704599,0.6978968094508262,1.8422761328487942,0.0841726711413495,-0.8611442283715182,-1.3609235141243365,-0.6311417551618763,-0.04051645018997372,-1.664305870980869,-0.14378506933391538,0.6044849343262617,-1.7220296676146165,-0.7930414430167841,1.4572100964179069,-1.4530710013862056,0.2945889525640844,-0.8644378224106498,-0.47611976448745286,0.7568367820699208,0.7541514530281976,-0.190380002010809,-1.9597535327127271,0.25065955821080527,-1.45423866593699,-0.757675069782359,0.2440388393522861,-0.7164630631974791,-0.9919470995386529,0.19338662716071728,0.15034736983436778,1.9788856601033395,1.080569267630159,-0.22084658748562117,0.6318128677743151,0.5711293151644398,0.8635292652121982,-0.2610891387553314,-0.10738699031316493,-1.5756615743180542,0.13563407880219788,-0.6949265373829674,-1.4635445249528536,-1.5283159878848138,-0.870665854419004,1.4575666469646669,-0.2875912711800968,1.0664263049091471,-0.11886358143828979,-1.433307726244517,0.15632266883686768,0.4508604504375222,0.3835804075822716,-0.40293131710765534,1.188790133719546,-1.585504348825466,1.8866010112268479,-1.4864325688308933,-0.21467299218739974,0.37455738309974373,-0.7700894930627582,0.08068226322277004,-1.4529004746583805,-0.9687511847012588,0.7773045857014728,2.4564770879768902,0.2825717519404793,1.2246316397204873,1.042103429817934,0
-0.2798992147048834,-0.022368677192941264,-0.6312758225622607,-0.7728986844524773,-1.0192202146309164,0.32404075337564686,-0.6227651425347589,1.1685187231234233,0.4971266157656357,-0.29468944585633905,0.2810117691530653,-0.41975080201688036,0.6967848506822812,-0.5006337064439899,-1.3576919669155934,2.219516677833445,0.5644962620915052,-0.19666832429825232,-0.34036802915897457,0.11791654965981216,-0.47575430591305423,-0.5143075496172245,0.5616067645082116,-0.35024061170381676,1.1143753602022028,-0.6760725565195352,0.4895532377295948,-0.48480162520803066,-0.06602594020152322,0.4660881472752595,-0.042296450646981835,-0.6430316275825902,0.07243774273822672,1.0384086650125044,-0.5157033856703014,-0.03632278481826954,-0.567462642274035,1.1360105552381807,-0.5549060131177713,0.5743069453067446,-1.0647222550657651,-0.16798978876427406,-0.8445532883379616,0.06717499890262899,1.227512803724632,0.07891230635436577,0.46717476755557186,-0.018096994810250233,-2.2626547591804322,-1.246619571603315,-0.30732851856486854,-0.1865304614021864,1.281672360465014,-0.4184086922218636,0.30315068998961414,1.0714153749649893,-1.1249827603470564,1.2475206971326884,-0.6056695729752933,-0.7897900180222498,0.3150655506999608,0.3673202545034735,-0.20878949495225743,-1.0859385543491935,-0.9819585053271971,1.4119208039538256,0.8402311175694686,0.3211660982757598,1.3439294699062254,1.5646110806248694,-1.378299896812235,1
-1.3134832024589331,2.012787149218876,0.21275179625602683,0.5259816510183393,0.42467103476900814,-0.6331373660439666,-0.506833018264562,0.4323238231564873,-0.12220672394743386,-0.06892596431851684,0.7032042333660121,-0.7373463219578432,-0.38048126377891267,-1.2230095768406135,2.5922263453276333,0.3759436769900551,-2.5248650385902187,-1.3302792470287368,-1.0126164209822601,1.9363285122020242,0.9190032401697186,-1.6676956678831325,-0.14036786642163127,1.8342897856624036,0.16198063112562436,0.09088969437463193,-1.100240100307088,1.2071144039247705,1.1267835917182472,0.752529747892576,2.0625967692415643,0.22123655767633416,-0.4674238050816767,-0.7529757387525904,-0.5265093920731919,0.5277932548647619,0.04283739825794205,0.2567176607583909,-0.45808859918379946,-1.6885716758290126,-0.1082900945749068,0.7382071543184411,-0.4997705314209317,0.5775836761641233,0.3887485337900017,0.2905291295139049,-0.7780936601324567,0.13668482468671292,1.542150446606987,-2.1340950009110653,2.058215124359716,2.411686739129692,1.798272645891278,0.19341037828308746,1.8698473580430517,-0.39635096034401657,-0.3330383803876556,0.4870082838048289,-0.18735725834444672,0.27544044280688434,-2.0708345909712955,0.8641751667626804,0.4029785734594035,-0.5297929401287329,0.5614666964427659,-0.2773704648528684,-0.41323254380057045,-0.519281273016146,-1.0886849060694104,0.4939450032289746,-0.0737395954936972,1
0.3845625838775491,0.12054089500432764,0.24976898388212637,0.46075824535099924,-0.2878228050645407,-0.5500335609692993,1.1751503614927614,-1.518346009135849,0.36392881140106687,0.2518337149506385,0.7320590900558415,-0.9042819274281622,-1.3751270788537029,-0.3715292207998553,1.378971306412057,0.47722020524092634,-1.519491710749506,-1.162621268506589,-0.7587140930428075,-0.10655791363264758,-0.8975704875026311,1.2040365968129245,1.6270024155152487,0.35894025374400046,-1.1473734269051752,-0.22193797901451995,-0.5869590644736957,0.9555713752185593,-0.8201706306492056,0.8669103484500408,0.6286288767343071,0.5278400164127974,1.337261778240095,-1.4353816336624765,1.9333542250097084,2.8293921350909947,0.4196742543341647,0.2845685481975724,0.8715000277147397,-1.0905957453254223,0.4431317403191427,0.4991975847499721,0.8998344160202137,0.9406869136145171,0.7521309959879249,0.5590435725389256,-0.06078633341847451,-0.8472843020578398,1.499470743461357,-0.4525242953149395,-0.0828298444094605,-1.5872403280209784,-1.371667615941417,-0.15121894567997488,0.7933848448056813,1.0389278869928853,0.3406020480084891,-0.24892890031219247,0.21587291676473896,-0.5589498178047398,0.45665730511283475,-0.1994303412380255,-0.016395749181339268,1.0947999281165943,-0.5796570650791545,-0.746632983126428,0.6303948142153845,-0.07313719292569516,0.08511568259901597,0.07218479295447902,0.657854470806465,1
0.9037001620395395,-1.04009470174707,1.1084348269010684,-0.9311602383218958,-1.611219176109366,0.20917468284595447,0.6575656945450835,2.52634107525491,1.0373467476436316,-0.9100316923574289,-0.2656388167197071,2.077200595071185,0.46074880084473774,0.8574703667015369,-0.7922039897741379,0.9986268691702379,0.4363601146040626,-0.6166929362439678,1.2410619171371813,-1.1078696467186457,1.44916813493243,-0.7477296863924046,1.5961762630600678,-0.9077896960228656,2.037800514453492,0.24256152396629285,-0.3236466331564124,0.8284798612187754,-2.5411891397182753,0.31973624549799773,-2.6132183083982343,-2.3053615135346135,-1.283406360997765,0.10325408422030811,-0.47536552887348066,1.606480262925069,1.7081059083305545,0.7695055803689324,-1.6469815708865054,0.037329857744358555,-0.955800426128751,-0.19931003330108757,0.5668481814178402,1.1750569740271597,0.468131975089854,-1.4235046847630144,0.04363470828587017,0.7479697101744291,0.38701060834192186,0.4196326324044582,-1.2791738524611598,2.1557763758892556,-0.9627645631657086,0.492904888102737,-0.5520421361574346,-1.860988537953295,0.42290423320315534,0.8177411955389527,-0.9624795642053601,-0.6472809830736668,-1.2733766613491595,-1.2610045282430686,-2.680255825691488,3.293890744796193,-1.4731447139613105,0.15823996692042044,0.9098042770080536,-2.6319335056396946,1.0939185470708377,-1.6890894395786635,-0.25158975319377347,1
-1.3694687827337866,-1.081848583348907,0.5046224265984772,0.5537389742901218,0.2766398178081061,0.3364383286526125,-0.5468520242556456,0.6615212911134255,0.5811809883978979,0.18883483737068485,-0.3447500470854683,0.7747950686418456,-0.8470516241141309,-0.19135276531303794,-0.21393528546024915,-0.9749757702553676,-0.30369211594949175,0.5831615493179084,-0.2314128287513241,-0.8833442933367373,-0.9125689766361191,3.0733138747805926,-0.926732862215621,0.040043159611236515,0.5432533002578432,0.5574390437281258,-0.8228931206581701,0.07978404432264602,-0.21263742160092075,-0.011144247081424788,0.23787312466201457,-0.4523681180091663,-0.8457136498807821,-0.960571778448013,-0.8498653673518514,0.3513900525185762,0.8284346050565315,1.8799402039509225,0.3257870249618984,-0.2626635368821309,0.8771119082054158,-0.6831175822203712,-0.9474666910557217,-1.0771679536060002,-1.243177468321916,1.1117104375940754,-0.362246912443156,-0.36073308737929377,0.6376732002562561,-0.2764092380207437,-0.7889088910525619,-0.22067237304485748,-0.9476066165199495,0.9828356048396049,-0.5463397829846228,-0.4764510012554577,-0.4897618890206037,-1.035667651918602,0.5004008963356104,0.5985442492419255,-0.19440002802769515,1.5885647654822024,1.6404652471175025,-0.5072402260277473,1.282159779003884,0.4956013618550643,-0.06587818674566942,-0.7682240510409576,-0.848936629083975,1.8529300283689378,1.8938037687615283,1
1.2656154239532227,1.0260108777764643,-0.21107809754170415,-1.1056076772905319,-0.7716774244492193,1.683958051231889,0.8485872628595417,-0.38883753530879606,-1.887416284476082,0.27054168867810346,1.3036813484236431,0.8531489166718421,0.43082958449926334,-0.28491723893472815,-0.9795651523204023,-0.13668405991574645,1.840889330270329,-0.007017015263243387,-0.5112446053473017,-0.6058246182500625,0.7513256427083336,-1.2321255768133683,0.18107468044199287,0.1589568323954593,0.8940017779018785,-1.2740532381651775,0.14665513020791215,0.4615486810191496,-0.6860268030921183,0.31740140516005066,-2.146476302892243,-0.8793845711394279,-1.5791359204542295,1.0255591263742843,-1.4294205311506818,-0.08314322150356625,-0.02910626561317194,1.7709522155128454,0.7274574924211755,1.059397517869136,-0.8179973476913223,0.7638008275495128,0.34680799706827764,0.4874356164395896,0.15761313160933732,-0.04627719264285517,0.10891724217990403,0.10732993964078535,1.7890252970133154,0.36112307072338934,-1.0330707577498122,0.2592934938871541,-1.6441494762548214,-0.20957296966126793,0.06252927382125478,-0.3978739252379577,-0.6435271233817658,0.2463139751354082,0.05806686336729414,-1.714844159216313,-0.5245023327118471,-0.6326814962669787,-1.505757597916305,0.9407157589100444,0.3885043147256735,-0.23662373725121222,-0.29412228335005036,-0.8483138741038961,1.4827844233417524,-1.1188387135419984,0.38672550725992677,1
-1.4044266983574538,-0.49655203622325933,-0.6390829009289657,-0.42622439467505957,-0.7005803402528675,0.5839172424151657,1.4842766050198002,0.40473939509099655,1.8619708179430532,0.1605478243122733,1.5144525669588242,-1.0999155264694769,-0.314431993793637,-1.0508306279083388,0.14679993694880508,1.2979188079725898,0.08630868722335626,1.1187378347701833,-0.22057087090357927,-0.24955522922841394,-1.1789610000280881,1.536377193566834,0.9258198229575381,-0.690734103794725,0.6313331360295206,-0.39215845159823864,-1.1710896981877486,-0.8259109668209959,-0.6774269788660086,-0.4460193557794486,-1.4237910245612388,-0.09132775276110135,0.2066725927090569,-0.21373284763812003,-0.700383524673631,-0.1504781609644645,0.7036537117640123,-0.8027653167387385,-1.2456415008320327,0.23885038172657075,-0.060683933476858964,-0.054000587832231606,-0.0011602177158494401,0.40122990419607923,0.500767923891865,0.742245388175105,-1.180009234907092,-0.4427193870368852,-0.2885805846891988,-0.8138549611332057,0.9907391705038733,0.061997868389265985,0.38064651239999325,-1.9444878838555266,1.3881742033286002,-0.7264584063867071,0.42242971815593033,0.13419610367289553,1.6733570112604705,-0.2003159506131316,0.9616124331557554,2.0089375650852976,0.2657268080364446,1.6261516846275421,-0.5865639640869658,-1.6168171780888352,-1.0601988233695245,1.2855298908785888,-0.5745183118854945,0.3953484087110161,-2.7243034117671,0
0.650404046967999,1.1046627048360813,-2.157169879271827,1.940500493891614,1.7957920662482343,1.4667374128863526,0.922922845870884,-1.0198422723972331,0.38484335233241973,-0.7358822367226524,-1.494939091964238,-0.3909180594252942,-0.4087953307206624,0.1298808914569479,-0.3069935376195005,-1.7798638063334438,0.5153738292672504,0.24579066054489362,-0.38118677112517096,0.1812778839506436,1.2306114054874233,0.9943629103376326,0.7882974157055117,0.49099731187300033,0.18923194365051937,1.9224063368669433,-0.8889506557865683,0.3051529529821989,1.4387747028499704,0.14035769713758048,-0.27744083751716253,1.4413559662116495,-0.23766498625877577,0.8199551871748391,-0.8299170384300419,-1.409266576639709,-0.3835607542050725,-2.0443397546174613,0.5313313967939216,-2.4230175979684514,-0.5431487481803748,0.895023591910722,-0.891141366879129,-0.7176053887063244,-0.2165161398293525,-0.5946634235508518,-0.35324060986685013,-0.08768864220139959,-0.12723005885777866,0.4076085674995262,1.0691390693105525,-1.8761108557985855,-1.1170581685906844,0.07134306810648276,-0.1202949453992861,-0.4794320897392753,-0.49747761738498897,-1.2734290590860227,0.15419008534158832,-1.3939950006320723,0.874192110393459,0.8496399666536857,-1.0396512136061642,-0.650737791272442,-0.5368144500429135,-0.5249530688886049,-0.11803947726806663,0.6678084409952231,1.5708951593563054,1.486456125759454,1.0525452791104637,0
-0.08207340552625222,1.2012495970225754,0.519286988421808,-0.0990054695088543,0.8414767155574225,-0.8271770266566358,0.5905109758104415,-0.5196198244405842,-0.3969240172337366,1.1163192772454344,0.8057504839469202,-1.0056961285560966,-0.18277680257269105,-0.7913328362539495,-1.6044283408259548,-0.06344050245240233,0.645427915826473,0.20113111151917806,-1.031544793792282,-0.059723480562382934,-1.3021139369229437,-0.5027636544258085,-0.3341685468873134,-1.5992415119514867,-0.023435332585917727,-0.6704369673821292,0.027771819389025287,0.5766843246403593,0.014703131771596949,-0.41427477154379877,0.3351915888914488,0.34423674818886,-0.5647753885418265,-0.6394333443099915,0.860139483385842,0.5022548439230907,-0.5291257821366567,0.389689687953315,0.07491217508774513,0.08511950648908105,-1.5105934790007685,1.0267838613789875,1.6262656784977774,0.7511569130922754,0.19563050782323926,1.2274177601553025,-0.009480151180508945,-0.3468166522661626,0.5377864763408783,1.230156694317296,-0.968179598834462,0.22109423623675634,0.6987576847742523,0.853841115067516,0.6620134456324439,1.861737748557673,0.281002437097505,0.4234407485027106,0.19445415221909146,1.6596042121945926,-0.9547116886374729,-0.28457568829521507,-0.13986108349090198,-0.3909680487824995,0.14854884766522533,1.1849807863919517,0.1577142409852398,-0.2775072663530023,1.3369472369494968,-1.2752915758917613,-0.26655122425540595,0
-0.9289716255825625,-0.12449288949839604,0.13600168846612987,0.33180267313084694,-0.35943326901558015,-1.5000903843949842,-0.022075486154730723,0.23266796408810012,0.44567335473976044,-0.7051720509348839,-0.9220146115504259,1.1183695487256022,-0.3526615078856086,-0.2361966386718519,1.104620487034458,0.027265298915067314,-1.9276177434099822,0.6283962006396668,1.0086164019543333,-0.9597003662921723,-0.32950321789474857,-0.31462142507082325,0.1404273611016905,1.4657959778483152,0.6624504168415664,0.8031818717587553,-0.6216391520929053,0.18183063403269548,0.32223122283095584,-0.011339529884836105,1.4844761269538866,-0.06674710504194101,-0.8254147571131328,0.7710561677491425,0.7308820274113588,-0.26538380291602437,0.12944858029874337,-0.1692256877685317,-2.1808537686541243,-1.1114517082807802,-1.1468748260779729,-0.9959517647964738,0.46113399601120103,-1.0234006750971423,0.5328493369556121,0.06087631953536375,0.7251892381215059,-0.8027631839598129,-0.6623347522313816,-0.9689968263899483,-0.17993262851531786,0.1062750274642697,0.686086328492405,0.06978912228696763,1.1355874263792307,0.009879145866616047,0.3845110764570213,0.09909743633011826,0.03134204790045677,0.06747586640970142,0.6942658046251747,-0.9976028872003607,-0.46006094955419363,0.5747253708287029,-0.9247329281224701,0.7822009916578186,0.9331511651123248,0.15793969620528564,-1.1017362662278802,0.5291420927225696,0.27589848964157804,1
0.21345005214214008,1.4631201820128166,-0.154303226323191,-0.6930543110811299,-0.31810723574532446,-0.3898272436548712,-0.10060123204359936,-0.6308598260652389,-1.1556716303067263,0.8341726434476208,-0.6437060607872546,0.05204605594743547,0.8637640745441447,-0.21141750187982908,-1.453875701600179,-0.5745935072485687,0.10993750530676366,0.48350956754438673,0.06772874297288436,-0.29610468319787386,1.3160826482148678,1.2207446913067141,-0.7580348113353014,-0.400043845721778,-0.7760545305411687,-1.2605393819647683,-0.04578261035770237,-0.41101437480164105,-1.1780714569001993,1.2128680053894452,-0.5224086059034779,-1.8150591416909583,0.10884928232403893,-0.1632495781466761,0.445732449168458,-1.1234101745634244,-0.1088672201442862,0.5629221490453588,1.0729060829551313,1.5658687725160936,0.7813223697900513,0.23189014048973047,-0.8971442820895492,1.247308657915586,-0.14931745651592745,-0.3179322586761939,-1.100942446562865,1.4918688651366758,-1.26754721594651,0.0990854464706399,-1.6205627425594058,-0.5660272657313982,-0.8726314002404533,-1.0416525214725978,-1.7040206184779976,0.49781765935297256,-1.6828346080465808,0.08899688643836913,-1.6296034942517423,0.5504368895637268,-0.05795388534551639,-0.681360265322791,1.2566249537978944,-0.33118450643286895,-0.6864658443865739,-1.1216092562897506,-1.4264870359981972,0.6959688762803824,1.3709260921063515,0.10534348921597513,-0.22115022695235784,1
-0.6993201547085198,-1.2839448356869139,0.6345031821623298,0.5774640041668522,-0.2514627656688172,0.0008273418219584209,0.24529073363472195,0.08348505565865644,-0.3540780825460516,-0.6818390171207424,0.5696301008591657,-0.7798015003566813,-0.44816512281293597,-0.28877725016473565,-0.14501009115711525,0.5434485270187527,-0.6287336190413808,-1.4988293845996592,1.458062666595508,-0.879889791587174,1.711779327494518,-0.17207716368480316,-0.14680300473138175,-0.7118012526249651,-1.0383642957088204,0.6214227437601982,0.5832901351549357,0.8043136912181921,-1.7894178574115083,1.4120601065420757,1.3333680305520936,-0.7246739678106475,1.846606792215582,-1.600388869173156,1.565114618300332,1.1435970234442556,-0.6097538154942874,1.2369273925314783,1.4145938776708815,1.0686520422838188,1.012700382856278,-0.7642008461698853,0.8443733150715188,2.1134205691550196,-0.0673637579169746,0.6313600403189,0.0971913768774026,-1.680184533948135,2.933083406106964,-0.07853896494315814,1.0293655882957853,-1.3395921880170079,0.022182780427771633,0.7541028535312708,0.8737699295080092,0.9523458199723976,-0.21299900063907734,0.18312666671548242,-1.1072134216165177,-0.6006752324459548,0.2660516531735991,2.5758829403832015,0.9210612889819005,1.246779879965958,-0.2642240441454819,0.7725403443288538,-0.9876624374664913,-0.9513728227030847,-1.5162249068672524,-0.6755337306048269,-1.3180089071454828,1
2.339378797303443,0.7491334104128458,-1.0027112515118455,-0.7414147067725944,-0.8480664489342951,1.6499824663703742,-0.15945179208431623,-1.6103947553117572,-1.7551584260448885,2.385837819815651,0.8689560542158995,-0.3100837643884431,1.3126956490123036,0.3973492321941845,-1.70163983621896,0.07815584545443256,-0.38268534433723594,1.5957751046056323,-1.3654442209700608,-1.8465632493679207,-0.48036348179253413,-0.5902751988805851,-1.529729449278238,1.6386465470633327,0.19687005537452953,-0.7112518362637357,0.8378793635923416,0.2539708981760162,-0.7738858578375967,-0.37395149868997746,0.10627765794364105,2.291317564146862,-0.9221121570214785,-0.11757748597405877,-0.949184068223839,0.6440379791076505,-1.3328124347020402,-0.2442971019694089,0.9776690576646548,0.9012949699544925,1.0254474199715715,0.90914956150483,0.6327087810271905,-0.9825998547556184,-0.0366353229491878,0.858647204548301,-0.9923919353512373,-1.5665715845321944,0.31493665520459035,0.17840757472316593,1.5783181865344484,2.01152610004555,0.6447680308442598,-0.5618362769290065,0.6119250831892641,-0.8780473275275242,-0.04011865507394497,0.287337448549095,-0.9093919427267746,-0.1646959993537736,0.05562729666233021,-1.3537642740214604,0.233607690217505,-1.9558493127080057,0.4469382805951815,-2.004760932119284,-1.7569796229669261,1.430991112105203,1.3614657995227608,1.3586698734449887,-0.12334181112217667,1
-1.754083703548819,-0.3038292907334475,0.6494233005408798,0.6142729909463133,1.545914742424116,1.885273087831161,1.9157931581600443,1.6342030320095382,0.8219446917635711,1.0312545302071263,-1.0528262038585028,0.42662523868392743,-0.12510722281794587,0.1800669881166523,0.4738894213453298,-0.9584240401874944,0.12718897278128666,1.2389003450094982,-0.8534265298213942,-0.8272392916250899,0.6044190347243494,1.035557891943189,1.6063663132207366,-2.63979949802868,0.2512876226200046,-0.2751280824948616,-0.5551707652994302,-1.6200588270267773,-0.09401082086609916,0.8800267384393125,0.5864559700517344,0.11549405055779216,-1.1226392987722214,-0.46136507835199975,-0.6047840653111407,0.8261476334985846,1.4668942157303677,0.20930659811374627,-1.3225354555241227,-0.957448318173614,0.9760492545557388,-2.034522018359827,-2.083728749147338,0.9099029089106413,-0.9986569166174387,-0.2194235709996409,-1.3556444343907097,0.011172174040077167,0.28678649810105755,-0.18399914175246565,2.4732452863608696,0.8812845704425435,-0.4581370702380061,0.3137967671564911,-0.3495173260797757,-0.18035315565651286,-2.3822911411870127,1.3037457437140343,0.7794835063819573,-0.9175509345689619,2.0125967685044253,1.05103744299758,0.2097874588873933,1.1323876864781113,-0.6726273607689999,1.0327196703935206,-0.622780719784945,0.2730378281842695,-0.10567466921567992,1.4292032773835337,0.006665104814026158,0
-1.7625391087754816,-1.1286849407763817,-0.2811421293694648,0.3528521625118596,-0.479677339177399,0.9626441673030557,-0.2679326819363182,-1.3864972573700753,0.5660595395803784,0.3496179173443811,0.7832128913900639,-1.6759860097625403,2.2001656291682465,1.560376875003564,-0.8507230423450514,-1.591450109933273,-1.0010989767331857,-1.2843308301924325,-0.20319613386534635,-1.5530469542875793,2.0819700202863487,0.4283919757633165,0.7282780698098121,0.05175211794432283,-0.2529657101789762,-1.1716372405396682,-1.221335727031482,0.5377891291972238,-0.12186087339825802,-0.18975061338878296,1.8023323576394528,-0.6181569020863684,-1.3935602129593618,0.52751940404856,0.9455371131879147,0.22110337423668924,0.42726812113884277,-0.6739321487048503,-0.023874173672186992,0.4711463444143822,-0.233984653006928,-0.3133608757027498,-1.5102769630496975,-1.3028169590039753,0.08098927490904599,2.0479652470072325,-0.5075078198294104,1.3238907208178674,0.615079959317567,-1.3267307765397014,-1.0053139030074731,-1.0347879114846257,-0.2310270858224484,-0.5075004763798212,-1.0390334278805748,0.793040894170996,-0.491847555529619,0.6579870308161329,0.2982323180583996,-0.7875355386581143,0.8062778548871937,-1.9120415311387666,-0.6805831047467633,1.0993138427797404,1.6884826871160497,1.1448748165570808,0.004309292872119576,0.3579514772777329,-0.7233644521373502,1.6752358900162183,1.1884078493542671,0
1.0073113882158005,0.7778964035854743,-0.024493329004809685,-0.2577030715493042,-0.6493397554297344,-0.5277583223913466,-0.5255614015102327,0.2605767070718416,-1.1826120333910977,1.6731293753849747,-0.13436855198612604,-0.43970126137560306,0.47825715176164857,-0.694664473424893,0.09623232078339139,1.1360039209550998,0.1220204591259289,-0.2636504642882915,-2.0421609321526457,-1.1289398118589302,1.392167963047824,0.2319647478641132,-1.490884197501857,1.654677861214658,-1.661412508637139,-0.6499904008414031,0.5361809391736837,-0.19881451387160423,-0.3578757778553109,0.08442094371008652,-0.5266229766479568,-0.46397206444405653,0.5991514028524167,-0.6671333852415887,-1.5630309139646252,-0.8627554178737356,-1.9370082289159296,0.13170386895532424,0.5139568739714355,0.8440316514046879,1.2917717317380892,1.081698545660056,-0.09944651140676249,0.02614541748712263,0.2571823812034754,0.8641903797074382,0.14277240161709284,-0.20610086132045677,1.4262733982736338,-2.372535897474279,0.6403683965996221,0.6070012772800164,0.5378963130367905,-1.0894306731172982,-0.46403038651316125,-1.1768584785834324,-0.10564284362287904,0.46035917461634185,-0.7529326269987425,0.8334244413704804,0.12593535317250948,-0.049376629103023414,1.7082123745662687,-0.9587743816095504,0.38017379227343295,-0.059184992862032514,-0.12057752090726113,1.2082696135967381,0.2526206221015082,-1.5868796227260669,-0.3673174889077698,1
-0.7018305449056166,0.6070930684133381,0.8425598047434073,0.3418867030798556,-0.5942001784191197,0.06613646947123134,0.3444993982390342,0.7729230842920377,1.5167977402983999,2.062602931451131,-2.175995377806502,-1.8308562792984289,-0.9052674761691639,0.7383402852863329,-0.05463602926006808,-0.5475068287771085,3.2829658524687595,-0.5917163377390987,1.1020139343467312,-1.6132897784331823,-0.01059054456549285,1.266144325077256,0.4228072981785919,-0.9756280758163651,-0.7584326471255619,0.5388427480383001,0.1675248786352435,0.8320367619480754,-0.805978615696346,0.1840938310675508,-0.12272708692481726,0.6057472930733321,-1.7637112304035623,0.5267397267396706,1.3215951248638214,0.909634733329838,-0.009387217431993378,0.2766078460437549,-0.9677239711850422,0.23212763195125546,-0.42932915060663135,-0.04753511430218595,0.44995547673644615,-0.574500303302941,0.21259646661601203,-0.21348614601387247,0.08106728351676727,0.6563873159618651,1.0962223395617738,0.6050936878640891,-1.3442372645488534,-0.3790183774801867,0.12475491721101875,0.2006406473937812,-1.1990273769423165,1.2732672235180995,0.8248547036240662,0.9243442166647177,1.2714177674857001,-0.19773727705272967,0.8812835434465547,-2.377069992759678,-1.1943998047015867,-0.6708415161005762,-0.9031514208885577,-1.5166923655908653,0.8806527414887634,1.0146718605958633,0.26493384454855284,-2.168331558864896,-0.3436763434138805,0
1.589896476982615,-0.27059282722634426,-0.3741274371184908,-0.8428248033985384,1.3676998670901488,-1.1368070783920525,-0.9189204151538061,2.1627165957935612,-1.9505212294049905,1.1400299984436608,-0.3895202043391572,0.8993421352260479,-0.2574658343502899,1.4475005054529997,0.3423448336198304,-0.6260468315794991,1.8825425473324682,-0.9324017004047939,-0.3785597814711194,0.6821655903134349,-0.6589914583848335,-0.4603269658953928,-0.05407814854186187,0.6552551217836452,1.284697123723931,1.149465609937312,-0.7975761764575247,-2.057669527125098,-0.45668174843333587,0.9106554557352032,0.6054130306774843,-1.5580487437267396,-1.0257780009170927,1.0129918946364314,-0.02085002063031368,0.2970519363297491,-0.977289376577776,-1.3393012184344566,0.10603254570615793,0.3084964865443701,-0.9550222270314459,-1.6551357145003966,-1.4588093215097067,-0.17012682446107785,0.5180749074962204,-0.029610724955930593,1.1131681894451022,0.5482699068505295,-0.19067743222073724,0.2101752876061248,0.44319390901816763,-0.20747596540527735,-1.7457555330654027,0.33776168153520014,-1.4262016880796227,0.7374355443219245,-1.8781022082709538,-0.9818279492291961,-0.49721142035060484,0.14942759860907417,0.028204645757492226,0.6040140408651439,0.0068966763390654415,0.3814761404164753,0.991368168266848,-1.0245538545533677,-0.2044780602500117,-1.103357428407234,0.3346632228705786,0.13321041957770932,0.7370595915456579,0
-0.6003719900715301,-0.8809843468319682,-1.4006632700856099,-0.6739391191134007,-0.7240928422813784,-0.023161465386553778,0.86616954185235,-0.01883894291368466,1.0177308305505965,0.21563385273765223,-0.40616612702827554,-0.11313760011854881,2.2620720588829664,-0.13301070848981686,-1.2657871556445415,0.31649545868038786,2.1929658561282737,-1.906829254453007,-0.5708620023212502,-0.4675643544560075,0.045413773695527945,0.5856405801788036,1.1519582748506074,-0.6551909886540759,0.3595958213760905,-1.6912785705690063,1.065466342165515,-0.005888774087259242,-1.4334211570698718,-0.7729143096786334,-0.0920539600395643,-1.708380311115219,-0.2639124432589041,0.43408022926232087,-1.2024757591144455,0.36542560649008177,-1.1109716931725402,4.109764134559466,0.81194885016023,1.5335410158947012,0.0689785529316388,-1.0229015115271982,-2.8531340498379865,0.6778138497559831,-0.4895886973697586,1.2901464994014742,2.0265597266904916,0.18535696305001603,-0.20636474623102133,-0.22121888219362074,-2.8238067810450254,-1.467724502242764,-0.25927681295890714,-0.18579286289467736,0.2963654500177726,-0.5511336116488592,-0.38481967357039504,0.9911582238235668,-3.2218127268945813,-0.6667879658512857,0.8002109821614809,0.27698092412522923,-0.0713611558075916,-0.6962190464762087,-1.1044677469916355,-0.10266779639443567,-0.02400078878999224,-0.4805037666889988,2.473196292116529,0.9930758089568202,-2.2498758971490953,1
-0.1626971847439576,-0.6990212289679648,0.46669101842280697,-0.23833228141948487,0.9196977612740165,-0.2061961809806156,-0.4637121100280695,0.3335722789297504,0.09965763488238258,0.29860916466098647,0.49668924503865575,-0.6326776995064849,1.24156902499343,0.09743555627935485,-0.12124504722818655,-0.7631421046997853,0.9752172461505826,-1.818731400243577,-1.2637119601417814,1.1162609444870537,0.48145716536780353,-0.617024324412514,1.3667529407601493,0.1284912440087895,-0.10657064148731618,0.9062011300253089,0.6102125819858053,-0.4087965672868206,1.1358992697934376,0.1255517169863887,1.0319505554065762,0.12940013165112835,0.95847180937599,0.08455451652713936,0.6620187752992415,0.4517502054415968,0.06096310638753088,-1.7280414028656013,0.18597351115268215,0.07070955484408632,-0.4510724612400454,-0.9629207703938991,-1.2125566013351354,-0.40289609833495277,0.584331525625472,0.6211524537993456,-0.5802526774681113,0.715995560879107,-1.820343150538479,1.8150831824214058,0.09857334584074298,1.089008025624848,-0.9514852758826619,-0.43516377269519135,-1.5339634484583,1.8884845920411895,-0.4487188576760012,-1.3951119800206613,0.7299443257522247,0.192109984029127,3.1300677619028625,-0.4388083331334316,-0.05497455244878466,0.7507666195660503,0.8514056129231915,-0.25048132374934023,-1.4601986946634613,0.25376222622515066,-1.8180586786448443,1.092347018934076,1.3643275632011143,0
0.22930763715155383,-0.216310003444405,-0.12094599321974996,-0.1521640655299931,-0.025445194590826094,1.5594279172811933,1.825720446084976,0.08513530025784428,0.2798098646697364,2.14800107045664,-1.0862758554706358,-0.9870321122865163,0.10485039762286916,-0.7610564726948836,1.2990819468283064,0.6451028389841538,-1.7593425419731912,1.0066081546836785,-1.6506561039108183,-0.8211283470243372,-0.0393463477482699,-0.2827527754651656,0.12103495412968937,0.6399282772971074,0.5513478238260248,-1.3198939694998135,-0.7352495352000825,-0.2739649338221348,-0.12005021833311294,1.6209543755456304,1.2688664435288095,0.28601329987531815,-0.748040376858999,0.1016192058199582,-0.6821411450644271,-0.7364726972291953,-0.5931143906369866,0.13633237995335587,-0.24107238047037044,1.0000332538949404,1.5482221079149854,0.6887643093870374,-1.2113772149570525,-0.8878324244897278,0.8480180169723432,1.294497338870413,-0.2481686749744267,0.26367629278129967,1.3005722302335372,-0.4277715670557574,2.305387882312911,-0.8624757244785053,-1.0762447528556731,-0.4274140144347432,-0.056916615396781924,0.2469442483619938,-0.49472777023062725,2.5578558470351114,0.39157198482204736,-0.7248120858632796,0.27551825874124736,0.652805439121611,1.3241935151025135,0.3287798418264942,0.03725854079792682,0.7905845291667805,0.29423099760799853,-1.0573150587108429,0.49855320484685794,-0.3504823711176574,0.24964085489604496,1
1.0264922152830063,-0.632129316346885,0.10518257733167614,-1.0571030959640015,-0.9186878456619529,0.02915544524601489,0.0014346275285793634,0.8406643686626104,0.3878999993158497,0.5976511070831317,0.8290726268850072,1.0647005123909252,-1.2511294400496968,-0.9144453377888502,-0.4718514906899288,0.6904504478685293,-0.7961633472245142,0.7811070606491229,-0.7101902500431125,-0.2588844001138291,-1.3593469104956424,-2.922492921596593,0.9515116970318748,0.6452009060333825,0.721774207617752,2.2429294168879785,-1.0919458557456736,-0.3086301789978458,0.3623265692441172,-0.04577833341879781,-0.9010953544599866,-0.3432449608325254,-1.4252271257592337,1.8081047309912275,-0.7633684905243256,-1.2918340448160581,1.1382313618863564,0.29862095077406403,-1.753472050704325,0.7081137107128881,-0.5953247551852233,-0.7841744629922004,0.04689599225841997,0.1992426191374729,-0.21128434058718545,-0.08365877596644088,0.4039462333189906,-0.1693658920809155,0.11176504429167806,-0.5215992409248976,0.1102886375743258,0.5384125006169762,0.7388904700242876,-1.3483907046112187,0.0743554754195712,-0.22218027073579427,1.8030062363651393,0.309926117912247,1.923338787003175,0.7967663544485358,0.23635001702080544,-0.2775185623453939,-1.6956640932415095,0.4748814407611963,-0.029000658571741,-1.026915069404521,1.6692621169759896,-1.6315115775870863,0.6371695320229986,0.23661143720134428,-1.0301960577837763,1
-0.3866845225552981,-0.5267635075965617,0.6625499758464299,0.0222818576087559,-2.1126413116687877,-1.0605576883200312,-0.6610674486897437,0.8594953229791173,0.16620886451645225,0.38203032164916456,0.03647025149930174,-0.8619865141848458,0.354750085324772,0.10515796489233437,-1.4756415507003164,-0.1531320209862566,-1.0645544693844364,0.17957048376840012,-0.300286723056425,-0.011704351446136275,1.9171422365594348,0.04619024494337432,-1.0142649280498364,0.27547657545691806,-0.6781369485138243,0.753826212592771,-0.1333350275157134,0.6332811693891734,-1.8035871172925708,0.711876899023296,0.40068088267194124,-1.8184400008448198,-0.8015554828510886,-1.4019716938075009,1.1278371032008248,-0.9395390726531363,0.49422712675001773,-0.17627609942783376,1.3995922559111775,2.191237245836998,0.9909118809953775,-0.5856859850878452,1.5846916439041538,-0.5247096799034364,-0.60563823850147,-1.2256416003777488,-1.0711663764869808,1.2554809962781692,0.7281178955029654,-0.007851354775129903,-1.7723114550233352,-0.7522940928445492,-0.07509769341010705,-1.4941441482713804,0.5297581670449557,-0.37986113765641144,0.38382228520798584,0.788070370252301,-0.3824190960394521,-0.04230185246107576,-0.6842608615607826,-1.4992433126837912,0.4618276072536658,-0.3470484001036731,-0.16216226513783957,-1.0351181492285344,-0.9484603968813639,-0.2530461434152787,-0.2918937696431853,-0.204061972423117,-0.7296605900202615,0
0.22040989647255252,-0.01613077294742758,0.7407205452771964,1.251334835429797,-0.27170008224193415,1.1664307661510838,0.6963049515030901,0.4748315850981538,1.6794194072073472,-0.5796498179675736,0.43252547255893703,-1.5744918484001484,-0.7416128980013058,-1.2949428367891491,0.07793170778148015,0.5960085850356317,0.23251489807928666,0.6229884493337564,0.12267437911280911,-0.8350861331557512,-0.511903737633182,1.3251066205748798,1.6674104952553717,-0.4486690259207649,0.30501520693027007,-0.29509539010085567,1.5200809667938517,-2.337787805734597,0.0428979011901568,-0.7852388111119205,-1.2516645482249449,1.3392241333694026,0.45418720674409985,-0.9208841980961618,-1.2930625999153025,-0.10896692319675341,1.3795844853337895,-1.4037373505146045,-1.1622487014253564,-2.990659880228505,0.6583816295852738,-0.2688187975871026,-0.6983295456078311,-0.846571866232105,0.05800178759751148,-1.1332745443630368,0.49405548404165656,-1.1205357050505351,0.6691616484917113,-0.6627824411380983,0.6922860102061363,-0.201224485279892,-0.6321388907474222,0.6133591366988017,-0.9575158416174963,-0.9443503813045575,1.5930914064785866,0.45765935228117294,0.7629517945551818,0.6015206869411571,-0.8032649745986817,-0.1473417276993559,-1.1530148024495521,-0.83294587471295,-2.0166999775767636,-1.1787929839240374,0.5918570052780706,3.0522248949023343,1.1478142150105357,-0.4093859770265307,-2.1237751168962387,0
-2.084487315684272,0.0009899583681525796,-1.0094069991537213,0.33689495355359417,-1.4804541582290358,-0.7595058457868028,-0.6448834606634811,0.3532370500240193,0.5048949044042392,-1.2195846988093382,0.29431922250739345,0.9134878231687457,0.9788359757068892,-0.33204549626080104,-0.6588227454616865,0.13066602905912492,0.13655770435786876,0.6699773840415427,-0.20676466683549988,-0.18245683310195068,0.7260647791669494,0.280371090205564,0.7993090405235715,1.1207243654253245,-0.6440923061288825,-1.2961717749561799,0.703856227988482,-0.3231304983351928,0.06484158485224806,0.22866467359018575,-0.2971931875896193,-0.8887155777016321,-0.7544157666335769,-2.6863932878518386,-0.6092692581778847,1.5694778474326103,-0.5076202874453271,2.488610305859486,1.0207840661125307,-0.20383255363116673,-1.5951775753871467,-1.1614040132745964,0.8348022895040029,-0.4013722126752704,-1.2687331581554062,1.125097418026108,0.6454402488145572,-1.34595446731411,-1.0342205552512846,-0.02577963779483146,0.28404084103708443,-1.997132621720242,1.760824987803284,-0.5786960768145522,1.2401671230151103,-0.47316586881346795,-1.3447941921764712,1.4106060406762901,-1.8850544748828848,-1.135689454947536,1.0339797344606305,0.9144484168792925,-0.4988721838826339,-0.1957204670910111,0.04926634390685654,-0.13443413978550284,-0.13958687102259937,-0.16356340505083336,0.6932494014952013,0.6649298329848706,-0.8114570667897452,1
-0.09802855143765345,0.6827292980184569,0.23164961806111833,0.08729815455348029,-1.2375384244286685,0.01155410194943547,0.028930690636277116,0.09387975215082746,-0.5273744200442871,-1.3172805372598724,0.29679249075429043,1.4227173677500151,-0.12599676447988928,-1.1742646138934725,-0.005123443857719086,1.0086218695507463,-0.6309300456518334,-1.459640920442864,0.5712114423937884,-0.6411853147863092,-0.10935308174779465,-0.6148517760473005,-0.3292730185076613,0.5415324815845246,-0.11076669595491234,0.40283698336404,1.535989289758824,1.2588276748742535,1.7777534916871152,-0.5017997625753094,-1.524123967504608,-1.1167434242495824,0.16846972263141993,0.4499514952810416,-0.7641468753661995,-1.392510913616889,-0.02438938303794734,0.6272406750996483,-0.048299215938220855,0.41808525060354285,-0.6235479677329357,0.8730156842263189,0.5035226075012142,-0.8117832964965287,0.721100794195325,-0.17869553637161914,0.7042621011972539,0.016814996828830926,1.301050122651889,-0.6454458620481053,-1.0044572214583722,-0.9392953736111237,1.0669287023931038,-0.5963816739068157,-0.07771624097310757,-0.2544482533751881,0.9218661064045287,-0.14721768646337938,1.0055069208970957,-0.31313564563097585,0.775829835068828,0.05490137285256286,-0.44934072604746256,0.35206945379426136,0.056271535068885326,1.4362704861432571,0.3948370081520828,0.1123533060632076,-1.2456213742692304,-0.5214124861580451,1.7791337066595414,1
0.7084505521516645,-1.0809926614660113,-1.269547954981842,-0.658395554513991,-0.37953964285786945,-0.7672238063609377,-1.618900356130075,0.3580450804204113,0.5520587789790059,-1.0601636356496278,-0.1822548841964079,1.171905729545574,-0.015123803335053065,-0.5470126629000736,-0.7112911286708296,-0.35876191571680477,-0.006256984091358018,-1.4447968927970494,-0.24390850922694923,0.9633818725197734,-0.4064243497604879,-2.2990230272603345,0.46411411821793536,0.5432405039684125,1.9092181096518164,0.20994959225565046,-1.6116819583038466,-0.6464083562450098,1.1560285090839246,-0.11360398257409568,1.2824163757616314,-0.7619426573267387,0.46063130438392746,0.24776629621992496,-0.478655917158346,-0.2423963913236046,0.3924724142037382,-0.947701162149638,-0.5020861123099324,0.6551485473490872,-1.686213568126083,1.1704977321428727,-0.5697256946821437,-1.5159313301719397,1.5342711625605614,0.28352962457131947,0.04031852280198691,0.6763606023128373,0.6657359596663229,-0.6270370318720395,0.6348300399280019,-0.1089318278157983,-0.9525025049007935,-2.0744787817587453,0.7271131250508269,-0.04645208301080578,-0.4404362539980856,-1.2368198783437923,-0.42353335244547813,-0.9251228395014156,-0.40574755273465996,-0.42014765736180426,0.20604243333525768,0.2840394373148264,0.1342610319522051,-0.12181769579530358,-0.5556503342311574,-1.0961978522239983,-1.7996394804693383,1.3819164610409416,0.39913425575411204,0
0.22836192976557432,1.0220756088710026,-0.05031548119807642,0.6589632808134158,0.1328348416002592,0.36665168325918973,0.4795374311183604,-0.40779874867045557,-1.1412826251347927,0.34039438404425304,0.3664128651201139,-0.313158994460007,-0.18351246794277126,-0.2627018826605377,-2.267171193801671,0.30372386052388184,-1.0222026957505452,0.4259657233465387,-0.7844423580974632,-0.9487948494266975,1.1299147081561074,1.0965645124354777,-0.7298411396040732,-0.7733960387751959,2.174385114212187,-0.07663025053159428,0.7634505909007651,0.1444070523813678,-1.5993463782674464,0.8237389006131361,0.9330311713174227,-0.760994285529609,0.5687030264207693,-1.2546644300352259,0.9769495643655589,-0.4174053437350291,-0.2728566849797159,0.3231680925661366,-0.24309338962251498,-0.3491915711301284,-0.17132262093085032,-0.024698591090921984,-1.4405525680237297,0.0774975306318195,1.3535797107475553,0.5473960374838619,-1.0581112992940211,-0.1462625526041957,0.5540673471584701,-0.5058612351631782,-1.018444434374962,0.49748873655373865,-0.43810084117267023,-0.6794031676602175,2.702727473730646,1.356286814349538,-1.472619886378784,0.4696678199219173,-0.8566089089467055,-0.31705892948158926,-0.33553231932148925,-0.9456719256860153,-0.2118478491454919,-0.07116061927499506,-0.9375961811241756,0.5106057920873603,-0.16520823292506823,0.18502785014826523,0.9212070756100602,-0.8366272441562183,0.5602083004663391,1
-0.5210274883475916,0.34813068129526226,-0.5892042458823971,0.19294551265318438,0.04618350365338364,1.1714292780074755,-0.1924019226441232,-0.9322380178964109,-0.17291260608958509,-0.6725945163062653,-0.4576825450296564,0.6228557814724687,0.8249249803839612,-0.6147596104110403,-0.1382847175414472,0.535297398709721,0.5863099719508779,0.5473184540170076,-0.15460577076457568,-1.2996223986992226,-0.3268342310777482,-0.047641061796143414,0.2742015007636621,-0.18689151288868774,-0.8957398902012285,-0.7648139035168385,-0.925301162749741,-0.7895391324663572,0.9110908734006712,-0.720321539700333,-0.4436801753689023,0.5083863019669698,0.9998962057611477,0.6638765299665524,-0.2539421134808392,-1.3156967858487807,1.863677630924262,0.07519966966760462,-1.9705817774197991,-0.6416919867947102,-0.5105772706503078,-0.38754394227217803,-0.5477615112502876,-0.43494699849918833,-1.4130043843047058,-0.461170254968274,-0.8657604379471323,0.17098081600620588,0.14605524087061467,-0.004169209030828101,0.8060862227399446,0.522722962590576,1.2582402763174068,-0.519364610025943,0.02796825447490391,-0.1818951508471438,0.5333809688667864,0.6493711949204082,-0.11649505635028468,0.28562207502290615,-0.013787613425425088,0.26240447974998865,-0.5170933005482526,0.6950244215386182,-0.5823393232098587,-0.4269192691714983,-0.8676310137841619,0.8741632110384826,0.15399047400987875,-0.4939551887416996,-1.3556307730376902,0
0.30526576350568335,0.688935132577244,0.012030699178592912,-0.22645692106535512,-0.5166893564945378,0.2604180653454688,-1.258721485656616,0.3540446630006264,0.6853580736395283,0.19474490290394064,0.18055675520456016,0.21400690128295316,-2.1914089952323508,-1.673062027858965,0.7503763065462145,-0.1582894067136631,0.3083470003268762,0.0009047000411912217,0.029076255236795218,1.0643025617606912,-0.3146722779659792,-1.0916522374035276,1.3763835017992818,-0.42949209242815317,0.06718945709101772,0.42451640713285493,-1.6499432255928899,0.4799908251208814,-0.35087650225198136,0.6958540145176092,0.7730620409407838,0.536919346659965,0.23375129315301663,0.5937068839476662,-0.1596155653592722,-0.12535537672313346,-1.5086108567614702,0.0740570656968817,0.992256082897856,2.0549801728205273,-0.26029350854983924,0.5979864679070193,0.4024519853680168,-0.8586323057708963,0.5106698408078207,0.8432368146792779,0.17498375348258285,0.29490937570015696,1.0880005855640489,-1.3108782360993998,-1.0214062543045845,-0.6639325811294523,-1.1813882193978564,-1.0340382785043314,-0.474240420279439,-1.1679109730565949,0.311986935329982,-0.8298691060191076,0.8163891700820566,-1.6850286684207754,0.6132673327608413,0.881181382870314,0.3208587831466405,-1.5170926861706815,-0.25179233097748294,-1.2248725791473019,0.4705751850213056,-0.6689232414155402,-1.256011207556412,-0.38534552963198576,-0.4123755827549779,0
-1.2782591524669138,0.7384789098564452,1.4883669342756656,0.5087703248781987,-0.048435263462519425,0.895914721870798,0.985031951305327,1.3962172130797632,0.5394631625405492,1.3401455635122155,0.30990439968558353,-0.9931158394325008,-0.52175004683784,0.4306914422276159,1.2675556431317538,0.08024523452883574,1.8430141656027745,0.3519469528259762,1.7204426330173095,0.8858676907997042,-0.2782282214838162,0.552377934135311,0.8060420439884327,-2.3056436544914076,-2.3444569211860244,-1.1046224198633283,0.6520834564864851,-0.29772072482285583,-4.854022957882165e-05,0.7386596701386067,-1.216447622089973,1.095175783263255,0.011074117587872672,0.43481278599788187,1.8430045484246158,0.37759994724575346,0.1170846807028547,0.16128736713134864,0.9987556259267336,-0.6987347715711649,0.6099044168644508,0.6518865641619693,1.608516079481856,-0.7776680453929194,-0.8866411466970563,1.5408890738446284,0.9460334886336955,1.1725977428715832,1.1439409703122514,0.3180102506640469,-0.881173299384359,-0.30878944317104634,-1.3843117203456987,0.01988246474948603,0.46163862371540804,1.6571366478080327,-0.18995940032896289,0.5917149429973235,-0.2738202916426981,-0.0564736556134417,1.0746101645460846,0.27845493727125675,-0.32469096363312644,-0.5951094237893343,1.5097143131439326,-0.3420752876309144,1.3826756743061495,0.2731051912224704,-0.20472608378358384,-0.2442085999987101,-0.34346500550036857,0
0.7304246166416903,-0.40029069234649023,0.8575012305925779,-1.1545664522838992,-0.20541323483292645,0.4023215965219619,1.5089364391680693,1.3338254292924316,-2.0278251957335396,1.2062440154324663,1.1164659861210253,-0.4493347716011703,0.24673790485666497,0.14917025471693968,0.45324031132433695,-0.03331019415466571,0.07911482338149674,-0.08994700437693393,0.20324415070464674,0.3854159115993935,0.5415619172635064,-0.7977268196937639,-0.4082630474994721,-0.197843717692351,0.06790308961291527,-0.5865238432407464,0.39343827055236924,0.05670363264323725,-0.9206115953614462,0.814739730431286,0.8182817437005903,-1.4251329873405496,0.02782995695569483,-0.06767205983367965,0.4309651297926483,-0.2523943680011092,-0.2065494627061488,-0.061650479484424585,0.10100665843634844,2.2733944731571896,0.08898120177959173,0.08977519012111006,-0.8178575513814397,1.1533132783076625,0.6569552759431635,0.8368013046082995,0.23563734289188681,-0.04214866240526695,0.6865897156813474,-1.3610158621531392,1.2444964930007505,1.0595635024597772,-0.6649166043230491,1.0937875376978532,-0.5388204639051128,-0.8630745961452205,-0.5374699284569787,1.3941988387347317,-2.318794852953811,0.6569213609390598,0.577419362040738,-0.7060852481869143,0.8326280902471908,1.0409026197295774,1.0085660306451203,0.15122991301214217,-0.4038881248118714,-1.201723590350408,-1.2237303337236267,-1.034738742788704,-0.2510369462027364,0
2.123946146590749,1.6652218739062181,1.237369985345428,-2.9526138654582237,0.7060756373043828,-1.9613747111630937,-0.6473760900766807,0.5778029319482463,-1.883131801714406,-1.2481809281911358,2.0468007624699314,0.2605037481390848,-0.14521627625169473,1.563063196917386,0.46265441927292705,-1.5288957651262927,-0.30601911221683825,-0.6895176894297825,-2.0608021257585745,-0.5426785232656679,-1.548417806422393,-0.44228780093917003,0.2123404387210396,1.9925873716681952,1.2631994052658537,1.660127669095251,0.9065279258279885,-0.7061567996374805,0.42455440999018906,1.0741668117115848,1.5885654117838395,-0.5201491016294612,1.2738125355966443,0.18214656519542574,0.5109803228977359,-0.29457597396295776,0.3373327613398647,0.31709417997508005,-0.16039966763654187,0.13067605155535947,-1.7230563882782788,0.8062462337992842,0.24108963293855834,1.9791126595257502,1.368274771050836,-1.1423103322077703,-1.5542652087256883,-0.244908735776193,-0.11786567872805616,0.7970412473632272,-0.5346720593974827,1.5177763677426692,-1.706719465658518,-0.23357782578224537,0.6454874579559102,0.482631792656928,-0.47931972051511773,-1.9041335076332069,-0.09617806086580225,0.17179526793921215,0.6672532085228141,-0.44063618756358336,1.457449145727063,2.837736474973281,1.5177139834104163,1.3470608514968192,-0.7809324698256083,-0.5602734015545877,-1.3191210545033374,1.863355942174623,0.03624517064039852,0
-1.9959716845319386,-1.5374066026697175,-0.6474485343757178,-0.11270258028190186,-0.5672817855446141,-1.3491708131264264,-0.12307251933293754,0.4079971220650849,0.29862107489478934,-2.293987016062282,1.0729294573783306,2.105343758450328,-0.2688010524332135,-1.336845746199728,0.5860955352774143,0.8275378154665959,-1.2314732016729206,0.9715320485357664,0.9888171220512512,-0.6149944870734436,1.1601961738590914,-0.3236737962905595,0.7698669027653342,1.3985588907345499,1.9789112153049835,0.49567900439566653,-0.5637650233951801,-0.3726432187214297,0.7310407410165735,-0.8791764178699768,1.3372307789730729,-1.678533997804336,1.1874160601488852,-0.05805566447303138,-1.7873020292076702,-0.7088888332553412,0.7446889133486058,0.6668239013561433,-2.176514584255504,0.04527961602207173,0.48471974436032805,0.7331100598013073,-0.8135218286112367,-1.5024042940012137,-1.0359256936184138,0.16987207119006295,1.031721142655824,-1.6656710654061524,-0.8988072478984843,-0.5864712136680917,-1.7656329939641804,0.11417310667458025,2.8272755469261623,-1.1238489123635154,0.9023517777416962,0.6418328233893523,2.4868263741272387,-0.8899577318522693,2.0679791852517764,1.2643261631339657,-0.6343036302840771,0.9645735493082368,-0.35911473357666923,1.5995590485975442,-0.8442094995346594,0.17189410517098397,-0.740114690570056,-2.216357666601102,0.33375233402678406,-0.28380750384944753,1.1331668362418272,1
0.056249257212584246,0.770905438093634,0.0004250909902532676,1.282874170548385,0.6514521741821064,1.7361761186994318,0.8349042276901496,-0.6302615380486056,1.7021974684460408,-0.08752936698675963,1.279490849568957,-1.5410521264583417,0.3378563617909301,-0.03643306312039305,1.2308735875592631,1.0251977245414912,-0.5582589699319851,0.6990735052404372,-1.4776707496918853,2.247664111498965,-0.4453765498104872,-1.9503436298970278,1.23567804586626,-0.38987513714870115,-2.7789903643498306,0.3716386375446441,0.5040658593240189,-1.4924407694025714,2.54571884283856,-0.6148078253073311,0.5819212961775363,1.556329971049111,0.28422099508585785,-0.822805859460095,0.7550847917586605,-0.9324910844980904,-1.2958300773483797,0.731722405711911,1.057735785728179,-0.13633681601947695,-1.030560125174788,0.18831222564385544,1.4926592243148946,0.021211946301117782,-1.6279362726341324,0.637090222942247,1.2039767545438855,0.0916792807693014,-0.5242082860624143,1.2263161806231393,-0.2633157041132562,-1.928168211365806,0.24624456536358805,1.7718822852307716,0.09247988813780716,-0.44377175467638774,1.6176418533238883,1.3230241149264714,0.6272035125584344,1.308508857021072,-0.9258210546134091,-1.1019423256652474,-0.30225434875011065,-0.17120609975494913,1.3536211908876579,0.6518690602539641,0.22612688617206725,-0.776616096472323,0.5434200599980408,-1.1112935762666638,0.016574779330490695,0
2.1351753097946724,-1.3249102566335322,0.05211371357320259,-0.4908332910161734,-0.8758953868645125,-1.4125452341528972,-2.405533999857814,0.7651410200370494,-1.792202864164847,-0.2341488817605107,-1.1767809415300727,0.2910411574310049,-2.7514095018594795,0.815208533998215,-0.30082968396181625,0.15131181886366205,-0.21276445781449782,0.6825566893422761,0.2686838385613337,0.673932826765179,-2.083308440711333,-0.3878182797989682,-0.6896916575265428,1.4023963534151247,2.0476710977329304,0.820144259983595,-2.4747568308908234,-1.5607118258828978,-0.10337006420475447,0.3887166057537792,-0.65537752053592,-2.325242788688371,-1.6255481107945593,-0.7372915912066818,0.013011053672425039,0.222482618382818,0.5932172823327069,1.0058965963097615,0.6974239127581454,1.2115106674802465,-2.5731631314083394,0.9890414750600811,-0.24948919917307735,0.677347316399662,1.5241578729476386,1.5079786086623903,-0.05731427260340251,-1.140944610164212,1.5685751521919429,-1.11421007676467,1.1749338486180008,-0.696197730345203,-1.4219638924215239,-0.1606885375145009,-0.40188909992920335,-1.6996999734715303,-2.700443853322354,-0.413503964335821,-1.7160989905226958,-0.5714622310560081,-0.17364664981473404,-0.6524457291776738,1.5777230678646663,-0.7815897306491852,2.4386957631503896,-2.4458332439480794,-1.213505789947984,-2.2947894004612484,-1.9617153454131773,0.07450104379631103,2.058442142801044,0
1.4691439027328141,2.483758182463778,-1.7615472486861878,-0.7041181516597219,0.20448506325828805,0.11500610370672555,-0.6406831502288948,-0.5311783821822619,-0.9565662577040533,-1.8142914255636389,-0.3429892805275033,-0.3165929336816763,-1.241532804539044,0.5563490471122893,-1.2262108854435385,0.1254539996063041,0.8771818717535058,0.4563566177470839,1.4817801480741333,1.427575822012522,-1.4742692201544922,-0.8512308120674068,-0.6020044565817589,0.8314159455706871,-0.0718589952217973,0.7895215228231393,-1.9321736372675773,-1.133730188176486,1.5221700854723084,0.07626695343068479,-1.463085075388597,-0.4686274877268701,2.145125517243922,0.4769253016584215,2.7231620853157597,-0.6750505589586266,1.1274690294232963,-1.1424711377682204,-0.7272664895925584,-0.9829672513635405,-1.6312380526688957,-0.005033504450508579,0.34543284507060384,0.32141837240027765,-0.2267738359674576,-0.28330370246902004,0.5293998220892729,0.5717540386790267,0.10909041866735479,-0.2704536391061542,-0.5137455540946219,-3.0692808936347853,1.8012886633807605,-0.16245963524750828,-1.1157376269375001,-0.36186910794668375,0.821482073918936,-1.3981716233681458,-0.2756765807136271,0.9313312832051106,0.8863501652558401,-0.393791035213184,-1.3504567687613802,0.3095165254394291,-0.16363841998335274,-1.7269116676066518,1.0715870700190944,0.7170657741444693,0.16875650928079297,-0.12215059666798114,-1.1568146509191017,0
-0.4546825314598453,-0.18192809669835877,1.738760051368911,-0.318553215472958,1.0078337795366636,-1.0981792631796667,0.28515060105682166,1.1857756232461598,-0.137103051514122,1.291963020936551,-1.6233129875374697,0.2263036207465725,-2.075544052635213,0.374675165969454,1.4749347317497254,-0.18675475318154008,-0.6052346632518996,0.6363474772065381,0.8884469477215218,0.9198644456617795,-0.329703991926221,2.3289552400778186,-0.022189403979336067,-0.6537026486976679,-0.8020281877825117,0.6093961713187236,-0.14070547122424756,1.2324543740390557,0.5211248849641325,0.3569648841115801,-0.5103831914325091,0.2749179301341637,1.7410763732608296,-1.5333369204943796,0.08435189793055252,-0.2613235983478072,1.0463956867893565,-1.8367456684615497,0.25110186446834687,0.652151100195216,-0.7135883938627499,1.1706141039274642,1.0556252642905388,-0.35746533336249536,0.3286810911511069,1.0989054500988367,0.03882097742085986,0.20755172664962496,1.3577077564578568,-0.3438467323864195,-0.9830795202504599,1.4163933204745505,-1.0573223895786066,-0.7469221097164132,-0.38681398271564155,-0.8544848030904603,-0.3658994225951186,-0.4744791936204054,0.9825557050363742,1.7339644539394126,-1.2475507392611382,1.0121205917850775,0.6521263458804448,-1.5375431783189228,0.9987377623828064,-0.7199731691335551,0.3048813488114008,-0.6302957762883279,1.2740504743833188,0.11732037242886273,0.12263436182616635,0
-0.4442311227582007,-0.1667920014944058,0.0673546075375078,-0.31548399838962565,0.660304551449811,0.721473941337167,-1.3273279603306858,-0.8336708784023251,-1.4992777734191787,0.4567786839383433,-1.1655299555670389,-1.4437440584599086,-1.8473689460330163,-0.9649561759280123,1.7321949077137078,-1.2258910213808039,-1.0850966294024933,0.7071119604113341,-0.5396038290492751,-1.1767365594548111,1.331354109201884,-1.535175278062043,-0.7503555336735064,0.5000199937798856,-1.3279369074736167,0.9832559147499204,-0.5458573789288134,0.21963308460842013,1.3210816337752742,-0.1985839614651243,2.127255070359009,0.7490771546007926,-0.9685571021709647,1.3552105919367063,-0.5218274750534642,-0.24137282906608326,-0.2679646441601361,-0.3736101887209592,0.39737883692136367,0.14286449016288447,1.6440982752140574,-0.6490593587109168,-0.4895982507064069,0.6446526341438656,-1.821502325917181,-0.366296933772865,-0.21019636376863546,-1.4416883137659684,-1.295041022363471,0.5015359414588394,0.24355459538510574,-1.2455045177547397,-0.4313074330778289,-1.8082828828560191,1.5757853648648237,0.3386805328200021,-0.46367668668346645,-1.7664730255540873,2.6044431781040385,0.032825130948805833,0.7898461208347508,1.109262845843126,1.9293608442214591,-0.8660109173744522,-0.5714646467030116,0.446565072061421,-1.8724978331352875,0.1683930042411132,-0.4521700938374587,2.3907215269027646,2.2357695489050315,0
-0.02165177865523191,1.223880937725582,0.9735484464403853,1.2842567758421852,-0.5334882952132046,1.213997317780538,-0.4491387218054452,-0.9495158849409115,1.3615154859501628,1.1471195800887852,-0.57928481802589,0.11781939361256306,-1.804368916165977,-2.350430638221589,0.8250938191580328,-0.7414810127730883,-0.5225935381626534,0.43003049027647755,-0.19718949200111818,-1.2398565435789455,0.728642583020973,0.04460558568259157,0.19404596427477264,-1.5994786823145368,-1.6093010222814654,0.7618347586923285,-1.1544675215611344,-0.41925286656026195,-0.8636489031105166,1.3778034991158628,1.6107596609336354,0.9262933291092541,-1.3171227403252814,-1.1633056754570097,1.1988039906596795,0.665114903348019,-0.6437329399118235,0.9079784602008062,0.7890583794266586,2.0410434836921905,1.316264609799762,0.6131175578140599,1.0277430784704091,-0.33235133368082453,-1.6734307535705637,-0.31704193166239114,-0.7519634392555598,0.39678494974576234,0.21667803874085773,-0.5509318394047054,-1.085501262229293,-1.0610229688329609,-1.2009174265547524,0.034078515263856635,-2.147460770293967,0.28954045557228564,0.06249455660767458,0.2124817307246483,0.27618544866085953,-1.1461345592977878,0.5639315703316016,-0.6636017523468528,1.0980799457006791,-0.9882378720691409,-0.49825016844929,-0.9546029050756747,0.4212118137474513,-0.14927592885367588,-1.5812858465169664,0.5473499064352022,0.4490490382457786,0
2.7886130512110845,-0.21834248439028062,-1.678965371412143,-0.9951217577070384,1.4887750893250984,0.6947325341644349,-1.735680451192121,-2.3165061479723956,0.4155545939937396,0.08924692663956418,1.1517288512292578,1.2889869496535808,0.674842091135334,-0.35916138913356893,-0.022080947102877013,-0.01066351417439938,0.5103286278696033,0.041192487782877096,0.4347997161516226,-0.1627412460780405,-0.31914521002563107,-0.4460178096582323,-0.2576153534085628,1.502161974133547,-0.1963261248315211,1.8044738769059092,-2.5503662341487656,-0.939550079701696,0.9825120017111086,0.42100467272209097,1.1676510999048415,2.8230739558160445,-0.5829333925371275,-1.4153623040018344,-1.177194585179489,0.4196188561631278,-2.042788846193716,-0.9039000885912959,0.16713129242098848,0.4049934271561025,-1.2024844435808408,2.3154374715258603,0.9667421602879442,-1.507230451845654,-0.24837792425689184,0.8402227289249589,0.1593951766498193,0.5195451695032705,1.7375210204052223,0.41753229376055634,1.5818788369890486,1.0840341112849905,-2.1128353505006943,0.4135675131351146,-0.5678924256837216,-0.48549364314081234,0.8026018409486481,-2.8870801928535896,1.1227536670489,0.01529391613031454,0.12461411809769367,-1.1854823655508238,0.2979395186226939,0.1856787215308559,1.0473887544385003,-0.009380986868633218,0.6759907572707361,-0.5440633660768829,0.9144919782687482,2.1855447299647888,0.8000969218999548,0
-1.2569906580918064,0.2547362235752919,-1.7116596440584853,-0.13438568475333343,0.8131216957599467,0.7111604034643846,0.9548248077714772,-0.0654461864960721,0.5178502427764745,-0.0007314207436375403,-1.732625213443495,0.30118931036192675,1.1843505343567475,0.4403198179265745,-1.1516087058233961,-1.5802640360033202,-0.2139862913220478,1.002887605000574,-0.8549417501015564,1.0538064334603423,-0.28950818355318014,1.4228185794766885,0.15770859294349174,0.2582592844016512,0.5654880816220752,0.33145594309945453,-0.8360147854939866,-1.140035036911476,0.948924477460472,-0.8968480582510524,-0.6684179652617787,-0.35355880192433753,1.0158138184838186,0.9971819979291725,0.1496027097324614,-0.9227388403044229,0.013056227842878644,-0.0446042268635406,-0.47159035269762606,-0.029784938619701645,-0.32192495492855533,-1.2070487313664888,-0.5856785201655933,-0.23574885472249807,-0.7481139189071117,-0.4144806595842382,-0.8887168263113167,0.2957980697058861,-1.8460550677314584,0.4828973510305734,0.996987491518346,-0.23803059342236205,2.0500607696265285,-0.35813994919068975,-0.8374719995963433,-0.03365031035589627,-0.4629829645186483,-0.7448801349337272,0.6511080746421479,-1.060479844400665,0.6531085055637433,0.14981537492531352,0.029947457790636362,2.1328642757865492,0.12966297159628085,-0.2415085807076589,-0.36151619232184234,0.45901291563245217,1.5780331419785971,1.276269841940392,-0.690769578720232,0
0.09777630767835647,-0.054157849551889445,0.5219928488243175,-1.0005308850896597,1.0847821220422451,-0.1373539720716656,-0.2726013043604442,0.2938845778100925,0.6461268021845098,0.8063157371294428,0.06362773395783476,-0.546461165698889,-0.4806260926433084,1.4284499496297043,0.46179913446228965,-0.1390249599508238,0.6718167711961093,-0.07727211502812667,1.6057555588981935,1.7895081266510042,-1.0574311730091641,0.3618445521353403,0.8260330538787984,0.8342723609867354,-1.3520605753238553,1.5064113008738214,-0.36820691110636805,0.4372083545629535,0.09732258730670511,-0.642723115747026,-0.1624980725855847,1.2768896540346086,0.6786943556950032,-0.5068793798205364,2.0648786292455386,-0.6564430724763399,-1.307113526044978,0.423322220686038,0.37704331006273073,0.7193792118553444,-0.9337716264670021,-0.8270275354891597,1.3863153469894394,1.8413788579503656,1.3427757917655834,0.44254726049788784,0.2900231134585982,-0.014545614756325492,1.1947049529085492,2.7593757679803925,-1.7613772965387096,0.3843689308978177,-1.5084348587642045,0.08857235180566854,-1.1081331657557383,2.11823718509314,0.5170445150319102,-2.099439329223987,1.6814421357313643,0.37620082679842076,-0.7576255681918282,-0.9244054506913454,-0.17054160613754005,-0.461586251737564,-0.054619026538202636,-0.9828939809926509,0.4869222076925393,0.26152627626059294,0.3298149234263402,0.1660963562414536,-0.6640449507526898,0
0.17316075951419066,1.4615839714978212,0.8485873046109369,0.5857342927830165,-0.6162157632000687,0.9456259415332122,-0.8229935324083261,-1.490488763390132,0.8293318977872254,-0.21600220521221922,0.07247184354713349,0.6704736111035663,-0.5824824242082606,-1.984859068128928,-0.13827985846413882,-0.1911141114886515,-0.763658133595739,0.20646307487800872,0.9456543880088687,-0.09295521671889397,0.19048739620285074,0.640717061990445,-0.16358845217594817,-0.32877155562958016,-0.6570593628534098,-0.6077415787641626,0.9938046864922278,0.4014331521201058,0.6008123724036665,-0.7880272852063137,1.4190005009238076,1.7653596210751215,-0.8264482754971214,-0.4924058057353769,-0.34488993735613044,0.16522209020304673,0.22550470527336533,-0.5347660204675737,0.8658524422259489,0.7808832465201119,2.990779442028436,1.1034354072065318,-0.07247460783107396,-0.26708214834638316,-1.489683671813568,0.27503341004385345,0.806095950582463,-0.27604743985501284,1.352562106144169,-0.012705687617560975,0.22333318349754905,-0.315226537956298,-0.8441407883064236,-0.03619028009203694,0.6459563719481364,-0.8948592457684463,0.6017292523107882,-1.228727337051034,0.30522088045853757,-0.309147767815199,1.4313800834690125,-0.727994063497946,1.7839828356290508,-0.6835270132335662,0.3181400776940001,0.27246639474269063,0.45923129272205104,1.0789075977851992,0.00899261236805713,1.0684255766875055,0.6946596674005497,0
-1.9589180113151035,0.19276475670476434,0.7159914111473379,-0.4774941434650408,-0.7872304353836428,0.5538086618480257,-0.211881364419124,1.6293239733156952,-0.005410383253880749,0.8727226541670887,0.12811983798487295,-0.7442828619657493,-0.35044594934886364,-0.4331867214955295,-0.21091324661111938,0.5872078862394668,0.7209716309789573,1.0076478320252629,-0.6197608273182528,-1.4370421116457035,-0.5663788620721486,0.03111355211568922,-0.7487423061808727,0.21454881691053837,0.9865424238076289,-1.6184861165358881,1.1580866289427543,0.712264338833286,-0.8030537471923614,-1.0769431608343174,0.3686336285798523,0.40957113639537635,-0.9607843012776883,0.6324195917909433,-0.804358159446334,0.69229437003422,0.12834230936290356,1.919860613378854,-0.9917280154360129,-0.8780980565359755,-0.09283947037734372,-1.0476447798959085,0.08045879876734968,-0.7877127228559753,0.6238372610874026,-0.7726589027548075,-0.5845653064864994,0.6164526503616988,1.296646729877527,0.024942028651368967,0.6027212093963311,1.1867786996603946,-0.28304266839149356,0.5266506500039495,-0.7642909645332182,1.595723307115903,0.08427705785088753,1.0900345579089428,1.7061116919966821,-0.4353027958657618,-1.341566656747365,0.05207234274469432,0.7067966989192362,-0.06139321039704834,-0.39470951290760287,1.3609825618214064,-0.21416206412077202,1.0277082033044183,-1.083665036305303,-0.828606211153373,0.009387246364875269,1
-0.11087962040545417,-0.284462299981326,0.21364424069792562,-1.3533688154608958,1.1508402734577767,-0.16341048325690094,-1.5931563338348216,1.753590124459735,-0.23301714399209958,0.7299805815575443,-0.4489473124234959,-0.7550858250911936,1.0616365549825078,0.6714974151290729,0.4510559260374493,-1.0249626848431537,0.6202145821871755,-0.865213186703821,-0.6580258122379815,2.736734675772674,1.2030702823895423,1.2195745561287632,0.3477111592351875,1.126523112790952,-0.41009879098902413,0.5049741966385279,1.2670771517116945,-0.2463018196783649,0.6804343481864407,0.5806926186936098,0.10090043273421596,-0.18120141642005078,1.3151646992291317,0.3246377103968012,-0.9150369000631529,-0.7265583744925975,-1.7879407303563462,1.2463031914222757,2.1439975982042396,-0.48027424715963135,1.1462383337881021,-1.6759251738019803,-0.5096134207818885,1.2178761784711005,-0.5534515444364441,-0.29532062853563096,-0.1971272641279683,0.8063902803225527,0.1894512244917738,2.026312223941916,1.58837904361056,0.524239347962932,-0.1471066245237702,-0.2170237011020901,0.03641170411299803,-0.9118742926294197,0.22816692198967978,-1.9057348794484699,0.15328645051784937,1.8510065047699455,1.0101289943299372,-0.5120743348797332,2.0656163252507334,0.7884073685050719,-0.1868358776009157,-1.805474714914372,-1.1314327609519266,0.15748404381389833,0.24369215565550859,0.5977818930883043,1.3566986161057326,0
0.7434908536389555,-0.07194134762470193,0.11385816894458362,-0.9657541093718849,-0.45199498335843813,0.4665485523154066,-1.2769419550075445,1.0129536907957926,0.6971420296055398,0.17568191961020513,-0.9022253839268412,-1.2122661253976519,-0.24516368401340302,0.7077667073755791,-0.2995698317624568,0.3466798725930275,-0.0036201592480960567,-0.9978183825106002,0.743767273721243,0.2537323090895485,0.5822770628850801,-0.8754113779745624,-1.661309494838933,0.10587281031166146,1.6561570468198787,0.49954440812896667,1.0888043687827698,-1.0632326573129838,0.8727803271972272,1.4569303743188964,1.1106164842172774,-0.9217824638904413,0.9541644356242257,-0.7636892424606334,0.4094436308331708,-0.10539824091261484,-0.3959428176189485,1.4634214867544224,0.49503681470819455,0.9106983138049499,-0.8576029333249026,-0.8811644844379438,0.38686884076213934,0.2613976563532923,-0.45819610524840687,-0.015512572122709536,0.7839074725030196,-1.2483316048313156,-0.0022993237690784474,-0.2442906444643463,1.9380197991884693,-0.5044763343945637,1.1945315009925697,0.28458439372498634,-0.6821785650362097,-1.2385141125412225,-0.2532506849108863,0.7868841618862017,-1.7626196717502962,1.9798747908817826,-0.025959506644435314,-0.5823661074007457,1.0508229848187423,1.164518127477141,0.21465012473264103,-0.1204563618469718,0.4628608835750734,-1.1684217666166183,-0.27083153593718823,0.2258147825611462,0.1159032403496805,0
-0.9941693197052518,0.37982111511016775,-0.3536149342947975,0.6792776278038432,0.2399367401797144,2.1483376223387527,0.4816780250959259,-1.035289123179625,0.09020641449620212,-0.31225082605956617,-0.3497036761180332,-0.8370633104335439,-1.4213498984363067,-0.32110173902154754,0.7148776561077181,-1.0075832868626295,-0.7938115036710215,-1.252400693412394,0.5206023265481011,0.2603934836629556,0.8917071839005176,-0.9317634677615426,-0.9334811368154322,0.5604885836433408,0.9025228025779735,0.08424791005721677,-1.1053036480900416,1.8368359694624388,1.073705745731569,-0.20056004555069898,0.049941540986081584,-0.037775653814488705,-0.2211867043398805,0.2206018899851555,0.8633717850416953,0.8676710814729585,0.9172679158386138,1.0815210388421421,0.33318115822228406,-0.7157246612235324,0.38577083580887933,-0.32790343368123165,-0.7531759803437145,0.2520308207115439,0.48355459379872207,0.3367917862245593,0.3394245885954848,-0.1190325729502667,0.5390890188558614,-0.5645553009709372,-1.764464170386367,-1.4461144225037292,-0.7137322922356507,-0.14902671022171887,-0.08545535852840296,0.6899573247099421,-0.5095848355337119,-0.9500667706241961,1.587746167402144,-1.1867876465338743,1.5371834020158044,0.23843960008462756,-1.1214402878163403,-1.6217303240558918,0.8922985702716248,0.49748486214846566,0.21450900609060283,-0.15254166698230356,-1.828890068294107,1.864407506627492,1.8609726844305472,0
1.2015806430299987,-0.21888089177680628,0.5440613487605529,0.5129064876319552,-1.4290945775509227,0.19996782105476757,-0.34544334238480146,-1.0616331537130363,1.177160478089632,-0.6847700171156849,0.8733189661094047,0.21377488981619014,-0.6144314940874253,-0.7087856369592629,-0.7524489484353426,0.2836763047254927,-1.1699817621542152,-0.7531709505561069,-0.17643648369022938,-0.9656513560617704,-0.8197570989830291,0.3292600612033012,1.2696430078545657,-0.5643858171592158,-0.7543080678086437,1.8082761035090018,-1.442168409441717,1.4512632256769429,-1.2335614691491548,1.2358405826543526,-0.4556171130427057,-0.3560753253620895,-1.2954174817314832,0.9436606295382239,0.4770336449719601,-0.7639141288157204,0.7775805770247001,0.964803483494808,1.3178408488633897,1.7373569377634748,0.5702402761176831,-0.325672391416578,0.005097718338977865,0.7263395887936791,-0.7149361665139629,-0.18134139615258912,-1.098828399792686,-0.06281004655142755,0.8427897093486657,0.40288563460602317,-1.0914057265807238,-1.3813989673755422,-0.6366366702189321,0.5369632355336915,-0.8771720172938996,-1.5935866886458152,0.9345567026583715,0.831964138681741,-0.7997679602044782,-0.8756234592671254,-1.3823211949322654,0.7378251249830079,-0.5193367126362937,-0.4586026923804772,0.11778472224182054,-1.0910111099889794,0.10324518224229323,-1.4739948219410672,-0.3839936796378285,0.048987202086234666,-0.44543518883537275,0
0.9414717094132757,1.1898019499225156,0.08464851461408743,-0.021110008207017535,-1.0005147348401746,2.2115626194444182,0.7382155743057898,-0.13522909512584178,-1.2160381027559861,0.003682728920514082,0.21664892894996782,-1.1189081544404078,0.6636120853782479,-1.0885478184171686,-1.1268908997166598,0.4995376779971946,0.06977807238441501,0.18044337405353306,-0.0024598676240597333,-0.4663079283804647,0.3170599427307908,1.2608844619909263,-1.7677604718137159,0.9334117661767758,1.6710262388681085,-0.27056418182230957,1.1855759241529256,-0.03394746610272056,-1.31617651747566,-0.22872309551853504,-0.2840382804144067,-0.14717454766130786,-0.6359379434086133,-0.03947286503455762,0.2015247847569455,-0.3840845837976168,0.9110569906227448,-0.2392039980810767,-0.9661949120175487,1.1278861481679516,-0.13403195312139016,1.7028155066280355,0.1319875937434554,-0.34897772124181264,0.062254592439880886,-1.0477174214298899,-1.3932087507591437,1.0600561679226446,0.39139344181262997,-0.09782928903290058,0.2552157059199447,2.5186406032402435,0.603468356031023,0.5101280328492653,1.372792471549336,-0.8626330505596301,0.47829506782626635,0.5547376846914358,-1.6378353256247662,-0.9770846940432063,-0.781525750262858,-1.3425742087054215,0.1149139373768665,0.3542975925937857,-0.5368381393047061,-1.3438446351686375,0.035111988055491046,0.8524561406419475,-0.2470203170531723,0.15405639081998695,-0.1922555291943793,1
-1.1274423067903359,0.10432125003524778,-2.0463198188811442,-0.9554385177985308,1.1287199058433974,-0.8659490086528693,1.193953459409775,-0.683844102786221,1.3578963445979926,-0.7099515427990117,-1.2264144804175148,0.434233943117453,1.662872310535439,1.856165061728617,-2.857103236359799,-1.3524025737384646,-0.17678252242201933,1.2378698169637228,-1.6718655656482537,0.7443464415700207,-0.4413951836763413,0.42737866311995926,1.0863886841985257,-1.0963035544342759,0.682278482932602,-0.10974522304516886,-0.6740198484444058,0.10764047353351021,0.9477804889610123,-0.7694903224500373,-0.7997638847878599,-1.2504628403885223,0.8801335651133501,1.2857610583368548,-0.4790624481250792,0.5701042411077754,-0.6480241506089284,0.28787723841288293,0.12412591884930935,1.0466769205829458,-1.4068990842634155,-0.09889595990732991,-2.155184088946729,-1.5355313215393551,0.7639944558201454,0.4279138991815862,-2.5991436762079236,1.0372870950642599,0.1547777100310117,1.4085694705756282,0.6586013404249381,0.20618000824432384,0.8779010009419816,-0.39497352266743474,-1.7528996941943498,0.4281090954116721,-1.6119347878903967,-0.014471088290008531,0.27517844591158586,0.2910490139696566,1.561283219782761,0.867962305696366,0.6221167183800934,1.8676981551796041,-1.3000804451995551,3.1718343959288036,-0.1483974982983074,-0.8696138213209886,0.24618103069322916,0.032634078880886846,1.9038283288958846,0
-0.08679860587005904,0.6572858725165438,-0.840814542800294,0.6267445077827049,0.5114860829114868,-0.28292184986429036,0.07462280840406485,-0.21967795686683575,-0.6840968155264316,0.3656531314663311,0.7837333952882647,0.20127020849141272,0.09447957232195835,-0.18445611248052712,-0.1217288884084414,-0.2746205693054067,-0.8886004813584485,1.3595916449001124,-0.5984991957364035,-2.3918184221669025,0.08628303833954003,0.5885006590235,-1.4253656380800501,-0.7628101529253645,1.1554259943294194,-0.3826558810810446,0.3916204128541971,-0.45637640032595944,-1.7409308099656924,-1.0212151198781898,0.4473072657886442,0.36386923159729534,-1.5043196650698945,0.3180940776983272,-0.27867991001305525,-0.6763987501257491,-1.191297660012907,0.40389950021904847,-0.6841143553198424,-1.2107951530971006,0.27516102600149195,0.06343073479777694,-1.2030726064452437,0.672697144372749,0.2192242377117663,-0.6431050883252178,-1.1431524098081098,1.186288318137479,0.8114367960084794,0.5350709419726274,0.18474489387052748,-0.09752168882890999,0.25842467000847574,-0.8720120325337636,-2.1899132409409447,0.529463885582194,-0.3596853712672961,1.416831096385047,-0.25873983240190906,-0.9540426889119067,0.07369674522378547,-0.709269554491773,-0.2716439040476426,-0.6601642347969043,-0.25513298134177054,0.4189943122012576,-0.6312004157165578,0.519031047582952,0.4983305245427507,-1.9481012207362114,-0.6520445428858129,1
0.14415197434553567,-0.1642929930415141,1.5444341012654954,1.55623552113891,0.011528312597000781,1.4720540837300555,0.40109667028885004,-1.3256002374985774,-0.7584723941200324,-0.17296784412855606,-0.5341089632392114,0.1752171735883215,-1.0892280675561286,-1.5903323625347754,1.2005687323923524,-0.3289726632762098,-2.079406095003487,-1.474299427206735,0.04664091624090976,-1.1114923093826128,0.9135277027113806,-0.3143133666732349,0.026341325933601948,-1.5439131170702625,-0.5859049282107665,0.41156930578833273,0.7032453157424569,0.5524417903007645,0.7124937101195981,0.5667192423034662,-0.028836843795878975,0.42902201519963534,-0.09311350235188867,0.6794926367564778,0.9488639092102001,0.6030774579428265,0.7493681887273425,0.14970726919606925,1.0049901274500452,0.12336778674271791,0.2793823635701428,-0.1324219458576761,0.17628078140295253,-0.1309387400926047,-0.6309574514674948,0.4610208620458773,0.2675320185073617,-0.650969971280922,1.1941979470031117,-0.2323820810357998,-0.4654960694678152,-0.8251506254515113,-0.2020873854718077,-0.0922190965765976,0.6196338915230045,-0.4736825568789717,-0.6514218859010502,0.7610935606114679,0.24475148784343123,-1.8032980232837326,0.4423666727228428,-0.20229807645825423,-0.9431914941023523,-1.2731436611497862,1.0209618786912706,0.2828365352478276,0.1832388830097319,-0.03258683803621823,-1.301518433006818,1.037552577720628,1.3875030072897303,0
-0.17986289998629795,1.2057383530259465,0.9475911672296378,-1.111377859752848,-0.017797171025899255,0.4868296853199652,0.4549772852438651,-1.1731076387296924,-0.9084409342281975,-0.42780868344573086,-0.24024199318942555,0.00585017223075501,-0.9752142473220972,-1.9435144708560241,-0.456157222294245,-0.7660562697073552,-0.8412178348746994,1.0930157800637406,-0.22833628099566644,-0.656569293487034,0.011478958224796424,-1.079639824996536,1.1634299178378753,0.13151633449699562,0.4153733003043488,-0.08518332001755662,-0.3716944118298178,1.4206272215638853,-0.23794368226246956,0.045982233910111185,0.9340525980163977,0.12671988918707974,0.5219962847401517,-0.13132150999207995,1.2836523789558472,0.464752361506133,-0.3413155036598363,0.35057739591416825,-0.9725645355697913,1.4918654037014503,-0.346421100689225,-0.7201083173712448,0.2613486633398515,1.1218049793620424,0.5599127489864683,1.0429157391335602,-0.015533790660575884,-0.007844571617014457,0.89990841353714,-0.1592849963242525,-1.8082256836990198,-0.38801385542266187,-0.3405248607194553,-0.06393451345918728,-0.8004402763524076,-0.5599344852285025,0.41356977565500785,-0.909900556240273,1.2223772699739344,-0.5494618284057182,-0.5195197203544387,-1.0552345331009234,-0.028100703639730763,0.3218049168619442,-0.7599125823518695,1.3916325629156043,0.051569905305958105,0.5983503329747839,-2.0523241712129177,-0.020331744821032387,0.34032791902847126,0
0.9767072425357948,-2.2401868934109777,-0.8822192895391666,0.29186719131150185,-0.5995556204770269,0.16418924481033337,1.3581016435215114,-1.312318808594134,-0.004354729190516685,-0.2589238091488455,0.17187954833920704,-1.1907155947672885,0.9798125794477717,0.8428664879191597,-0.2405040872924092,1.9090468431815188,-0.06651275076370769,0.40503582623357987,0.4219919930396907,1.454694928278517,-1.3131008872939027,-1.9701956193955428,-2.0019150274522928,0.8427078290869805,0.6322632247153971,-1.4700698046353446,1.2616486832794782,0.8707274174877092,-0.2509024000089692,-0.758865946845704,-0.2665602153357354,1.2392974687171463,0.11396016882887842,1.0964979432917197,0.3763984024670538,0.10596292743972108,-0.056188988446236626,-0.7100584220929093,-0.18812750848065754,-1.3092897212694579,0.4300741621861465,-0.30728994365651147,0.38487505647313175,0.7567992978320999,1.333487106455805,0.28029216613001606,1.595328829221642,-0.8015126006087521,0.07635154071986194,1.3171543946037672,0.9593618618561991,0.334686118889483,-0.5442639439791436,1.0962661905586335,0.047277246286873485,-0.397998870086419,0.660744050638987,0.07452739977528504,-0.8781413500970099,-0.2641637279288537,-0.7626032941886173,0.4824569505896642,0.09704140757955587,-0.2937566922222868,0.390496181608689,-0.7260606441345164,-0.8171955126150369,0.29712304036279796,-0.8306728369787219,0.093426904617613,-0.32726706411367573,1
-0.7989048996565639,0.6594993526630119,0.4484512693361988,1.3961792083437428,-0.6432882961680575,0.7924576811980256,0.24824460956030425,1.0977144090707733,0.5572737007083843,2.0038749453266176,1.117926817172043,-1.510968420588348,0.5265367517129662,-1.845835638579672,2.421163403170013,-2.018864329329549,-2.612988496427844,-0.023423663371843245,-0.9139653268897473,-0.9277457121625997,1.8128481716039264,-1.5340121092738763,-1.141538485228341,0.08952591852110593,1.8188000918027563,-1.0161849323018906,1.7413653655048724,0.32467629139381005,0.015999793072885418,-0.4963533999931013,-0.010077559897283683,1.3914638913869426,-0.8724619928195688,1.330789244356995,0.2863814810407625,0.7985636019771547,-0.1158479958919256,-2.070367731410607,0.5406581302603363,-0.8070813499443943,1.5496599312103607,0.40242752458427944,-1.6298521010043925,-2.267757070554568,1.3047599420755926,3.1489889674773583,-0.3532822549319789,0.6264208113199414,-0.2864920102567078,-0.8323586370929661,-0.27954488795672194,-0.4769314643458396,0.2788860583220128,-0.24093190677568507,-1.131883336969578,1.380194103598211,-0.05331912122524936,1.105351056397921,-0.16717853976318572,-1.5619331943286516,0.7340368971125499,-1.1404264282102456,-1.1942240883157287,-1.2194594538370216,-0.0004247101462698763,0.4131495179062817,-0.40305336116580454,0.9207190765889169,-1.4002047606233852,1.4149553247213875,0.3630590485854978,0
-0.3220400558980193,0.48421332782363385,0.26717341066952277,-0.477829098230385,0.45184688914842025,-0.5230498019376069,-0.35024908151761514,1.2294220533606073,-1.1028698166528843,-1.4787656164963443,0.48952676104657805,-0.9359922797151768,-0.3559327682412873,0.4381812584324651,0.8683268645877577,1.4203943891498625,0.31417463696729553,-0.4273347247925762,0.5968200664305209,0.017479602924395318,0.3224493839861172,0.2759032097151433,0.25690657004502426,0.9310475641046002,-0.37654106577699364,0.8090326764811692,-0.31017894778112876,-0.49080299369894814,1.092245053719646,-2.4644547450022225,-0.7991366098804326,-0.7702254748420793,-0.15277941905201906,-0.26830719336985465,-0.22969048226991517,-1.967778521481789,-0.15551278668055687,0.21250073968223962,-0.5947328906815633,-0.6710013926782668,-0.7517899173655633,1.135906722946881,1.5441334682433254,-0.42657727947246926,-0.18169682967231454,-0.5931537245256322,0.988051773262463,0.4008010617406579,0.15432074137954296,0.14635057890334036,-0.9366641051091578,-0.7829447884085612,0.22324424348685623,-1.6249047704363133,1.6154051491117285,0.047740158372377224,1.3313709215973502,-0.8517099568037446,1.7628042392609122,0.8383279318543835,-0.3496489093722828,-0.8204974477015669,0.3677796504291947,0.33840115487241745,-0.09752153376405659,1.3419080120090174,0.6299727030679966,0.7495598391202593,-0.09551781382258236,-0.47512822210368016,-0.031418335783895336,1
0.6054889724266533,0.4924126210807841,0.20804252445884092,-0.45524857033718913,0.36965140042847017,-0.19692591283118105,-2.1274950258893255,1.0203208004120035,0.10721307431567814,0.9235345558554913,-1.3785989159001222,-0.15727266651469812,-1.053717715480009,1.1759443337209852,-0.00347330845250916,-1.4668094573426498,0.9281324781514961,-0.5216790810665648,1.0828512702772903,0.4467571793066078,0.5141927831339977,-0.6436325188026574,-1.554855487831827,-0.6303040171995894,-0.7982529708669001,2.0985292687565935,-1.0548530001746317,0.21112953354414418,0.7369444677632031,1.3525848119180155,1.2041063074366938,0.6879627660817801,0.02482377299307608,-1.8896295839897341,1.5539814963915692,-1.2083299875949258,-0.5079647095835054,-2.502355246442508,-0.5601902592324406,-0.2574629215514983,1.085510407402583,0.10858280435965258,1.7390872631215368,-0.03911710199318143,-0.009752794184966157,-1.401143005256623,-0.8985591755978791,-0.6137384043301856,-1.7282648675696395,0.6650536920318652,-1.1506815721485777,0.48142228731131187,0.0935793138492059,-2.187205518749786,-0.8479834225795418,1.0921329211827615,0.15539251243913724,-3.219189843359051,1.8570660319927166,1.0997515331069037,-0.6532649365986476,-0.509796415423977,0.6602914654993167,0.17486030043054962,-1.5138539670583364,-0.48659530703848003,-0.5391257745895055,0.4638852162319052,-0.4186882140864415,0.7342015143243228,1.2614343404346817,0
-0.4905852358979157,-0.7871706525128015,-0.19109987050313362,-0.26866890636067864,-0.9390495493015166,0.19954000158368282,0.5378824528323118,0.38982090392825836,-0.49556882860508605,-0.9759756009823078,0.9114867325037745,0.20548822801391825,0.6406234274925936,-0.6961470355622947,1.7396776620885321,2.0101811845074007,-0.08277164485150339,0.011733610006443193,1.1786368339658488,-0.7446445946713833,-0.8151505426510762,0.027538109890167136,-0.31887849397885915,0.4041561881441493,-1.1338482691195308,0.3263486708717194,-0.6386691529493357,0.07145703533301183,1.238826761135144,-0.6698934831010609,-0.8718361650968379,-0.43218442768241727,-0.8896825906575974,0.2704505802206709,0.06148149363798862,-1.243387573240191,0.7619197329610453,0.10409623970824379,-1.8169876283308062,0.8792675373570111,-1.160607677952751,1.4493994675530266,1.374592994347513,-1.834373953157397,-0.29858907812294105,1.7440029633078458,0.27205735647955814,0.14062304916884244,1.4937421827021329,-0.013749981913048643,-0.48294068196810147,-1.0000012232255153,1.1143192782052393,-0.29096616160828126,0.746701505301555,-0.31054967567776437,1.900516138309442,-0.19703787922640825,1.7531549641787914,0.13311623536003309,0.043572903453681915,-0.36713912612013805,0.0982954461831593,2.8027717555010696,-1.4889401407020044,1.6454032315527247,-0.22622539550492055,-0.6302352822414943,-0.6549544351986502,-0.7170653471812227,1.08526545733445,1
1.1375659595078278,-0.8841188239766492,0.609991263586191,0.23616765362126937,-0.16113443612574713,1.0016493360651177,-0.7237180988015615,-1.1490902309781068,0.009073229108744559,0.08753876247640163,0.5313388023269859,-1.4001031006236497,-0.9708536450729474,-0.22585824314615083,2.0229191581750268,-1.9015192333493325,-1.6038409979420667,-1.7738956943311561,0.5637136608399667,-1.532623001517363,-0.6638472824519734,-0.4882395952500211,0.16398318653926872,-0.9319590490423711,0.6027851348347597,1.3876492200464081,1.131090898231388,0.653491852911622,-1.669829822137874,0.49130874922746803,0.22926298822143545,0.16773175989265393,0.5191842103535862,-0.8011314389069826,0.6218780821518738,2.8446416752512658,0.20109115784842138,-0.8907995336582657,1.1631835497097633,0.8429892487622548,0.32217687484623386,-0.04613924735473102,2.3261192482572066,1.5496678320427626,-1.272625077104406,-1.640055607943689,-0.031074416612342375,-0.33738433459578737,-0.02795273572932947,-1.365921157209609,-0.012004532331832022,-0.8106680599558351,0.3348525083363637,2.044443503609582,0.8347526463024222,-0.6870726491279769,1.5810483954169534,-0.3820467312957302,-0.6170920233694636,0.5041980666292115,0.22274152680561626,1.4752367325735236,-0.5337001512019444,1.7044703420771659,-0.38277811389862776,-0.019240883905466192,0.10907186278782224,-0.8123442621148989,-0.4330044284239901,1.834374286738013,-0.3747141826292608,1
-0.09073931832775516,-0.7849140277273976,-0.835516957838243,-0.10247350671552931,-0.5555151369646222,1.1240583428363418,-0.10262812062839263,-1.84711452458097,-0.07170823342949297,-0.23391619637401181,-0.1375940008602359,-1.2799706940263116,-0.11300338040829519,0.4014880098035588,-0.7599564814740766,-0.45377291806596304,0.2042124130242585,0.8530246255682519,0.6143240462110267,-1.3210732973129247,-0.6636169776384843,-0.520156044360408,0.04202609228645795,-0.5142646344539482,-1.2292695263049151,-0.6135908151043372,-0.5479843799605686,-0.5417189124576445,-0.05513258795380744,0.16257985305287123,0.4065934544707215,1.5025046357583025,1.4994944468176128,0.668538769194199,1.5794112920213,-0.015205991896082184,1.7600874655504397,0.06458569884580209,-0.8455298208978764,-0.9607074699180619,0.7868749505733825,-1.3623273979146562,0.7230774016410377,-0.5574313033833359,-1.9052266061270033,-0.44321262553518864,-0.603953774720454,-0.13431345645937784,0.7892430557824025,0.4370001275484257,0.24272641037100723,-0.5183516480413104,1.717056714813414,-0.6192724913540438,0.48630063934222867,0.13419796342672513,1.8413890982467116,-0.24948460027320934,0.693156248827646,-0.4020512859514481,-1.2523319180398733,-0.2989917417923741,-1.0435270068557356,0.5563630505616382,-1.4557481851059415,-1.224986149416978,0.3664219400705788,1.2068469677717792,0.5263119762855984,0.5681651193500025,0.1014686721184193,0
-0.3653129908945581,1.0791158864468051,-2.0218206431242876,-0.7893736805687409,2.0083417271208606,-0.5871178101423351,0.831286940899152,-0.3575535374069337,0.6936853774777568,-0.4156986029739065,-2.2861683566489073,0.29869918697162806,0.5556009204600904,0.9994530445276257,-1.3168223757527868,-0.5905260545579651,2.0195293842719884,1.32076951076749,-0.3554690997161209,-1.1386141941767356,-0.6786636689886341,-0.22925419477504527,1.641639605667728,0.2837699944201856,1.722624846129758,-0.4520581594015206,-2.1107340533483354,-0.848338096573445,0.573662624515303,-1.31472279894403,-0.06241838768296504,-0.493201101547533,0.9162740233791385,0.5427574158123907,-0.43306041274844653,-1.6024114498066644,0.6574354060217587,-0.8767358977083806,-2.7874022596800936,-0.43428790943581663,-0.4559831371092424,-0.7074861703494127,-0.6176452394616366,0.7409343132118762,-0.05108662987128855,-0.9717326986267208,-0.5746558237904399,1.5317216816805792,0.18248326104722468,0.6938683772470439,0.9931713408210524,-0.18029322044094742,1.4118149063767733,-1.4775343548941273,-0.3919504975695941,0.2774405202965044,0.17294391588255462,-0.13304207341009552,0.3133095582687433,1.3588774183539447,-1.015707443321464,0.5036017622865152,-0.038774471235473076,0.5226147743604319,-1.8458650716875458,0.0942356531456785,0.06537836437981644,1.434809660147377,-0.7546163324439222,-0.0724470958302558,-0.26891873732667454,0
0.3866402222248783,-0.6184760281193044,0.5720096423616906,0.82780341291195,0.21639041172377843,0.4107185121609049,0.7152114345817094,0.8213982249384025,1.7353162473539956,1.5547882264778972,-1.2883529265729154,0.2836010603498709,1.4921655799699653,-0.12521912435318944,0.7483783821287174,1.4601442722280749,0.5146226276988246,-0.11978077705625892,-2.405443537935513,-0.41573311931846907,-0.05241881347301403,-0.7585374701603302,-1.0966005498585716,-1.7078970474795816,-1.300299729302498,-2.6193461939278375,-1.05050381336221,2.0928962549637893,0.4348404978682069,-0.3168186654455576,0.9539938082509359,2.7721949428992687,0.268655965561608,1.4923494652360478,0.6755588515415124,-0.8300684993439623,-0.10460225147816425,-2.8463843012216308,-0.967400804303218,-1.696657472765349,1.2837666421466498,0.27908968828485553,3.002894076768514,-0.5255295605528398,-0.9350768553895472,0.2690016653998156,1.4719710905753804,-0.24393650154302748,-0.006427774497811479,1.170620320398302,1.0559492066713463,0.06977289250902244,-0.30784523753503584,0.5925146681190543,-0.4309945464260634,-0.4343852065671408,1.4713796134520176,0.7220124427646261,-0.7815057721553063,0.5485525679211205,-0.5019300435889184,0.7814832636963753,1.2435419454446999,1.5508087357680815,0.23442394663417068,1.2236509771011044,1.309514596521606,-0.06210571463318335,0.04520084896987949,0.6398702035923175,-0.22069783853669497,1
0.3641820901434522,2.069902257199419,0.5300555767750453,-1.266489326662866,1.1878857719816651,-1.1318115592372873,1.4800663854523561,-0.14668251075914082,-1.6670030735827577,-1.43564808638936,1.0356283025689863,-1.3061041036549528,0.07388570947719084,-0.3245211118642004,-0.9530886157463291,0.7689280358677686,1.4753723390676963,0.8332229947900327,0.477892399833864,1.8876587109315162,2.491299697251452,1.6454508880355103,-0.03634466009869906,1.6917862195485414,1.3621967549493357,-1.66066797946091,0.5313834252009176,-0.20757597693705868,0.3682138210118759,0.3391532317267289,0.7588759222078938,-1.0886262128233846,0.24594104994770366,-0.4516768461310696,-0.8690063229209705,-0.14972456655144972,-1.4462182375287913,-0.5773832993543043,1.080375136034634,-0.2044784418826901,-0.23189104889323195,1.7957359190964683,-0.18955042757623522,1.1987351084391582,1.0767463996649753,-0.5612217050354515,1.2379468858953624,-0.21549499070353453,-0.22517217382207202,0.07009122420009506,0.6582967843847747,0.5181841518629602,-1.7662414521334016,0.628030829200205,-0.012768635124010925,-0.975028678879369,-1.319417014790711,-0.6467135924858948,-1.3056410956099302,1.3003381395833857,-0.24386770014810058,-1.194113386871299,2.0291080693615826,-0.9629582276979516,1.414504104551735,-0.1767305311507116,0.21868113847687684,1.6631258111158196,-1.0611160147678589,0.32592595393546075,1.1948678137908444,1
-0.17420907049459128,0.06920175728202266,0.35342339512459314,1.326326320170932,1.0340742054042702,2.122303817692215,-0.585188522981086,0.2595055526457823,1.1160994748496806,0.08053698683982297,-1.2214392447517386,-0.437094787715621,-2.664455522619599,0.3888692644597277,0.523298053286425,-0.505776736277976,0.9768968793777967,-0.632795438919573,-0.6023002308116331,-0.7459820835262877,-0.055949804627081205,-1.0504323184224678,-0.2225562007959416,0.14736719612355495,0.19050931765758802,0.9947568810051118,-1.7884176129188858,-0.2435024809414409,0.9682345871454451,-0.29020034209692186,0.8659816828912809,0.9325891585637031,0.8608916714119581,-0.07782321336921526,0.8575359486466103,-0.3266409805332245,2.08764960888897,1.3998586579002128,-1.725836926220319,-1.003924798143475,-1.3422234437343037,0.3495770907043169,0.5515710191765235,1.4956031396648366,-0.2131310673992127,0.6338221117641074,0.10156039597506591,0.36412219142279845,-0.04127781297865889,-0.21878824156240292,-1.414303726543998,-0.5542375437150582,-0.23359301623811202,-0.19763221766940847,1.9719875097953694,-0.112275192622364,0.6523943802803288,-0.16960514023939152,2.143258690511473,-0.7173352366515512,-0.1213649190553607,-0.1843779075576495,-1.5016912038749444,-1.336171740953769,1.2513138900825906,-0.6429037505023677,0.4487640474792335,-0.9560933576723414,-0.8161609412721479,-1.1539889574474327,-0.22952768004132204,0
-1.9098948357430905,1.17449835100496,0.48305309591532375,-0.05603533915351366,-0.654638644942549,-1.165299789332933,2.039790758871279,1.2091877171355196,0.43146644728605177,1.974937531604492,0.2658118622112506,-0.6964252057534925,0.10786439622624432,-1.0463363796770695,0.0015816615906788444,0.2215598828974681,-0.24149853560647172,0.03655028186818801,-0.1030162986729089,-0.19918090657005716,0.7807493781091844,-1.1677175222678084,-1.5476414151386066,-0.9605577324109855,-2.5960967766734475,-0.498782622157571,2.2164598225205903,-0.2778221863948172,0.3148318263569912,2.21092804698469,1.776628077325221,-0.2748101180935222,-0.7527083821300652,1.0481174667876965,0.854395411021475,1.013107326397338,-1.4621280451061593,-0.6883356859518688,1.0068718383623483,0.7018795583394954,0.04052574277424337,-1.9371127237062928,1.5289202942039377,-0.8648768449739869,-1.2750136111266046,0.3760071188208081,1.0705411138450132,0.730353215949154,-0.3254020405783878,-0.4642917119368977,1.363176331132174,-0.36007867707266933,0.16292912036823118,-0.316462461117382,-0.02985246901753994,0.2304941368466946,-1.002629671362485,2.0051593019881535,-0.13065913564091508,0.10757296676961178,1.3213589646723995,1.631203101795152,0.3808274245176971,0.1377289975586244,1.3161747704160798,1.8217113754850063,0.41249367319991154,0.4996607785106764,0.30097048946072874,-0.8547286559473433,-0.5244269705828857,1
0.4117736068631495,1.1655000999393725,-0.4797263458304107,0.13692164088378295,-0.3678242591048942,0.697060073526866,0.3947258080771472,1.3294161178395383,-0.6348469743404579,-0.008711462900436624,0.785569174322325,0.15229928277089852,-0.30462951004286476,-0.1578366515189693,-0.31883185139177717,-0.3242403222661542,-0.3792284115944238,0.28892495036928006,-1.7764312696918534,0.26627151322850073,0.19463401392730936,-0.9655474458303194,-0.6412822412273244,-1.5044233305250914,0.7275866822820813,-0.25572776941835074,-0.5178755237940768,1.3949632935224403,-1.1550115869690012,0.6762915965417549,-0.76665677615979,-0.6831930418139157,0.5729119578713271,-0.6275918438691734,-0.29402425659730863,-0.7596955418834774,0.8571547816649108,0.51153451868038,-0.09503145149998546,-1.0480661712441324,1.1051528266879296,2.07894421492604,-1.524233593579271,-0.4087208213252902,0.7885947994389736,-0.8911589415281711,-2.007353346042247,2.1110812161948727,-0.8769298943544749,-1.020251949876875,-1.661114349921967,-0.7290478122326312,0.14495810621949537,-1.3662292225507549,0.9724323888075046,-0.4730547774173033,1.0226366927857136,1.1376523291418652,-0.10475965949592408,0.4578288615762796,0.07995249892580858,0.09102367927165178,-0.6306117972830048,-1.0096793544017735,-1.3717954926871465,-0.5143402722082416,-1.3155650253806124,-1.152961992665323,0.01712414568017762,-1.7090550093657353,-1.7069848044683125,1
-0.7078567733793387,-0.5196387178698764,0.2859765148309431,0.485500749341706,-1.3027532340780035,-0.14419397623364483,-0.4967697792318564,-0.06102862256124852,1.3103879945924934,-1.767800116247048,0.35074981537989164,1.3964136465798933,0.7954610448414248,-1.1030858686005023,-1.1993605726665542,0.13657312913764386,0.3929483788884509,1.061146966142358,0.49355765150830994,-1.6652145594066474,0.20515187069923196,1.7691708986767356,-0.4258478435930821,-0.24483589877768677,0.07015703952094383,-0.9019020574732758,1.0693240361801846,-1.7854029267891371,-1.0945605747553921,0.742319751839756,-0.7060218517303274,-0.7443396148089612,-1.5483629025996661,-0.4631407779266637,-0.9352872500497336,1.7600661147135916,-0.01896311962629294,2.1434061909659623,-0.31698537057582116,-0.3572054094700184,0.4740989717504687,1.1125288553667374,-0.6369451530310434,-0.8827843180065229,-1.0545604798539516,-0.10830225970813334,-0.0738131860025451,-0.3607468137487695,0.5900636675259616,0.8772459500332174,-1.5963229439694053,-1.0414125247274262,0.43639833439012504,0.5985933513531313,0.4541091410987163,-0.10541796776211877,-0.08219487679281207,0.6803142997273031,-0.877871380053688,-0.6250500564479706,1.892956110530861,0.20961558175333714,0.055545085883535274,-0.4064040171911705,-0.5896433611714632,0.6183223736611201,0.5432730204830607,-0.16867207311358515,0.1294613366335503,-0.16823944976308827,-0.30986554493528207,1
-1.005477553737542,-0.1726411734099937,1.199753155962068,-0.8222601907660424,-0.5004713547309186,0.25801225427874813,-0.5374503299801862,0.23124813167618213,0.6118312540343425,0.8331547519399558,0.3404153767488754,0.31553846483446646,0.7618779710206475,-2.156589525319854,-0.24464018313068084,-1.4760070896210973,-0.8930584539240692,0.8558873381545491,-1.0292662873934972,-0.8072221457119496,0.5262517653222454,0.774931529545404,1.2118593625712184,-0.45337234370456,-1.2609745921932607,-0.3899902498996554,-0.5733245048318428,1.008647002272963,-0.8892750239670857,-0.2973552598704682,1.5240124782377475,0.7150770143951767,-0.8805242010266153,-0.15951216509543115,-0.27464953741807374,-0.3960905560593963,-1.3161801806833835,0.12498222898201275,0.2439019173382398,2.2101433899205185,1.4118327460501037,0.7161379988808989,0.3441942107742286,0.19987099208064232,-0.8754574859248621,0.5715769095595369,-1.2799850213184756,0.5336054572793469,0.39964376296084203,0.9760279587563346,-0.017390771993290127,0.7014453605605445,0.010751400835813295,-0.29190266091030664,1.1997896836612119,-0.2528588603692679,1.456430887675484,-0.34911171467116003,0.452038401775911,-0.24321373266497728,1.3691247842467376,-0.5803357177056379,2.0420216779741884,0.9767756476095976,0.08771621698043693,-0.09103717171741749,-0.554636620382788,-0.2058525984712489,-1.2524174808936464,0.4328109624557928,-0.3223045354047439,0
0.8694242114158766,0.9356284185865222,0.5474304810240612,0.8193188465287107,0.35323272372406,1.5679299351520533,-2.293167489865971,0.5527840373014679,0.17670494546981136,3.4238206750506026,-1.022926607522259,1.0053007668452754,0.02836510231694666,-0.45809683856057465,1.9367792139589493,-0.07437605412047621,-0.38175664288118727,-2.6013246621921455,-0.4727109881171987,0.7051628292483827,0.19669239985057135,-0.9588408001966146,-0.49697422602459035,0.846929807548883,-0.7833718434095931,-0.5437832001694641,-1.7395648169550708,1.8241198028828367,0.6977093688512738,1.3302296705991292,0.21642141620307687,1.2643212893214837,-2.667243415921955,-0.8649335367090012,-1.0431393018198707,-0.5110899742103675,-0.9742537409427503,-1.1418518640809743,0.111860419591158,-1.4558741137669253,1.977057540211101,0.047936707054212185,-0.7693804315105787,0.40358321703102223,1.1738964555818792,1.5562955578729678,0.9885139094425839,1.0526869504398448,-0.7021450259254487,-1.48353501167921,1.0732899527633266,0.041159112909608254,-1.6124618528554207,0.1872103064305791,0.7801663174552739,0.34163895434894703,-0.2117034222087618,-1.0785494964079716,1.7969368601870368,0.8377895071713128,0.10571572280282478,-0.3364350829280483,0.21419137434000932,-0.6755773714209087,0.6976377025774484,-1.746699839636236,0.21996912709861532,-0.09133114732714483,0.6161183370641894,-0.150240865302589,1.2561631731257175,0
-0.8326899259496218,-0.11033875549141654,-0.8005731702510236,0.1086462956461372,0.46965380839148446,0.8106992739027802,-1.2543479899921872,0.32189522030211154,-0.5917554640614591,-0.44387477317509333,0.6775599556498139,0.6908495221916535,-1.0450891226944448,0.417267075497593,2.4348636924348392,0.8495810589114258,1.893194126698277,0.2974341434584504,0.21940125316227663,-0.28137562726094845,0.08462764907855405,-0.27460656784812026,1.1533201229229657,-0.23623750414014408,-1.3486208853918469,0.7980756286067986,-2.454626778484764,0.637708408798829,1.63210257869621,-0.4018483834516723,2.127801167243012,1.9213794172650007,0.2124360341039914,-1.3379499994611668,0.817210356049113,-0.2831543700507276,0.5075320498023909,-0.2809453850392924,-1.0331500962756899,0.4383459348107398,-0.714464326284183,1.0800225659287066,-0.266202901966594,-1.5285104781996361,-1.714255215602744,1.0912975948364412,0.24157455218852497,1.2660881145747571,-1.2418141496701065,-0.6638751239952754,-0.10198617005128283,-0.5989296173972529,1.2384147896098112,-1.321247057215064,0.6672942175852885,0.9060176726495375,0.5206118283791117,0.04200556316720456,1.6993723762227244,-2.1663372833257837,-0.46318482806097405,-0.6947221873988815,-0.6192929042510588,-0.7454400431505339,2.0048536234398866,-0.19235919824948639,0.7104812221932786,-1.4473911950305132,-0.881834070445962,0.9559831316136758,1.4904241447004198,0
0.10398436154480277,-0.7244579209683557,0.0710410481994774,-1.2105541297227134,-0.4573908976890267,0.6610729838440706,-0.8889137032388592,0.9156995326516586,0.2998917606814283,-0.48419761276084355,0.8403802464174716,-0.13219660532920513,0.13051274772337185,0.8323053744078965,-1.0491268402726728,0.3662904188777529,0.8442257376194747,1.0313558852948768,0.7993494985933475,-0.813741336534487,-0.7719752354384696,0.7542623130620958,-0.13387947824373211,-0.5363430313982868,0.6824907268081084,-0.35993228837403274,-0.891313266441983,1.3395534977973798,-0.6976191337239204,-0.01894688012124604,1.9277208647168702,1.7603259608381898,0.26428830923811447,-1.440069473229605,1.76753957573251,1.7771721105733058,0.6719558342530542,-0.41520110422344486,-1.132232138507465,-0.3620786850469873,0.2611885670422769,-0.5715426151998126,-1.0122402194294755,0.13527238864936633,-0.2655335588364154,1.2692575658930083,-0.17446423634134942,-1.4375442230430218,-0.6837527857064593,1.5128278169736242,-0.21377232148758682,0.5562488680396318,0.5111326114689841,1.0794470917198424,0.9677311866376264,0.40440641350443834,0.15973165750681545,-0.4944396894796175,-0.8486453381424783,-0.6177881945578632,0.26698395884788384,-0.521699738519591,-0.1611391698110022,0.4028033734493835,0.06543633821419122,1.2640108052725836,0.5120149069940906,-1.085911809148651,0.552095653938458,1.1805388467256601,0.20088755824874785,1
-0.8148273360728898,-0.8041106245503499,-0.44643453785559284,1.8515229568070113,0.5091149689250963,1.57086929071557,1.3060402567261373,-0.03414444067288517,0.7831254334224396,0.3875497501336065,0.01881886038554484,0.2511316773359899,-1.2328412452686581,1.0068242808738872,-0.991716362816536,-0.6471222411365618,0.8479721231444497,-0.9160970944196669,-0.42407809605141383,0.014952075611665063,0.037693599859076186,-2.7306545741872217,0.354361117046456,0.1339296982594242,0.9435833609927534,1.3067113308237195,1.1087512927411034,1.1938156583033142,-0.5126420036935013,0.38180459227140806,2.81812839497376,0.27102086848576923,0.7268618440193777,-0.02704692001161173,0.7891000707523729,1.6505291746431192,1.7882864487289367,0.011860622566967934,-1.3546351368708316,0.243844851896403,-1.9177212192428101,-0.47270669859766035,0.9466257514653688,0.341476237120019,0.06660409220681385,0.1526737864307181,0.08687926170628094,0.34773068548421127,0.5172822697996943,-0.46015029574322686,0.20551668039299095,1.4389278171662876,-1.1845771903193996,1.666753825832576,0.1975861210685075,1.6555829111434885,0.36936932137531775,0.03806968912628655,0.22791302979938968,-0.045757760171390646,-0.6114017537065698,1.8794497281313944,-1.3550696945751992,1.5281853591745316,0.02025051495285328,0.4121172788930428,-0.1890560468629878,-2.316015529058642,-1.3929661026083522,-0.7231727710190661,1.0709689321840454,0
0.2037170924506706,-1.3755741070730068,-0.8179219726704123,-0.3787058320796393,0.31995444665396394,-0.4784161955736593,-0.4658579595855596,1.9701319475750527,0.7149948235912622,-0.9024498080089014,-0.694981814446546,0.4435597565455234,-0.2787736379335869,0.7073388432972882,-1.1907664407083205,0.2588289068325265,0.32800883688705224,-0.9358473993770161,-0.0678686165486345,1.5860214515961764,-1.1667833947969102,0.31563558377560075,-0.371460462565286,0.32900711413285677,0.1038045683743114,-0.38009956660681116,-0.1866819031977447,-1.2980551356064984,0.9731390835945508,-0.1985057151371172,-0.012905077592378647,-1.4292581483941644,0.36294760002291476,0.13894696135643922,-0.06045415032161734,-0.04841129780764883,-0.20946095556858138,1.5783983945993951,0.0004636019369340364,0.09469603169307864,-1.1643892054272906,0.6960328707785989,-1.0604327963124138,0.5136130046963596,0.9746049088694526,1.4368333405699485,1.4401965300822475,0.6731906184098387,0.15619028334610358,-0.11329268818063684,-0.07137875224685686,-2.244677064271279,0.604113726216357,0.5851792362642901,-0.7150550704921906,-0.574036235067829,-0.08339387988012983,-0.4051898589255853,-0.8521794912246033,0.18378965316985707,0.08378618659449898,0.4111890977301846,1.0191278159104151,-0.28990366362428405,-0.28512007370309567,1.0360181741491281,2.384912639339607,-1.1929823169705152,0.21305583623351962,0.8796407394287293,0.9553065846125888,1
-1.4271449180633557,-0.5196068365199249,-0.3933778104178209,0.7805244566751968,0.7613389359994573,-1.240262805909278,0.8343983869376854,-0.7386931889548517,-0.053992662471977815,-0.20842128529209372,0.6751760221437059,0.9630180032620586,0.3140874395320153,-0.4008868484974533,1.0255847961055244,0.026046320909229807,-0.2526164369019824,0.1974887425712418,0.9333314562216439,0.021415368934928666,-0.021894524892074232,-0.9615458226320709,0.012287851665411782,0.4841005531480386,-0.5760747618456933,0.1361302537882223,-0.3191736675148956,-0.06090126821830683,1.4377336546550938,-2.5412298746270654,-1.2185579577200847,-0.25288439991716566,-0.6640105131473482,-1.5584662117361345,-0.9800115872820614,-0.6639010236275531,0.4174691329713689,-0.25876836212829024,-1.30592545309604,-0.4681320632779183,-1.0279998928741099,-0.5127330382410218,0.38086902917174076,-0.017202239815101217,-0.17864657203462678,0.9591588158628579,0.7729124183947887,-0.6437574949810304,-0.07130942562560547,-0.5328967658182858,-0.20164155320777133,1.1837784097765727,1.3565552497814517,0.20201464219874993,0.4387939794552888,0.2736147935781987,0.5003745492413469,-0.5665755601479692,0.9345342212295941,1.2886029339625835,0.8089204953171724,-0.10741347246525128,-0.9719047121837477,-0.22626975767691493,-0.03914186787870699,0.42709201207189335,-0.4359808830125702,0.8801560325528779,-1.0367900884902717,-0.35969750594670663,0.7014245995883761,1
-0.29710614683919573,1.1093670875706856,-1.3211634430864005,0.8331053984093397,0.947712325590906,0.7639578138522093,0.6585743635185067,-0.5173563018084649,-0.6201455222490995,0.5559520011116403,-1.554659168666917,-0.07484444783784863,0.4674820663250761,0.40262601422779193,-0.7187931407766787,-0.7915606125368586,0.5013496602332713,-0.024591462268518677,-1.703530940371323,-0.028506189963131257,0.1147441478205463,0.946307895767535,-0.2875905337712413,-0.4428091036672562,0.6641452600279872,0.12548492945085826,-1.7829696579158218,-0.3274527613727168,0.25935896263907865,0.09326580383231903,-0.7078612885606114,-1.0190550759620345,0.4732275509291519,-1.011492803692711,0.8392133293918296,-0.891804370593638,-0.3930743874066403,-0.34173811231318285,-0.5390266838555363,-0.5161912461568258,-0.9759645841453664,-1.0149733099568952,1.5689945117181687,0.3586691548328827,-0.8905145025566473,-0.4285968716410333,-0.3842854790222685,0.04366680261388598,0.4740324003524999,-1.1852327532461018,0.18464233358772425,-0.8020111436745978,1.7416742351618115,-0.6015479333292516,0.7794340131342592,-0.5605380916596945,-0.9537777709362688,-0.06952478653223346,-0.5567022867123194,-0.026598376277297112,-0.4726644782302904,-0.027940766071481136,-0.46844353519428544,1.5975818188545792,0.2528739029623215,-0.13023476052849894,-0.05500490193340996,0.5330537317809285,0.26324941365552185,-0.07222483764788952,0.34706782017133037,0
-0.02146998618667925,-0.22210991951107883,-0.3895845504513121,0.8453105674237109,-0.13071136102039385,0.15259758928141137,-0.6764827093787409,-1.2413613931477088,0.7700245915808748,0.9811375010694501,0.0008939264757133272,-0.06844967571273579,1.220090088658331,1.137858043448603,-0.2904570822859982,0.03813995767144299,-0.8363883484354848,-0.021973314864186494,-0.05896304166585016,-1.1277824482979248,0.3238623819331045,0.07145729741178898,-1.3007842636377254,-1.0494792937962674,1.3406609613641887,-0.8047089567210423,-1.1917235252993674,1.5785992860007656,-0.8179265386383908,1.1725461983760035,1.430054269024816,1.201214338596744,-0.5222429982535156,-0.5171397373787364,1.6770336942790545,-0.5463871330202277,1.5996273948023654,-0.8729369518084835,-0.8054480357434102,-1.2048312612943337,1.3296998562602795,0.15614459282359192,0.10092081912367673,-0.9566962265685095,-0.42087924200116533,1.6543856476642869,-1.015767308202117,2.365044287026241,0.42143981501326494,0.5658785112158409,-0.3702731857238634,0.5819139521874724,0.17806069191150176,-1.1274967553338382,0.9570668743728606,0.8500180375771168,0.051699854263376074,0.832521582423116,-0.33839719434554527,-0.2750416012572012,-0.5812049034306049,-1.6099950287849192,-0.9389437029741955,0.6493558238755629,0.7014566780117211,0.6823654591551218,0.15589661537533206,-1.110958268070858,0.5578667870466436,-0.42239667073167514,1.635744822103138,0
1.0387200364364733,-0.22012626620911063,1.4869711070324048,0.7872302838621724,0.7584012852595261,-0.1574157263128925,-0.5210488404795639,-0.6442893469640543,-0.33012208348191757,-0.20711158002495342,0.1787678412318225,1.5494938539756125,-1.1133386262819958,-0.5763925773311435,0.6077377972008049,-0.4645064846365099,0.9179459441527762,0.6276618939334676,0.020855212689207474,-1.455960981118157,0.35058845493800045,0.8290932667359545,-0.7084556316343752,-0.990454072114414,0.9688775186987844,-0.42715262312836094,0.4874716360355221,0.7730513176228065,-1.4613552335126971,0.8785038252684396,0.11568634244351525,1.8015740548070598,0.20380883699297106,-0.3522310625434674,-0.3792910387624753,2.000581681009264,0.8447525302886345,0.05298151729925928,-0.10940550043713887,-1.6457737132280654,1.2083285690991552,-0.07351719465565668,0.20627780084429256,0.20454879871888365,0.07281898631094191,0.9719876742422118,0.9542512448161803,-2.511383252427354,-0.7311585038473895,-0.4337541659911261,-0.944273543908586,-0.05244182980634214,-3.089730634749023,1.3992997417998365,-0.8444009857571461,0.3331944649957015,-1.2900804235383072,-0.9296000395609522,-0.7861026314938251,-0.13392581393420155,0.6516915011761423,0.8184575176812826,-0.19631342548084485,-0.794015844023919,-0.8211200998317589,2.351634026562886,1.0171783567272221,0.026699791519854403,0.5571467065406536,-0.09592466671592915,-0.9950495457451473,1
-0.9084294477861219,1.211033141365142,-0.8868892352729622,-1.178506107747354,-0.11510225951078615,-0.16863464974401396,0.9604143598684145,0.7979683496441174,0.4844113123596918,-0.003820466280382697,1.0532125473107823,0.36138117188534485,-0.9562207906393081,-0.21789735287873718,-0.513482057862414,-0.716980150719338,0.749747687337105,0.4273263658678716,0.8166587504797047,-1.6444161834131188,-1.2575794309589503,2.934801354805774,-0.4749589859858645,0.489059828511637,0.3069160845025632,-0.654005226268406,-1.391161350561223,-0.7892197825315966,-1.020324915786282,-0.3371220201964393,-0.7404916630060981,-1.241626915953199,0.5006280450518846,-0.9227398930976042,-0.9321928317324055,-0.24310254470267909,1.411172798199693,0.9672075221084158,-1.2533157307766565,0.4980112846274565,0.12905307373470726,0.24714699965966427,-0.911395703871288,0.4789210007672223,-0.5018430414316133,-1.6272033658861986,-1.4909827289164361,1.0121514376492071,0.7247359552471565,-1.3074140677334998,0.5626768387322171,0.0999514430241808,1.3155465054011921,1.0716692970077097,1.5770323042333594,-0.1421568241702508,1.6586439292795798,-0.16520298414432677,0.9783950818131014,0.6352673604522119,0.11722257932239087,1.676555648628726,0.6334843337611092,1.9336709648091575,-1.1659000739644414,-1.5162734038971415,0.9773749759877962,0.7556068718889298,0.8280862180763804,-0.34974738919820597,-0.9356981054847312,0
1.0531448521594757,-0.1679535525705139,-0.2062283380462803,-0.27657322806522033,-0.07643518226065353,0.062395896850417326,1.177446552157896,-1.0429821176125762,-0.3948566658737324,-0.09159963048214648,1.6248312852709188,-0.8120454895557543,0.3788214433786858,0.33044339891118324,-1.8744816809031895,0.08644960106887793,1.3543014765685315,1.66682670037612,0.10483251858353444,-0.4546781730676032,0.7183100962648461,0.503975828705301,-0.7044151470175364,0.779531851002858,1.7328487443452905,0.3754137833417195,0.7208327659395717,0.9920296232098307,-2.4091599925310345,0.9695854395657499,0.047603845888010844,-0.24919761734121937,-1.2525098642840857,-0.35447023420653617,-1.578770541423783,0.07471196799895072,1.064429652986802,-0.003254238281878115,0.3575481258933707,1.5516469589591446,1.8060433650660814,1.2161720350249436,-0.061626597086951715,0.7867717847911717,-0.4754018964405172,0.5973749959915563,-0.6063633431336758,1.0364771311442194,1.2799415782626975,0.06047066508623925,0.4213802056006472,0.535660140868199,-1.0757480434167506,0.7631657468515652,-1.3552934814785083,-1.404967459766711,0.6499640966784558,0.7313642106740798,-0.5623998579408868,1.1028430126907167,1.100258314332045,0.6557094755186126,0.08970392294445569,-0.34133146682108617,-0.04758898337517637,0.4159062527351534,-0.2464441802288391,-0.7706768900092414,0.6713367197323523,-1.597659830993368,-0.8470124282396357,1
1.568449239147894,0.8690928510023089,1.4605835461542283,0.5782981905608754,-0.5456742457594043,-1.9652338525437807,-0.40433406602264,-1.2723765020054543,-1.1835890615070885,-0.2733977485832884,-0.13896862548356032,1.4116862114005808,-0.6791403611364041,1.2824555691690491,0.007992991298920194,1.0020484072281273,-1.2304687553898372,1.3946041947067862,-1.4441875153764292,-1.9220050723393625,0.33733448961458756,-1.0531052830570529,1.0778069365958456,-0.22285142530032073,1.4974927895959271,-0.8582827101192011,0.9822488831590543,-1.1908226610848944,-1.0149020990853441,0.6285709200082364,1.13003091224528,-0.3878967862394615,-0.733405278213615,1.6648568152144858,-1.0265899064443014,0.3506263028017196,0.8081910965157059,0.9626705381224115,1.4178809582456782,0.9413895404286906,1.8078062937957327,-0.7907275112522445,0.025280198970621445,-0.2650132398363367,-1.3932441323798979,-0.3321892065321626,1.4609086636492898,-1.5203928383342202,0.9572210203307223,-0.8988483161299167,-0.7017688951648084,-1.2385072750871045,0.5669504649239934,0.9520743967429287,-1.220408855584057,-0.7181495413066878,-0.8589184635366803,2.4442608645417803,0.4148835772668923,-1.023647296590607,0.08570503988441673,-0.309879719887443,-0.09212525570459272,-0.5911716512667728,1.1469350898214326,0.3672033564086349,-0.04338960026293763,-1.0097075463911966,2.7354344174806173,-0.6302325163829104,-0.05575238192136827,1
-0.38746324490709,0.6441667586869593,-0.5214782338610165,0.9735595634350152,0.17075702397896644,1.129305045881739,1.158578265839684,-1.0437484394095464,0.7446642579891163,1.1538501423809049,-1.1758449753205016,-0.6529083454082156,0.5263197722610514,-1.9031511862740258,0.6795266861355411,-0.6050798950300826,-0.7125470534226951,0.5494294608577084,0.3229789948059598,-0.14480767932629204,1.293366885274299,1.4708308549238551,-0.413137483319053,-0.5219955990473267,-0.48217734018272135,-1.2415907224787026,-0.251986825442189,-0.8003690429997241,-0.5450079237315454,-0.8327257554957447,-1.1292491708906442,-0.05615610365974187,1.4376874560201887,1.4774824887913311,0.21184860022351176,0.5304486220963892,-0.017834943941188036,-0.9131219663811888,0.46127780941294927,1.0216924845428486,0.9797822475603275,-0.5485295280685583,-0.07169584096367049,0.2795307637453423,-1.4146414840316155,-0.9939623313459551,-0.901865208941486,-0.43103234050686984,1.6048212463309324,0.8586516853687335,-0.37202925059239783,1.3359668735673929,1.111385862370673,0.7591796293486018,1.5519361504606186,-0.4927326539566311,-0.12433279143521962,0.6783328622420509,-1.965510529590679,0.22244615617599303,0.5800789288215255,-0.056761934548770536,-0.41618028187171535,-1.0467012420851647,-1.1990484261166876,-2.1508267654916917,-1.6296823446476998,1.0090664631040487,1.2768157035932028,-0.5789476949234337,-0.1724724617420426,1
-0.08775897287226442,1.3549876256560054,0.38377073575317006,0.35422998504635334,0.2901229329716215,-0.021213284382072123,-0.5724739237050956,-0.9846842998175516,-0.7405048421330382,-1.5568781050482732,0.015058705788249383,1.5698843739476287,0.5439922249388505,0.7215533920166826,-1.9204855149736808,1.053865935125177,0.2668353919352213,0.344350778748879,-0.28105934089274087,-1.7240641535108314,2.0606691955436784,0.3322747424130405,0.09913727295476867,-0.9874176494769142,0.29240997950842074,-1.6202259658184326,-0.8565008078335539,1.3081592339426433,-0.7363072727017654,0.07734073736066686,-0.26663341782673233,-0.07667330631598566,-1.1336025555568785,-1.2329176099129104,-0.6048448876889748,-0.4561950966812764,0.7478564528013738,1.1466501083274387,-0.5684590220956102,-1.1915284900007495,-0.11117429491611257,0.6844434749933901,-1.8767877664426054,1.559201695902662,0.9980672834017128,-0.5430024381290346,-1.136821747779586,0.1578013840346767,-1.0177528496750066,0.0070184288759897046,-0.33094084305661997,-0.2771149951480139,-0.31768405780911463,-0.5169269232597229,-0.5383288793125289,0.0238005328647544,-1.9212980200699143,1.1478341696907035,-0.05495642232576305,-1.007244015861241,-2.071289176867311,-0.6203952703906452,-0.15625032378120032,-1.300514123699842,-0.546663270132125,0.49181921361372033,-0.2854380428189988,1.015071692901353,-0.25210875981372144,-0.2865929199658249,-0.8610169046558691,1
-1.05370715054853,0.8167336131574684,-1.80538633907117,1.997295304822493,0.008022958684559958,-1.254458657762993,0.9814878155105425,-0.22575588031189317,0.2816077586472606,0.38118409417278004,-0.3570495020472176,2.218572827427266,-0.06400660509955415,0.7716274858018624,-0.15914436945792604,-0.04394196219715459,-1.0302858256585583,1.7706625049611944,-0.19376682743625748,-0.038661539674146574,-1.592369212988693,-0.018019452904475833,-1.6778244828843174,0.3371615221624545,-0.8322619148980733,1.8332859817329865,-0.3954717433925669,0.9375042135205149,-0.6288877531660046,-2.100145654326225,1.1172775673639226,0.6653497189692091,-2.2820289599844368,1.1986631203807534,0.09831943506859597,-1.03924375643682,-0.2213459338421966,-1.029399650545417,-1.7366938455550915,0.7980785461477091,-0.6448964042747126,0.18503727719267907,0.7095737674045045,-0.1265675042440627,0.03675212634786879,0.13692954394607842,-1.0512565618350456,0.5584193091450131,-0.6263556527983833,-1.323598265566701,-0.9857763319524511,1.1811545435013857,1.4627319473445848,0.48454554585199433,-1.299523734166827,-0.4997735300251205,-0.07327661607014614,-1.2456495820826394,0.8635402974120239,-1.3629339436708343,-0.6135285287171682,0.7483354944221191,0.7568290034742504,0.5560615479532425,-1.5690271697545566,-0.11689381350711484,-1.724964202506497,0.5605261714809142,-0.2287195899387949,0.7646568970456754,-0.26182690443511397,1
0.6321655738261531,1.3379443692700803,1.2582366059043768,0.23269131903437207,-0.8130497502176334,0.5556561083787817,-0.062164946701650035,-0.4216422935728497,0.3978155403473743,-0.09986142387323384,-0.40712884501448676,-0.1466488137404804,-1.1593834847047164,-0.7290053297967292,0.03225707724620956,0.9857044219219431,-0.22095134234677374,-1.0395012025717751,-0.8830501611749468,-1.5495284039664263,0.8858942150977838,0.012354845027705386,0.4115108344189201,0.9467463595622948,-0.9284026071925893,0.3397979922173688,-0.6720783829495721,-0.6179622095995229,1.229344206419603,1.698082962042117,1.3242305815634021,-0.7981540921482496,-1.1777234958984097,1.3658722929411047,0.2882782591855368,-0.46176059834668964,1.4217131062313129,-0.37150778271686336,-0.9217169412137848,0.6318684385564952,-0.07429878424404,0.06525815699506934,0.13809414286962593,0.05304181973350267,-0.9189004329542151,0.4596562691063863,0.5136220948177677,-1.2858684552603408,-0.6922262197385525,-0.8130748910717605,-0.5040772337012919,-0.8000661661788173,-0.7529718058690622,-1.9121588928300661,-0.6656526318298304,-1.5051593636456502,-0.7145166702213563,0.7736687291125286,-0.15942306425506814,0.716636029230411,0.03818526986438943,-0.38697588377721015,0.18799081011518748,-0.5632217969587736,0.5012125767962265,-0.37709011476918397,1.0539864260710057,0.28158539506999697,-0.8946237902291462,0.22193767746376614,1.1102134129967887,0
-0.8099531981752525,-0.44236193543195673,-0.9058351697420127,-0.786516754586996,0.10797700526694887,-1.5928731507803804,0.5301514078608118,0.48192487726010963,-0.3269619352739825,0.9497998445875663,-0.5504553278547656,0.5771084557372602,0.0442011690414313,-0.8276777063030298,0.6669661626277994,1.1884620426187467,2.0768762451845495,2.58820560318109,-0.867962840924002,0.9948246454677261,-2.181637703151952,0.05061880903526195,0.05629355945061121,-0.21640842062169388,0.46253498833034196,-1.5340258701914202,-0.6970250925454591,-1.0715730559299363,-0.2471291183075103,-0.6442070450795943,2.1284539495058423,0.09541483360156963,-1.2820585244339469,0.3367758785502854,-0.8913888827202388,0.4489693445054338,-0.42563894226884047,0.09429488327489548,-1.5915984447952425,1.2115440303199478,1.0157968612465738,0.2892505167383371,0.7551392750394494,-1.2215782254027914,-1.8746349247592282,-0.2928859883428819,1.6534428400938819,0.6680537557553552,0.4478064625177547,-0.26878131319744475,-0.12099378915049307,0.36890354908871953,1.6388679174661474,-0.901192979654784,-0.7941536202426266,0.10280266754659766,0.39445275185677287,1.3686742148581237,-0.18604903898314484,0.7962314651055334,0.8094438180334169,-0.591470107121511,0.9650690624489325,-1.3514363163536138,-0.2044450112744774,0.8921775853049159,0.7077734712627572,-0.8218967690103121,1.785819540863462,-1.275031246569337,-0.3324184686558005,1
-0.022647762003098964,-0.5580095486031138,1.032868523312273,0.36069605384069386,0.844935985056451,-0.33479994774649174,-0.018043086106191052,1.0094408831036472,-1.7406720155200903,0.08840830304836078,0.07010186100582182,-2.252308014606131,0.5228379775573893,2.1326470724330417,-0.263703108858486,0.4440443562457524,0.019008858690343442,-0.19780773480918162,-1.1061799034979551,-0.09094493820019557,1.341245957353155,1.2168725830530032,-0.6329115197623467,1.239072816014367,0.04330839245961361,-0.1236986777695293,0.8147828076462069,-0.8733908822783992,-1.203762700322765,-0.9469369627094435,0.8876437436330876,-1.7003865439928543,-1.1112852897812557,-2.5273739331633234,0.31105553468729835,-0.6805391853875709,-0.8969771545874262,-0.7761643134136424,0.5367660269776996,-0.20312454969475754,0.07022952925064976,-1.9121953784955472,-0.9353081368790259,1.24221897149326,-0.5048380532982104,0.7968963240009549,1.338254528365921,-1.2139676002039173,0.8047518009504663,0.4149517328333876,-0.3532357616698771,-1.1323614314689745,-1.1085198912517202,1.7226242100730011,0.7109560378867185,-0.6580531830016559,-0.41256254024421274,-0.7440403072073144,-0.4175172591008753,2.0497605728934065,1.293483802724896,1.3675234186205447,2.4375552957339166,1.8732982828737283,0.6848142482730172,-1.4001551550918945,-0.85770542605749,0.6340735072416279,-0.9345002351314496,0.9457163832052861,0.5951706968343603,0
1.0814268231977158,1.3111278430263533,0.3994050711990593,-0.6994670755932457,0.44638570840011454,0.06463334998608367,-0.858090541694342,-0.7372537789784852,-2.0342924107948575,0.19526278334384925,1.6060524357903505,-0.3863999608199345,-0.9110950421464421,-0.48420765759364415,-0.16810143288006374,0.25468452926614166,-0.5347865262284422,-0.7639274764116023,0.5803442796559447,-0.29659459892844015,-0.33085121605758355,1.298867321595278,-0.33114204245094797,-0.6986354960306219,0.02571907176389238,-0.10871271740668517,-1.3929810788462358,0.5526096034306921,-0.164792022752886,-0.6727944637461033,-0.018408966721525408,0.38471762426276745,-0.2047482725215248,1.3900388204553162,0.1800813748788338,-0.09879816222636408,-0.2737809749907839,-0.22806945554376434,0.8275602407652339,0.3100733293876649,-0.5321070050952101,0.04293951563407318,-0.6286904807003426,1.0973658149064434,0.48150566818761176,-0.7677524603161842,-0.9038301788569928,-1.6112868571393426,1.1549542654914955,-0.9072864092817063,0.6542904991205529,1.2018126782237815,0.5591216733262392,0.849217515913628,-1.0217527991028976,-0.30084045459581077,-0.6632764471584908,-0.5430763878320377,-0.3174651457565369,-0.07523433384795394,0.727381845146927,-0.7995618317579201,0.20098504769586495,-1.1899152084329463,0.024763240871126115,-1.2308670214985415,-0.2959472193201298,1.2280631316125747,0.8376725684408631,0.8213142645670976,-0.10478196664515217,1
-0.18617470242892603,-0.45809101981717987,-0.6823964629399973,-0.39924165340351814,-0.30242810093777367,0.12429745940757657,-0.9523742478901718,0.27864457396047526,0.8635169799102103,0.06862982808427531,0.16711618934268757,0.04627602777359474,-0.5486725792074475,0.0922855315679235,-0.9083253976728511,-1.5697524184186207,-1.03989306613851,-0.003769876338140106,1.0152013381918361,-0.23682245255433546,0.8690312551370069,-2.4602670170104464,0.24816064450975203,0.34935003438752926,1.0813764279113918,1.2891444126501694,0.1599404200288439,-0.6573820669443279,0.7230695888314523,1.0978102999395014,0.6648479446576769,-0.732186021093297,1.880450199082249,0.4423524251115069,-0.4265643867903238,-0.2198725882924412,0.6119627905093503,-0.8595734387141553,-0.14468859956881228,-0.33800798126647685,-0.6439675400276254,-1.8414101454547624,-0.4687013349853467,-0.20819545670625128,-0.8165939141899086,-0.8032939798951337,-0.48030448209034593,0.30477190351670125,-2.1937690945419206,-0.8176757744019975,1.5477144911895417,1.8509776481654499,0.6750942310627617,0.6668302090549538,0.4853649074284707,-0.03780433156077949,0.46885740968120876,-0.40963391483773637,-0.21162123005623754,1.1098548717376362,1.104868702051225,1.0284699354448388,-1.3796027588292963,1.6356748719248717,1.0694260275542866,0.17184497635352594,-0.5070399353096627,-1.673406173673412,0.46629612766302686,-0.5288559300098015,1.5969852988831585,0
0.9251578827949452,0.7248399339032735,-0.3404041445926245,-0.42693423904401967,0.7917867504994045,1.114167755517751,-0.05311347722179801,0.9269865422714123,-0.1609854569550987,0.6740390830183259,-0.19156749347168642,0.03358438033698005,0.3351796240803475,1.0860281844812512,-0.6754361509949763,-0.2991977334697838,1.5138219303302616,0.6291790521103562,-1.8094869518497914,-0.33398293040386057,-0.22790562946314014,-1.5950985455304225,-0.1513945127636901,0.040702326068104554,2.3177233792986693,-1.1149933783418118,1.505665849059199,-1.1913828842682843,-0.21233801583040787,-0.1697218444069546,2.4427602526807313,0.9568262867706824,0.18535570332656073,-0.9790433882901984,-0.6286170027084387,-0.04056521830799028,-0.8258911839301022,0.9991305970711739,-0.3750717725659547,1.3383320485607662,0.6559897390709137,0.634879359307589,-1.0289977952832228,0.41894958272979943,0.7917270600703284,0.36691394209358824,0.4629199279788037,-0.4956127968174549,1.2164054832623197,0.3627351526486663,0.31221107625094585,-0.34259463531285717,0.47147802859613225,0.1331095680354708,1.2954532210880745,0.8311760857369154,-0.5503471510363893,1.0154237191379623,-0.37792193216750447,-0.8261843622590156,-0.8999440315339289,-0.24951857605076697,0.9582491510848111,-0.942030831884082,-0.6315815908622117,0.8174102804629043,0.09568409155294909,-0.16412764422238924,0.05078346942207223,0.49074062926771483,-1.091153158531787,1
1.5695633337384796,-1.8294131750289588,0.31223320245628,-0.12597217307766634,-1.5594038232600511,1.8268417709111222,-0.9549293684976654,0.5495571613624042,0.14797818958777056,0.9885359699433532,0.7880584315961756,0.40839863206501226,-1.06471423982683,1.355348317833589,-1.2907641458251355,1.5308861466313508,-1.950230004344846,0.6526619567340689,-0.4501666792299095,-0.4600592471890926,-0.6873056024326732,-1.0635109758789716,-0.7473634588608762,-0.28420779701310234,0.6575130165100852,0.28510321199601457,0.33617305681607096,1.8167665802173676,-1.9511458708040386,-0.15982295172313538,-0.8439870854273436,1.1509934804975308,-1.105064585992577,0.17138941813425518,0.3323966691675263,1.58810851622422,0.9969184198123079,-1.7631206330327178,-0.36689306414689205,0.6150804728063509,-0.43799482988203614,0.41719560916679194,1.1216085500199797,0.6206633775298955,1.5893360252315778,-0.24064142966137525,-1.218513538397763,0.5185496327699276,0.7626565410442717,0.8094358975233393,0.20625654714353084,0.7715164156213152,-0.28065046227194007,-1.0659349621550347,-1.5362625286963616,-0.7744504381410852,0.7327307706526656,0.7942868179142847,2.3725611026020283,-1.1297910217083675,0.563252473391476,-0.30487041999929126,-1.71863854247659,-0.18117085551461617,-0.5895148410140115,-1.3699180938707685,0.5742850193352612,-1.3514838100589852,1.4201046710318295,-0.7821865866588243,-0.22424391278746625,1
0.06563573695467492,-1.599652263382298,-0.5252685655606725,-1.3555977736522002,-0.25235824291186737,0.33095091925867937,1.0780586344716718,0.0471298863195952,1.3073517344254904,-0.9660566163181689,0.9420585619303773,-0.5596304646693887,0.7312301650395685,0.3159214217383512,-0.07473182414717013,-0.7883810196489056,0.4291429032945492,0.5020831757720295,0.41588394537625395,1.4510657441177515,-0.9916074038517614,-0.358274376187908,-0.2963510748474581,1.3676758480190179,-0.6203266245825806,0.19591759871222264,0.44595524868367276,0.31536525863062664,1.5837862364286537,0.09371913925949142,-0.25511234557077184,0.4575558066734793,0.4127508037601234,0.6552810193503752,-0.911131883067311,-1.7396289979389699,-0.2282165535983854,-0.9443539450303354,-1.1136469669730031,-0.4386082172584448,-0.8842894058452346,1.2692128282973556,0.467596797943147,0.31308453355925153,1.210375032708158,-1.556150922244158,-0.004609652965656968,0.12449261026202223,-0.5433635669895936,1.4366406581911704,-1.7682227363008125,1.153480398226915,-0.5686073672225503,0.16959371720766195,0.7769662823877038,-0.18798125503610352,1.9137675602450186,-1.1479671676556673,0.9646909089180475,0.4553519074618249,0.0513611002019025,-0.39885519537592373,-0.7771607944696346,-0.3243985488733073,0.07265800347583616,1.2032327253302788,0.574578831686483,-0.20974484932994936,0.5076392146915959,0.22279313893662067,0.7417539462168756,0
-0.6783951025743391,-0.44247027707001174,-0.50844588820268,-0.38462391417071573,-0.04048940372188592,-0.5565723083978333,-1.3129155102378558,-0.014631562489172337,0.4603207486813246,0.07655030790681772,0.7435541871103979,0.6563532918001922,0.024387493968522755,0.5164773475687077,1.0832392289536228,-0.15790250873437034,0.05128104014292806,-0.48804426940115747,1.375015933867958,0.5261939969913767,0.38866485554237423,-0.9901056915567696,0.11585108334510226,-0.548996658746641,0.5581733575210142,-0.33543893229422944,2.1166820242247617,-0.25426773303118405,0.0837366781622259,0.13208577284838785,-0.07350085928071656,0.5457510493133241,0.7788804927776642,1.511180898711414,-1.6547376282464419,0.46568559055038,-1.2095467917000862,0.27501026494587577,1.1257788930697628,0.08656998549682572,-0.9178272318312939,-1.6248577209475388,-0.3999776259230695,-0.05658898557881209,0.20911008295225972,-0.15907661297032646,0.8649003294070068,0.6663336109099328,-1.8484346559948,-1.7634350298322112,0.5494230438386425,1.5167252117938532,-0.4594335065705692,0.604794669657049,-0.142655427386378,-0.14752344087997443,-1.1511976492693232,-0.8543270929199271,0.23555614399238875,-1.1006992965309645,0.1661015408204329,1.5113773002358184,-0.14429043837691954,0.26604167881684543,0.08678362855709329,0.43123519662192555,0.17570085340668518,0.5355073603758876,0.8006426045954781,1.7982721518987874,0.49323649696366373,0
0.39368033953709164,2.395493952021052,-0.2069009007941018,-0.5514972370221168,2.0158484042957134,-0.2534064739677234,1.3241825921616486,-0.28020228075538245,-3.090832850717301,-0.6191948082828406,0.817030724274405,-0.19450477395653484,-1.1527370239960957,-1.2100648510931131,-0.05473951918753118,-0.44623546596923636,-1.305810518078232,1.2064382174315662,-0.533728181688113,0.19677372024768314,0.23154222981625042,2.0799802336937487,-0.3798536407141058,-0.32803044998120995,1.014956862657471,-0.07772819405489709,-0.2625112101576802,-0.6735830354317492,-0.3299509754958126,0.8610327952886712,1.476040654506003,-0.9431047231659407,-1.2041163222020277,-1.8156372191347359,0.7598069733189838,-1.6032366788349757,-1.808432890458618,-0.3293154435266654,-0.78689401286069,-0.9489184911944677,-0.6127883951685916,0.8532147000183882,-2.374731324942558,2.6466805494580146,2.3792818194968723,-1.590494813168816,-1.333344987928835,1.3629507992466092,0.883973684133997,-0.37980092345604377,-0.155726401941591,-0.9617644304588935,-0.7270836942196403,-2.1313470781415447,1.3234178853949283,0.0662799119162029,-2.423809293617888,0.653901376994717,-0.4298087327751094,-0.5850280749787262,1.307525460805598,-2.364122540493579,0.6832091931080552,-2.9615916404216267,-0.771038283225857,0.2766472625966022,0.14102098147731656,2.295277146003973,-1.2627468103116744,-0.34252456850990826,0.44536755144580115,1
-0.43796738387889284,-0.03341801164619926,-0.5944838044083188,0.3686288040913771,-0.736473909401486,-0.07659040032061337,-0.31103930119949447,0.06519916481752025,0.15875828237252854,-0.21549896139913086,-0.6216051509958095,-0.7197738187829137,-0.9797385226837274,-1.2240226441056163,-1.8673797819399374,-1.806254507883354,0.3588944820200633,0.7200671079928528,0.6271610300434445,1.010968224937362,-0.2088255211436109,0.9648675959953866,0.5640561815706285,-0.901458186467401,-1.6932190197029915,1.0891494989734372,-0.3858954174310295,-0.2604414552002601,0.5945659902667885,0.14434225764538583,-0.5642889310768217,0.1659979523076462,0.5974312907728957,-0.026521254671395805,-1.0031039593125968,-0.6273128391540004,-0.24447235952577703,0.5322467052207667,1.8541885996159826,-0.6781191733176091,0.15595415806782445,0.6444992520192169,0.49801211969517145,-2.476252247885454,-0.8356477978784594,-1.9566279297602922,-1.308110376769188,0.12410174610105774,0.49456946196458584,-1.5550326433900947,1.5330530544322323,0.08306973414863747,-0.43146461786131773,1.3531774971277644,-0.5501915632002337,-0.6064399313672431,1.074555240755885,-1.6273365350906406,0.3904530082310761,-0.08454724847287536,0.8324334758772197,-0.31382833713566627,1.2191304568190449,0.1500484947952201,-1.081912531592474,-0.5686011184040747,-0.6237559881676097,0.9867749638664624,0.5706235136032176,0.5895428186355463,1.057335528501606,0
-0.14836164987535286,-0.07527772257757019,0.18240921824358994,-0.8912866520683238,-0.3196848937274772,0.32233021247034804,-0.5972405118890227,0.780923757183886,-1.649276850464096,-0.6804001789457699,-0.6874317032450551,1.2884956408120871,0.6234413206713231,-0.46015830060669644,1.8864593514966947,0.5093050195559572,0.547675960383601,0.5314103838096677,0.5203050379994955,0.5199591455837864,0.1842516353977841,-0.151540526622666,1.0716729328067989,0.09163283212433408,-0.42442839093513185,0.5705102518468642,0.09199623834301957,0.589380226410682,-0.06753521724280093,0.2080156737776329,0.7880924698060842,0.12023136918730672,-0.04710254496083128,-0.6908149816525997,0.07155092401833517,-0.11799167765187578,-0.9155185751237147,-0.9697849696445487,-0.9798589778526016,0.4050152805409726,0.39068660241551334,0.8669735831004141,0.5234893511959584,-1.5463368748033948,-1.2405479970172402,-0.9472459545010444,0.8275109265644139,0.7912788041441309,0.44451056425539665,-0.6865025163153062,0.9998897483381058,-0.27288457799401816,0.3208132382850112,-0.9823898055475649,0.16258600338500753,-0.3241590183327973,1.1679250599645064,-0.24047591140837193,0.056028042448084306,0.15850852424557016,0.5377162158675021,-0.485263134086624,0.8442003056702849,2.495203715271593,0.027895089310806448,-0.22703116123219133,0.21061746758306024,-1.039096558177669,-0.8433212441455994,-0.032075704037598865,-0.7675369877030709,1
1.2191687074094086,1.355327634092938,-0.8022358442881864,-1.7182081778068143,1.2104791545122298,1.1741442520388201,2.0632422567714555,-1.089047548836103,-2.208025505029713,0.9827814467907083,1.0553599853126185,-0.5514126789307202,0.20812762137606955,-0.5700929412426933,1.0401197193044849,-0.1618282076476579,1.152662206649465,1.0474460119242142,-0.6220304617249446,-0.27083000698203363,0.3340256240236357,1.0318620640686895,-1.3812430609656394,1.9642800428251317,2.6905330234559828,-0.6479718060497395,0.9496370368194597,0.41124567750179775,-0.4730839994791614,0.8028021450862975,-0.16981679593704416,0.3501437089378236,-1.4999772062281729,-0.36444636472308045,-1.7639251489672854,0.4620578482845042,-2.2024479463189586,0.622035974068814,-0.22483959002219917,0.5120797045511647,-0.9204331150510385,0.40314498242369257,-0.9665437152211925,0.6918579944556003,1.4911474620088174,0.1919095674420112,0.31711022194618854,0.22362726571569025,-0.4172790748373706,0.19448748276067904,-0.17123305806300232,1.3102640687432228,-1.4681409535423768,-0.4565427553202217,-0.7943746277201241,-1.5920290816574334,-1.3416707503739045,0.3128149482053254,0.22491501055986424,-0.8537856703660189,0.2632328381725996,-1.2766153940849996,-0.7716998923493366,-1.7678056678739924,0.6405012676423274,-0.15961645339055067,-0.14642305298920613,1.0283673082726914,0.28919477225379014,-0.30759508280178105,0.7070816567012066,1
1.7030861855650814,0.23416675439638263,0.5151106780671904,-0.5631022534087696,0.32150308012469897,-0.043902751322790604,-1.4184679274206524,-0.12967020455554454,-0.8363814459628778,0.3478848854003071,-0.14824209054492662,-0.07867789138343603,-1.615710921093099,0.1159333278214968,-0.21397752983150592,-0.6384339299012308,-0.16467272327198168,-0.5261574377581454,-0.973212180394299,0.9083904952901815,-1.8679475144019835,-0.7212806228664256,-0.5829081712813118,0.48538744667673683,1.7053237911417292,1.8599652680412933,0.9376739958989124,0.13229340809033394,0.0833997183074178,-0.13490648683046655,0.5371156922902595,0.5687974023876963,-0.00661765241455998,-1.3754476389395995,-0.4610742387299884,-0.5455969183764147,-1.2597900349046858,0.18940366776435621,0.0652842234909714,-0.431110857468418,-0.8223469612346049,-0.5107047327711196,1.1939600070138319,0.9301702401590581,0.4724132756542699,-1.4872179192669814,0.07871245272476918,-1.398703695722422,0.5714619888176063,-0.28296676332653636,1.719850196310948,1.3627923244553932,-0.03392872231334561,0.653617782119066,-1.1741559511482917,-0.9179096901490569,1.1317472600542777,-2.0262704712581274,1.0432070105846236,0.988082701781268,0.17680460025916764,-0.05806197432852526,1.2454161068088205,2.11349175578516,0.14912204186608385,-1.6726172931796768,0.3649473985379161,-0.24775252753548727,-0.8769859169185247,-0.25848672719108573,0.6419892397487035,0
-1.887928828745692,-1.0685879094275257,-0.7293697795887903,-0.5946039960643376,-0.5994399486710623,-0.5742841531060232,0.517650066198506,-0.050253311124101745,-0.7055554453933809,-1.0134495431247867,-0.638751603428649,0.24241981716869115,1.037535670069216,-0.34506171016189024,-0.9485296083876901,0.3413155116626427,-0.8579988773291296,0.43483010883053874,0.9615793342482687,0.4153509779954224,-0.4754790850991297,0.4568535254866279,-0.2087478865471313,0.2459160747401047,-0.19895056128474328,-0.10944130560066537,-0.21536627839174977,1.7997780960411014,-1.0248402737006648,-2.299620575287095,-1.3900759485056633,-1.8040358846257791,-1.3057203250848044,-0.1612915519957182,-0.975334528627394,0.5183514262860155,-1.4189929406765884,1.8044373280344261,-0.020355439762152636,-0.09449322391517226,-0.6871936415460387,0.36835968994223106,0.5470433563781077,-0.5959814591414682,-0.7703710709867698,-0.16235585636805366,-0.02513476736024994,0.3436197637383003,-0.01576793460731935,1.041359258149025,-0.6995993194114953,1.1174474845252922,0.7654790886998478,-0.9667814575535898,-1.612639729869058,-1.7359981758606522,1.0436306256048087,-0.43956360824753443,-0.3316487368485247,1.1925790843968083,0.04357554448534687,1.0747083193703961,0.45778229341872256,0.7371834643269178,0.15260584552946446,0.02146478127451467,-1.7621438056786318,-1.171626646257534,-0.31489944696456296,-1.6123659496187916,-0.24186095291299683,1
-1.247228429499246,-0.6169593951076997,0.49486082766375544,0.011037349581474934,-0.3051118981952036,-2.403523691698535,-0.037209027435481164,-0.7501972833837762,-0.1586683190923703,-2.081582987263819,1.4785971164162974,0.2530600310915081,-1.2009110408788495,-1.755969613578036,-0.5603061594254055,0.23095770904453805,-0.6453178087598972,0.32479963555489405,-0.3326705204133838,1.5613161408124767,0.9449217930843309,-1.1719740029073664,-0.6748868421895676,1.418010688573453,0.07351610712777693,-0.3794430818087826,-0.4445460617534192,-0.30096619527289514,0.7709607098134211,-1.7494079076256377,-0.2257527194355593,-1.6077163953800755,-0.5807131341381324,0.6339513132862098,-1.5294992796834421,-0.11901256063405807,1.6442547357006023,-0.8825131206401587,-1.328814669237962,0.12716936435242435,-0.7729889211531619,1.624180794179172,-1.0544025621318007,-0.42947982008390645,0.8646801494021095,-0.5695269465042189,-0.4182656091679193,0.4832249617832528,0.19515083187316376,-0.6419916154948508,-0.32586160658054947,0.8947585217634639,0.36497407199832965,-1.4754953667096784,-1.616922185304428,-0.43139619933863843,1.1619900414279722,-0.5271814756076358,2.006413723729033,1.4008686085222766,0.8820098917773505,-0.2408386703217228,0.3069347312821612,-1.0843049347203846,-0.10272857507305191,-1.0430664581298663,0.35998091827393314,0.6333862210706717,-2.8942503578557788,-1.8467775201601724,-0.2684435965028266,1
-1.97026536475852,-0.0597932803967629,0.24837913665260467,0.11309078389876347,-0.8288854619791771,0.29545084556129675,0.9858787726710665,-0.6533612874647855,0.1857928067534052,-0.8465551761382695,0.36712890586713987,-0.5884874550675177,0.27456497866061313,0.204226176851806,-0.05931485303171233,-0.21619470721901543,-0.4826181354328763,0.6589123865587428,-0.753896988140721,0.628799577152554,1.768210749077798,1.1641540427389336,0.603413155432818,0.646491402788851,-0.25198772195352165,-1.0275702760496919,0.2151117031087604,0.8215236663049655,-0.3053462215122105,0.38019313273434285,-0.8091062317575595,-1.0831291936317415,0.713156591838861,-0.07777466818137502,0.5019380709218835,2.247563497256865,1.541857457275965,0.23487367024076042,0.9243318525488561,-0.0881911635095671,-0.34522723886272677,-0.050276093311811855,0.367661535742765,0.10549618030036793,0.08140182094662393,-0.682944915948595,-1.2906038063916887,-0.7063413060290058,0.9907737451337355,0.5169108926017294,-0.10036224458277504,-0.9878937874044685,-1.104644618173911,-0.8427635408755021,0.4393964813070736,1.6650743582778833,-1.8858331712263359,1.0597963020145198,0.3414296079843659,-0.7277550052664169,-0.09648569581746659,0.2612403176284678,-0.45875246012594056,1.187988860081383,0.7312827427807511,0.8268936601083583,-0.9717385371603717,-0.4225631362028215,0.2945631953365662,-0.29678041220733475,-0.7142893133410458,1
-0.08213552932361877,-0.9503433695067061,-0.8734749889058215,-0.6994625100079019,-1.368673333406837,-0.27041862407394607,0.4503886974667206,-0.7597314961236787,-0.323809630376555,0.22180686511822573,-0.31848325464796073,0.5249954486346999,0.4324940183175835,-0.6851284351264414,0.11907020234334771,1.0804630843728105,-1.9689741221697414,-0.9579625925248613,0.22626920186123184,0.18063312535751583,-1.704356368574754,-0.452199333967041,-2.6707626598347862,0.11379082787782951,-0.7124746295635902,-0.44863982601553154,0.004710795791897344,0.9931627766651816,0.38875398969662456,-0.09516664287951097,-0.23293571590634737,-0.3723548206615087,-0.1808858907596952,-0.6039993373016328,0.6440888762947037,1.3538565501895,-0.5902640102962367,-0.13049597501925994,-0.44314372217507325,0.2971423363115552,-0.6205035835879701,1.0265005777635772,1.077212524945146,-1.0470226117136867,0.9380338215269792,-0.3501544994297816,-0.2781802001708922,-0.475569366598127,0.47571579218927007,-0.06425489704538564,0.28681289274218585,0.18168094169461527,1.1190447828443288,-1.160918752655965,0.3675091705112145,-0.1688446358738412,0.4040700442927555,-0.3027685476690002,0.7356301458339884,-0.3374629518536076,0.5848212113773404,0.24091100739274154,0.43192549061732,1.1698304725272892,-0.3162841565284185,0.6160877553199444,-0.7295852882170988,-0.5116117525462683,0.03259742754129446,-0.16686910700235477,-0.009088198810326492,1
1.0269032723633673,-0.2890653686928378,0.8621109555989871,-0.2275195743649754,-0.5254454649985059,-0.8258035309483919,-0.9107328105516717,0.4707050455901597,-0.3315988456774729,-1.1606690005014866,-0.1577692761358007,1.4181514477642079,-0.9473828006567199,0.6956832085370547,-0.9377649938818657,1.5910514070433879,1.9767895766753665,0.06559197826428802,-0.7636538747449326,1.2827204913640826,0.06506261161747674,0.034466327869572135,2.643146158994429,-2.325326509164742,-0.8148676597575464,-0.07168457899256445,0.5908593140969521,-0.18723221544246177,-0.9884075277032324,0.005822827610129843,0.5396971268367885,0.5372313465304456,1.3295610855285651,0.38794429278855846,-0.28422640743065064,1.4986582535370292,-0.026990640454404455,2.0767783419733647,1.759805425039078,2.2177566120134196,2.568091675450297,1.8320362720932244,-0.4137749930581561,-0.33805257244452697,-0.4417220140468433,-0.1563891335098389,-0.22151273361092869,-0.15683015758926372,-0.17056154137536264,-0.4317929133279942,0.3325165066022203,-0.200830465181635,0.6826855090785368,-1.4078212056029764,-0.14682122606311432,-0.4724277738924471,-0.35833375726139116,0.3172161703699603,0.2069589897409746,-2.396723210959695,-0.043772789362620586,-0.7923255577253805,1.4234091414297099,-1.1417847366147327,-1.2559404707200403,0.39586749016055117,1.0186139212039476,-0.8616868997039284,0.06601049996392667,-0.930025388200514,-0.36955295937069327,1
-0.22127181508264995,0.6174543904515545,-0.7112236726708533,-1.8283676738027406,-0.4868538796091847,-0.7973408099299931,0.542320504764239,0.31831400261632875,1.0662866443406498,0.12054049492879262,-1.7257099403018221,0.10858704398116795,-0.8142092983884092,-0.10264815224510575,-2.0848908277047045,-2.390664149695741,1.8019854729274356,2.6639745454768953,0.5165453067253868,-1.137997805473429,-1.8170201091968181,0.8832943239441433,0.6572973192449015,-0.7893498796411913,0.05786240848612169,-0.44824534228636914,-1.592185696549704,-0.8174576306534568,0.07854111289847102,1.0708791742719022,-1.8403360803246314,-0.6572681005122805,-0.7781293626602486,0.3930086583077969,-0.29773190821860845,0.462061573902076,0.6334338540405061,-0.5308147138195458,-0.6219193889646548,0.9078469822086508,-1.1545757006953081,-2.396005415522672,-1.2961247370721283,-1.290547629297734,-0.8328155492956718,-1.2040983454589902,-1.4067476744230445,0.6152612580110722,-1.0475696957567544,0.33180106248001057,1.1343155599951675,-0.2966343162652568,0.5259309109196295,2.508769073565317,-1.6016993352593452,-0.9285756849894452,-0.4174849634397411,0.06016414234544371,0.056177223688269745,-0.6262001320727236,-0.19626428197750379,1.2419873733024989,-0.1546114189553732,1.3453323577526695,-1.1269095792362325,0.4076706863745698,1.9477544551170998,0.6137186891486267,0.1616266316480386,0.5003363543520504,1.581121928297435,0
-2.0787877218876814,-1.019386466008054,-0.10926338397128911,0.35788080535082645,0.08255764632780022,0.6106004746929111,2.4748669705534403,0.8300054867186688,1.4039729232720934,1.387229994096127,-0.9332716292988104,0.6883021866905247,0.899801064911276,-0.21303846894469866,-0.7956674145803694,-0.7873229531221158,-0.293964447447625,0.07379294481466547,0.07496778530083249,0.2587879172893921,1.5971036291704415,0.13406596413329214,-0.4068705523743596,-0.9428357534597454,-1.677627599278874,-0.3381185276383133,-1.1366242716029005,0.8637571504818827,0.28792486529681927,0.5193304219587886,-0.7151285784826859,-0.7520074790917265,0.3078304264892462,-1.6092115038384223,0.42389119117773905,1.0776433958177243,0.22672471682495476,-0.024818566745954635,0.25279777147259685,0.43247227688602435,1.3255249970085754,0.03235284387126269,0.6517170277457912,-0.8025488891032418,-0.14953828269137687,0.9162563556416665,0.1054037246891934,-0.3775331528167375,0.28371092247936897,-0.7861505895490252,0.3798330805689069,-0.5528467591074703,-0.6227539530956244,-0.05966612328433953,-0.2102111140786073,1.5833266321196966,-0.7961520536055181,0.099892395731112,0.3250334327141668,0.6078409816160231,-0.11533478581513495,1.13864972354098,0.30398287104691674,0.9560987919977572,0.5283011870192074,2.286594484792198,0.47371761478099494,-0.6218636067689739,-0.27088390789641836,1.2035727402730236,-0.42628605037341893,1
-1.2422196392106617,1.8082271569720345,-0.23132887361119256,1.0581032562004116,2.4435749292527804,0.0807774381524383,0.5042068376657675,-0.38302209605527704,-0.2000700583181933,1.2960504866988547,-0.838467986698795,0.14970610033359716,0.6583065751791048,-0.15172578961079888,-0.44951617068287897,-2.6079634882611558,1.0849445979754069,-0.6383251739466662,0.006721263098767691,1.591795059581648,0.9762836168280689,-1.4613140198232206,0.3270256055389956,-0.03558909968975199,-0.5986429075965739,-0.3607586736430772,-0.13505147087672947,-0.530933120074414,0.7302443769470923,-0.8623926757746997,0.696187555851327,0.8679056561344978,-0.6087362075552744,-1.6310626945815585,0.4567178512371354,1.2080848058683304,-0.9923007401462595,-1.3429610377131,0.19690020098472294,-0.4329781738240773,-0.775829474912526,-0.4171803411932242,1.3198905722691505,0.4075794304742196,-0.26813843682525207,1.7200374139808035,0.7126161541144982,1.2647092007899934,-0.336481743074501,1.2736428593818656,-0.2633486353580211,0.6673301517569598,0.3816364095865757,-0.13946018311127556,1.6820022296465373,0.35332283749401383,-0.7543905142245543,-0.7179488137302369,1.2069881700562102,-0.2780024205281298,2.3008960956625666,-0.3709506743709113,-2.138036934707452,-1.5128293734357408,1.165014102017082,0.3991725745552754,-0.8114202286913487,0.9243659698994203,1.038260056515108,-2.4525692088842392,-1.370065443664522,0
-0.9972043932354229,0.6487851998690503,0.6072095913800118,-1.522714384253991,-0.40817019411896016,-1.9188778336710364,0.07285649746843575,0.41418660010204766,-1.1404700637898928,-1.750544022215264,-0.7353187987695322,-0.6324260069180694,-0.440992067941927,-1.0414397929120052,0.499119206815741,1.1663599514575542,-1.4089407505639377,0.6420871976399734,2.1427706214759925,1.290299837395967,0.16856703882941518,-0.8042713918251406,-0.6617437252146743,1.177432960568572,-0.18498970774618206,-0.04817362682654646,-0.1488303395320166,-0.2730773976592183,-0.03861422465126259,-1.0131605729914952,0.36065251361459644,-1.953500414890407,0.7691259302071671,-0.31069175597060317,0.6882230604753166,-0.11577201549096847,-0.877966729534859,0.6139343850781721,-0.4749644995818091,1.212817224334144,-0.7593625226034378,1.3446228468856567,-0.4163243103579368,-0.7556686192182656,0.2560659576546584,-0.423418256999049,0.2931531016110403,1.0355150834777969,-0.5807683986793534,0.7872155390456713,0.311994946006888,0.7010829396996587,0.5269229586865921,0.1447143178427565,0.08215890080667762,-0.09329713195004409,1.1053116523857687,0.14707935456250862,0.2778602138972789,0.9696350628916871,1.2324087567414475,0.22263562269427173,1.5594884654282526,1.4186981173517987,0.6761576429903557,0.5891300181723383,-0.6091252893010302,-1.3895067362291769,-1.0259049403896017,-3.1305471536622123,-1.1257958956847443,1
0.5174082546226921,0.5307458678364999,0.5914857236587021,0.3000840065032604,0.39925114742486506,-0.3090894938299352,2.7618157463389013,0.5253696906793298,-0.499419890396438,0.7670541390197243,0.9101717263031635,0.3815128949954134,1.0934499969454832,-0.09523473771717096,0.01220511972048115,0.06136624690527205,-1.2519097045822936,-0.5712892444528603,-0.10305027278969045,0.31338471672904616,0.7574224916384272,0.7714220190237104,-0.6946703076225228,0.5746410631430873,1.2055643487082135,-1.9103252288009003,0.9593849488786476,0.8492828173843416,-1.5303362289408977,-1.5046735527578055,-1.1468678846174025,-0.3595556463358232,-1.2046953209869162,-0.05824341001642143,0.23266191761044602,1.928212094207599,-0.801633060481313,-2.3459238736123416,0.713288998086301,0.4083756367247508,-0.39597091354814284,0.3532338789503692,1.9472188090214364,-0.4451064799343972,0.7562307398079194,-0.05369779201096772,1.2745575227442205,0.7820034906757891,1.3284163834453744,1.7888058738934172,-1.2963486774466744,1.1637456866716749,-0.11799963868916281,0.9669088885998136,-0.019057670746428185,-1.6529535187787767,0.8094546811687767,1.1442033556430358,-0.7046214580751479,-0.40531818641905026,-1.28593262620369,-0.6376800900665928,-2.008423017852865,-1.0688555993134896,0.6123025726960557,-1.1326082441482115,0.9409692074716757,0.584266656105392,0.7042744495359788,-0.9920889609989516,0.05942406359468211,1
0.5416452652054855,0.2921985725689869,0.336012883755541,-1.3073381713979537,-0.6095674866663371,-0.7389717633106156,-0.12248967652860515,0.6578543181032686,-1.161694208929447,0.2168257855721045,-0.0905278871972769,0.6122937439703489,0.7856007846168801,0.8445010117372503,0.6230942084301078,1.198464620330114,0.477815979956956,0.14796418973042058,-0.29161506638609097,-2.2054622184913026,1.1932023332955128,1.0669841752927123,-1.1429698526197156,0.9827290094541211,0.31417681336710845,-1.9978545905355525,1.1322401354924199,-0.4655286951615803,-0.6170318628754646,0.5280596236753445,-1.0585698133573331,-0.8787811280993938,-0.6707294656429876,-0.4158206898568887,-2.242351956924479,-1.5580054494351112,-1.708416289721026,1.779294278497513,-0.3134154943051838,-0.43311356497762993,-0.6972830937378899,0.7148572658659598,-1.5006570663674839,0.2744629065570925,1.7605525876709631,-0.8018529172259049,-0.020139640084338623,0.13060463206770714,0.6692674563250463,-0.8393535830515999,-0.37302284762851134,1.0719445316284744,-0.8571310062250327,-0.45620283193066796,-0.016660825376927566,-0.6572580919774862,-1.062546871095006,0.9535272861271401,-0.2080939640430366,-0.8949152874893809,0.7350205578747222,-0.5512696621366057,1.1287358581127978,-0.10896499194310266,-0.17399077843135963,-0.45059522076016145,-0.09958203714862146,1.2363610722405487,0.26504187155338704,-0.34600496465978775,0.5207531930587991,1
-1.3593381280732444,0.06861371193873195,-0.6931645051573959,-0.11485676104670313,-0.7761011964521647,0.8911526106423464,0.18415982831020467,-0.5881056230115859,0.8944881949243367,-1.2346993379327154,1.3066135144341167,-1.6263785529630885,-0.12071550649567606,0.14856256558925168,0.15924655472606983,0.10728473698329082,1.8194972598346166,1.460517955571462,0.23270799105102086,1.535915445659028,1.2634536083197279,-0.6719896400464994,-0.7288297441836407,-0.05075947026577128,-0.3137111062989079,-0.9439453505444574,2.0052523792664716,1.240869881044379,1.2398352906160846,-1.345952581980578,0.038564715651084096,0.6347689592014261,-0.31963874411140014,1.242427724679782,-0.4471888281378049,-1.185480029582162,-0.37571833839095753,0.9799477833643688,0.020039933833862923,0.17767247430837232,-1.5765987459698443,1.0934628409724183,0.8683315357786994,0.27878305105012746,-0.7137561711124364,-1.6481772714642162,0.5321996615230742,0.6935772393018873,-2.2672835101740243,0.38293612329296317,-1.3061329179570964,-0.6868634679055391,0.4593370255799691,0.09592591544013399,-0.09346154223032606,0.4532056258073156,1.291112219954401,0.6282948639189572,-0.11999784255180734,0.7334099842606381,-1.899639870904392,-1.9321964776338278,0.04006986626810917,-0.3467357325532563,-0.29193298960438446,0.25134000036615445,1.604520120229774,0.19481632082140454,-0.6424583075366849,0.06469081385566058,1.2111094956027542,0
-0.6969441963819106,0.0193075210074588,0.1435989138921419,1.7026995395114213,-0.25908846572793254,1.2614622510674447,1.5969429055266278,-0.37853391664601554,-0.30909304205893456,-2.0663149165924657,1.3237402574219514,-1.3672429913469613,0.4598934379434455,-1.1567192436501978,-1.4592267135815329,1.7941402224314873,0.02530265712624223,-1.636055039442078,0.1311960358206869,1.7736162061594138,-0.5073507108894062,0.2903237291289902,1.388618898781758,-0.6010035000086713,-1.949929758791161,0.17885474477245458,-0.2279901525622015,-2.205229649812883,0.27562227367318215,-2.2236268352949367,-0.9832559049260801,-1.3480311685613813,-1.0803586072795275,0.296633858726617,0.5664466625395916,0.9562955711995087,1.9649703617347043,-0.2458413634788686,-0.027394388417646173,-0.5864111071898078,0.6997685132532104,-0.2052303033182451,-0.30287927466467884,-0.786096716856943,-1.5402517086901903,0.019045797342288475,0.7929870245298152,1.08397342124798,-0.2845995602776284,-0.6583564481955658,-0.17052681113458584,-1.030678268749522,0.2097285619874618,0.19089151939319965,-0.7180962981876877,-2.0331791517620275,1.1412911221595452,-0.669658862200303,0.8886187528660737,-0.18069434111407695,-1.0768275938695147,0.1289699709242751,-0.3451805742763479,-0.0002995726241912595,-0.3748311604952528,-0.9789411215452392,-0.6166950750272071,2.2352210394946486,-1.4490041694345883,0.16968145532676926,-1.0877442663226884,0
-0.5355965608992377,1.2312751110230578,-1.6566182377775431,0.7986360341322359,0.40685988700128717,0.6122852361436656,1.771609333451756,-2.2923158808608717,0.613901445841723,-0.11940616177799462,1.3505867046766225,0.4461392551508792,-0.6252248363484165,0.08282929867141434,-0.3373271500178427,0.1443671118579402,0.910495076473106,0.7987652243388179,0.8036614561307314,0.48213161727862525,0.274016267250817,1.361011378104957,-1.6393645852593137,-0.05088120262673072,0.48212293119403954,-1.991802867137848,-1.6376034316265966,0.709091202005281,-1.3536969114684887,-0.4845864117713445,-0.41446467516276636,-0.4358158807787836,0.003101507670375699,0.371486491743815,0.042262502617782874,0.2707698465617162,1.275067145149464,0.8418146241739838,0.2795972160086376,0.8997349695014936,1.98910395968829,0.8972656030570944,-1.2997447347586124,1.2706254514990443,0.3208558591086972,0.07515364459242013,-0.33257223614303544,1.3796053297396307,0.25719474979921636,-1.0146935918996693,-2.6179354429366106,-1.0693870454558498,-1.9703694434299006,0.6429696506275672,1.2033402697148563,1.0090307423600229,-0.9320135415988614,-0.8195574334133364,0.21826561146630893,-0.7455932039787404,-0.32082267358305383,1.0241918621543988,0.36496879273187255,-1.1082105396141821,-0.6545642765197329,0.0908835088380732,0.023792212960458525,0.5361035289030176,0.2797794135961097,-0.07251885872166851,0.3831878780182711,1
-0.4223123695943653,1.0965153824244822,0.4068025400558361,0.6469816334527861,-0.7549435775965189,0.5509330947695904,0.21369158797158141,-0.9075160342183899,-1.0033766306773757,0.9908431237548951,0.22140100028318782,1.8300524630578248,0.22196154061557122,0.024870872962850985,-1.0354197954027984,0.16994595979954819,-1.7147046426988228,-0.03434099587248668,-1.1185321669449029,-0.8569915395529085,0.5577371583965388,-1.034268909304084,-1.141550569497807,-1.4176577046791665,-0.7198197456785901,-2.004185165889382,-1.3549133068124168,0.4803547049303946,-1.2964989680104664,0.8707824502602747,-1.5128394394459268,-0.5742652590865548,-0.687458698913086,0.7401329072463605,0.7229539716114163,0.8844777211502128,1.3512092169076213,0.5659049882502286,0.16439357460251244,0.35969937015040326,0.6257950261056143,-0.3777753862945402,-0.8643424023943855,-0.09023539744437171,0.47251176017248087,1.119414054673271,-1.6586716683525073,-0.5803035167199403,0.08708223356626842,-0.1876182333979477,-1.6074642791516784,0.5124423184601036,0.33006401513171013,-1.0607370940534324,0.8792639230315783,1.412818808140812,-2.2806779895975593,1.2818475758474297,0.7799771158833246,-2.2980631381921426,0.22561308140673694,1.544382089840443,-1.6919972776287011,-0.2795532916305796,-0.2324910975809953,0.24871294361075838,-0.4310319777397585,-0.7217859282101032,2.184339974368382,-1.470254606398863,-1.5409352192361503,1
0.2573536449976417,0.061450896695288394,0.29380567681810543,-0.9255596530983071,0.720787404856832,-0.16113012353502246,0.24045994728310813,-1.8255965339831126,-0.21993782580686047,-0.5191432306176289,0.4077410345060355,-0.06857545985346909,0.8549339450783457,-0.9418196467917354,-0.02599842967149915,-0.333788124486293,-0.8921624034934946,-1.7436793798102368,1.0834467762864233,0.16504976355514733,0.4112770086198173,1.063116110178445,-0.28126792833498426,0.19349285902831015,-0.9579996939641746,-1.2895864662323941,-2.3655381995117253,0.8650817664387253,-0.28483862173411023,-0.2778611544290861,-1.8586815459380803,-0.586614912218215,-0.20751828120958637,-1.3295051561379247,0.7104600999327495,1.3413621651417216,0.2398774486172446,-0.9770115152477951,0.38023802153475045,0.9304580243881574,-0.7306142734185256,0.0634344838298763,0.4756798479473758,1.321512587287333,0.9377481207366987,-0.3222377259394956,-0.5448260013965363,0.30309670199058236,0.21758811887686444,0.8416685843006851,-0.9289220614666113,-0.31084070089029214,0.1308503758387987,0.09216067603624674,-0.9677904719540176,-0.855258844680387,-0.12083435935190691,-0.2904889863408627,-0.08121855006585914,0.46289639327980764,0.4174325411434952,-0.07519769809477739,-1.1109367694437646,-1.9301784861032063,-0.42704819887912887,-1.0561817858977245,0.5287816797731244,1.7736936372109293,-0.9640041816618415,0.9016058492976149,-1.5381427296732253,1
-1.6766912738859399,1.3823954359266504,-1.1119473198526038,-0.1430957439774808,-0.48417306788656,-0.2601003962605573,-1.6354434608580721,2.0002795368914064,0.8114693669609565,0.91567765835801,-0.390565190003057,0.9451379050449762,0.4363782021065594,-0.6559128619017837,0.06560992113611358,0.06778156994231176,0.9169872498552211,0.19719413475148623,-0.2726560255209639,1.0011727651798847,-0.39938251889848864,0.9339241689890412,0.19950602869464037,-0.21080679797272553,2.2219303080559016,-1.1028110493997796,-0.3890125583659223,2.0115688276469257,1.1657660561618837,1.1507062215353814,2.070080887640669,0.3930943279791627,0.53308533940905,0.08204712744263352,0.5641230443985803,0.2120629198386745,-0.7715640354733474,-3.126371685501195,-0.9239159077183632,-0.988049588217968,0.07804709604234064,0.8019508686851655,-1.0039495525998872,-1.0060766025417842,1.4684247881840549,1.6528184891054392,-0.15184234440884495,1.2474883232178533,-1.6889855559075564,-0.42144129231145544,0.8674075183650406,-1.223396080356255,1.2831848757933733,-2.1569153015547626,-1.904873921304793,1.51261752133853,-0.9906143683803692,-0.18313089150267087,0.20277394710005092,0.45670684489859315,-0.6576321240139745,-0.1755401844219093,0.6531202906253111,0.524443230432236,1.3912742569604541,-0.5813754645132239,-1.94043348530275,-0.4524033095800606,-0.9081871072822267,0.03826869323573072,0.9430857535772492,0
0.26605105355899894,0.008432351087499589,1.6942050926117973,-0.09398026545723787,1.1583445301956066,0.07899336457078633,-1.19338988294629,0.36270391566604676,-0.9612893109927956,-0.5295956101464765,-0.5835259088254003,-0.9342181695772505,-0.7022946414709276,-1.3329218598957422,1.1007042038169415,0.32138166072900415,0.6884975401868267,-0.6404975108939074,-0.008223522545704279,1.3107994075451777,1.8944383563262084,-0.4348799889496229,-0.08530655451738302,0.041918493956475254,-0.42149384734254014,0.46109909564158996,0.9402893916318362,1.060025869045448,2.167427613169509,-0.39802183913335665,-0.04024509587265652,0.28862699190201274,0.0283479356935505,-0.49438414335492625,-0.8584234620571934,-0.5120494733023511,1.3102846896057598,-2.031629301648574,0.1384452534246394,1.0949687028341202,-0.7271017809849634,0.9159844464037847,0.4117611666942742,-0.637028359368661,-1.2205401990249642,0.41877283459218423,1.4517573600309637,0.3307736360030418,2.09363418754095,0.7952738085948694,0.24356477309258123,-0.9599795873991575,0.5521548363879681,1.1393042927415584,-0.6939177279940257,0.0010186455311866913,1.1087202836661272,0.21315914583931453,1.35299382823828,2.4315385733470807,1.0302382471517468,-0.27285849857125577,0.028273651433725545,-0.8529505323561505,-0.3826016063514966,1.4175716483449214,2.3433603209875353,-0.6749906886222026,0.8951456410660522,0.06311028049406635,1.1078546707153838,0
-0.7296445817127143,0.26279143947603817,-0.08687990421421744,0.9799743304997246,0.5955131467149369,-0.36039340613882165,-0.2868293281956029,-0.4241375528246397,0.303138837905181,1.1570346295206946,-1.1388430527147801,-0.06138632237533821,-0.28914698249353316,0.6078010059627954,-0.688154411586168,-0.1697071905131157,0.46931470114931156,-0.37700039240651206,-1.597679201108259,0.7684842652719471,-0.34594360191056733,1.1683692512575876,0.8595458313189981,-1.15537521847905,-1.3350349372269825,0.3234416673098987,-1.1629497526848358,0.5636288081418221,0.8055859442373233,-0.020148371116086188,0.2898431795034544,0.8897267826667683,0.8347213519319153,1.1747148227864785,0.9244537513019027,-0.1357165468407165,0.18567375636398004,0.7722510673977342,0.9650849276087898,-0.5286816010089034,0.07969273843921396,-0.956322738349034,0.7006447928331107,-0.09238331080930558,-0.17005604274320374,0.17749212428017888,-0.9290510583179985,-0.4977811362728405,0.2795375852344298,-0.8123401552794771,1.2908567685279912,-0.20106089065974242,0.7556860479004385,-0.46995558257485515,1.6328432484881652,1.0657941583515325,-1.2711649373701337,-0.09714608818691105,0.40935575180786926,-0.5061102325780674,0.13501431025159252,-0.8711846877569277,0.761800287714983,-0.46066500359201723,0.15774831838794584,-0.33931851168196475,0.08174686831183765,1.0493220481933194,-0.029798372709212803,1.0310428696180423,0.5154720227890317,0
0.06851752103073844,0.8030767461073428,0.5058403272436638,-0.8031779039913389,1.0731617134182343,0.20616175093366015,-1.099880483263995,1.6721080051868589,-1.0905616538602179,0.2002803828964507,0.06883631842494801,-0.22458475486172924,0.2950702464878003,2.539901992963049,0.1983690628981288,-0.8664297398169928,0.8866002931919889,-0.8305929064267237,-0.05450377817828717,0.8761827096492032,-0.07763424832212652,-0.8236139311477527,0.05633297105004824,0.2821917243522765,1.1645575540909618,0.4713331429637669,0.8445868443331094,0.08369064218575241,-0.22398018033039668,0.5506629052308615,1.215881339716673,-0.09136427979670368,0.009398954131591763,-1.84761834020314,0.37037460227492086,-0.5577667699569069,-1.3115836195788488,0.8989276200355075,1.1003460659314654,0.5663136194039066,-0.8954249634507643,-0.03207458633387942,-0.2282068855960564,-0.2759666800490968,1.4658296141215388,-0.22503301959863797,-0.24480843838962157,1.0554698794016808,-3.1448895033628137,0.523500016214793,-1.3670599760476567,0.7889843355608772,-1.6123709009371654,0.5123542835558252,1.0031540639125782,1.9455444095480725,-1.5335856685417082,-0.7543472897305421,0.2396651407688281,-0.8894426201707148,-2.093838717262608,0.8155264155772578,0.6632853926367317,-0.7004257639967911,0.8526765439292011,1.1097985569123985,-0.26935219157030654,-0.5854604580993094,-0.70233445778836,1.6723689771744352,0.3580908363631951,0
1.8111939800197139,-1.3241654680036319,0.06522107598914094,-0.03535716198387243,-0.30662277610749383,-0.13590113837948403,-0.3745858437674617,-0.8275409197783319,0.7245498103739064,-1.6434002067247013,-0.016857443725587694,0.2067306516392443,1.016323481320548,1.2523921535690439,-1.1565457001983137,0.5967825046929545,-0.44434562521880744,0.9011602730638549,1.6206632155282599,0.0369938284848141,-1.6358264403745901,-0.19583688667648366,-0.6055332543279303,-0.8960935001161391,1.71859118394895,1.4432724988763292,2.0061330805158737,-2.2102047286371995,-0.022435809742062274,1.6594978953645447,0.328941363884582,1.6455988208436756,0.7821897746031133,-0.4559421223951096,0.5983865831569674,-0.12226662044983748,-0.11873699124089311,-0.681250261612578,-0.7079110907499363,-0.6333612096788183,0.4865152222984715,1.1239470127811153,-0.8787323600696256,-1.9270336331006788,1.2222628600864667,1.5123196834494452,0.14947338597938195,-0.8857463072418235,0.13046663842853107,0.5640528883832793,-0.25472132052892077,0.1362245043990846,0.5264545051389351,0.7992561998401212,0.432646517877968,-0.33922431436712464,0.5639393237844449,-1.4356948131862546,0.7947570655500883,-1.259679289534352,1.2401738652740002,-0.2335729400049471,-0.040276299159133416,1.180372665045479,-1.0637901787170492,0.842806418730119,-0.23356504184752683,0.29557553359339966,0.46606832617199545,1.580535044645142,-0.9565023651069717,1
-2.2199554090683513,-2.587063317618807,-1.0421311872342431,1.3372447047037386,-1.058601690803714,-0.1481135842013664,1.060294855219756,0.11451572411792764,1.0257650521968946,0.04811194704261039,-0.22778561854928914,-1.1761312496727625,1.294102983056153,0.10904269631983486,-0.8599236268370077,0.009918312823936399,-0.2752842653640041,-0.021255235294236743,-1.3550913050736197,-0.7463556653745858,1.72584261087785,-0.8735491801800475,-0.2328496779838661,0.6709320318929741,-1.0725224187631566,-2.2827840227024714,2.082706464001906,-1.2142012386167726,-0.24391729974494175,-0.6165924284701229,2.064969277458368,-1.031076606618996,0.8204110786206972,-1.2334738363183257,-0.6279972838071117,-0.4712168225081634,-0.049998159134935806,0.6703659790606443,-0.06113209748362378,-0.6215690599291238,-0.8138359146626241,-0.10594780778749809,0.9980544118046722,0.9715435986775883,-0.08563157046426623,-0.37989977797124164,0.6430545660467674,0.09785502288870102,-0.08510700142391718,-0.4813288475847171,1.100054043733919,-0.7009014778150047,-0.6297252581155882,-1.1086350900827011,-0.7647384183796572,1.1458281249344626,-0.5200189331275982,1.3996767182264147,-1.7188560495663718,-0.6305840798133691,0.39179524844733254,0.5046837363212189,1.446755649998282,1.395634303567849,0.38913948997185605,0.25997532869636847,-1.6207618502999266,0.3861769266400486,-0.5702835320227153,0.26093710173013607,0.14656486441515115,1
1.8442724709673108,-0.31763355848770136,1.6900071333114608,-0.0420087132517024,0.46925136543185025,1.3567149888214813,0.15200131795896904,-1.082497377218522,-0.4296463579810729,1.367122202268846,-0.9198969852339101,-1.58731097653218,-0.3782703555425399,-0.9275737703045187,0.943019058582415,0.6472342983586323,-1.0567516541195723,0.0772510916187246,-0.9338134176839791,-1.534684009500069,0.3033602731029513,0.14041732643701862,-0.07543920125205553,1.3951863271344418,0.8563037795557633,-1.0212587545228915,-0.7203363384501195,-0.321182593728437,-0.5392778786883351,0.34170504322819706,0.8623994344235272,1.530309109182531,-0.053168138791271885,1.2360316119998094,0.011607263313487482,0.058334961987272636,0.14981241355867075,0.2344146700045223,0.3140448020088215,0.0741772341830243,1.6259369242228432,0.21269169232452087,0.07912261573584892,1.3311817532737829,0.5982423487523364,1.5625160633875468,0.4365773529688499,-1.4361617433721423,0.11111097601030673,1.1448331003370666,1.9908645173859747,0.29362482196474243,-2.1380423141643683,1.6055090933756373,1.3517793065040762,-0.3564991104366621,0.08057704985678142,0.152608625852208,0.4823283938094221,-0.5979680829615562,1.603008363565885,-0.5264327918500876,1.6972582075728948,0.4527772880712724,1.260313771601825,-0.8626454475393521,-0.898679183161987,0.30051538252655385,-0.5593598784606859,0.25862162113930165,0.21264843423471325,1
0.8584014397900487,1.0226795648623623,0.9248216895204455,0.44123575297443574,-1.868883435773119,1.3805667893387208,0.07649168435098799,0.04179866449526354,-0.7203630114606103,1.1446643497255997,0.6206911878627518,-0.7083963686915096,1.003535407302981,-0.19175908707005732,0.49906884495519094,1.8490900398959669,-0.7477811621265156,1.022255780952253,-1.3947655529011176,0.11026527779523465,1.1422158963295241,1.0728812564421906,-2.5742590077323144,0.8169038438393769,-0.531265528263107,-1.0501109816129388,1.7422198505180282,-0.2804214008240824,-0.4730615594403277,1.469414686642278,-1.1010443694845096,-0.06205181477445876,0.525452575540502,0.34520765801228526,0.44392375522809774,-1.5079239052570395,0.5382268361328881,-0.34167227395471356,0.5161460131046508,1.2761966189716685,1.0316523160433764,0.5739322203183598,0.06283184139934889,-1.6525901964215326,-0.19853646986673176,-0.25505524784749417,-1.195219125765766,0.6957816006276213,-0.23167865151893616,-0.6694799083173699,0.15297425015851487,0.8179272048146466,0.06182277833974666,0.23932444849211834,-1.2125849460013483,0.01065134116626481,-0.3897450526416593,2.4668460764129465,-1.3554869716113382,0.06651896966429521,-0.2971366733370825,-1.2654783206621574,0.6911337521088629,0.2730583023409819,0.638167834846618,-0.5883151188823919,0.45433124666718844,0.1973426356318701,0.29169569204874163,-1.5913122930039216,-0.012889173778662192,1
0.17055087707774036,0.7814486970032662,0.033190494708841445,1.1677255960239243,0.8473247082535671,1.110803931357523,1.1826549539837101,-1.1005413925484564,1.148775006903935,0.668356339806023,-2.0986157075666894,0.28677604239483223,0.2546249020682365,-0.7877631604754104,-0.31705496904542707,-1.9829072919764146,0.3887903323091151,-2.3699430867358697,-0.14997424647998653,0.168939777075749,0.9203512577413873,-0.45834858758951624,-0.528936437845013,0.3885454403165067,-1.7830036211067393,0.9377014221443549,0.1619023898182423,-0.6648294232583806,1.242454553075122,-0.8670522027247012,-0.6770806468562222,-0.11025243769530482,-0.09372704673210702,-0.5245772616260366,-0.2404759643996912,-0.47998005652318526,-1.0612809940883412,0.10189638586332078,0.7434265292273893,0.7488355329490423,1.9206238677802785,0.3387202697259918,0.10793025164240451,-0.35855310206408647,-0.9634845637848475,0.06098605706933271,1.0025567589474955,-0.06870079272666184,-0.16937212369571678,0.005504511641076941,-1.2651285018880802,0.43010123283007473,-0.7085737703753673,-0.023536706496227598,-0.2814098271137198,-0.7265692013838112,0.5399197898544622,-2.525060022626361,0.2957241211787387,-0.4397698930381199,0.3882884601012169,0.9593422402170696,0.6433474840002936,-0.459562335073147,0.509680025389432,-0.22077439764448648,0.7419689618339267,1.2779714975518104,-1.581316302376865,1.1825923084736596,1.2135124656119982,0
1.20870339505795,0.24558515296938113,0.0667523650905295,-0.7404210650379407,-0.1199188058118898,-3.1969960900737,-1.365714702186234,6.079821655809455e-05,-0.12874972530743703,-2.4043332757512528,-0.1503076616053994,2.220188685373184,-1.052360807201912,0.5708578347686998,-0.008064009393651381,1.102737079018362,1.8156466453875615,-0.22331566378163842,2.5357305112337056,0.9958385371505654,-1.2563409757952488,1.273486845942424,0.8522835401995235,-2.1481933983694224,-0.6970961908888581,0.5699638369197482,0.9188150681126668,-0.8339200765738951,0.4198685954753392,0.11879654077608567,-0.2687411909582782,0.30862853993854317,0.7438757349004107,0.22940793759457498,-0.1230721140228677,1.1007437695297764,0.5113179509485006,-0.17531233646676542,1.1846264681880356,0.5509601400448529,1.5633422728492798,1.9619909260056398,0.022919372118689052,0.2537909809531912,-0.6343235817012364,-0.5837144657037412,0.6335765754624221,-0.7509652594684063,-0.14382430915523728,0.4787695447699247,0.7041247315753979,-0.7478749566408887,0.6131100738274863,-1.2196879057095755,0.6116914264778697,-0.1955610873322005,-1.0127536177495085,-1.6802083917947608,-0.624199048412476,-1.1811850919693259,-0.6814092516370394,0.2920074849092806,1.5252444542795138,0.06899022126216894,-1.40931835819067,1.1776323109950053,0.9095857582822717,-0.1644088523125946,1.4582627705104976,0.4081914408397995,0.3209548163200431,1
1.244485591027917,-1.5868954490735214,0.04385778372780576,-1.5272972464870838,0.17690368297643197,-1.5126314864087085,-1.5523272329090367,-0.08201171179791077,-0.3285981594647128,0.20089302497859465,-0.7447754180329138,-1.3459924091890787,0.6330635784629046,1.5343507610876113,-0.6516048274022623,-0.6409827673172174,1.347372194575843,-0.6387997197065998,-1.419993396265228,0.23244588578744718,0.676904296587864,-0.2694484942235958,-0.6165254071195475,1.506253385771818,0.7558429626208532,1.3540975860299664,-0.5154276522429853,-1.2869740960359572,0.23715559274074197,1.9669168026021941,1.0228005094360957,-1.284246989202485,-0.9783615708214127,-2.119625334049972,-0.995455330801195,-0.32422557858018314,-0.3486419150880495,-0.8236707485175794,0.4758994105595694,1.1074837562593187,-0.6682585429427044,-0.42669693742254,-0.23523021723263046,0.1773343216691346,0.400781166235206,-1.5207195647833909,-0.8713428915139421,-0.14189767868614353,-0.027710172866647315,0.6616589761008547,0.8526833505155681,0.6568516015897073,-0.9969465059532179,-0.7302427133274677,-0.3352525085721475,0.2862305247323088,-1.442005197243178,-0.8356033816617889,0.45687062856042215,0.5823339999939688,-1.1309785893628548,-0.17179386079627512,1.4422891595989966,0.40667175845014797,0.7687132181508383,-0.5096882773163512,-0.8789377160483672,-0.28893646298847536,-0.6117108626928733,1.7963559052221139,1.2407963861624751,0
0.19971068745917658,0.1396508149484991,0.7387945314334575,-1.2233213650320636,0.3052270343786333,-1.1514477620602777,1.1447971042814313,2.189314616412926,-1.4398475785458809,0.32105847389218345,0.18371878252805446,-1.515862640176451,-0.4701661898467481,0.6244007201813436,-0.8520418100950528,-2.5244794896414886,0.48934118812412786,-0.39039941652890153,-0.07465987883503149,0.34259025521458,-0.11019026873627326,1.2101549881676996,0.3444050468620699,-0.8284057796300661,-0.14534368712465195,0.9291680722373523,1.0129241620258271,-1.8320775124357944,0.6262059341857804,0.7887436009721666,0.6482691475448971,-1.2251348204178818,1.317835860414769,0.08267783645629663,1.1990950821427315,-1.415127380991063,-0.8127711125874318,-1.0222911529656318,0.6325755914129101,0.2371943018286117,-1.9605749128731296,-1.7505430752803768,-0.4017881988157853,-0.4059060784000869,0.7682464042010877,0.3785587542673371,-0.13413865633730673,-1.6728360376567901,0.7486733448799697,-0.10643829950766517,-0.9326471714338312,0.2384859094828195,-0.15260564099830912,0.22595252344061245,0.9376656229254566,-1.2804446707898454,-0.6134217226169136,-1.3483727883909316,-0.7319886785540466,-0.7426051128866276,0.43863953458407684,-0.9841505036805138,0.007947271706961231,1.3812219117056923,-0.30847445259905554,-0.04786103633583614,-0.7538756729498701,1.195366735830056,0.6384902083488786,0.4456529104510104,0.5672941559178615,0
-1.249535843949256,0.7728053808241284,1.1396813534735835,-0.2883096490067963,0.26865281104943534,0.5831095156551208,-0.3930506710593731,1.0596591211895836,0.6708401867918593,1.018005676954972,0.8442073435105379,-0.6005006039365592,-0.25282557875995454,-0.2750514891311172,0.1866678298983304,-0.26466238725083985,-0.20608327867785556,-0.19444506304362882,1.0460002197670404,-0.18075833914934064,1.3174239973418023,-0.04908113335029982,-0.5146413890622263,-1.0583509253961143,0.30386938820876147,-0.8594690358008537,1.4894522173090476,0.8906168631161768,-0.3992079511979718,0.6441847477441072,0.8009175449282225,0.5190142363487988,-0.7284253346813775,1.3075722721586642,0.571001018032907,1.3064331144575418,-0.15982376671346155,0.11936681725657901,0.2627660228746457,-0.6852302449725559,-0.6186266664499495,-0.36911063815529815,1.647681564584657,0.9820849534661137,-0.8071174627909672,0.311278270802664,0.3797315719991254,0.18680776626193107,0.40337484421319597,1.6928181326016665,0.12698145548091913,0.463229147777376,-0.18379693499183558,0.29667621911728465,-0.9804671713740247,1.2723693858375649,0.38019478759893904,0.22672330219735784,0.48733354442075183,1.8810859240789983,-0.803335653855897,0.14160785088266167,-0.20701859144739718,1.2101817913909299,-0.3414633656809795,-0.18456972009767628,0.7236557197677709,-0.6537046638756044,1.1344499708789453,-0.013917618042623656,0.5128839528117867,0
-0.6331178518368527,-0.49411689439899964,-2.1589139899098746,1.4592300167202217,0.6596991968210911,-0.5016895254035058,2.9855385572082134,0.6498555595384989,1.829159579703108,0.42844998594161354,0.14206559189428342,1.299151556749835,-0.3370512243057269,0.6837260770910301,0.0322059071778569,1.1998590675290677,1.234910978453769,0.6659282696811193,-1.2843330389268703,0.6494972733290993,0.1565568282151924,2.001234792873781,0.08918112366058095,0.8211718745568336,1.0702286130050696,1.5393722123553364,-1.217233394035254,-1.0587567823993909,-0.0053628080071057346,0.8852183097032419,0.26395758764234406,-1.1642221223523141,-0.3951108488569923,-0.8247346025843095,-0.21544623356797038,-1.130244683152213,0.24352233233729229,0.010829600397145159,-1.4079682526837218,0.4325050584046516,-0.26499601320569893,0.3937300385794913,0.4189123441572551,1.2930388554924743,0.8105467886118538,-0.003562753791936827,0.05933848935994786,0.3769951867252891,1.3430752967027473,-1.2261764146645502,0.7055317497884604,-1.4772295040417804,0.3441636649798623,-1.7171092338511889,1.2349544220490152,0.7564599301643558,-1.185721138283082,0.6982910476812535,0.3977396508714422,-1.006523886682713,0.8529903984374857,0.04813798919781636,-0.10876235205862052,1.0663616463996157,-0.059166105863334345,-0.5571080447944275,0.9007826494785454,-0.4495234147987748,-0.10951565261918188,0.15687755748977342,0.22146100840202654,0
-0.056989777320520504,-1.3456721848242772,-0.6236415339650475,-0.2565203217896702,0.1541705622421521,-0.2384030468471105,-0.778780734269949,-1.5605665925695917,1.5061864266648317,0.12270319894824175,0.7003547375308645,0.29656220200023853,1.0936020648413087,0.5849575740117595,1.044113274433894,0.16771644348742276,-0.22046844798915477,-1.3613028496123019,0.011072774048654468,0.6293543620311722,-1.3013164208568704,0.5068684275291223,-0.24099706317031352,-0.3224886632414816,0.019818473035098393,-0.5730394050384264,-0.7991213712564423,1.6478687110733916,-1.369841860368389,0.19829934727999166,0.7863521861165172,1.4328807320492944,1.9523909218967914,0.08356314989359531,1.3113261308499053,1.3423716040766562,-1.2792993532985906,1.0396270656366342,0.41207973814883314,0.8403662041066293,1.5070485005735557,-0.405857763364907,0.5139270117093222,0.7445933005690721,0.5800330358607676,1.5411703028241224,-0.20948673874213272,-0.4248362505045176,-0.8386150190975559,0.2732844857716974,-0.8842277592497026,0.13393484019110585,0.5899645043483859,0.344704532106419,-0.9783623781121155,0.5441578218311113,1.01050962693772,-1.4690819093397691,-0.45254378949832674,-0.43897781797689595,-0.6494223270866123,1.2530106355268493,0.8346283693459547,1.0536423182444314,-0.9178027583119451,0.16642959808535293,0.34927504767130224,-0.4735702269644046,-1.4486984345112528,0.6316110228452879,-0.7503531475814794,1
-0.33393266586719605,-1.2704884457851349,-0.821995692850748,-1.5368797190735966,1.9373529211827225,1.0103896897246059,0.19894112004311706,-0.012248609781213888,0.5632397733766409,-0.7848298399845581,0.3588786654041091,0.536079365355915,1.0499840735524588,0.8807418935598305,0.020785540512241966,-2.3699273677057473,2.5668453208166992,-0.1814692364235866,1.0262522718824545,1.3947259889554833,0.3153099812258034,-0.2917717598185766,1.3467912330027867,0.09187884792300746,0.6152323358643081,1.228037313936713,0.5084441099817167,-0.7837286086559305,0.8435123951225896,-0.1750748602661033,0.3230773626384042,0.766690564924666,-0.5941489399188951,0.4397649465043632,-0.9360892918798598,1.1152432143722661,-0.4612660862468743,-0.9795280751264738,-1.777122592448566,-0.0753219176069432,-0.16075089698024703,-0.07888567838483589,-1.063563412236015,0.6296252595101753,0.06793039572898588,-1.3923707653414343,0.1244020945990972,0.6062891486642886,1.3789570998800922,2.2639425844772396,-1.3986305173030658,0.8793023726996064,0.5710888590679495,-0.9776268352091185,1.085744446310329,0.777422879342803,0.9586125011696847,-1.9950995548405916,2.5219223991481035,0.2511159507683567,-0.23279850073573527,-1.230124191916232,-2.4883829963564623,-0.5494953792152529,-1.7085771321167897,0.8612696777305904,1.1833846021694472,0.2121412780005812,1.024679717661092,0.39242340144105664,-0.15739749351926666,0
0.5058346960465397,-0.9332999809801431,-1.4080025533342264,1.144473027858043,-0.10053901653930368,0.3171929071209433,1.1182014548250656,-0.49000250627561104,0.08440460615126522,0.25873057508136177,0.7263405583877541,-1.103780259481423,-0.6069405935850039,-0.5709419386793142,0.5217094170763114,0.9527507584518679,0.31837301235603965,-1.6958723860061935,0.9458413580111896,-0.36302210168288146,0.30826123529109967,-1.3380100735163543,-0.3282053563665032,-0.3926301754233246,-0.6335718230514488,-0.6644131053137642,0.08603510714778613,0.5931959603881436,-0.572967672721666,-0.10953053175949243,0.3760992747075204,0.720639847530978,1.6158128083022,-1.6227768359602144,1.4440251188110125,1.0589709004328938,-0.1935100289736867,-0.7382688829163438,0.6906811930528161,-1.5141494917310148,-0.345281460071946,-0.9561057076678239,1.1096005754597793,1.5158583376621293,0.2777783817255896,0.24974138760889456,2.085100334386388,0.4745738623518731,-0.6939602032025382,-0.9466532439924502,1.2115946548148455,-2.203132078899578,-0.45781507292991064,0.6001038015054895,-1.2233086038597614,0.1085744791884979,0.7127716503437669,0.560433940885591,-1.301732480867671,-1.245847270835345,-1.0025626464150752,0.3721617235436662,-1.5570012920949914,-0.1899981821425955,0.523052058019636,-0.7031165687492387,0.21106832108288154,0.46746355554145386,0.04062598250982055,-0.5154884685957045,-0.7180764067403267,1
-0.44374611476821135,0.9164390836614229,1.5519559537120688,-0.08168343472817714,0.7555191773244886,1.493047499872842,3.53000093458936,1.1674889512775297,0.15788442925710824,0.9737832205255474,-1.1598677770315509,-0.980142008996049,0.6130935490447569,0.3453290676817689,-2.8081895516492414,0.46906155114258746,2.5992708083248317,0.454930550359704,0.20909265571391666,0.7921378866830866,-0.09823720597618367,0.4129949508499085,0.38117054819653223,-1.825168348313312,-0.8378216313361717,-0.09747167546853985,1.2706363943736385,-1.2115960515095805,-0.7201297557695558,0.6169931360722987,-0.764170439639911,-0.5657779219480937,-1.3863018852920241,0.05871034913541047,1.2053457574557356,-0.2844728483007299,-0.3275932739472651,-1.1848282289304328,-2.170625552049784,0.3333095302673525,0.48842132918378356,0.987073356195805,0.4064785109172472,1.1022684795186375,0.7050341659999554,0.7081098677851102,1.0770834331781316,1.3217947124757932,-0.3846755314291548,0.9747770402807302,-2.9432937609679644,1.4116483219020686,-0.21281526258615488,-0.8109445231517575,-0.022482207209699328,-0.21027347620268821,0.11699918120450765,-0.18142964314350576,1.8009262138376634,0.060204043350116955,-0.45547906734169985,-0.42005663986525105,-1.1293092985695803,-0.6498420102933011,0.32503812431792,0.2836843024422445,1.0033426822344473,1.6672335726255958,0.5109964217261361,-1.511872231025692,-1.9814755915197462,0
0.8718682492838167,-0.34726825959306584,-0.5368340929132522,-0.4258863804207653,-1.2769017698602978,1.7041430384861145,1.1392469135626393,0.7880564478139569,-1.3108846352124748,1.052086372164699,1.7674482413995005,-0.04567253412796484,0.42811029585605237,-0.4120855311770643,-0.8412615210215386,2.032004702497936,-0.3978468301935935,0.681064856311127,-1.1758043611483184,-0.1011305536416691,1.4469772805732302,-0.14644724744594403,0.3663455328224388,-0.7067827559755702,-0.7072897026185013,0.3384575564804593,-0.7282625342423645,1.020080927218073,-1.3905187110773705,1.7351431671413955,-0.48550822012183387,-0.9477054607633569,-0.4216701597894119,0.6760355790565691,-0.23794355033996742,-0.9008100912549751,-0.3629070979202706,-0.2549625973759396,-0.4906909833143989,1.5176027236135083,-1.5407163880814556,0.7252058018539691,-0.4786270971855428,0.7368736440540143,1.1668656788851453,-0.5236777882641349,-1.609395704032428,0.04424005152727547,-0.6327012015978762,-1.9341448471361644,-0.16422025926649506,0.9736979481353465,-0.10957727035839124,-0.6995390413861465,-0.5895232595064658,-0.4444786852217362,-0.6338843538467434,1.7938154243183515,-0.8469640250060039,-0.28432011948544395,-0.4398200614419941,-1.0267264392513604,-0.8872447101105848,0.30499409040559866,-1.500626465981532,-1.2461933955623041,-0.7431350308448972,-0.8460682188980696,1.3974654043984918,-0.0562583879164734,-0.647555503193501,1
-0.25837596213106256,0.8252378040480064,-0.7439655242715961,0.2405179286566932,-0.34153602482191997,-0.5026734564149044,1.2181565545328268,-1.9083859857875756,-0.35037688707020487,1.3837049680068199,0.5226913210020236,0.3760597252801113,0.39132903084893345,0.30802107041297466,-3.9251213543186863,-1.2586816091505373,0.8977129176968576,0.6585846190421177,0.6568005858869175,-0.878439246775431,0.0050236301164284245,0.8810852883170377,-0.9814736351836777,-0.8616637343665693,0.40690709954148835,-1.5933387088730728,-0.17274350974612365,0.6778680471867392,-1.7712257064506711,-0.25279707936168655,0.41057050450136934,-0.2612841805365974,0.2789098141431029,-0.7144892736633713,0.5045510011830652,-0.49984094102170123,-0.17373070502226814,0.3177924241512193,0.7307662712768422,0.6220412322136728,1.8249499596527743,0.5838535069260976,0.25090182201672573,0.43728410588647754,-0.08725745270398888,1.4378869409975952,0.3709094131693126,-0.8138631921090875,0.7397806044371822,-0.668432465661419,-1.863293562813745,0.2828793249960353,-0.10526346904239363,-0.45906940138631275,-1.7463376486169448,1.06587298686318,0.14491030549014414,-1.318363934076276,-0.7360277693029783,0.5983871535310963,-0.487443768979775,0.22005893201571936,0.3821983724642487,-0.10599953943463179,0.5288788580576484,-1.3018413659426749,-0.6040760700957198,0.9028431855154445,1.8371965391387044,-0.34010159855186783,-0.6325565847617342,1
0.5303950902874361,1.0554978899266243,0.056914810999920844,-0.22019420317401947,0.2606898613705968,-0.8226565759726837,-1.008313070323602,-0.044369528870658564,1.1327516592344644,-0.09861360789705663,-0.16738132635272854,1.237425258685981,0.1677838080979658,0.2281404810385772,-0.5641737608005306,-1.6379880474749378,-0.011155334015345351,-1.2597642426473437,0.1991789363771772,1.8011687074387146,0.5154919961519276,0.2651368164323553,1.120018572633047,-1.278132564007702,-0.4275268104406835,1.9087857474223926,-2.402886490448618,1.281277184318737,-0.877591743891805,2.021839982636542,0.14200776453865926,-0.1810083930834343,-0.6476076184442067,0.37460674191612137,1.43948181251729,0.5373605859010491,-1.2578516517784109,-0.6363188644760455,1.3984882100861555,1.275574941768106,-0.6427983286451321,0.5559714048932521,1.5969491008669476,-0.964497088269187,0.3232499534340603,-0.5075918006756746,-1.9674195458656665,1.5092343324187174,-0.41801890671849706,1.0326391408763327,-1.4422762754229825,0.5940953605025633,-1.1938584912975703,-1.085469310018754,-0.46550214432921494,-0.6606472080790474,-0.32908906960136647,-1.5579003992445486,0.014763929923001651,-0.9179797156632207,0.9641526576753101,-0.8075893316621494,-0.7530333501343902,0.5628236044441505,-0.8376298649293856,-0.5716753481019724,0.15283993780634636,-1.351125816394714,-0.5336568529974621,-0.623370392067585,0.2300741890232202,0
0.8348555112112365,0.33672371362163545,0.6981651558234889,-0.7000094690174998,-0.8004390897127489,-0.449096081238675,-1.6955447937131114,2.2931731523442593,-0.6256992810142699,-0.00452163950413261,-0.44461919959087887,0.8325561853825608,0.7528131677190788,1.7229946735167403,-1.1699019967495823,0.7815180220766367,0.17730983850235646,0.8307313740829696,-1.2961223696102675,0.052317785000282425,-0.5490816390485059,-0.879122407883454,-0.823173710148325,-1.7822440228157084,0.9112483586193728,-1.1776218291882452,2.0688456270002917,1.2773958961601493,-0.9704410580570592,0.43957397950201427,1.113027309232898,0.2448883426982365,-0.5593054246679591,0.16456528257010722,-0.10277835468312205,1.0034007965456153,-1.0059605693855163,-0.10317892775771957,0.8631250095355688,0.6866412188697862,-0.6076592705671725,0.2698059349577041,-1.0404120395555987,-1.2255137048709466,0.1728501787765752,0.6585691091762617,0.5274138320676723,-0.0010876243992058454,1.308970048869108,0.6983302967071734,-1.2424660762489816,-1.0315055911432731,0.7099577325265826,0.9522260677559325,-0.12833863571474322,-1.3715873090050008,-0.5067536202552612,1.8705334227613994,-1.5533599658853068,0.4941092937264691,1.9394889080494109,0.4537331092157373,0.6959620163711182,-0.9570076431998419,-0.31435508855398764,0.9442019234935706,-0.4017846269345286,-1.8337405346008129,1.6063634395792772,-0.12622256272864157,-1.3649639103315006,1
-0.9853908620916546,-2.344842646819119,0.7282562877765069,1.8225319239556546,1.3755724088560228,-0.6258381836188145,-0.7038835936664862,1.2871860164931408,0.014371264912202914,0.767651933365275,-1.3189797331375503,0.14151437930184912,-1.3658257893521906,-0.383933367959876,0.6795893013146359,-0.7266938623733764,-0.7597960977046289,0.3946868759632637,0.9094298408616914,0.6734292013075913,1.9224969354833694,-0.7416653819262958,2.0421057924897914,1.0595994040802175,0.818026686581023,1.2952142103448463,-0.5712048953856393,-1.2855701690979797,-0.5900821486010135,-0.7060815668659244,0.34951000440615365,-1.7493661719183482,0.22220628822797184,-0.6216236478882362,-1.2482436897508278,0.35023811324949833,0.8117467392737203,-0.634789035163585,-0.1696648058909825,0.686558114435433,-0.4225709965260777,-2.210096560780028,-0.951459783641613,0.32338422503919484,-0.41284649253128164,1.5195796925036078,0.7255841176181423,-0.6701362067034561,-0.11452448401993962,-0.12727055069740956,0.7044459457617708,1.4608186312161184,-0.8478707845502085,1.6764444842921826,-0.3283583033888812,0.2853808870317734,-0.7744595133786449,0.0069059875746253704,-0.30774483138606495,1.894187290901508,1.0805489100013597,1.303286887626377,-0.6862235560404553,-1.0774749864966264,-0.5897346909858826,-0.8170305110449083,-0.9844585134512766,-1.796862257270015,-0.12073653125709827,-1.8774320225784829,2.067045332068131,0
-0.6514126972455719,-0.9386900049272516,-1.8052500939390819,-1.0845348045628933,0.28930583894074563,-0.18996548428249616,0.9395361074079214,-1.0082798682645209,-2.1642586787652074,-1.4748982116130958,0.0037889681070266816,1.0027577975073407,1.993240719123708,0.09403398586752022,0.3697875827228198,-0.4099609561598308,1.160491619580996,-0.9422327023683887,0.752180037249644,-0.47032983729346967,-0.009676116637098497,-1.0291153047475825,-0.17913925119925506,1.198782059784639,-0.5937979945952115,0.13605430579160782,-0.6816108260653718,1.6778483621619633,0.2936561893901951,-2.4974511949064424,-1.6153772913660218,-1.3944869995683515,-1.244904090179829,-0.511593389481592,-1.8628022153445938,0.582740564222395,-0.5939165277579456,-0.3446272377615446,-0.7408430981253241,0.40157178063534665,-0.473078126933833,0.11380440469718187,0.3606069737863574,-1.7784914379510042,-1.6225253425448727,-0.037784893183575446,1.4275332174274897,0.24760045855368543,0.039040316874012194,-0.48515999936983156,-0.13552335204766067,-0.32349933614062376,0.7370640413096735,-0.852822284647288,0.04041539100240369,-2.0634848629867975,1.4396322604962228,-1.1454857258205269,0.0435465558995593,0.8929721157352338,0.6380575068469673,1.7533544690103209,-0.9067637079778911,1.5281841937626548,-0.0756735161725657,1.8035143522934425,-0.45165110092757216,-0.39651505461508646,-0.4710316133475079,-0.43580937558954586,-0.5530779403904049,1
0.6192741674148743,-0.8633580362000393,0.19152617311520087,-1.2079075126158998,0.12304925479796644,-0.1323701666163498,-0.7789928266794606,-0.7819632710445885,-1.8582965064971468,-0.7992399636130227,-0.01930320791119997,-0.6415330050748677,1.0698596582048374,1.184675864237665,-1.2724538863034354,-1.4050378685842904,0.6260322829449132,-0.8929522159438363,-0.4088776280964048,-0.5986818493138836,0.7316176552962044,-1.1942002614064753,-0.7736214961181991,-0.14613906532816243,-0.5408091880100541,0.02280429677462821,-0.6025836129697024,-0.629114353378574,0.9053770972453958,-0.16817708686517358,0.8923807334080077,-0.4899853620542406,0.9762859490858778,-0.2055836544096602,0.9347918032643355,-0.7503752136903314,0.6633136929079428,-1.4058338511625739,-0.4624474660465589,0.5702605298848512,-0.008113384432828306,-0.5796799444245924,-1.750601363865736,-0.803970048570586,-0.11945858435594037,0.03215415199356635,-0.8393403183963101,-0.32359197504740667,0.4166217280726053,-0.22184847696934895,0.930569380143199,0.46921092702373757,0.49983805576230506,-0.7435950956253327,-0.9940798056376795,-0.4593223767602605,-0.22378075384434035,-0.8766506128398712,-0.3013721401560527,-0.10429650303394816,-0.9153047075115486,-0.9101354258173266,0.5545238077731568,1.2084688313847514,1.3102375862886713,0.35276289968140256,-0.7669662538566612,0.733204828037981,-2.5782867809810943,0.4870167946607882,0.23235623553520576,0
-1.0678038367114295,1.5813396779136695,0.7941765103340235,0.8738930149996132,1.6568848848485775,0.5480515803576576,-1.1120262923618183,-0.3704797497961377,-0.7948953110423209,-0.22956137311281508,0.07225505847675993,-0.49470034327426904,0.4570390265007029,0.38674297312510914,2.0699425589095446,0.3928897347712819,0.5990971040860764,-0.2079821548213745,-0.6833494601236049,1.1561527348847218,-0.7257588786974931,1.5992056707277889,-0.4726997841429792,-0.18935384653681864,0.2823247540760746,-1.04056036448406,0.41764667554178103,1.0536265429020104,0.8854388482852121,0.0031581241260336943,0.17576813473408873,1.3916132541475954,-0.8522553950492977,-0.6484580614636312,0.4155256965108969,-0.08578165424643432,1.031892940399607,0.7847902920898502,-0.16474996230504596,-1.4692041110508933,-1.7510243986695142,0.14019406474890286,1.0283318039405713,-0.9087643134781578,-0.6396057539874203,-0.5320349006715154,-0.2925180439283381,2.221686749808528,-1.3138199983103274,0.7356026246225162,0.6701860949495196,-1.014890632947898,0.8850397520909135,1.4654995613627662,0.5012842546095971,1.2025844910973145,0.03146743492578687,2.3286022951519243,0.3761703944981774,1.3262344557248296,-0.4570137204062911,-0.9893762781864227,-0.5650739329313438,-1.4477076320934117,0.04168858333764981,0.49325000649395656,1.9492019921548778,0.5369041395688874,0.04323698920996208,-0.638351435106755,-0.6986432569913399,0
0.09486924415567138,0.30342898052193457,1.0367089290244875,-0.11321770151280824,-0.707432684178253,-0.5783004916451818,-1.1189100496044373,1.1894061196025905,1.880371741978851,0.8195279189999038,-0.5994236532988324,-0.06757714250124786,-0.5380865195079373,0.14636281301398538,1.0379081192379203,-0.48200227884747326,-0.2943541027821532,0.06766407953768355,0.3194507154448003,-0.5290089718696899,-0.1512529706290304,-0.17039698414791724,0.48400933563011744,-0.5941202353758592,0.012842544665774095,0.5681954662637915,0.14143541671943505,-1.0804798228698802,0.7901561347892088,0.38106312947182097,-0.09867020919687136,0.5170831227795951,0.03813432834910882,-0.32097157818724764,0.8204623623883819,0.40169688839735523,0.06871311481468236,-0.9565960904659947,0.6203611574539114,1.1360973083590997,-0.3297232352856116,0.0760437039907817,0.6120935621760729,-0.3671956702841846,-0.16818574234302208,-0.069281374305075,-0.3587514316371043,0.25648487556666555,0.6527910862235574,0.805128226446257,-0.45329378775450363,0.3197681459261932,0.7686930374713221,-0.10890424104968718,2.6880599562160463,0.6567658029035253,-0.47954370647234557,0.8094040185941196,0.0644710940033338,-0.9078547024490375,1.6026919577743908,-0.9172306508971079,-0.32694322505166656,-0.9397069489510728,1.7352671147347676,-0.8795735296579096,-0.00540198797893007,-0.3364846542944101,-0.3207233143815185,1.2477967897280138,0.38338746770435334,0
-0.6930759013731707,-0.5126679670247368,-0.8960560820515899,-0.5979398115556612,-0.23147711886646924,1.1961962688649217,0.39413715724861065,1.479131084477396,1.4522375433149213,-0.3177550505101026,-0.9149428471255808,-0.02145004785942492,0.6825979261498318,0.09716314441716073,-1.262282870010099,0.6140949405392728,-0.2379166424368025,0.9056565371174259,-1.6926778064563146,0.4603753295106253,-1.2992403252995524,1.4514832551199635,1.0310118493808267,-0.2965786320788046,-0.32852484673428717,-0.5889690657663911,-2.01599328680853,-0.6752022794816145,-1.2690017282026067,-0.3976197930623369,-1.2706080906702968,-0.826167687559842,0.22958101381126791,-1.4836679441810565,0.45029629582184716,1.5679886131649405,0.2915551411053914,3.0599515837772726,0.0867972535191451,0.24840608681062393,0.7997132943125869,0.45487904577755617,-1.1044457595517474,-0.23629080567800695,-0.48701720135041104,-0.7117262654494956,-2.4961960245737735,2.149413089575961,0.15979977363491185,1.9938408824031013,-0.3433075627136945,0.6544783120288127,0.48034760703072293,-0.6784130798971034,0.05801141359658487,0.22248691220438313,-0.48926354551834517,1.1060630894572385,-1.1094309314055169,-1.2666856720230828,-0.14677963750070816,0.7354031372067144,0.6011713828318809,-1.2034511083520034,-0.6813184189734076,0.3087506950390611,0.3828324671404781,-1.3502028726309139,-0.350169691300315,0.6154232575721574,0.2500757450543139,1
-0.9919174091771326,-0.27673925794506016,2.267726432561968,0.9657218954347386,-1.6209181472717942,-1.531513090083918,-1.3959400606386063,0.24540416011060834,-1.3761347597758604,-0.728319378904041,-1.3488402897656169,1.1906653241422231,-0.7028646562548705,0.45803724389975403,-1.3319728190465987,1.0426550557266208,-0.5011752934693013,0.9058800995706119,0.8457262176970591,-0.730985361570274,1.2487823227988777,1.389290064969423,-0.4666769202600968,-1.2071910802950279,1.4417166637771759,-0.7579022969904109,2.7083687238193876,0.3578706007984683,-1.7291742606606206,1.2252162521543855,-0.16149918235423152,-1.179265846119088,-0.5051251815953175,-0.3339662564725898,-0.08128525697831357,1.4501793450704223,-0.7479081932159697,1.4352740975048477,1.822983777453809,0.8615909866906741,0.7824262180764474,-0.37208171158211995,0.776331270720458,-1.8612795799728539,0.003668345515879549,-0.23686432247721576,1.0864452558188453,-2.188851275682816,0.21242416329070227,-1.0404168595418484,-1.5109351926360717,-1.20050237879496,1.660514699253048,0.30462192041361225,1.8832289078801299,0.43777838742725844,-1.3703758736316578,1.373481350714348,0.39948178050309074,-0.639505693356218,-0.46826054885591684,0.3695798251136946,0.7453555975403114,-1.655725258501454,0.1490794480239452,-1.0095084851639486,0.02393421090081567,0.3399834199428908,-0.22589075842520462,0.22237237102459412,-0.3830503726221189,1
0.2522841255338907,-0.48195460216796326,1.245655247529091,1.8637178977818916,0.07531341319165462,-0.15037849746520635,0.8591868299594969,0.6171036027190061,0.8444482613426055,0.6741603741399887,-0.6763483231400074,-1.2475397098055356,-1.023899924540401,0.09912613167278529,0.42732876603532716,0.8922324823485284,0.6773311585799455,-0.10262884522008091,0.012206290736638176,0.7711129898538647,-0.9492134874377518,0.5657296515019509,1.0239387187199083,-2.0515433904543743,-1.1185347808534514,1.3185256545647301,0.4627763602769976,-0.6763785558874553,-0.11568365552928386,0.7721397904883159,-0.39641292770428244,-0.06739227895985345,-1.208402188239845,0.4266614289567192,-0.36457658583243013,-1.2551054180385897,0.23142326739196367,-0.98645344023586,-0.8806933292401485,-1.1689629620914443,0.49928551723673104,1.6762213856052364,-1.2848599614366616,0.2629726961497759,0.4767014965220613,0.0959864536096314,0.5738128687370776,-0.69022039232835,1.733400245981381,-1.964496346400902,-1.2564865841304786,0.9867403299052673,-0.6228261048545886,1.7883830200358175,0.8672224736640186,1.0172380948316408,-0.009698064205566043,0.12073141032949064,-0.13853420371576047,0.8538964670560847,-0.390418070666846,0.8982049509214941,0.3634727188058207,-0.39496475054774804,-0.39200055646519455,0.023907120003040534,0.8251481733114662,-0.4102811188139795,1.4582521560380692,-0.174406241787768,0.054026358033906416,0
-0.8198575521668496,-1.3737067069045865,0.8578216261299968,-0.013187420546016293,1.195029547004587,-0.22330807450745965,1.5876496442358827,0.10093358858449045,1.925412054910942,2.0377632862539574,-1.7745832121389704,0.6195122064679378,2.7650341335745305,-0.4686983397214628,0.39364307161733525,1.2837118458817083,0.8907555309097139,0.3313087281353194,-2.3981183710064453,-0.4447515554157588,1.0129597780274862,0.3947709044382141,1.0538764070160354,-1.3622760935038076,-0.7716378222439747,-3.4004339832905246,-0.03925384229120151,0.3205295037942128,0.2226657703157912,1.026070027046215,1.4068425844245587,1.2837992621106475,1.3025421516354951,0.3280980838934041,-0.4332450975912917,0.24875354642555367,-1.7096769182410216,-1.3152524683182347,-0.45277444682800444,-0.2744659804375516,0.7493381410268164,-0.7789202318492483,1.1385390909153341,0.1873788566398884,0.5236363142562716,0.9693397534317538,1.415593374302539,0.04747952277080829,-1.0606468014388493,1.7467041061524298,0.03251000685849698,0.581650824364316,-1.6687505314128428,-0.04384334873866467,-0.1558286358177679,0.7510256413799801,-1.1068139236469947,1.5357565255707526,-0.4004103454125988,0.6502851592480893,-0.3263750562733092,0.16252455269113408,1.1523613865041404,-0.1773834512717461,0.7409642413157899,1.9274007752227884,-0.9539155988451312,0.6092416158424946,0.26254140083322763,0.11989419202626127,-0.3461442081301057,1
-0.8173916343691653,-1.579779357457952,-1.1584594871117015,-0.3674147765388734,0.20222959280091132,-0.22874708636741414,0.005674011699165495,0.8246701108424268,2.755265072142147,-1.2368614714241142,0.8945683627234193,1.4804855807808754,2.3645613249722333,1.0591630755515966,-0.29227689370931464,-0.29273085372655316,-0.280894799288178,-0.31314598173955954,0.9916009428555331,0.9451963548075754,-0.4974058219770873,0.02658283450322379,0.2529478883002495,0.4889453464929332,0.42230366295655225,-1.3794812980450768,0.2937833721921924,-1.3789765680588821,0.8257936452043225,1.2188096611476629,-0.35829953637988665,-0.8086529153461518,0.32741849801383016,2.3855998882504545,-2.082729803014338,0.2967095035733188,0.11882027560265807,1.5031023091289801,-0.3819129237495477,-0.7020036235591741,-1.1265585876398263,0.4169936943060309,-1.1616137909030173,-0.12014145139264125,0.9469372769974475,0.994656414329645,0.867663842646509,0.5685937635187536,-1.438189195903101,-0.2011430870169813,-1.1402083944426762,-1.1645240894261,0.5445211608026215,1.5717405597973213,0.7007437789147529,-1.1260494841123014,0.2465893513751303,1.0331062354372977,-0.9650581149659769,1.5166802189934618,0.1336919091285988,0.9993268972712296,-1.2869277280442915,-1.0059608941722407,-0.6949623518508664,1.765687066383109,0.1261331019922134,-0.9988390959390304,2.0806553199190225,0.4627583627879129,-1.9047829228075162,1
-1.4578159027412658,-0.3515007924215549,-1.8092449926235383,0.9607881095665514,-0.1973538897016905,-0.0743632602409366,0.6873613759753855,1.0711227983068636,3.216033593272029,0.5940414728307009,-1.717602568586768,-0.6981854244851621,1.1725038414262832,0.3919061454464558,-0.47089418225468943,-0.5486397459031328,-0.8796989519041976,1.231775149856866,-1.3514965510142738,2.274443192563897,-0.6402812353231246,-1.1960558563082289,-0.15880686151187998,0.2650678983864602,0.2501078839742285,-0.2406114892222514,-0.5164163424771598,-0.245687604397657,2.070649800215759,-0.5330427260763722,-1.9237621273068635,0.479247076235948,-0.8523318362935127,-0.24248792289034607,-0.4164116947405602,-0.4972911847414346,-0.1772137943787068,-1.0352396434214022,-1.0182520318813117,-3.3675803314349215,-0.9755803885864556,-2.1109945550222693,-1.4597531877826495,-1.620172504820008,1.439327851768813,-0.15672754592769406,-0.964086293535859,-0.4117162841294221,-0.39881721033206563,1.0264851882074888,1.3254493737443511,-0.18021196319217303,1.0284685761811154,-1.0700846336446745,0.9436567048438821,-0.5209657656182038,-0.8628807881329856,1.0463070101701246,-0.339639945740021,1.0545706585677614,1.8391519380312291,-0.6244721090575305,-1.5694525905037229,-1.5648623070835972,-1.7442182772362764,-0.33168359365902844,-0.44590696694116894,1.272266558718232,-0.23815983839377103,-0.22286728530347893,-0.40939458822877145,0
0.21523286696171826,0.35859357033378125,0.6494398834791969,0.061479147079053456,-1.209121888330921,-1.885031721870522,-0.8133376446073971,0.05347885501730806,1.1697260007406096,0.1514591396428281,-1.2483177164851063,-0.1277320524265669,-0.24404941532069907,0.6001756418924458,-0.5211907695203613,0.8363563520886109,0.46845728860203173,-1.72065157430798,1.3523585277893284,0.056874414490780394,0.4920731073707321,0.4182580908269321,0.5859074804792606,-0.7496554311206953,0.1089454115938585,0.003739274472373581,-1.094336119325326,0.4038125268562471,-0.5578905338585342,1.4964707664911634,0.7758937322433488,-0.2486481399625594,1.1177126628461722,0.14520401617220333,2.6421973460461134,0.482068334262914,0.24849553056539983,-1.423110313179345,-0.474498938919512,0.27171609444125666,-0.20906225233230283,0.6983923442206066,0.3596106379580056,-0.3957160660757314,2.1452306516214477,0.4244913710123377,0.12094078320265242,1.1080483839092632,0.437583473985286,-1.626110358979281,-1.302918578253024,0.06057651460525059,0.2887858033470233,-1.4173812480660057,-0.03450447965260268,0.9645925025482271,-0.6819598862529821,-0.15199508256404307,-0.15841627028116906,-1.7159210719817408,-0.6011779663117071,-2.540360953915941,-0.6116200023923845,-0.2760258894150637,0.3514767932445398,-1.0455046666709036,0.6907175225479192,1.0148946653494104,-1.0034489475147865,-0.07114062445589685,-0.58182664980188,0
0.7216504984813804,1.4658270711132846,1.0978153302081237,0.0899773826017722,1.0191507394132675,0.7215138522575744,1.9949706498335522,0.5227926955004004,0.17747816754852488,1.74956930380594,-1.2527547946711615,0.9226243673380529,-0.7455788557386588,1.5432097206283448,0.23409097244694296,-0.611697307165317,0.8638560064524733,0.8058513272485078,1.0087339946950193,0.328549593666471,0.8437761938173747,0.8603437755214153,-0.5587015046697411,-0.15600272062678155,-0.5259618432841597,0.9744202855122478,0.9037845065847625,0.30693746046725223,0.6627190597401971,0.41170700607703664,-0.6175956012868595,1.580924033011445,1.1123344475193397,1.3074353778533474,1.5575295407574279,1.0756422565246038,0.874651435962868,-0.7236777341470855,0.9881963312685081,0.23539719848222426,1.7918116883674051,-0.6433858396446053,2.0164176278307755,-0.12595568687516498,-0.9948812730963285,-0.1846775386233747,0.8344128961221567,0.177486229795153,-2.1197972997133943,1.668441148398459,-0.12216379117246405,0.2905956398827946,-0.17021224771544022,-0.23670521163633473,-1.0676852209435308,-0.5569098593432825,-0.06678249860769037,0.4688486587954234,1.2959871072321503,0.10241618371463863,0.04367169927546465,-2.299830277793413,-1.7918746596935131,-1.7545943688384997,1.9752979974107465,-0.4340588141577278,0.6055767049127934,0.34818108202185766,1.4219552951496202,-1.0580454682373142,-0.10891563064755794,0
-1.1154293885731226,0.1604224272938569,-0.6123377883350033,1.3090083833656012,-1.6319920219903987,-0.011557488125929365,1.3152528742376859,0.11643530702970192,0.12597540247039912,-0.3350253204404073,1.0100868848864963,1.0056122836783696,-0.22309988520364055,-0.21496095634448542,0.5768963561088885,1.2845593856293613,-0.9232255777647373,0.3824194521492374,0.8456838904722689,-0.31732554896932086,-0.7623695402321244,-0.957413297989522,0.5925038277590683,1.3974771605338159,-0.17247914293559105,0.47314267763202084,0.7634499350173841,0.5254170364072539,0.40371673451926393,-0.18433274641964928,0.1806277641344263,-1.2618121508357605,-1.27281693385003,-0.8186113813390214,-0.39258379123941317,-0.8653247227642743,0.565938846970479,0.06769296731534542,-1.1174244508653512,0.902885618614697,-1.03709793427221,-0.4370453342243583,2.3418553016191512,-0.5036870129943825,-0.16988280344091,0.646802044533805,0.6971764775042573,-0.28549974838838493,1.8681433035588277,-2.290071705024664,-0.11483493419929326,0.33782499747231465,0.9539971990736701,-0.14181882775585888,-0.489290160040946,-1.1748277826939968,0.31269632154149957,0.8199255563889116,-0.43775508951198283,-0.013778600393098904,1.83981535296622,0.45166715654597867,-0.742063743591904,1.0727895681061554,-0.44576125462392113,0.8373925933503737,-0.38050511157961747,-0.19747934312598447,-1.3985855361143198,-0.9479990720319348,1.9755258403453484,1
0.06965287875777816,-1.1273404139917444,0.06431835661685352,1.8750484639123324,0.8250234161352605,0.17304251379223923,-1.9289351595912958,-1.2255675103658659,-0.968724894437426,1.5893174529097507,-0.6255239968309806,1.3770804067518307,-1.460734447501902,-2.9098928670043542,1.295178791737337,-0.659539400193123,-0.861961178790202,0.2806394672161239,-1.3243189708100855,-0.8663439012196236,1.8523346317096656,-1.247141001669597,-1.1364628319543713,-1.3630120371097623,-0.2561408963874909,1.381940979934319,0.3864976874505861,-0.603023083161487,-0.6243375255640581,0.12394597414148538,0.23156700340859887,0.880106962528506,0.49172374430167326,-0.36857054899358116,-0.5754878095161061,0.8479007341364556,-1.253606147343716,-1.3978979446979223,0.3534492550241089,-0.08749704915942959,1.146667655734626,-0.3580950494883996,1.4909073041864884,-1.5157254834687894,-1.5560153211768812,0.0018801294650682633,0.49852186803494003,0.6975237897453717,1.4011814895799732,-1.3486607173824197,-1.0413497689375506,-0.013612204880313056,-0.9876516874303842,-1.998981828270217,-1.8107035719544902,1.8819537981128684,-0.19325353846374826,-1.79630201780225,2.2085826419123418,-0.03375506610084305,0.897755568525138,0.2953119968229862,-0.206163383290768,-0.8793655060171555,-0.6867700155546503,0.37843920085803,0.14240049163606402,-0.06788775650715614,-0.15295886341429188,0.13155884042525123,1.686519478151779,0
-1.6142453777369032,-0.31076227811015705,0.8534292722367951,-0.653276834079514,-2.0720404141561293,1.0038395337787671,2.444692985309602,0.13722750342437165,-0.5090429864113047,2.0679821820860744,-0.9072014738355589,-2.1200423765761855,-1.0987737020599735,1.3868948143540143,0.4400435722128331,0.6237078561679034,-0.21780714595332343,-0.3315142231821673,-0.1078660655509362,-1.0222053680648286,0.9306182109441129,-0.6660524905591592,1.039201300058936,1.0204586143546448,-2.900375390981801,-2.27260844306662,1.3390767663255791,-0.38722321051865016,-0.7606232043817571,2.0443965310962438,0.7682650712563064,-1.5134361742759792,-0.7034509001968384,-0.14238007658056268,0.08673220977996263,2.157817731973362,1.1477869548038808,1.8760838290923214,2.0644223051103574,0.5499760936834576,1.035873600848261,-1.2642526831810523,1.180413851778027,-1.6551301511191159,-0.8441550217249656,-2.4358795522426466,0.7371766907445714,-1.0352452542208748,-0.07972534496749814,-0.7840858282923711,1.5285191246611207,-1.8940765117079659,-3.250577040920208,-1.5917275051523003,1.8187156735862666,2.3145242020704013,-1.2317280112310693,3.2525181841188044,0.7593873585015909,0.01775614554603439,-0.8399825590282352,1.6884237227740146,0.5822686345866702,0.14313247956622802,0.13953136837478725,-0.9016931431104216,0.6609177482322862,0.00015278059305830498,1.6888138838505258,-0.052392238703214807,-0.567865027507097,1
0.2978452926127161,-0.8048474677991053,-0.6389634410055081,-0.9637395159898874,-1.7432344070543158,0.41604575176931635,0.9203253042269727,1.5458047546465639,-1.0734848795989242,0.3161991991866515,1.5428487471016612,-0.9112906461052543,-1.380121226583055,-1.429021590160021,-0.18568530590805135,1.1367696110012542,0.38470913688520963,1.348797015943734,0.08037166981258748,-0.4726770251063596,0.556119498464107,0.19868169275293524,-0.27528834893505855,-0.5195877467233683,1.5368177038031747,-0.29204017222049733,0.7644820082188701,2.218488668407847,-1.8354307039430613,0.03472004429955907,-1.6629041336318922,-1.4485391213033678,-0.6137177650585126,0.3572597223230548,-1.7348472129322834,-0.24787030801504825,0.9373624572388676,0.40546002025031674,0.48763802995310707,1.3007586621634561,0.07139468328462738,1.8671501178472047,-1.4035520354723185,0.2807151455169164,1.4565766016012822,-1.058185531878313,-1.4451131201359828,2.1757945574479565,0.21246497849702004,-0.5246908597593817,0.31159009126323045,-0.5850538139101541,-1.3552078800509473,-0.8090687964283408,-1.1459194649860727,0.2950509790328341,0.3095616896728129,2.279497240561613,0.14168579835721182,-0.7890725896382798,1.370833914726666,-0.46410929183456834,-0.5627932058468341,-0.4872172992119235,-1.1695929133346856,0.7716756914796924,-0.5325923633699685,-1.9700365685617722,1.4568027409113848,-2.740462390855279,0.5178954632512778,1
-0.9431218373474903,-0.8779384460623912,-0.3371218106068382,-0.7639296174950087,-0.17507843890670935,0.198736647671461,-0.791634785483477,-0.017801632364754814,3.0409509598599693,-0.8830946505454909,1.6445275374749646,-0.5707598494509237,1.020592047537862,1.5988946588239965,-0.1320621356941639,0.30861034929393155,0.21344553964340107,0.8530939944368215,1.4041614668191793,-0.16043927656777965,-0.10071745456583267,3.114634522353781,0.1953612839772576,0.09303763575204764,-0.13482579659699237,-0.30285919992159344,0.6315184493034867,0.4018427637870573,-1.7606525371905828,1.0476613084661404,-1.2805345136104163,0.7433130250062489,0.1308492674913589,-0.02983455517722525,-0.24792434217988898,-0.23546472210746897,-0.08934301127254593,-0.13782959287193716,-0.37326621798195087,-1.1256369938754012,-1.1676423143009882,-0.5155824475373292,0.09502274586315455,1.1015668823746751,1.6895051422103433,-1.9996828794494839,-1.6492046100780164,2.160532289379918,0.8840978250511986,1.0655157657643066,-2.21233762727682,-0.16602798352677497,-2.5185675355196415,-0.08504796454771156,0.09516078449903917,1.0973896177382612,-0.011637164163211944,-0.15620650040527,0.6101036207280036,0.7583514175541317,-1.3283882580724098,0.4359214887438041,-0.6535048694046761,-0.6544482433245434,-2.076563229975084,0.16010834379820346,1.3393625193890142,1.7182682382828423,0.9243286147684374,1.4150167801749665,-1.8767683686218548,0
-0.2659180421721198,-0.16627187327928894,0.19872369169588897,-0.9936799581799175,-0.5858581602548534,-0.8414149887928075,-0.6001971608083918,1.6399596969235108,0.20497082957687685,-0.9788444009307913,0.6927707121774974,0.9155144826386655,0.35994030644464664,-0.9531596546922096,0.14622053244798144,0.934943363353902,1.4696818538410692,-0.3474160398957608,0.14391470386794927,-1.1082598725440358,0.22430956159853951,-0.3834206933960327,1.4843780011827938,0.30565475671803005,-0.6928710500527991,0.13683752096227972,-0.5872689446168851,0.17507199673182217,0.5548561433858148,-1.808294165036812,0.4105033984480711,-0.625908971345694,0.25763878264529677,0.7576482243762658,-0.7416315038583263,-1.110518612880041,0.4317863716232725,-1.0160365600226313,-2.251130275562256,1.3324282223376054,0.01693684093192957,2.8909692373166207,0.6299452130832633,-0.4012858690064154,-0.4611356779608769,0.9139384666277026,0.7901963871815041,-0.4501242927060558,0.043866965536828735,-0.4417266826116335,-1.2350271920518399,-0.0034685697206524,1.1231809481820985,-2.0525461768882103,-0.39392324731692185,0.6518678537742797,2.2511008668636014,-0.9549610108817936,-0.05202157125147646,1.6753112717454246,0.09453784237984575,0.075710632000115,0.9741736563164244,1.5212013773065047,-1.3272666652510272,1.0207176156189248,0.8691416870423714,-0.6421706148603303,-0.5286032178445244,0.06606260839528004,-0.7490962177509399,1
-0.004344789562417362,-1.2859643431426433,1.3870247841003924,0.47461561155814525,0.21251631737386426,-2.2551837398728396,0.25653116381396857,0.8142051839071377,-1.3528434730353494,-0.7797015982327468,-0.9018606692608065,0.8109687024789769,-0.3636799012774092,-0.08628036992286109,0.0031019274243428816,-0.4711239693437365,-1.5819148158573442,1.4728230705753464,0.9416239143578569,-0.47590750976675594,-1.02463584376757,-0.2452009094379573,1.984435998111306,0.36749648460763956,-0.06701915784962838,1.14884543808475,0.5822428707711648,-0.41139520159292053,-1.802007449241909,-1.0620722877628335,1.2436144727493557,-0.877878302836902,-1.0731659619573901,0.4830333321780593,0.24172294428969265,-0.47106853741991467,-0.2718789336922867,-0.07648649604779335,-0.497393335455832,0.2812018851171043,0.4016251856618448,1.2531835268723361,0.2767393373430278,0.1718108884068469,-0.5425248757037482,0.10721949707796727,0.6733366909647395,-0.5652014580494648,0.06658657178262653,1.8671785736778694,-1.6881519295430032,0.9216773738042404,0.11909269875998107,0.09991147500856064,0.6769675408539632,0.3756800617089985,1.3862168760802278,0.33130887331619624,-1.4564539205360507,0.9873159701774029,0.4204015481408362,0.5647186579366028,0.4490502701416639,-1.2218364904995724,-0.13562235643106782,-1.2191389629345255,-1.1155277732824012,-1.8575162938707768,0.25176689068608604,-0.8780940811043316,-0.723623217244732,1
-1.4470211780918,0.19707302247005576,0.5520301073237001,0.13665661535891271,0.8119033341000795,0.6295134072862306,3.1367628819113884,0.2550756221139346,-0.8401726322984324,-0.3607336740196548,0.9627725955027308,1.356966436884643,0.5985828299557325,-0.7514740656853701,-0.743262415527692,-0.45954938038933063,-1.048053917838461,1.17324476723033,0.1586994977086625,0.24903915897871642,2.128270863786727,0.19550661886329787,0.2856339905787835,-1.8863030958946934,1.8012479608233578,-0.8211048486076515,0.19973571160311177,-0.14978329811443214,-1.8247431480556995,0.8606925034131968,-0.48280238854406965,-1.7189380882248244,-0.4798563701779373,-0.9601332798288283,-0.49796056922434057,-0.555188808260999,-0.9946935217188717,-0.8544914831667185,-0.8223477889415438,-0.264123531212657,0.13198090385571978,-1.192826615160003,-1.1214943278259477,0.388897474623714,1.0481791135522067,-0.939307672456025,0.17549914584714574,-0.11216585630262291,1.5707442708706716,-0.8760990359554228,-1.973522352894614,0.8425679024968455,-1.4974681833508834,-0.5468007070814462,-0.370162211697663,-0.40816511887932944,-1.2075136009886287,0.26669356736696587,0.8279754797974066,-0.5989230078578777,0.5529731435923444,1.1311066038398532,-1.2484576625027735,0.8764296453055165,-0.3425096192974587,0.28637877857241056,-0.7502442009903788,0.5153995941985218,-0.28249051103501766,-0.3766812736926692,-1.9064699474703715,1
-0.9263685602243681,-0.6551703791097836,-1.006958929901221,0.027275195638051593,-1.0521648026449617,-0.7920128374658999,-0.7245756989117799,-1.0701489175340833,0.027320135035756837,-2.0589708837336635,-0.11696474989762484,-0.8039171873175917,-0.06258186143811197,-0.13601468147567897,-0.18921632735459604,1.165523605510519,-1.3609079357768357,0.7874596592647716,0.19557834660053752,0.07299176803057614,-1.9650445761005153,-0.19207407577875552,-0.5379763169213229,1.1072405621977062,0.29149134615633127,0.8727977675884185,-1.3362183443299638,0.4505793523819873,-0.5091303867662578,-1.97890343509382,0.680696825837676,-0.33124050125181553,-0.32538464711308324,1.3587032963261085,1.8514270848861691,-0.8571734435682214,0.15566780604702962,1.2294865494435938,-1.5500261699964968,0.09176332169858446,-0.6005260175442743,0.7743457132779097,2.3911024993684116,0.05477242424050052,-1.3155455992001415,-0.37515289078829994,-0.11241694340089092,-0.3835324063699987,0.2427847771688815,1.0663900980514238,-2.5661541722256453,0.6407604607789547,2.352988861876464,-1.436569552997651,2.0304821109773545,1.175507229057504,1.3863494430449852,-1.1367637095507939,-0.37876764678236463,-1.1149834206395124,0.9192105584782004,0.5874205665675075,0.300103047579936,1.0862631290473919,-0.3509704081397012,1.3991910652010795,0.9994771775730953,-1.3581431257434784,0.2390230916095211,0.8621599697350739,0.6228246242979537,1
1.0945326270411557,-0.11582617716046145,-1.985120978329959,-1.875680284605247,-0.6856377939557318,-0.37774246085335034,-1.1085276217307776,0.1792299457730535,-0.18441959600552468,-0.21492531363906997,0.4893452917651532,1.0148327160726505,0.4541218814803671,0.6853833227246409,-0.7510385544684299,0.7478469200979614,0.8176729707801622,0.4254762959375256,0.08724799018043053,-0.5683438722525671,-0.9445743787491888,0.22657393795936728,1.1187213774290887,0.30204008035128566,-0.48462538156541385,0.40611380649289025,-2.2874747855038415,1.2214526536319121,0.3683650432885359,-0.6186149352638054,0.490281464996804,0.5517025901129455,-0.9022766997837053,0.3096192447954202,-0.5896117179058593,-0.2779523236109585,-1.4044554800305158,-0.27098569638636233,0.2070793204125477,-0.4904612595950109,-0.9285688536631069,1.6492749321929534,-1.5558354975763264,-1.259005717923201,-0.4608217316387999,-0.20583814685318003,-0.1349073104216697,0.8208347778119686,-1.1871869420097514,0.7885119900265589,1.7093936074299048,-0.3421560606765951,-0.9596277804440752,-1.855768909089022,0.8476758976461966,-0.47640063773923874,0.5312835874921426,-0.19901444725439443,-0.9673102435927962,-0.12160930045204368,1.0909126106377562,-0.8995805028661307,0.4918186619422737,1.081987882612999,1.9624630262285527,-1.1332174841968017,-0.07886336361908423,-2.1850410904232302,1.5088353308789986,0.2057650743451689,0.618581890149928,0
0.01832852412535117,-0.7530258529333763,0.4543571506252327,-0.24800650721585588,-0.4307638322824875,0.5610943222438286,-0.037889447282083995,-0.37926794781133144,3.277021706370987,-0.8131047806342124,0.6762103431952031,-0.48659857578548504,1.8460285474972786,-0.17923407182651974,-0.5601352061546987,-0.7635754564269144,0.1592978780337355,0.69983128910782,1.0787402040489893,0.17442297623566813,0.6974985824607094,-0.03305998002411594,-0.7726504191696014,0.7524338535111174,-0.7824698225292941,-0.3135026558910726,0.7787249374199668,-0.0558845934491987,1.805522167451588,0.8743382985192857,-1.557981096656915,0.9030506402770098,-1.6038966177160159,0.02945677699887848,-1.4257258046987467,-2.6067474732998006,1.4104436589439693,-2.007418161586002,-1.5123595589976306,-0.7242437894023402,-0.4846971644039546,0.5820648408908536,0.4573499605625675,0.20638975311437627,0.8480820904096055,-0.3052613592364099,-0.17515433899461766,1.2550277796974159,-1.023345392990538,0.8768304115892174,0.043948182640345,-0.3178340805660493,-1.4229546141079983,1.427264596325568,1.433712999392498,-0.3613468194203159,1.1100303731589993,0.1871395998092859,0.5552634844986483,1.753381742592722,1.4677416618190557,-1.188523251425924,-0.8103987356259154,0.6629028142677206,-1.0516561956154555,3.1968418191236037,2.6096558322143877,1.2497220339787587,0.5740820838220659,0.20568345172685076,-0.09782846204354148,0
0.31320475855308033,-0.5411611364395587,0.09268505591558054,-2.368995557474602,-0.0559160687338915,-1.7658251618031617,0.41987440186540465,1.2987672385140714,-0.9268167236686419,-1.513778547275049,0.16233593757838477,0.5270057849268976,0.8698549228469558,-0.5136672874344729,0.5226233295245983,0.8595571864382562,1.1830593293158571,-0.3824227158038971,1.2475779652626924,0.4687385958459688,-0.38983248466670767,-1.1335239891597464,1.4657245834083128,0.493762664802567,-0.3126637931841195,0.9885881478662251,0.9584755343100576,-0.3176948172770936,0.9690142956209067,-0.20875002816395866,-0.8205972318372587,-1.0471244071032488,0.21373907948161672,-0.526334570655367,-0.5577482286298027,1.427908532011733,-0.44054803198193676,-1.0041108618434504,-0.5081064749301858,-0.12153231728770308,-1.025103443638167,-0.7285528834525292,-0.6874632856762484,-1.2661354730322967,0.05972444465427873,-0.5758222720123848,1.1924797590627938,0.26877750989623733,-0.6523180315857732,1.2163969423237273,1.2073271466294997,-0.10387292060183918,-0.7892670164645863,-0.7456347344953929,-0.8166501528826846,-0.7157876724202086,0.3184683015567305,-0.446694516692792,0.00065296220245048,1.247970375725796,0.3986879717278342,-0.09689653992108026,-0.4119419262468236,1.2216223402300523,-0.36550151993391206,1.6623930780516636,-0.4599054026412234,-0.15368433142469584,-0.8228963713447492,-0.42967979953924446,-0.6066338249209825,1
1.3086425062953682,0.2994765182822561,-0.2221458729438875,-0.4240330364289662,-1.4574375332175085,-0.17192495970357038,-0.024282044748265383,0.5398821705605534,-0.2665624445525531,1.2850635311716425,0.9887002541451452,-0.5685927118021187,-0.7637843692641647,-0.3760747413617252,0.4829175876501745,1.0256931820398676,0.20768356162603538,-1.2310946131430076,-0.20168034261506057,-1.56442253176988,0.07064787791856038,-1.0673413931859745,-2.2627188972065513,0.7094854949410402,0.10239699206308767,0.40762433889393823,1.1976842692672398,-1.2716695977011738,0.2822784469593935,2.0544392676285703,-0.20717052479123035,-0.47074085610172695,0.52981547833106,-1.6906246721070386,0.23117234753531143,0.35878562463114444,0.03161799024837723,0.429191612233832,1.4211857598757802,-0.4254850870124307,-0.25322402765093466,-1.597489579545152,-0.20452595467091336,0.19545933573233568,0.5496139785667861,-1.3668430666764309,0.11834901630011047,0.31746248599041893,0.022675044787823437,-0.5503348243316007,1.16849558507866,-0.30287579295463585,-1.6537563963549127,0.06737833084974407,0.6358815490944688,0.9722142430233528,-1.5142723357208052,0.839476386428844,-0.13250081653517354,-1.5954452356036994,-0.4642123682848054,-0.04669637304424819,-0.34403257094800677,-0.12470983272406858,2.474660756086883,-0.7071190320982239,-1.5579999095853267,0.30740568582460304,-0.13620896538827057,0.3579233405433073,0.8291874835903845,1
-0.6273812333153452,-0.2943075581461593,2.308501159587918,1.1500141474961094,2.7675686738378795,-0.22078142956222988,1.0732187955264854,0.020392609667948803,-1.2762767113536342,2.75337563529909,-2.9746025840697654,0.03332945376874169,-0.7873312327175549,0.008221236239061442,1.4644429766661111,-2.153082521264934,-0.20424116826857924,0.3783992363644964,-1.045357786201443,2.877258760564215,-0.5821556392265171,0.22262015311773276,-0.4383926197412849,-0.18254170210921003,-1.1299332553389136,0.39647093189549,0.5874019143186909,0.12968230574705505,1.4525289053149617,-0.17912807414469,-0.9249651528939683,1.6990554614021172,0.844962021770703,0.07668237258007334,1.4796877080953474,-0.4475989307022688,1.0365365428794588,-1.4919696821478654,-1.252109244305402,-2.014555694413319,-0.7363306223039785,-0.2780751416456348,0.7940166476465058,0.31435507951374086,1.2265329927848962,2.60435812845013,0.6726757375144099,-0.30187819086840056,1.2642995812142654,0.8875266513733578,0.17557843519775432,2.0265854564715475,-1.1597549200668493,0.2534499207336479,0.513701177694457,2.1260836708179243,-0.9539451843444791,-1.0535648369255681,1.8002440787581326,1.1713924626374985,0.9846744117131631,-1.3909509192137572,-0.8054171465787541,-0.2263617472548887,0.9272635117426806,0.2151170166340033,1.5388514055414053,0.34641533503845773,1.1904671029088407,-1.8695388717839723,-0.7293977157590699,0
-1.5021133934837705,0.022910316272402507,0.5819674508900926,0.7345142033169744,0.8378452224046073,-0.20702698555306945,0.4322293332546011,-0.37117905446852356,0.4653272950994557,-0.04063425498322333,-0.7377924275776953,-3.012072515903021,0.6591223351666997,2.021049042631923,0.9676021670253326,0.11869048004325092,0.35257711967008976,-0.12445516689992532,0.1951520906945097,2.888640065455055,0.2863651442874815,0.965903604649499,0.6804072447751337,0.250613524828554,-1.9492792199506044,-0.7464392775797472,-0.6100791192603046,0.09212728828115452,0.1191226142961687,-0.6736321173236404,-1.291193723593873,-0.006069735186026183,-1.006234127123462,-0.24306479254083735,0.6924298516654752,-1.0823907266531358,-0.28716279902227576,0.5893750848840772,0.21853639482352444,-1.7011330527718587,-1.0494217214072687,0.2114762454195666,-0.18788022544982672,-0.5622777631853713,1.3824270549127027,-0.6452636559702555,-0.3955450071218335,1.8452314649580905,-0.5817345537655327,-0.33049816345137967,-1.4212204702683524,0.2309912248337348,-1.1027283016621834,0.3569976974572822,0.6061443768722075,0.6874471700490408,-0.3563263717758925,0.9529937328936473,0.507206023321841,0.7577176467907752,1.0044812266037049,-1.5894504176783022,-0.48533470148950714,-2.3926797517467424,-0.5925669165766244,-0.18786774412723228,1.516572012522319,1.9036863234454386,-0.07981406219133574,-1.0981561782145786,-1.2522926218556882,0
-1.5126150357092216,0.5264367703868059,-1.1920540054678097,1.9233094483516648,1.8742878578575395,0.5470750764414263,0.9729785651413606,0.060377094705363704,-0.1540702524860534,1.5724191131302478,0.03452762394238103,0.24555068324628387,0.016855759179471623,-0.1320956971057086,-0.24283414831783218,-1.2812465411598564,1.4506162801517377,-0.06922605828384328,0.45822614908476694,1.4431754832836259,-1.288520395204308,-0.9659994488503417,0.9869101131609964,-1.6756298607342448,-1.0972876309463921,0.19606573575769168,0.1169405561380953,1.156762208475771,-0.3214329963284239,-1.6641854597795624,0.4100588046807831,2.321596166655157,1.001026055171742,1.113979010928791,1.5315225599033018,-0.0371818937488438,-1.4773568250665243,-0.37910368628487606,-0.16519307310694775,-1.8517216469651476,-1.1754631109045055,0.5088544228569324,0.016467425465138054,0.1687097072856523,0.6526732432004947,1.31775094576304,0.058896711611703866,2.442023227338383,0.19662050755102511,0.8311238306729782,-1.2129584686815857,2.1342521311916647,0.02429160064257909,0.9136810303384869,0.38075449544096646,3.4235375742231975,0.31244849674536995,-0.8434046835181204,-0.10635128456975956,-1.7095338896768264,-0.5207311587890143,0.5763603757594351,-2.0310855058995103,-1.9380147177634248,1.379146598526097,-0.6981477327243367,-0.5865473804059941,-0.10924212408950836,0.5735908215524348,-1.1969440982000397,-0.23647124955684157,0
-0.903923477079098,-0.20076217673059812,-1.262302141084157,0.5248236839526991,-0.22222712217022952,-1.2600246596696196,-0.6352967451745624,-0.4167294232162465,0.7678854837229445,-0.137262227522618,-1.6299925573330358,1.0692241429052616,-0.5170780640522653,-0.2159029148103945,0.660241175700028,-0.43797793220604997,-0.3727336177707155,-0.3404411113403188,2.059644840345782,-0.13767333086342126,-0.4696175058656412,-1.5002089952529885,-1.80219438956479,-0.11160770578153056,0.2430361426293182,1.1819403766795513,-0.08987058629171288,0.7108075195413414,0.6050505084471924,-1.7330082344524342,0.35409819901319933,-0.09498008355320774,-1.2878935255649056,-0.6169506668217832,-0.24744452690499463,0.1293261874393711,-0.6111668102716766,-0.14544915674855632,-1.070608671371046,-1.0484945292218955,-0.278438747287237,0.2965758779140068,0.4552741865655447,-0.20548338160424587,-0.5618803705881468,-1.54361260718201,1.1613907214123311,-0.28442008701734733,0.07152355050955243,-0.9726147456269796,0.32665829373202426,0.9815855223139069,0.43870594890617226,-0.5082001194956884,-0.15417216766970887,0.9963894538581513,-0.19428540096867397,-1.054542713668336,-0.6770940278554197,0.44600586396821745,-0.4518573644503672,0.17370180559145576,0.07052450225702908,0.30904455021759963,0.3477272673679708,1.298761343917525,0.24670692689740575,-0.755077216541187,0.3330080375974298,0.2683245210190766,0.04109552199946686,1
-1.5393606074864257,-0.36454305997964376,0.025371526583345388,0.6968662296051396,-0.48272367924742515,0.9588047610406969,0.33173642604741,-0.008497431526184237,1.2189948207183974,0.5752993541179223,-0.5886061940965094,0.3006368406140983,0.839776163438519,0.3085359118731684,-0.23864185563584328,0.20217812891043638,-0.4154519757671184,-0.6621780052240497,-0.43961206425964067,-0.0821340007909048,-0.16609777876264403,1.1579223159163199,0.34229545003038786,-0.07902874603987284,-1.035974007559303,-0.8641615655207594,0.25233539132612487,-0.21633086052551964,0.17450950373777158,0.3839469207842348,0.5255012873067181,-0.2801485852890404,0.12055871370791295,0.13393192877679203,0.4988136977636594,-0.20183233096729367,-1.223866881387421,0.24976331209383698,-0.025175495221987188,-0.35830204616784994,-0.12597892594897503,-2.0370958329862785,-0.18071652925415488,0.8917448708691538,0.19844186156725507,0.2323012699623771,0.6871234697912657,-0.6871060853957341,0.09235328882172625,-0.4247377780232899,-0.567175695605525,-0.7286977193858769,0.010712713839984624,-0.07284361000426019,0.7520368339775957,-0.3538218652216878,-0.8996400285651376,0.15960241473054382,0.23133559708428136,-0.7622460908886775,0.22047685972325723,0.7336808394254257,0.23443381290012572,0.620638862921225,1.4739817387938863,-0.7151873340040142,-0.9507317797450214,0.9705983827865627,-0.40243377666676655,0.30282327418872124,-0.5520718141448305,1
0.3229524954300982,0.08154010100256649,-1.851136799622786,-1.3405034793825144,-0.9680223214363847,-1.6994992650246392,0.7827764117566395,-0.7487967338295523,-1.6381692942123167,-3.126840378954959,-1.2533004699784072,2.7277732637866414,0.3798298451479095,-1.1271069208219324,-0.4215800666757892,0.5399285819363713,0.038831946862344896,1.2881098246319909,4.82631705584454,-0.329649958899895,-1.219152082539755,0.43778342424071237,-1.2291191497308696,0.6551333656370798,-1.04376923783961,1.1006095721831857,-0.004422554066980359,0.1936087117476277,1.4796948102984975,-0.8157681070779991,-2.5771553984348894,-0.515463015526081,0.9201627368501033,-0.8424863581576953,1.0278935260403488,0.9363964794822471,-0.04745243300638268,-1.2290983105697955,-0.581886157285161,-0.12349039364966377,-1.6503415915251443,-0.5730808209882124,-0.7535677915972209,-3.102551720849848,0.2043240871687496,-0.7877173436292633,0.43785842328671104,0.21973329256184151,-0.202615972104839,1.4050078442046847,1.1477936339704555,-1.4846940392827384,0.5254255111986874,0.6499310180368715,-0.48019929147440266,-1.3549396687791586,0.03886413267477949,-1.2528126356654894,-0.37839059120718327,-1.5572728625649936,-0.1303292195350254,-0.7031036932304814,-1.3506714892472138,0.9015496145089779,-0.9880232351181132,1.7989132482321757,-0.9897612810615266,0.7075393151255064,-0.6454961179604223,-1.4102990051068607,0.44940714587204234,1
0.09346439236175352,-0.5616093648753436,-0.7969249489792888,3.530753107874878,-0.19525662590128792,0.0950060440131612,-0.12090701230441368,-1.1845840704752577,2.626056427151614,-0.4216181654230995,-0.010194379357505825,1.2205320735633471,-0.5470780768088733,-2.8317991666893394,1.7095417755592475,-0.7767147319244023,-1.2561032824485892,-0.731148812607426,-1.1141568608547194,-0.10335315732877105,0.3434948445140257,0.0989563586142929,-0.5688616986611114,0.07379155942711546,1.2411536438571276,1.6178753300886164,0.4305144179278048,0.7717185833868342,0.610971269843842,-0.8074962213052301,0.5785274196334367,0.595888920143608,-0.1802330126898177,0.8412571718934111,1.0069464922990443,0.8344700105174004,-0.38069495492043026,-0.8444123601715237,-0.42851304323757555,-1.722869322282336,-0.014492922264379877,-0.014949368609229298,-0.1975647059299878,1.5768137984523847,0.37311828589302215,-0.3247925398502413,0.9831950259638808,0.47884665113599156,-0.43865545861278427,-0.01452298504016666,-2.0172260155825614,-2.523712655472178,-0.3540587441244849,2.2161501163799167,-0.8111296581631288,1.2206311046078617,0.6145922231344318,-0.4729090204249111,-0.7562801726433854,-1.0504500249647968,1.4303770686056445,-2.692372858255551,-1.3365636356585855,0.04630427572238151,0.9759185409466039,0.37239874898252406,-0.9128361687179282,-0.8802583369478623,-1.8114751671616147,-0.3831802808463244,2.3953550274626663,1
-1.02209015821157,-0.8754028352382371,-1.0913949177467006,1.4642722877586591,2.5520960097810654,-1.44127912542825,2.213000305866743,-0.9825268145429016,-0.3605523284192382,0.03720271348830766,0.17453918595157972,-0.08001075459784338,0.7934045498811831,0.5641684500654942,1.6812469329039665,0.44312671311962354,1.0005842655159671,-1.695935867189654,0.7015356233895439,0.16338167901226472,0.7592366497090602,0.5733543491861323,-1.0379036933938874,-0.6142505231271986,0.33629324885001,-0.28658579307964654,1.8672821932808612,-0.07150543255133267,0.6344401472376062,-2.9235008799936435,1.0456037171520092,0.4747228033921848,1.0399824251424201,-0.25853557876572836,-1.391166143548822,-1.7316326310782686,-1.8627714555071833,0.47453300217963984,0.18567433208280654,0.061655006732627075,0.27129289879457996,0.1049720815273858,2.5763811701570467,0.8091612270713662,-0.20821262033938442,-0.3274046410612999,2.1577529771029433,-1.3507044638808967,0.2961561369394135,-0.399814631361357,0.32533411063350687,0.8671868570076869,1.26179675967696,-0.6143033318687842,-0.005513489076821332,-0.043577910881955395,0.6610496541168857,-0.934156102155702,-0.19432809434500992,0.7374734094968263,-0.6827355434310394,0.7193688132923312,1.0115697247635769,-0.46887490300568807,-1.722874080481497,1.4100804075440796,-0.21013730402346378,2.121438600058946,-0.3877758950107039,0.09909061136788444,0.3546530328448904,1
-0.5647132401909923,0.677896610755108,0.7671527352134987,-0.2417904990580131,1.7924530700851444,0.5277038922803923,1.6632436206370635,-0.6986355818400859,-0.4703112570026163,0.7653662067024157,-0.1072624060216303,0.23070925725726468,1.181084805543686,0.2900116143944826,-0.4161461576246697,0.25632312480622155,0.7332060016247112,-0.5250819313767818,0.6852626888359088,0.5898475447882356,-0.5274735903579834,1.094962720395759,-0.443175643793804,-1.762767474713877,-0.6342263819349976,-0.4800687615022142,-0.6882057645353276,-0.30176262515893487,-0.11191310972136598,0.572915185025059,-1.1114425073288015,-0.3585640213715159,-1.294999966295128,-1.272069697057443,0.44607716636715494,-0.7251874526457721,-0.5836333673802699,0.7686804133165964,-0.5947483985851496,0.6805551313318818,-0.17359103226966074,0.6563521876959849,1.2642220210945043,1.8031350324766364,0.4988429386926069,1.1142454353743034,-0.05051984225461898,0.6883968237112721,0.8031646585034615,0.28255427472293904,-0.6800741682763827,1.036106184811261,0.036058198481803645,-0.42486120846459735,-1.7163040340573246,0.27135787781993653,-1.3885404474092835,-0.05859473131511698,0.5644527368655025,0.5682520558270313,-0.17476182141838656,0.3183876115788639,0.037458345142477936,-0.2801009460683491,0.3487160666590153,1.5355110950706796,0.5796241221708213,1.0039048259538597,0.11132046044506119,-0.06714575575838652,-1.4133716172621535,0
1.1380916638179102,0.15840173274032404,-2.0411057533385817,-0.09887246023148057,2.0785563775332974,1.73562483060808,1.2362947160530655,-1.0574039688253918,0.3412416864864804,-0.9849198561072552,-0.01193301497450155,0.027999251789583637,1.0196138767060714,0.5237781071257683,-0.2331668990642073,-0.0007725917796032956,-0.2363109164825288,-0.8032742890623688,0.5618811045553249,-1.0470031167358815,-0.7107011873352008,0.4433536909330895,-0.43789172831706746,1.3909302650371667,0.30186112144909816,0.2536769750888185,-1.9193118574311905,-2.103076322174548,0.1122429047719339,0.1943041153499207,-0.7070830246738695,-0.4040759621627467,0.46535865697346623,-1.2329458432063443,-0.20288649624407493,-0.5183962735816289,0.06488649813059759,-2.4132703960493322,-3.6756660463852735,-2.7147560360685983,-0.04287655179301124,0.34098205880797017,-0.4717577467058325,1.3463398967315319,0.15017986940793246,-2.430381727713168,-0.36596159521526667,2.0496775336481203,-0.5729442159225391,0.12455222226885036,0.6023063931572418,0.6834808918938214,1.583476063578389,-0.9374474898519941,0.1777771911620344,-1.4602786741891265,1.9351279407403286,-0.15468255724585395,0.4817959989417242,1.9547571127217036,2.10838130861066,0.6500867093834327,-2.6371225833481535,-0.372184910033365,-1.0624259786764294,-0.41772535351967177,1.621024127193139,1.5453191448649226,0.04696644307810042,-1.896412410152888,-0.7064211246258543,0
1.1499421507149832,0.6315851207379228,2.769054398766862,-0.6785367302452724,-1.1937847749263124,-0.8695036656175089,-0.380527354430889,0.27113604839604355,-0.5552703850035194,-0.47298771985877797,0.5168485564606248,0.153536510940896,-0.6676621458589558,-1.2430701404106834,1.7484018690241316,-0.23542474636032218,-1.221207444781878,-1.0823330944824205,-0.43949252570958014,-0.32164141184636735,-0.525518325145191,0.5202927259118894,1.9978995605988665,-1.4416104855031922,-1.2337124924647975,0.5011577089030191,-0.3961805272886543,0.1316395938642599,-0.025675619861065677,1.3456722908435585,0.04418129208599613,-0.4220261523382016,-1.0731277806433914,0.3053768841188754,0.8267356193355002,0.19213385019175241,0.10366147214855745,0.8793273434999672,0.9190291770323106,1.0160242004188387,0.5275240121690989,0.9278109870541696,-0.08177578337490134,0.2221689721133809,0.010560210243038968,-0.8817841328358502,-1.2908649908864065,-1.8888511943838209,-0.9987175967393283,0.9653746397997613,-1.7010897989422378,0.5419515245707924,-0.025577166501071055,-0.5221796538360917,-0.0744221294292758,-1.2040927684364566,0.16508048314040147,0.7339741837237581,-0.8101104985282203,-0.7653989822871388,0.2554581184180273,-2.099071226435613,0.17364947405495956,-0.6865831297276196,-0.691943021673754,-1.2678741764080026,-0.9767523419547645,-0.5416895896306255,-0.9895410919786862,-0.2969017665941824,0.33099151192668635,0
-0.2281921494863428,-0.9923639061403501,-0.3568674843994378,0.8199179424209974,-0.13679934264227622,0.15181673187425274,1.5359824151510797,0.4266526132888888,0.31890630319314267,-0.2929282252683964,0.5865398999885078,0.05410851395106268,-0.41816026537018647,-1.5737647533884387,0.6217834584372535,1.4286030866875448,-0.9293125929258813,0.15295281834820557,0.6397807514452889,-0.8693148349242701,-0.07230630751916908,-0.5165155470504881,0.230444141687323,-0.2703775723543437,0.5658975192435998,-0.8497483499115231,0.33865726055121853,-1.355970051820339,-0.13892552520673576,1.0409347646798819,1.5485681753417728,-0.47020502981567364,1.160828223562678,-0.03209112257270299,1.166579438335526,0.8941681617482935,0.7671742801935683,0.3515796826142775,-0.6509443220464801,-2.1141127245075215,1.111876542744452,-1.6688248562847043,-0.45863341242396655,1.1946869750839895,-0.40440018204475486,-0.29820948538374836,1.6056311373829548,1.0483327004619507,0.3789275737503095,0.5441614220481252,-0.006074861642434576,-1.7565814321288074,-0.30604070664288224,0.23811396854650432,0.5205406291649421,0.08256886373393671,0.4839334807955058,1.2688258278011677,-0.424955964600317,-0.17328101953823719,-0.7994860893107646,-0.8753993960891064,-1.05103858623325,-0.7909663909186955,0.6718532480758205,-0.2453939203892156,-1.6240646874341491,-0.10339873004152407,-0.622874658629652,-0.6801763054483555,1.2030649541191438,1
1.4274614973438378,0.5986014872328572,-0.0032832601070674535,-0.6530181409671313,0.7966580421318294,0.5353928968581053,0.29006422077222727,0.28734953735839663,0.8175118208337802,1.0128412487937628,0.10443692261220128,-0.8574653642250825,-0.5382199404949,1.421238185766085,0.8256110373882677,-1.8430610716448532,0.5318480615226272,-1.7931252711934256,0.09606376960954784,1.21852273932158,-1.8159934671555973,-1.2982655881094565,-0.5116927638762211,1.186526525036007,-0.7723168478369274,1.7499321543874908,-0.24400989144744564,0.6592700890602103,2.3154936969562656,1.213608205537566,0.6955087630192427,1.467365870636299,-0.26475479502472754,-1.0437583814344054,0.8921127351400765,0.005771983400689524,-1.4318147396379484,0.7469407368814883,1.1775652530161156,-1.506985961928787,-0.07964153347946729,0.22393073072829345,0.12227328448107581,0.15097851029977638,0.4649834657557296,-0.6449031589201426,0.4330056096125593,-1.5160019752226677,-1.450644815694969,2.376192447412234,0.69034874601282,-0.2334907111827925,0.02689546751204321,1.9776066429402348,1.3529355787336028,0.8863532347249072,1.6537439302858454,-0.8486506328431901,0.4932974287364066,1.0682546073066799,1.6065806320524727,-0.4090235226812597,-0.7183633307105498,-0.45351711616402895,2.0799259001661703,-0.9586018489946424,0.6095145446314809,-1.5677994188696425,-0.12337554113529124,-0.24498851030260685,1.6570225350583625,0
-0.9751690640545265,-0.3165817858968971,0.7062083702831414,1.2471182531331189,-0.673941973110028,1.1295843120406561,-0.41555157208293453,0.0038419938907964224,0.8784338889372678,0.05175727153126203,0.4449342038041173,-0.7962957872134165,0.7155099508016453,-0.02279592042245108,-1.5056090318189244,-0.9563072476164631,-1.4191302094310765,-1.3771395723849902,-2.2874553951125165,-1.523660215935385,1.0882873666419406,1.1718757968613918,1.093887260709704,-0.9902133755867709,-0.9221375384682513,0.08822830516992858,-1.4116602046548676,1.6430987530842223,-0.7525872932448783,0.685660462453491,1.1393557856274477,-0.9671013310063675,-2.2746799591498728,1.7251936024441452,0.2138357392572577,-1.2860234268224888,0.6570923454656493,0.3706355814442126,1.0570540530415395,1.1676544406856832,0.28639254565633937,-0.14928994876915896,-0.35971825258988177,0.7859872405046687,-0.856950163410821,1.0170197595874049,-2.071679671160772,0.20644369067638899,1.09426675590687,0.8972464114016705,-0.8166198879396359,-1.5344291481068697,0.14859358282776997,-1.2437948762188695,0.7283758203742694,-1.3316308505802097,-0.30842874107084317,1.5570743656263215,-0.6079544016790438,-0.8016082770077523,-0.4405066676935077,0.9173208083551744,0.3688923760097778,-0.24315825941846558,0.638269801233103,-0.4800554089892435,-1.0335854583985034,-0.9220542266900781,-0.9599839735968989,0.42998554602515804,0.5029346872912162,0
0.35421328421449566,-0.8466014064714757,0.01871080741231615,0.43797998385566417,-0.4615829437088301,-1.3659044640633395,-0.49112031468552836,0.23309367281348242,0.8243198289248663,-0.8731483121967096,-0.022209789627793866,0.9180658096185831,-0.6285746201634062,0.5110212814132882,-1.1872578852779954,1.0813042850877215,-0.3834028742258533,0.48400634658261776,-0.24752598381905966,-0.4780073452253846,1.1334137585490374,0.6600852138863449,0.7290074839884408,0.4873289552059572,1.0877325466360295,-0.7222112516000263,-0.8859688192515095,-0.4699456898528313,-0.7709923512313434,1.0079492818071534,-0.2716170747575285,-0.7769235141699584,0.3013432189978822,2.8696393126613082,-2.1428900619158973,-0.22769336012068842,-0.707006700939014,2.6087123328064292,0.8350667262550603,0.24663911727327653,-0.03845571705791521,1.4044613684274458,0.0812150180598062,0.5081429401242309,1.3604998995672355,0.2282840539360356,0.1523467559802438,-1.2498180192607335,-0.12835340451605237,-2.1973479255784585,0.19118492211584762,-0.06369802108351096,1.3665434030807626,1.0850734670167328,0.07714550273505756,-1.087974689209006,-0.3851010628171076,1.0577970349029195,-0.07375718172429424,-1.128568165777946,-0.5556461818572859,0.12695781785135765,0.4028157268970049,-1.7278130395306959,-0.4550423122714153,-0.10422155583153205,1.1160901900762812,-0.39478611061199853,0.8640597298288895,0.008039565473435706,0.2819345360609082,1
-1.3108819482484595,-0.6528294444987077,-0.04990213057294392,0.47378428511237275,0.28284036088842884,1.0501800136817565,0.8421367962506856,-0.5968427621580031,0.9298065697830338,-0.5320561318853602,-0.8542748445863306,1.7238079064841356,1.5898842680106597,-0.1600790418798537,0.15829318487968408,0.1138194074037908,-0.3598370080126196,-0.3806785902484815,0.4793324570684993,-1.1171444312655376,0.6124018968843649,-0.4068420798355783,1.6229952811279307,-0.37512192926688465,0.5633884043190004,-0.7617217494276073,-0.0061663150777771306,1.374598046627432,0.4236603265447072,0.06315858456808736,-0.1285801572720661,0.07528076831063102,0.3338296201883932,-1.3966326589627123,-0.5224338754107681,-1.1808856057072283,-0.7413409777130012,-0.09298869326979724,-1.6641017174214605,-0.14745687411592795,-1.264591734910494,-1.6796604069639909,1.232877619984524,0.40851971014378985,0.17263696957138666,0.4240253509741243,1.052093259882203,-0.6190177744773449,-0.9327586604168615,-0.8824154050210976,-0.6180763441542043,1.1676823754953096,0.5967071055205957,-0.13896595456681718,0.23597888147024687,-1.077159529371089,-0.3863224493722247,0.5334407031252845,-1.0252037206211932,-0.40361249361442963,0.14163300296646217,0.8668630034839971,-1.474536460464357,0.5894301468351366,-0.1943077549732997,1.904638987815867,0.7964087558443084,0.5030244301666977,-1.1876958562952888,0.7906559341924149,0.3006107583935386,1
-0.26784761929123757,1.649857039379298,-1.0119211607945189,0.8718533578675387,-0.8924275234610441,0.647811153923119,0.45783617220131073,-0.5791461402808071,-1.6577965524621976,0.18640413353036525,1.7793454021068076,-1.4238790431115946,-0.07520700036131044,-1.1398673265347918,-1.55427817229216,1.311709301131293,1.1094467698899324,0.6927632583252338,-1.1378286891661709,0.7800973933534945,1.3053029888564778,0.27461785786718673,-1.7600514271763934,-1.9078213341437658,0.011270904880575732,-0.33095984986874616,1.8786970601249984,0.8152843241909568,-1.630214004782399,0.5177729806200542,-0.26312386892249484,-0.898433575262868,-0.06916752627071349,-0.200806099854604,-0.17799706642963742,-1.686684307281124,-0.3239662597460867,-0.42671344033422226,1.1611039898753428,0.5305309929398037,1.6283217017348441,0.22431301482492716,-1.0965003967280957,1.037180898533798,-0.6779437565613068,-0.5616291987388626,-0.9342644636907736,1.2290572321977244,-1.31992829036743,-1.252980020804873,-1.110140863638663,-0.6666093767316734,-0.2334734905939692,-2.0952705009485006,0.7415255737506269,0.26506109163623687,-1.2270612856448975,0.40449018087554245,-0.8531254381682227,-0.4000362044192319,-0.6565142164040491,1.1172832637499142,0.7391483373882933,-0.3401064925707228,-0.7736805901848752,-0.21679287414093176,-1.7856498655402846,0.7629298852499534,1.2904277608196808,-1.5644839863866051,-0.9674925832473644,1
0.19049930860418265,2.084404257344157,-0.40265939553741464,0.02832452396005255,1.4109919367894364,0.1896703994094882,0.6769843236696319,-1.7831853550612573,1.205433091878815,-1.1471229560425635,-1.0702897174230508,-0.2855019095904525,0.009000517435244765,1.7797467596627503,-0.7625284780487163,-2.037956081066984,0.4476304229979909,-0.8552105943065978,3.065316106410576,1.3039915127516921,0.029406402955939704,0.02770642419123649,0.6195069413848769,1.0417385373886163,0.40960579874557984,1.9134763419165945,-0.2828143259720965,-0.17981340294950332,0.42331524701968554,0.614485108594983,-0.3902265187643985,0.5671931587036422,-1.6544283180613604,0.12863935838227372,1.144397801561071,0.7842544850938132,0.23246945770852642,-0.9285536899013517,-0.5292256795395058,-1.7437008044659366,1.3506466290042014,-0.023422025932989938,-1.3985026305918937,1.24128862348453,0.5313422630969541,-0.441666205341507,0.5037399598249405,0.7327620937412844,-0.6236517989559657,1.113117115553742,-0.7977187770346252,0.20144371390454827,-0.8758274806368422,0.24526063160746694,0.8153419081943781,0.8425361015995474,-0.7313077654553257,-2.158362000013104,1.2140457451466486,-0.811671561099821,-0.3357972301210806,-0.21009577008465613,-2.2511228320866183,-0.31646297071779633,0.42702036711147817,1.1445002709230414,2.1879203093019415,0.7759807242865726,1.6050282458345615,-0.0671467743140816,-0.5572994178039584,0
1.3855047221241164,-0.9304825919260257,-0.11701440097761469,1.657468318067136,-0.1895087831180218,-0.32583977485023385,0.6883424572809321,-1.3560063297766347,-0.11872592363284815,0.08569693144073758,-0.5585382053499034,0.16089736048892578,-0.44081817745353563,-0.7620661894389346,0.5997141670652889,2.214149746492749,1.1126701996373898,-0.9752369364487852,0.16767764702664628,-0.1588681297836623,1.1407856193995873,-0.17520639709783437,-1.6609103799622733,0.049512548760214124,0.5382464005097017,-0.9359392006946372,1.4292477453420833,-0.5442734622790975,0.23979930873668567,1.1094223236380703,-0.7552795013527001,0.5117333637962016,1.3815578290276769,0.9120023671511581,-0.18434035467419838,0.40645402539497777,0.920203075318654,0.07209017972914389,1.2189086723058251,-1.8273458428923361,0.9057733883330883,-0.8766378549095362,-0.5487801077849094,-0.017198079107043882,0.38610377435054416,-0.8806657815390138,1.6063567360823967,0.06999255124148077,1.7968353336320926,0.5221451468202789,1.6257316658535255,-0.887125533887236,-2.139238073893523,0.8414695577671445,1.5356358577250602,0.8754485452282913,-1.2706938535903396,1.2187815789443188,-0.7146320072422471,-1.3776976429608696,-0.9039843366079564,-0.5509724276482677,-0.6389427888809167,-1.1924512504786133,1.413721073442636,-0.8809865982085149,-0.5904656280381207,0.44031799884185197,0.12035305693628026,-1.5980394489875076,1.1099226958801511,1
-1.0749644836339152,-0.5617322779415242,-2.0704215461186037,0.9249323121588631,-2.0322347474801523,-0.6168013514471914,1.3291266482835435,-0.9628334659998586,1.7679514989050618,-2.3773586751348965,0.9733881096251666,0.6162629070776643,-0.2341956418497461,-2.103626240470886,-0.6535325905268143,0.12868059649502436,0.3070913026747624,0.8858749005000541,-1.0852102710668985,0.2709317860409303,0.7161568725067434,0.6264993209497247,-0.1895674999066481,1.5655220631427107,-0.16490202682951866,1.682401855186221,-0.9769807275759675,0.8451756579982995,0.9327379920917368,-0.556632484958384,-0.8307936434597396,-0.9615638493774409,-0.17722418895357958,0.6026002719992639,-1.1409917799004299,-0.7100098119580368,2.6757389556409223,-0.9371737561592034,-0.5516527609436619,0.08801573428763575,-1.063217994299364,-0.9438828279604301,-1.6068166539815318,-1.2805441395957178,-1.7081228705082878,-1.6700836661716936,-1.1078649872520325,-0.864303587593044,0.800646566496862,0.9518452421668198,-0.06769298707157162,-1.698558656852607,0.4083958787848188,-0.7730863590874438,0.8561702773665791,-1.5236202692759673,0.9723967825124675,0.7842286699365358,0.09557720876159043,-1.5388746028141607,-0.1475863329969973,0.7273518709319501,-1.9431915496605137,1.3163887708430635,0.1678174512111355,-1.2543312830766071,-1.6383597256520142,-1.345102924767959,1.1377714155784098,-1.692099656480952,-1.2506800696814786,0
-1.3984001187018429,0.32513429643268077,0.6279804564946567,1.0943091617576228,1.6393415843574162,0.4762804223895117,-0.35710670065042754,-0.5943285266831131,-1.3076351432327804,1.0868376985763104,-0.6586091045366531,0.8239157568342536,0.13620961400966977,0.3906923312700962,2.8440325710565046,-1.328961241164993,0.8460332176161154,1.2252523793051315,0.5678530050845355,0.3477799085155346,0.5132479659824544,2.1885175913023613,-0.7836685584743549,2.3859831718787343,0.7058338113215481,-0.22114127418227386,-0.9689559943360674,1.251082239994595,-0.4170453044738729,1.9736861039991989,0.29694651379325027,1.2153624499946507,-0.17229433131062272,-1.4444491737788132,0.28921971978729505,-0.2336698000079958,0.8028298661116902,-0.49199975066604673,-1.0042537181812177,-1.0693626471920223,-0.03659351738152735,-0.05128792542651162,2.324597270019148,-1.438449427663178,-0.7708597483839134,0.8762634559514999,-0.4657679383099697,1.0791072419243906,-1.5485541542076002,0.6342544668677336,-0.28676654037284993,1.0690904995618804,0.057335447807994294,0.8040689314868077,-1.5293019273479642,1.6275805618876906,0.2752847259698083,0.12046619670395764,0.946516365348161,1.0095535791979184,-2.512754318299928,0.542062597543787,-1.0904690555842667,-0.7675642609517959,0.7473858781274858,-1.4981432738165203,0.6320774180735683,-0.33933036738297995,-0.9054717999801132,-1.1804473688096717,1.145291000826171,0
-0.7909101900458622,-0.6210511963439168,1.0048667562571896,-0.6303404155382641,-0.2193667415317941,-0.4225763322333571,-0.11108724264251996,0.6193611784765047,-0.33086099301419825,-0.9292080528876467,-0.5729188762288895,-0.22838722627268598,-0.2872563781903171,-1.0683769424421854,-1.4434518285418854,0.03874498535542575,0.5663046882406778,0.809772142237167,0.2569963413639361,1.656113457669527,-1.5324141006752288,-0.4553511058495624,2.2801296675772953,-0.5528682017305964,-2.049296373460411,0.2253162641634825,-1.0126797956099243,-0.6968173087221939,1.2925008408007082,-0.35444809665169486,-0.6797164073523313,0.04099218640525669,-1.1537598620019196,-0.5593763265240244,-1.4569772795746536,-1.2764309307064627,1.9002240883127077,0.35467171931315133,-0.4959893886430378,-1.1297690338198612,0.6977494422400402,-0.5592819905937719,-2.0787095756515965,-0.6016248180928898,-0.0406122844457375,-1.4642517680813951,-1.086378850788845,-0.41737678699291797,1.4310331504835234,0.6365071838377093,1.7961307888462812,1.0404762192946946,-0.5482024015010614,1.1559808711118373,1.2586339459639877,0.4325663998614839,0.49762949378611143,-0.9682532790147137,2.1803711051418495,0.1956744919791329,2.621573609898192,0.7053510942466039,1.1374265374867951,-0.11247418048663294,-1.5066726695777442,-0.41366335635104123,-1.060284526365351,1.087957357341374,0.36904162852549915,0.6679968199773206,-0.6369264986920153,0
-0.5899603110636032,-0.11828544794295313,-0.2818971246786264,-0.9658165093458855,1.0008163901368445,0.42586379293904253,-0.18557949116733635,0.7329145704208392,0.6626165650522955,1.4906264214678937,1.8724841530293563,0.9502191936975765,0.7593890096784708,1.9218875329940122,0.8786516836942897,-0.9124455572908893,1.5506068748661312,0.9699370038688582,0.998740689565531,-0.43686375685017753,-1.356442086139678,0.5041009575701167,1.1662318529437894,-0.5096702154587605,0.44358405956926905,-0.02247228738432013,0.17964902686335169,0.9026889531885008,-1.3433900277343884,0.11186604720897793,0.1764283289978481,2.1986294797038792,-0.05441452234639061,0.7956784026767688,0.36736789283747806,0.690032032160551,-0.5372365757127252,0.44990477979597676,-0.9098140731269139,-0.6681898989391337,-0.7152444540482285,-0.7485848423326232,0.1978716242404132,0.5113080215254736,0.9657109710621699,-0.26199727888569246,-1.2896958990294776,1.38772882811123,-0.12978847549019784,1.4633717614550505,-0.6325862157190573,2.2149817144879926,-0.44455810793713696,0.1896781236337395,0.8608659441134128,2.422492383411773,0.47839931912820194,0.30553650565602275,0.6324584900260916,0.28700648121086064,-0.3846607629031908,-0.8247262542150855,-1.991794283220418,-0.8550005448039105,-0.5292552955420065,-0.7167930670913432,0.22689056335310595,0.06628478603013044,0.49541466872630924,-0.27875956847018,-1.046977523005799,0
-0.14731441499509715,-0.7659887358660088,0.9644521651785125,-0.13320183097164576,0.9095564347495202,0.044928250687973216,-0.7306496468275687,0.30654107261142993,0.3223386047563607,-0.3320434387316212,-1.9272336793059583,0.8783783608848773,0.9182761883609437,-2.0983019726868175,-0.5282192857054703,0.7023200555673157,0.19082413978169296,0.3980426103370012,-2.483347851251264,0.9274908220514322,-0.8672751871951682,-1.460479276534983,0.12959281510912718,-1.5393888323549356,0.10031425417413774,-0.6937448761581717,0.9962962992480028,-1.2981847902472918,0.6626723904452888,0.20802574001406537,0.6234714152436901,-0.312658959253501,0.5921342504267041,0.12422952985350552,-0.6693424286985343,0.5330227921975891,-0.9568702170939375,0.056791336362210364,-1.3727387802156046,-1.254357217182109,0.8182670157481222,-0.15794419665217613,-0.38659560950016136,0.08218381467268653,-0.8469272710671302,0.03804934899239575,2.0300999969723654,0.8940853601452113,-1.277621325625479,0.32009637439773175,-1.4466390680991592,-0.9828761003800203,-0.5473352163651841,-0.31377272558271846,0.687436177537743,-0.037187516433306186,0.2832943676778377,-0.6253164799180682,0.780464980062617,2.253410537797048,-0.6510376426351083,0.6564739136164308,1.4328761777696293,0.1827739406294977,0.20937153611795184,2.469332454352198,-0.21836746474122132,-0.36417399622089647,-0.26560690311848933,0.13958057211862834,-1.3502203049130423,1
0.4438499847072183,0.1330359013269156,-0.37972605078418353,1.3118686770194985,1.5379029027342455,0.04086981083364949,-0.25904189050708504,-1.31217374826556,-0.706112886227881,-1.199376423480885,1.107558535131774,0.6474992876657533,0.09375496974234403,-0.9437620252823551,0.17361048097927867,0.3394833904106895,-1.1691582586010163,-1.3584744696378839,-0.7264526534210979,-0.19006959302892937,1.5155365298916743,-0.16244359233186337,-0.6980271158017718,-0.7513531146402328,0.6084474812110064,0.6436632809882606,-0.22201732902036686,0.5491560435668797,-0.3328583440157004,-1.6271477024232515,-1.3738204796085698,0.44695055224752217,-0.7948838345474898,-0.08641003567048622,-1.943336869052624,0.5150723611180197,-0.08009093910416867,-0.365514944399779,0.6808202561069897,-1.8796898770593267,0.1412800907919646,-0.06709503215226988,-0.8725604810617186,1.0869233767972568,-0.006314054555974542,-1.982138734088753,-0.6543329782055682,-0.2471143167461995,-0.3135138986966256,-0.33088089279641614,1.3429101898214668,0.7620500756020193,0.17410484264916318,0.14706061431255985,0.5386431285558352,-0.8167278930249899,-0.4752841400516563,-0.19268100263549548,0.5062889303396887,-0.25971967106635846,-0.7708185668073413,1.0532699691648157,-0.9274289750460654,-1.7237160133546678,-0.5796665707233416,-0.25272355316536205,-0.3766791874789446,1.3219980682639874,-0.08163437030249511,0.6870183248038657,-1.3074117502580154,1
1.0783334914924938,-0.6980027923888565,-0.0780438609097154,0.12476117135129891,1.3915418300303728,-0.8217347748084776,1.4791156143678141,-0.504512781906606,0.1734534812645586,1.4162237487807559,1.5905660456280075,0.5812363560426398,-1.0403711623223932,-0.7363887401254632,1.1174522308606307,-0.299797020406295,0.09461473508700896,-0.7646608067681608,-0.6820133981137705,0.6453393094913222,-0.537720282056982,0.14207825612452582,-0.8831149287121959,-0.3851302905486703,0.6107189152017863,0.7970253802333158,-0.6133960094527761,0.3321156966648906,-0.11253158702285918,-1.2097743811784964,-0.4198374376375733,1.6433130033532903,1.7946051668203837,1.8212627976516778,1.2707638719245553,1.2476771412824128,-0.13331357152023818,-1.9077783085544986,-0.22496775998112675,1.0888610840871544,-1.5182929164304302,-1.1939436051584362,0.8610470187448083,0.5770434666106974,1.3718288040934077,1.6094565897027193,-0.1577735725469079,-0.8601481765761269,1.089320306857237,-0.04233611350523334,0.4288839810468743,2.3616661070838765,-0.33289604200429973,0.4016162771100923,-0.4988781786628175,-0.4131902074879586,-0.024603808900430936,-1.5963924566682643,0.011648278124338569,-0.8936292250375955,-0.3058618443240992,-0.5948537154076011,-0.8794928172028319,-0.19653287185745325,-0.033554350639478876,-1.6419659218409892,0.9290642939461596,1.202935166748516,-2.461447099400204,1.0957880084569422,0.5379798928614729,0
1.083523203192125,-0.1920628259290257,0.5904187376898221,0.04791801701238286,-0.6756632864835617,0.9775528296608876,0.10491311661373055,-0.9274088010700667,-0.5546152184630505,-0.16987875521451554,-0.5667735836252272,-1.988198459400375,-1.188836421916358,0.04484677455072387,-0.14477797545059473,0.27086407709063764,-0.42801442264137896,-0.4322719889532997,-1.4316326041546137,-0.42888063084983324,-0.10563701632112388,-0.26637185928138696,-0.836429026435482,-0.19022275452206272,-0.44626446802856834,1.4760775782328255,-1.0559771511931586,0.3445907812525562,0.20249694027027643,2.3377861426443918,2.403214698218451,-0.03237415001181195,-0.2984116085055284,1.8296847298499284,2.4007875005239208,-0.9589458928909914,0.7165232117773533,0.30297596236933727,-0.37968159472891033,0.8223250606798731,-0.18518429817293589,-1.0380639478666762,0.25854653329744154,-0.09139143120678271,-0.6016444375424149,-0.4107824893446019,-0.7933918361404197,-1.0365258123490455,0.7897014472688971,0.45252997870492156,-1.243283750455043,-1.4561251555560335,-0.003255310444270085,-1.0612206869229743,0.5768526420248594,-1.3178235708025707,0.21581243439728942,0.5544244485382573,0.23956824863224033,-0.7018418851523865,-0.36645721229808087,-1.401331518048076,0.052041243251527786,-0.26550256625545887,-0.5324257766247943,-0.4484012806155316,-0.1000411813790222,-0.5264724061084088,-1.2744224628891334,-0.1105491843326295,1.047924610829389,0
2.0795392339982905,0.7052512366048896,0.5060517612757147,-0.862140262423033,0.8428121972680926,-0.7298476272407517,-1.7600035007495793,1.19702262618696,0.21706111152804797,0.40233307996018286,0.026819290340698583,-1.5701271580426202,-1.0494861921668404,1.3233584205928974,2.3939496131579996,0.2778849596768333,0.7885756398032581,-0.4640135493494905,-1.5402221634729862,0.1435204697650317,0.6348392795556462,-2.165473553448927,-0.5444641890594955,1.2351022955401572,1.634612998042109,1.0819655360431235,1.2736215840348077,-1.3598752073298361,0.6113550746828426,-0.10885666756999755,1.3876958472340484,1.1298121988187992,0.9275249099729076,-1.106883084940079,-1.082340104889465,-1.0096363159494997,-0.7357254333245199,-0.33583676064026946,0.6370953603963384,-0.9082955230427395,1.1484861401457893,0.5065396828313604,-1.4674275334115168,0.6777308356960063,-0.6838548625083539,-1.117846804984029,1.1069433946199811,-0.39594968415709864,0.3458884626312783,0.44648368672098443,1.8527754694984906,0.8882196769938507,-1.0693777645725868,0.3891806760135829,1.0052668734453396,1.1846397363087824,0.45282885927770683,-0.3251211754899451,-0.38505321739299286,0.7761105466145031,-1.5133943572028385,1.1062163484887992,1.893819211385972,1.180303780642742,1.938578141565413,-0.7907982273091984,1.1090272523060691,-1.6302709321630762,0.47520711607714683,1.0793833729783064,0.0188042584317332,0
0.4347133390531657,1.3910145998115877,-1.2882653834523252,-2.0199982914990198,-1.629818960376341,1.306767506048493,-0.2107979911849088,0.39882038297965344,-0.6712208249629711,-0.0697277298529359,-0.06262861327612201,0.29100542947758773,0.9244260509572628,-1.0832267502096966,-1.2759673055582974,0.6414125498234343,0.6251655885935972,-0.2820828266787683,1.8025924861515152,-0.7765932004799853,-0.7956921092280335,-1.6683277242294845,-1.6170273832915145,0.09730790817626145,-1.7596325065271665,-0.889574042311882,-0.7803209917558702,-1.41255029375709,1.0907673485919456,0.8300289982472424,-1.5567308564956797,-1.4694733401817577,-1.854150858386929,0.10456766488461279,-0.6987231461208108,1.1147427876474467,-0.6229389287679367,0.19739164052290625,0.0018642134067505729,0.7622273945096988,-1.6065432803187052,-0.43014630518732916,-0.7965776390138122,-1.6952020707273956,-1.1491192768002572,-1.2987207048031346,0.05496056197214296,1.3614151118116382,1.1787061619787267,0.2500673250736252,0.14823668799654913,-0.0566803160850687,0.19154505084001913,1.3754561420844678,0.06920083710177903,-1.494620550968927,-0.08304948665040846,-0.3137970502242389,0.5551000956368572,-0.2664088733549176,0.9804473328286952,0.9419135584250551,-0.5220229289992184,0.975748747585373,0.2888973297112879,-0.1444526566091115,-1.633997791365542,0.039435412086250704,1.434149786956236,0.3609780907723689,0.5769219462903132,0
-0.15625287705211183,1.063105406937603,-0.4828583827492167,-0.8860203100463253,0.8322910972435427,-0.6161570839324737,0.6844870104179005,-0.0382976930601655,0.3317728847550954,-0.5312315711272082,-0.899239451610006,-0.28445911093171183,-0.23518803859878112,0.5761885130940116,-0.3119670422314276,-0.08086834577158282,1.11374468074435,0.43817468601137477,0.4105404952181332,-0.1810974599377674,-0.6750981273232679,0.6668863210692862,0.5285677213623825,-0.1298192937654353,0.3281185072417337,-0.2237639418401705,-1.8182667491877365,-0.8313812592808307,0.15865020918548486,0.49577377664188543,-0.19825662045244954,-0.3869929659655848,0.6620616212953168,-0.4339551915858893,0.09569252576537578,-0.08022653619548341,0.9190241198950554,-0.2949707558530836,-1.9275771521993361,-0.7150019009283608,-0.8378589872976107,0.4940166520554277,-0.1908461294354961,0.1370008021961779,0.4646429553088772,-0.9449362578021779,-0.9248579527958846,0.42059751798753653,0.8696795652285093,-0.7625403966840166,0.9147588199911237,0.5087807957131343,0.6830062102144777,0.4345160896226684,0.023503843109941296,0.11055900684263834,0.19827361626551285,-0.34775247486822347,0.8833722296412486,0.5908131608083873,-0.24815962010973047,0.28994040808776156,0.12291341489408962,1.801057483721658,-1.5480359892425957,0.31567377631932403,0.6167734697280245,0.7497883085827725,0.40805426349925655,-0.594610093069328,-1.0156367388503864,0
-0.13879878435385598,-1.10034352322963,-0.2014831531723813,1.0282632311542461,-0.4782270320497433,1.3577926512358387,1.1475203393258457,0.06315194788071563,0.31787285387552194,0.26607616526880945,0.5036993185930448,0.055363065165474214,-0.3803439153213648,0.16710225288993313,0.9307448461908663,0.44972352681692046,-1.1939399349391668,-0.8953835530963374,-0.9796838689156234,-0.5958013140503509,0.4539132227800362,-0.7053036163119325,-0.32931893150064356,0.09623042646611275,-0.034590121829152005,-0.1156997832212367,0.7452348815716607,-0.14605207763444975,0.18689730703030316,1.208814781173059,1.277108116926563,-0.15861758534040382,1.6103309279018987,-0.4853511088425165,0.4280851019897862,0.2109024195107285,0.3537748791027531,1.5789574194904101,0.04815911940509541,-1.1664651355609255,0.6815632247982817,-0.17666327650512173,0.2380335589415951,0.23983420056141228,-0.3589628713497447,-0.1553312392183069,0.9786729666087245,-0.5500293848504181,0.20308549494160097,-1.3172093119904043,-0.29039117992745006,-1.0406609738104848,0.047119995647668465,0.17573470706912572,1.3419009772512136,0.46856968173873437,0.6889343513526592,1.1541276594122492,-0.14506058844367467,-0.5152367962190205,1.8430520593982345,0.07399705820303842,-0.7382380963148039,0.8224671049100059,1.0771331233059664,0.6522485641828066,0.28096920904993217,-1.6294562320170949,0.4864673051349323,-0.3392995363444864,0.7970001469710206,1
-0.2565196143963315,-0.8760952191047071,-0.05118583777241118,0.0164236384392683,0.2885189590267535,-0.30250832381112663,0.08281160811101708,0.5639468586504781,-1.1819704398900406,0.7663897091288926,1.3930538291583834,-0.8953836568971931,-0.3747223409399962,0.009557466956208351,-0.06080221432957436,0.9055133691110863,0.141995645337843,0.132233544414243,-0.9558013101398909,1.4956261911432984,-1.4857110366347814,-1.9091432659115217,0.00467722312530211,-0.5984495788792683,0.033853229964274,1.2846017542927983,-0.7248149913622576,0.6116750489361255,-1.255582236030363,-2.199487467777384,-0.8844267514372753,-0.4017087218659478,-1.132736246826516,1.4371839549529504,-0.022476685275493787,0.5260279749186956,0.570061849721575,1.5259125318639761,-0.30131569945068565,0.337699902580917,-0.40823367772608765,0.9658115489213981,1.3337164040167078,-0.40365732663988624,-1.1985915120068709,1.3270312852621973,-0.20371492312466227,0.41328655428987565,-1.6111676087468678,0.13340875044069497,-0.24120922089006877,1.6488499956001716,0.8577354760894234,-0.7781784178004466,-1.3029820148782814,0.5396402465359258,1.9961582044845292,-0.4721942374512879,0.5367546457411926,2.384014157372826,1.3084399856785762,0.859540036916637,0.10114847691610612,0.7319871561916319,-0.5422637726427301,-1.3309275147754347,-0.26102329293551,-2.0011182646357453,-0.1428317484802313,-0.7370518682541138,-1.3749564254174846,1
-1.4513857307876874,-0.32755036470422993,0.9208644579672712,0.06580961962133233,-0.4661159252762129,-0.7393696774465995,-0.004741330344889435,0.18139321176579623,0.22652185167934216,-1.4497023829022888,1.053749283033517,0.5304024200426292,0.8317022605042322,-0.2743856309931565,1.5823926896457565,0.23147127312390312,-0.3215068763943636,-0.7808564416136796,1.3884704756645905,-1.3500211711099934,1.2635861944194506,-0.17223394130417774,0.7069183104672861,1.2157843236163952,-0.6577109093231656,-0.780521610231143,0.3631235242990971,0.7807127493591183,1.2792933904576664,-1.3995817456770903,-1.2721165368970735,-0.7280757007303168,0.6598903011463895,1.5947232602107084,-1.2033239424433841,0.2961008945746392,0.9858163548864506,1.2038575748724336,-0.8839402873455157,-1.1090471375303583,-1.227167959072576,0.01772556094694567,-0.46069541553347837,-1.1412136153344699,0.18715904665971123,1.4872205496390662,0.8047623657364529,-1.555038907036553,1.1645848716006475,-0.43298677984902867,-1.4273433298840825,-0.2424753766696876,0.6477857712453354,1.356163125299316,1.0287285172771112,-0.7893403879261768,1.6656017243742989,0.29453227739356463,0.5159161830368085,2.08625306976821,-1.074062365568329,-0.5955983697660207,-1.2982233196043718,0.46994610058816305,-0.5302143707364727,0.8619483214636183,-1.3265358818282937,0.25088991483832096,-1.0326958443020557,-1.6827902810450843,-0.21815969285136672,1
1.7330297117305562,1.882782585529758,0.6308421705166583,0.6391217468498255,-0.48582668115016625,0.5913115288104758,-1.5681253624273648,-0.3200593283652717,-1.111965091697436,-0.7610592816102124,0.7164871090472925,-2.9050249787447178,-1.2479379241955957,-0.6875474608891999,-1.8759306556420217,1.0333270817335052,-0.9336905769129072,-0.1147166994340558,-1.404471059419327,1.1725061943157116,0.23984721735901776,-0.8134769647305523,-0.7107143157249897,-1.7904150726891481,0.40817512100099007,-0.3849471483326842,0.8033304860826502,0.052156267051009626,-0.13494911224948322,-0.41657567684794844,0.46644547902436045,0.9102926730472124,0.7368686567953988,1.6472499680722976,0.44517674161417303,-1.4782386629779478,0.9949439865587827,-0.23552092144120426,1.105271571300337,-1.230487292884315,0.8126806459714436,1.8854946187825241,-1.7719944892585844,0.004468267389834807,0.749703172305784,-1.3422959713275529,-2.1313636511228324,1.1492983573733542,-1.5915106973500086,-0.5426291818423945,0.8782035776817492,0.5750772767656587,0.623005409513131,-0.06186282840121697,0.5391545173082457,-0.7118723916765932,0.6042426638307146,0.6088903377528453,-0.38254683081591573,-0.09027496743673162,1.5624289987870852,-1.8080752366861303,1.1453353651872435,-2.02366655814608,-1.5478960463040057,-1.306857674638255,-0.49463025811920935,1.405745292723214,0.19147952824009554,-0.7990515548568187,-0.16041677482394856,1
-0.46617216135596173,0.12395580887273014,0.34830627653488433,0.5801724546581707,1.4290167954850073,0.9800075005440184,-0.5728305304257887,0.5361493331701294,-0.2741287171410981,0.5350453000848556,-0.9838798777724851,0.01744162969739053,0.787456203668964,0.7107325195130413,-0.24533931342079496,-0.31490711387074594,0.9963759870730369,-0.9371850269622689,0.073808914906295,2.686054477239476,-0.306948229676562,-0.16936441554605636,1.6097054241469897,-0.978704530013868,-0.05107450041123599,-0.30973172004126764,1.4036843275040711,-1.2101498492271248,0.312226127160957,0.4370045506466407,0.6098242838056985,0.5077485000015535,0.9516862466254095,0.2528304187119834,0.6728069333714906,-0.10932962509032339,-1.564213997237138,0.42124559079286067,0.15926319950621995,-1.3814158641318608,0.32690977406794397,-0.9226529068342603,-0.223083826886871,0.4774513319079514,-0.0003527274522600576,0.48044875274718984,0.9790050189088102,-0.3159256214821588,-0.7269141409338857,0.8873327163800084,0.9584790846026319,0.9052976731708394,0.4260189957475514,-0.6548673195839595,0.16186157985951918,0.9351549784572958,-0.5805628778375853,-0.49499518800511233,-0.8588161575819908,0.9461118246614013,0.39041815804512553,-0.002872629383400709,-0.09036481738141844,0.02134724627733427,-0.2557590405699918,-1.1525163555424678,0.5455580007099596,0.22713231715068913,0.40790891660207534,-1.1701996646847788,-0.6328139330105502,0
1.1711697079372738,0.6138222005001805,-1.7010100458031663,-1.717831619930576,-0.5113860270022057,-1.3493961617296673,-0.10729531615295011,-1.902175035587341,1.0336016011608298,0.10918413558141739,0.2213198865134611,0.5554509580216627,0.5676853178111918,-0.6966291280805456,-0.9043047843379292,-0.6838555154933303,0.8908350619894755,0.5465278553537004,1.6555497379373074,-1.01707967324434,0.49180862134582387,1.1812924761387702,-0.3481330587995523,1.4769710638974665,0.8876806543628781,-0.11370101078725144,0.45767410977282486,0.020722653185029933,0.19097726387435912,-0.07985781289514902,0.36000721597837004,0.7420511311036239,0.03437724694876352,0.17507389999439868,-1.014199526336958,0.8198330083141387,-0.8456740515307049,-0.7242659243698382,0.16503176630439037,0.9515888743594207,0.5069804091513154,0.6730673176655977,-1.6696679547883193,0.3052074823490217,0.5381986944991122,-0.8590866010517417,-0.5126805949309632,0.20230697834753017,-1.485499536235732,0.8579416824161519,1.0526368940157935,1.0686316196639933,-0.17984868733421255,-0.6937183992434268,0.5403459417582391,-0.34563761720536096,0.022391996027206644,-1.3940969442774644,-0.910663306237909,-2.69107287696384e-05,-1.495920311123982,-2.3328144806020585,0.5690218171887406,-0.4741348303042521,-0.8035492452407651,-1.9472926430742041,-0.5160317063154822,1.613805513342542,0.3450219176138848,1.542350791056126,1.5482584621920927,1
-1.2682320485259637,-1.2705259310743768,-0.5165602294934699,1.3239039058314646,-2.1513025179511414,0.12746758499517707,0.053818275504948235,-1.09875195661903,0.4643443235537099,0.09337480317205016,1.9478599203858629,-1.163696641306583,-0.17783708654813318,-1.669042864979624,-0.589068238277739,0.19149779616494064,-0.04135698088871891,0.5537632418451812,-0.31524245109318033,-0.40412324502976743,1.2282231695756791,0.6176610213429453,-1.7258199546522772,-0.6135405838045613,-0.27112810504143287,-0.8389715881367158,2.225906509642369,0.4404996047189682,-0.49740046329070414,1.7804211467344113,0.16750774481814212,-0.777295362672044,-0.0015030405871801333,-0.03172938274835562,-0.38650356336568015,0.5750117594836586,0.04782980864369555,-0.02049570749610295,1.6579836876826226,0.007486472766466722,-0.3473530836056104,-1.8262910622290511,-0.6756326537762345,0.7873685985803619,0.47807514963138426,-1.4937971587450145,-0.7285677090291182,0.03080076613048621,2.600876965834179,-1.3680832781085792,-0.015264285560478725,-1.790600421416239,-0.7304212708526148,1.2929195536781908,-0.9299965652672448,0.9255919852237773,-1.620287423744851,1.7839639720551579,-0.5006141414258931,-1.211633192869125,-0.41413795887707583,-0.4410862331059081,-0.42610478940424534,-0.9126845997633359,0.9084783742030539,0.24827194914722592,-2.3446694652190514,0.9225663206717264,-0.5460586993623044,-0.7945673910272039,1.0730914209080176,1
-0.68093860053756,1.2043700244419113,0.9347394836850106,-0.8125736936169438,0.271902000870721,0.9041114634275892,-0.6139119846553523,-1.7278514460380527,-1.8060319616367433,-2.018138046520187,-0.13827395621802913,-1.1185719482985361,-0.8845277642909567,-1.1530777585470031,-1.6188311528692234,-0.030822771949255257,1.4775692558249087,1.1053090256572629,1.053510483684126,-0.7727678722230348,-0.6945667705180754,1.1860680264646277,0.9136480627027788,-0.6448146367642513,-1.3611303433465471,-1.109577161947932,-1.8807886604177084,1.3053371750014875,-0.14940965532027214,-0.5132166432965373,0.3345661634051723,1.0870609494262258,1.7710214142771734,-2.3480192532936313,2.141269289829347,0.4648022504912537,1.5572967103235622,-0.024073618096988693,-1.0959693354830715,0.5714035175696245,-1.0342517190160665,-0.9383946139487171,0.7955620837316631,0.7150018677770473,-1.890373495417912,0.7166392729264127,-0.4830516791056426,0.12059933002754993,1.5981547350644898,0.25031229781870884,0.868117334893705,-0.5409708961842442,2.351349011812715,2.2542986753744594,1.3854996455051078,-1.5935330730914838,1.6294319979887233,-0.02749054130066148,0.5560024464662414,-0.6337204305130476,-1.1403259947017157,0.28366868069495405,-0.3035655785312925,0.9695172725679835,0.6108706262136248,0.3193069753745219,1.1731117890189477,1.1680334463974789,-1.2444785397417326,-1.9638659798802103,-1.1606346967293735,0
0.340950991634257,-0.2950909155641034,-0.43838459780048844,-0.8571403763259021,-1.502165929392965,0.10667283603656544,-1.041838533075238,-1.3741699995720003,-0.5692048074123895,-0.6656917860132784,1.2186827106191895,1.227455749251845,0.2683071464444172,-0.11452277830402921,0.528169543983208,0.3551095690187521,-1.38375476105537,-0.4823024217743419,0.485363203175736,-0.8376937911438949,-0.812834578538845,-0.5870252183094756,-0.5381551073596512,2.6903831712334645,-1.1111505381977884,-0.2720250349671767,-1.022392415350644,1.264978079008693,0.7820409047156501,0.6399680373838041,-0.042957292279099946,0.22976972634161466,-0.44309564139352525,2.473363678384581,0.197874788043611,0.07943963882929732,0.563624161812631,-0.6481856254436663,-1.0219052979795744,0.32340103999343145,-0.39151018441528174,0.5873508701166148,0.772653083100389,-1.0938782649057217,0.333430861916489,-0.05329747747572928,-0.4005278401522823,-0.7474707345104581,0.7941455119422576,-0.22116799169083332,-0.0012584470697034025,-0.12163066225839972,1.074329828219334,-0.8217748759501223,-0.5342528704204508,0.5080257812828415,1.348454080959218,-0.2195202542762548,0.7635633505739889,0.05691414950073594,0.22835354949695386,0.17508567427623387,-0.9154132112612523,0.46542559947849776,-0.07622862206251443,-0.20613953444794253,1.5797963388106289,-0.39295118226957493,-0.6583044505730162,-0.0028989443137405306,1.1903570451007737,1
0.3635203203077241,-1.8488963894549895,-0.7273406784443633,-0.3507412988795641,-0.1654147487701398,0.08158658923815466,-0.8407868644256609,-0.25865865403548943,-0.18985607609839014,-1.0707111698284768,1.2034618797860612,2.13361144081105,1.1565537245156987,-0.778022014785428,-0.6113788663155006,-1.2168285608550053,-1.18793450123549,-0.9016160788614818,0.6460003943706387,-0.09868171243654264,-0.22286352071758905,-0.38869892281998314,-0.2511986637586184,1.1223854351744964,-0.68715622266391,-0.274793581484017,-1.207096336856203,0.5401666905346273,-0.18416892998935408,0.06468646764308474,-0.568538672651815,-0.33982128236475095,0.395577947150974,0.8887071467494633,-0.30364251654629065,0.305044164649378,-0.5270252193912531,-0.6919210298442104,-0.5295483710594406,-0.4275994628963944,-0.8448610295977865,-0.4299734335880841,0.7546970822592451,-0.4254556950843187,1.1844372928666145,0.6494969566290315,-0.039144798599011175,-0.7071034293928327,-1.0413463356342478,0.5988428347474786,-0.393421487687134,-1.6348740232345036,-0.36903031490147714,0.1757422669746773,0.4961388454999465,-1.3354576843840458,1.8629007868853675,-1.5831358900841996,0.5532063152096972,0.8545483916054349,-0.9505020361936221,0.03903320551487774,-1.2028084059374764,1.0728000196019452,-1.873113505271521,0.2012980466184343,-0.6428722341151479,-0.05361158571957171,-0.9298441650117004,-1.584427589187495,-0.8392043847487158,1
-0.0994242707098235,-1.8511525026711353,-0.6268867485041313,-1.3116904477578364,-0.5088290815660398,-0.41061991368675643,0.3711495678364948,-0.45411423050633154,-1.0949108954263307,-1.392388898372509,-0.22078330894012932,-0.5341197603933551,0.4899055954566409,-0.5899971279552253,0.6165441357094159,0.3836312540095273,-1.1483492724189461,1.2796073035224025,1.8685732004976325,-1.5329802650706215,-0.8132198155410344,0.19000372182707448,1.118073581164403,2.429919319583323,-1.2857011126745597,-0.5622768170930246,-1.5977229933287265,0.5131394766555532,0.07549058500835225,-1.750169398065417,0.7788502461157237,0.638288874352087,0.7255620033293062,-0.5193261443838985,0.950892771784972,0.1553757038938308,0.018567324758538773,-1.752477346471016,-2.323305283840074,-0.1797612086257558,-0.5911154072503603,0.9548154403692486,0.6477878092680815,-1.5742142704569513,-0.41665743776546715,1.1627567902919185,1.186913853248345,-0.7421463752196737,1.0669323924977863,0.6247186674290527,0.07284355474803018,-0.33595732001794143,1.3058479113289392,-0.18827963604839865,-0.38051900672378264,-0.5896937590177839,3.0723803918834345,-0.4078855725560246,-0.48526193484394253,0.5205825368102853,1.4633595323072728,-0.4016096652108381,-0.4614734390219461,0.4778827014302981,-0.8253875618104229,0.5466938815036739,1.4559252022223483,-0.012717559253327083,-0.22622908207760217,0.04880387480005903,0.2039509126129575,1
0.09740653394751661,-0.9218539624796913,-0.9762378385939139,-0.03269333458938151,0.6726690803724857,-1.0507913529980903,1.1865457019137244,0.6761076765778421,-1.633539595600077,0.31459220741458466,-0.41612255034858514,1.015479474165152,-1.4170498082199183,1.257580753280211,-0.031507423171876416,-1.362916297857425,-0.8884433676997696,0.28025643304454184,-0.01771615482449227,1.3580342972164214,-0.7256407647587875,-1.0566958414991168,0.7036597559828666,2.6590606603640317,0.4526212764220654,-0.15176855868762829,0.5902945317043954,-0.2400286600972211,-0.6110261788361246,-0.7804919457790978,1.6293523283524942,-1.5686355991739256,2.1326792247566946,0.46841376844949484,0.31036511769338865,0.5144103528895005,0.8698982613534496,-0.2424628927245465,-0.5188096524674423,0.5029465259291509,-0.7701828114177397,-0.6020836716332557,-0.09427546268692011,0.9911703456711908,0.6755724689062347,0.5390897252057185,0.8527087903737129,0.5142081085658974,-1.4044440610635218,-0.9497058248375702,-0.04059955199378463,1.2109175537087453,-0.9380071603052851,0.4572139742337664,-0.4955391645075563,-0.06835933536596943,0.28397332545730025,-1.4567764299669046,-1.3622446478295054,0.7154845541449614,1.2439377050792713,1.1423384322005088,0.4923711877455141,0.9094606961991322,-0.5732984864584045,-1.3878541199106056,0.16635936859735778,-1.3567151205601227,-0.5533194364338423,-0.2191545507875495,2.6383457604049805,0
-0.4983142694102216,-0.8394646918992618,-1.0853405691914786,0.24062141519246372,2.3181416213235,-1.1740433593749566,1.2827748712798124,-1.4166209554744014,-0.5397620398345778,0.31396079062046345,-0.8276259623718254,1.3232680215151749,0.9139364219374047,-0.3921881191921732,-1.0745774033939435,-0.019818600872911422,-0.5086592657455985,-1.2764259136487879,-0.901619713247735,-0.5922541987069188,-0.9370790725136112,0.3758378536861515,0.37150834326405613,-0.2368029639625018,0.02000821247557653,0.35516592535878616,-3.1117721486794063,0.11525980002798518,-0.3246093860955042,-1.1532461860481034,0.6750611196414813,-1.2023939266082346,0.15880518662530846,1.2216046033167673,-0.13526838285733117,-0.4447993690590983,2.009002571265954,-0.20366045025502227,-2.2437963234301526,-0.6055324090308005,1.7347443485103815,-0.626679622429603,-1.2804939498941619,1.7470374652258631,-0.018858873880218056,-0.9270523881672416,-1.1667524153207098,1.801827188253313,-0.9828806133364661,0.14161378803642327,0.24239909931157289,0.979207009643679,0.9536969065608801,-0.5902877949991097,-1.3998854449961577,1.5574309444428387,0.6245189200577876,-1.5491813473317635,1.8401621270333246,1.6374697071774917,0.9611886017728339,0.7900266663476808,0.5860501509118103,0.41194754393230626,-1.8057498086542116,-0.05637698022852096,-1.3915669909596637,0.8264545197011554,-0.6828787470458407,1.1503517622922226,0.40709527872726564,0
-1.0435219766412729,-0.8829131967451305,1.1115412581159732,0.024866883399073423,-0.27538498526008265,-0.7012964209785527,-0.5254192963138675,0.9122149899074765,1.0327095189879258,1.419264541302092,0.10562740057974884,1.9193287010016227,2.965497181705401,0.7387420282938807,0.9583050245561587,0.1342632183911597,0.6390031988064275,-1.7434633458992799,-1.0784275411451527,1.4190404288489336,0.05572835219326867,0.2725626611567605,0.02600210898064222,-1.570409571918126,-0.6979282734741735,-2.10988413844585,0.3674031036048783,1.2731887641012969,1.6053435739448618,0.10575402864295697,-0.42595543874956543,0.4202846785935438,-0.954218004965828,-0.5550694053784448,-0.7243986609439739,-1.2032652406870528,-0.977977165040851,-1.310992880628607,0.19143305167214483,-0.5418722718000253,0.7699547158780055,-1.9456254553329595,-0.7568188769216962,-0.4216542775617085,0.7853221431001963,1.4434872601916937,1.4058482383880369,-1.7515019027217944,0.1378876354301078,-0.3502050313951291,0.08812186754950588,0.7315764665690431,-9.530852789840963e-05,0.39685441984135983,0.8373278523679374,0.2663902488512453,-1.5790908522787808,-0.038393944151962976,-0.6204294105023868,0.3484096500169214,-0.25069818531362936,-0.3841327295580321,0.5368485335631668,1.5853590398807413,1.3131520329392579,1.34580112785733,-0.10172155479526938,0.47227340747168756,0.11972016826429312,0.912581292952772,-0.008229438069055114,1
-0.35966483893730006,-1.5565942289333918,1.9617631229933847,-0.843742658910047,1.1107666225317603,-0.6209347849672546,-0.6685727101193322,0.30503073086386506,-2.286141021002246,0.14205692085166832,-1.246879814122018,-0.1416471952403867,-0.16884156205353903,1.2833463542102392,0.8823116882875323,-2.467777476661505,-1.3881997606021719,0.15824977403330456,0.5645589716779925,0.26111555741036885,0.6787025567242313,-1.1903451769755418,0.9020107518261745,1.4984578564833941,-0.008002000069483746,0.2883027587923391,-0.39178805830298763,0.09518098292641719,-1.096815925639868,0.10131762913652878,1.3094152176221892,-1.2974069780829536,-1.0650355899076631,0.03512008282804236,-1.1415387646551958,0.0216807068779869,-0.6020964673923875,0.9304508250300243,-0.2387924116183457,0.8590399801547434,-0.8728373080801096,0.6428970395251906,0.29086577771884775,0.7677773920459795,0.6307310260312892,-0.22389166450302575,-0.49560736866597227,-0.8018383402776205,0.2687198430769431,-0.06363388441543089,0.13009557701319474,2.7392580043150314,-1.1531817289825927,2.4766775363003593,0.26336125406159516,0.029275870007601127,0.4381567899126336,-1.3114869759070162,0.8540783545521975,1.1693784797019455,-1.6515345137552107,0.9235431758690273,1.603343772241835,1.8079907149790821,-0.10733588457816705,-0.3472677340470689,-1.2628718345683916,-1.753616060962505,-0.9721348597317694,-0.18709383075482006,0.8432797377437785,0
1.2807461478927127,0.7947671646304562,-0.6970246404337772,-0.34458844291255536,-0.3059672033454333,0.7434482728407608,0.32720113405343065,-1.1911044098139054,-0.9163168046960427,0.6666161966645688,2.7824124888995083,-1.2669377734428258,0.48612906908114956,0.15086839130668128,-1.374369239548162,0.7172905589831434,-0.67351045865516,1.1158427132295077,-0.869096361185987,-1.0471634280521052,0.7763083628742818,-0.2232861780484861,-1.0286383241449253,-0.709055696234406,0.2937074413869498,-1.89235407916762,-0.5618885395318348,0.21340325552377465,-2.6334675743001976,0.11375418222653398,-0.2670742337688325,-0.13583053627991273,-0.5836120985981589,-0.8089232401469265,0.0893601213491405,0.42446733898402467,-1.1583301046566072,1.033066316727417,1.6090781805776135,1.6083194610897986,0.615477846181666,-0.303448185056794,-1.0123723408202387,1.0513562148618154,0.671593307649842,0.5494423188073609,-1.7166643326798017,0.0815037102473063,-0.3561754838883153,0.29007823106238523,-1.1348279001739212,0.2562636699194385,-0.9955078643766986,0.9302568038557182,0.34760887009257907,-0.3032107042165528,-1.0510902004798999,1.2896231928418864,-1.6559431937033335,-0.5977255343514846,-0.6494918625757552,0.06959313980874933,0.007337862785866704,-1.6889469259511585,-1.496333793807009,0.40871152058312604,-0.7730436433095973,0.32558895689412726,0.7170927013032703,-1.0990916511072626,0.2106116303179477,1
1.0193931122346838,0.7194880265211917,1.5249218542593732,-0.7920200554418423,1.5522051689309997,-1.0464796164894594,-0.48983818153876485,-0.4998335887538079,0.5278268812553382,0.13488522712892267,-0.7019521485944519,0.25992445053105356,-0.4796757357758917,0.7626315365638558,1.4238318427152408,-0.17547436685287254,0.10167356452153112,-1.5292427814121787,1.11443900550179,0.9094129470955592,-1.1657467933082697,0.7960390216566301,-1.2922217218376193,-0.33851264559545907,0.14027585211069224,0.3868201755843203,0.6024231428403665,-0.7231150850163047,1.625971392139004,0.19214837984903235,-0.3096262118699,0.8046770815838091,1.3406792261163798,0.24336904591921737,0.8537844807916662,-0.11521238069976922,-0.18656059629499386,-0.848373581283128,-0.4422647433705922,0.24508858408118056,-1.2481590546308412,-0.011460058939746911,0.14960527528799497,2.0051993983387835,1.9239340633587052,0.49181951958010917,0.459917665630005,-1.7291167537238399,0.939179522429867,1.288800891671139,-0.6083855561970294,0.7496701632753779,-0.18054060007691672,1.2188062053882878,0.9416779226820384,0.27401469637380116,-0.8003418381581728,-1.5374352139872434,1.450166681387966,0.702933779327851,0.02935111352119499,-0.4528286658478041,0.28461311939287426,0.5707457136081465,0.316607006267127,0.569711562855141,-0.09497936275601697,0.8375326153626238,0.5942147164983688,-0.6179196323299428,-1.1734822056440668,0
2.084359829285434,-0.991136474822554,-0.35115947801950365,-1.5241790161714186,-0.28358321117404633,-0.35672555138516504,-0.9068959572532843,1.4821997715481703,0.824583546620296,0.7264965517809139,-0.9757786545127421,0.2341760417998011,2.961506109258494,0.5117582956034343,-1.4721309260536841,2.085463400883132,1.4527551616120142,-0.8955808474617285,-1.4644066721120366,0.5393183018757396,-1.5624097766682823,-1.0292442583463093,-0.1688813065665314,0.20487442800234162,1.340537079144994,-2.4326146764376957,0.9036107103693962,-1.4616175108853078,-0.20277443062002787,1.0745059124829743,1.2616997847482716,-0.3428627159373516,-0.2671389645111193,-0.364853272085645,-0.7157735723554859,-1.285694479119754,-2.545684063127884,-1.0817134587757933,-2.094276956771997,0.22706203161948357,-0.6624304894170361,-0.20998535474001168,-2.1030475146677747,-1.285201095844237,1.9937321215512425,1.2865474344757244,3.319273172588708,0.6839175640783284,-2.265352764949037,-0.2269532272900383,-3.014274885036406,-0.8735102419531663,0.37572300955730764,1.4156499622593948,0.6252112103678236,-0.7686223507744727,1.5263487148144175,-0.09124274384990037,-1.1422982373124229,2.0009852334218725,1.5328825681546354,-0.5489819441267726,0.7438839521847457,-0.30041848246667585,-2.3578553373288513,-0.24643754910889734,1.8514989939660975,0.6267499798440332,1.6691778636079655,1.5613120324248222,-0.9938758952448039,1
1.1566259054809611,-0.736184049409679,0.7167956526147741,1.7290194840522244,1.1575528533437616,0.9307713748045817,-0.9693723727007646,-1.6132898548292196,-0.4920979182070804,-0.6951168640597678,0.24643440059801713,-0.15983831272355067,0.8081225293005462,-1.448452262257888,1.592923124464772,0.993732003119585,-1.1642257865175942,-1.2069057263873668,-0.8649272828059472,0.11141162835224054,0.5541782145625467,0.057316555044764135,-0.7842463582789998,-0.09416482862648963,0.9577533046138255,0.23328785512083094,-1.1423431235297283,0.6303587919090817,-0.0022358326460000426,-1.3249427065145596,-1.075136917276066,1.3191710944831458,0.3453860304543899,1.3812111770692763,0.9106458397304806,-0.09800511428209632,0.6518231042719714,-1.376606576460435,-0.670238278288451,-1.0885113811602984,0.9924277497664704,0.33148944789981655,0.17235187749640413,1.306733755991692,0.023431394548449194,1.9290775799826396,0.11767995405640874,-0.6682146397223907,-0.3820904023393852,0.5753796468660342,0.7869541398371387,0.428728552237699,0.3295160842717983,1.1849747947897806,2.3346023545789065,0.2835036802598362,0.045511554911032134,-1.0248083765586005,-0.6281452791157105,-0.46641367150702984,0.7461932137595633,-0.11849082495550257,0.024428211831444637,1.0334332652694345,0.549038713084031,0.7643330920175728,0.22789259645221396,0.08864477384760815,-1.9904532115105815,0.4177587823198116,0.3425754820855683,1
1.316459977290266,-1.125421519623359,0.40672691864760163,0.1246594071551076,1.5727197944485782,-1.4921508411965865,0.4628206307367322,-0.4483813624067031,-0.24159125009428242,-1.248935210199229,-0.2737046538083659,-0.08724564675551653,0.04764027249454082,0.05873100019308672,-0.1661493116315748,-0.028005644122111793,0.028814442331627086,-1.8497413853025482,-0.7314246976345233,-0.7949986242571657,0.7033673010707321,-0.417140689680208,0.596278604828011,0.13549018355829623,0.5859688234338423,1.9221083850603118,-0.6754320466063797,-2.8578814524762044,1.0849016998206624,0.002217496784603787,1.3265261420023227,-1.1026624110784715,0.618112042756482,1.1407975685471736,0.29045857132118663,0.6631652934105763,0.9459597933114557,-1.0117802069397486,-0.8824384043322678,-0.9482227313579998,-0.9458735817476301,-0.3500496525837245,-0.8315451541298216,0.9259584424179373,-0.9242393286997599,-0.23688470031698175,1.1740665461201907,-0.22087545348377188,-0.43527608521336625,-0.04226889213600354,1.3560288793570061,0.3938686565406107,-0.15368356351720078,0.3610276027767915,0.6000005979061495,-0.6901786132244008,-0.30868661967005795,-0.8413070366994381,-0.28622035818480895,0.29510692069643985,-1.093785512259595,-0.7878573655994242,-0.07317653128235112,1.7171920433764465,2.299276750796305,0.267273135207759,0.009319257380228528,-0.3708864445821988,-0.8487296938743276,1.3070533599316512,0.7312642901587502,0
0.5792008768776901,-1.6024163154071014,1.634492294877052,-1.109576590945904,-0.16144903946471317,-1.9905872088755852,-1.8957415865040737,1.3668922361848614,-1.6340049003083243,0.8659783162153231,-2.3146383234296044,-1.5549717034354225,-1.4009293460794063,1.179642812632226,0.9759704731877636,0.37906942372683566,-0.9103234800319218,0.7909219610629674,-1.7228398641335074,1.0149883808459734,1.0361710745665607,-0.7053297748895045,-0.8094720393090681,1.217686516269146,0.630398284745577,0.4914558815528256,0.7613014687946269,-1.047785896640223,-0.28096488796890157,0.6177819610544864,0.5417747133428004,-2.2342503951353962,0.4362099192042092,-1.2519195536313714,-1.429806694253994,-0.7724587358426382,0.7339438128530269,0.2719012526608724,0.8923608253612013,0.8574897189950278,0.270350728416607,-0.9858880822604711,-0.6165453450741337,0.791945843139008,-1.3407689631720072,-1.0787012831934346,0.7405828009450303,-0.04943735897873214,0.3463821282710763,-1.2101868193224163,1.3618694417240713,1.076987695757075,-0.319003192221428,0.2520363632317179,-0.7339109426369503,-0.8872485889273132,-0.8479530965286706,0.38036736104614616,-0.22152956089697012,2.3544182409487617,0.24656877084145468,1.0449548261922132,3.1167680719388473,1.105246936911201,1.6231251452202804,-1.494698742104102,-0.04006461878252387,-2.0521857608722613,0.9569689865660259,1.0725745332427117,1.1380930383860564,0
-0.39592394279690396,-0.7006968782161473,-0.49259279397216044,-1.6461420860665097,-0.7084562354859654,-1.9535235603815213,-1.460078264812869,0.9100724417854923,2.447821353542389,0.08200806451225601,-1.275952668283756,1.6990151117873176,1.4259224712115441,1.2884954255696013,0.3291594174831693,-1.196006734274606,0.9138754746494048,1.9048166072981112,-0.8576030638211538,-1.8006779612680295,-1.1222626846630255,0.4418810020756522,-1.4163427323037996,-0.10416254569040315,0.9739314334710323,-2.0712604660492095,0.11760351364624266,0.0781125002805771,0.18946425689372792,2.240885826763135,-0.08962646048604243,0.5659948350222521,-0.8422048406140992,-0.022862318944362373,-3.1112559585653603,0.18552935234497647,-0.08866526465371376,0.41745491736886364,-1.628605313758491,0.09054734480661414,-0.6317607959400791,0.8140934484448599,-1.7889000046442765,-1.7849036180941418,1.4645562115376705,-0.7380679100058368,-2.091194666944345,0.8097466058741349,0.47359167434818417,-0.28887274651673506,-0.5209909519534892,0.970552516534163,1.559578941315779,1.4273972574373097,0.6335866534978202,-0.932235307438857,-0.32157479651635373,1.3708290596100796,0.6592291435313818,-0.09620684441537868,1.3983309275227311,0.9963188861512179,0.666778203948084,-0.7763602500889711,-2.435387554994817,1.8836258634614143,0.018334152078926053,-0.020360727366762477,0.6711592873667005,0.4967159735607532,0.10163762228117333,1
-0.4582728132022792,2.856698547584245,0.6835023349325643,1.222479303922483,1.5139469029916566,0.9873005597326888,1.0931993557076707,0.6746684630249868,-0.7475976999149502,1.5284713547062323,-0.5360782575238884,-0.04426887713601604,0.29106069177890154,0.5457685326135407,-0.07584685903232878,-0.279987732463183,2.1168120288666623,-0.7135833623965088,2.1105235409212186,-0.08903913905254318,-0.3909043516425545,2.3581396352854074,0.44848269073257946,-0.9443054524889386,-0.5725504247268626,0.09529670220125219,0.7983204227484013,-0.3957597542922213,-0.4468227410302815,0.740876077040459,0.1423550667818614,1.7057027157236622,0.5015000767968731,-1.2209126042485263,2.306141828258035,0.37636286348586717,-0.5081416009755452,-0.8814515345178991,-0.26402352043782534,-2.0712430639283004,0.8826967806460752,0.78592603813786,0.6301824304263764,-0.7267001587814177,-0.36788666267540876,2.1349741944212703,0.4390528560701847,1.1547960076505561,-0.039687728550821644,1.2781303739216265,-0.7311462145002179,2.127497832512436,-0.35415085736968577,-0.04670764799473027,-1.1868498189699144,1.8689818456236589,-0.6026162426934624,-1.002010181090438,-0.5327437072453224,-0.7326568938442877,0.18217214743330837,-0.07238536928394153,-1.342770383104074,-0.6094873586557698,1.5052845012616192,-0.9447152168886619,0.00042712774826768194,1.1931347777982404,1.3514554662163192,-1.628698366142613,0.17489503413624208,0
0.5645014127220195,0.5903641742012588,1.8810440904089643,0.25337377197425753,-0.6631072701355814,-0.544749022735114,0.13782815147876798,-0.10219349789889716,0.3815692653979819,0.610047512673839,-0.062240450451668504,1.1233234327740613,0.26197402100569595,-0.6036615253430487,0.5323513460978474,-0.023531317580574234,-0.8984426883838187,-1.8863025372238749,1.0181040335255522,0.4493492022423694,0.8836698709662698,0.46248591283424406,-0.07205008367971344,0.04925638654798073,-1.2579136425126864,0.23017361903549335,0.9438265207150934,-1.2108364932442277,0.2829821657674897,0.41048705505610256,-0.07076298960967728,-0.36046222540237405,-0.46236365029047577,0.25049360605335474,0.2936725944523792,0.9065543635158828,-0.2439415566658222,-0.8700594535770348,0.8069195257040888,1.0857950848279958,1.980127951056614,-0.35630925585396384,0.29350759934056153,-1.4554054524316,0.040331000597090355,0.13996228919469447,1.450609635958567,-1.237055197413857,-0.7341165372639259,-1.4503022050779704,-1.2048125805288872,0.9633958208751682,-1.1936990080521022,-0.27759485174330495,-0.5342274399091697,-0.650968665012841,-0.5927611594759109,-1.0131961238719507,-0.03347464635624612,-0.016334804756992696,0.5844363402552126,-1.3779847713412219,0.062105087427234834,-0.7094130734275473,0.075972977280662,0.47857925689651054,1.318326467267194,1.5535299288180968,-0.07683778519559122,0.5998907964251342,-0.20188613160565436,0
0.0631498343025394,-0.7639677298003792,-2.1530780353697803,-0.1553495496750679,-0.2660120870596425,-0.41491212599590277,0.6842759546107301,-1.3369211937971963,1.9499855661784402,0.22721705899735747,-0.1485326930940631,-0.32151623580091393,0.3980581188460575,0.35791071883238795,-0.7096205038929116,-1.7712212110460384,0.37764838633866016,1.9582396101989654,-0.7333850851976126,-0.38682152315963897,-1.8037642515376486,-0.10921212121536182,-0.44000420864335565,-0.7907161552848687,0.46127924285833083,0.8076209122999506,-0.9594078123945139,-0.3573501989582251,0.869829964917054,-0.08541640857405065,-2.1780222410238306,0.17679674332517803,0.9198302144348148,-1.0887221461888432,0.4354701714589526,-1.3132126813664629,0.16169504559239642,-1.6266333059603535,-0.7245999937091107,-0.2370554002785427,-0.8868857695817794,-1.5837176591399393,-1.1009625761393018,-0.6296729853160357,0.6764955315349631,-0.43070076031914895,-1.9800058716553768,0.10587929919123143,2.125916478422652,0.5036728733558593,-0.6763083466404063,-0.9191358438044656,0.30237813320211493,-0.48406770000532523,0.06497128331107539,0.46734871688849927,-0.2773369117059434,-0.3887205481910344,-0.1513421366772176,0.18029549113630705,-0.09601402103009773,0.036622924897387575,-1.1033706710739941,0.45273714756773215,-0.7048943165878643,0.2621917766175897,-0.9034495703416985,0.790075523717684,-1.0411194009238516,0.3090390358827563,0.6636041608874231,0
-1.773862296650505,-1.8199063047502448,-0.5379743972400561,0.14249681212568444,-0.651823286062127,-0.3424734976901043,-0.8770116485448217,2.408244309297503,0.9358168323052026,0.2581508148914481,0.900384735224208,-0.2208267923802263,1.7072100528767977,-0.0757902565289095,-0.6776394520616673,-0.45732076434590263,-0.15325875320236546,-0.7099847383691866,-0.16880297920854986,-0.482751975448949,-0.9683006478231909,1.2249552554632284,0.7379537396926509,-0.07931307705090428,-0.46787531973273383,0.012493746689561751,2.8430910286007674e-05,-0.9936292353397477,0.1418345314077812,-0.5181227720477186,-0.6569610904230059,-0.5647007472078986,0.07943983468568822,0.34793965142647465,-0.010103418216563104,-0.5653765428685533,-0.5692733075834742,0.8815076818246381,0.026700048119568356,-0.2688369618502804,-1.5207398323802563,-1.0388241653495673,-0.7312093806694794,-0.9994183369914215,0.4546809318436028,2.110145961458826,-0.3450708183371374,-0.2703736441331426,1.287532099376364,-0.26057901215070034,-0.025761869180479607,-0.5599152960883819,2.0183566776096877,1.011250650543424,-0.9805947326098143,1.4982709486866084,0.2789127972632662,-0.16661651489947263,-0.9138552997375873,-0.4026331217707187,0.1820890424171544,1.2930286020341257,0.2487908789064911,0.7210080929028148,-0.23197650010350732,-0.3198543931265682,-0.20714718144086589,0.3775971838983905,-0.35465197942163557,2.988586039450226,-0.39356821314982904,1
-0.7925788672245596,-0.8934986898824867,-0.01683993218038022,1.2427848381314424,1.4592760048695013,-0.3789874554796958,0.04533582875167148,-0.833766243611054,-0.08384045940456264,-0.29711537180643366,-0.7926397503641222,2.533498294265513,1.1431660351810407,1.0176683160410365,1.096298648739519,-1.1323253777869287,0.2671506282745134,-1.2781448035092486,1.2040256084800027,-0.7972719507828168,0.8473709654099425,0.0453467776428397,1.0063192473321536,1.3231129266199333,1.1896447011024631,-0.5071944981116742,0.13548876354253728,0.06604593326474192,0.8846629150384225,-0.47750240232170643,0.7924638162338472,-1.016124503209583,1.0324029201833222,-1.397694017558446,-2.1469606366463387,-1.214326356757082,0.23775164247580552,-1.74931771773437,-1.2443107151079684,1.0367676179419834,0.0494131444392558,-1.3764068084698196,-0.6886237946003587,-0.6638362873733141,1.0845595190518909,1.1267720963857628,1.4656839806962352,-1.7683470328812385,-1.2487573371353713,-2.144342197357571,-0.24106342466877267,-0.13259718136175389,0.0012626216636236784,0.692288528259442,-0.6621029191066657,-1.3124844593222311,-0.4159243121231799,-0.11590315615832095,-0.07855990450239725,2.0461336756093567,-0.1977279476880944,1.4770346194036212,-0.7501263366832885,-0.7241635914316876,-0.579029399726847,0.7912167230516124,-1.646395730902644,1.0438896274424734,-1.8290065762055232,-1.5520470045272312,-0.5519134437455823,1
-0.5592261282948068,-0.04970581299531712,-0.9147176758350897,0.469115061568114,0.8404948797147941,1.179572203731581,1.2072398846184642,-0.6006023741242891,0.16004948103444028,-1.685404836226061,0.8435608141187433,-0.5049796636597512,0.7812117221206312,0.04105398802793945,-0.4685679978949926,-1.1371266050738331,1.4583462285176296,0.6757949543473232,0.27941816207836523,1.3008923635088903,-0.6461379481068316,0.24976064727293984,2.3008904363359934,-0.18624202724239108,-0.8056528057377996,0.49562919384451687,2.1423659098432486,-0.7367704494605826,-0.21938026546530778,-1.0642177546394462,-0.3836785075446725,0.4943202674853901,-1.240922457639487,1.0177133455098988,-1.7742929017135771,1.0631518250275689,-0.6210945549158821,-0.017526954544551655,-0.3028650175859492,-1.0766631374110822,0.2775808391489168,2.032856328742882,-1.4378257080318924,-0.25400967828685517,-0.6117926680115413,-1.3534555005421922,-0.05234364459568687,3.2600312997750427,-0.3273368521909581,0.131979415666526,-0.46570617076562776,0.14161684132190294,-0.06320733362712588,0.17515889062355322,-0.356422741488747,-1.276287841899052,1.5975268723454625,0.09814094208420444,0.5484415051378201,-0.22659978633271813,-0.2978252025687877,-0.2874496630857621,-1.2816738093075775,-1.8046889947650118,-0.33934894043878294,0.17156834589382453,0.5120601140000224,0.88343212996946,-0.08285105095969036,-0.8629539844495134,-0.4702940142044843,0
0.6306636975839591,-0.31725910475376484,0.972432766395736,-0.07181824731003461,1.1635447604110492,0.49166872777302995,-1.3201781068837122,-0.6546224427840872,0.36027881417013385,-1.293582030050722,0.6273055695128208,-0.12576671219928595,0.21838498626624436,1.6820724932439859,0.6019382861892452,-0.6270898659144231,1.4441845903120283,-0.26895006914720815,-0.19762943490755835,-1.2846409972705968,0.3832607944194403,0.5604379781733536,0.19062368712258593,0.06477481044433255,-1.302963693469419,0.3688951289079495,-0.636212496240266,-0.5850683571343536,0.36185981601939904,0.22827402194019786,0.9684924871751217,1.5971461760000416,0.24851491942073725,0.4759158756294457,0.01678761026599376,-0.30336844698364085,-0.19685786850906717,1.7390665545993722,0.3884575991528373,-1.1007224651734733,0.5438567027076268,1.19700591262287,-0.06905781726038948,2.170994745895708,-0.6083416356542515,-0.359333187133806,-0.41238859000111205,-0.6569274567010751,1.0981956890038334,1.1183592649671028,0.10683688741247271,-0.44182664994790466,-1.0578263067092744,1.6332112476742684,0.09969741337069062,0.5503047441792884,0.18346374708598107,-1.0764994977017657,0.35404833468614666,-0.37316423032581064,-0.5354991915855701,0.07827493024879167,1.584525939278012,0.3299743944500041,2.0618147937419966,0.29234084534172117,-0.47969676922097015,0.02416895541085246,-1.7864093818267628,1.4657379629403018,-0.22791926818680922,0
-0.39393898321135407,-0.3473508366483779,-2.3334780545110947,-0.27211825522600014,0.39223568969643546,0.8453451388712006,1.776204064913512,0.38576372545659865,1.0768920100646373,1.0919733965111316,0.7808751106055029,-0.12329776523792323,-0.10551150272019208,-2.01126832275926,-0.16719644098487432,1.2459074723149983,0.7148046363478098,-0.37981777833940517,0.27001996574033427,-1.2125974279430467,0.6204554415388377,-2.015215373522206,-0.5219201523618373,-0.3038151659426563,-0.26803942122491675,0.9925355283191706,-1.2775575269315607,0.9639869136088625,-0.21137181439912264,1.478758436390573,1.1482304132442698,0.4853886457986883,1.8055952730944222,-0.738922168068811,1.8749743591709305,2.068040499619677,-0.609800787753282,0.8105454396343673,-0.8027602139751698,-0.3881051776681503,-1.8405386110996098,-1.6210447089028417,0.8220737094651259,1.8298859379922783,-0.7566189821818302,1.2031355746670187,0.8318812975619121,1.90342639547025,0.9043860138923788,0.6049564640788186,0.26993404995525055,-0.5674780673862158,0.4331154019916833,0.260525051669956,-0.24108920043289267,1.1239240028647464,0.2562344104826626,0.6388305675762606,-0.8241887945221736,-0.7152780579366711,0.6437535841063255,0.602190492031914,-2.3872564980367224,0.10369482504092575,1.041785553180402,0.7193719073885264,-0.6886546872905216,-1.789786848764251,0.33133588870281694,0.5096332680541326,0.2279004554532805,1
-0.4961735726944207,0.9630955043877186,-1.1405150530515966,0.9658225866458158,0.16076382432683436,0.039442941392539635,0.5770042256753726,0.31093510208215325,-0.7509745581936608,-0.9177189966032592,1.750799022637632,-0.7335797373657431,-0.9460426838769168,0.05175253778910585,-1.1658796945378602,-1.1189760637610477,1.5853695436068813,0.712779689155438,-0.41934606762425053,0.6765783690350365,-0.657548007433737,0.3537775029013901,-0.20223426778350448,-1.5187490911026373,0.11492275354087873,0.7684291838191347,0.724452599613146,-2.6920763365671467,0.28314481782641604,-0.056389151692990934,-1.0226703090149907,-1.506900601973708,0.2951516450467964,0.8928687308889692,-0.0398600461186029,-0.19034705583453257,1.0068158387479562,-0.028262280704460473,0.2969459157802111,-0.17251926255537034,-2.244087219391837,-0.13422324017347162,0.4654859082417324,-0.3640693094705075,-0.9843724038563881,-0.2191553417093304,-0.7527174961966863,1.2325851001020705,0.0363294116343015,-2.0800723779370576,-1.0632399314379257,-0.5724664253933002,0.2579498516487575,0.16675124734937216,0.15042102312318098,-0.5600439897206347,-1.2698840407745293,-0.29963466685204915,-0.36150591619086136,-0.8389905089178701,0.03341445593637678,0.28276702560355216,-1.2182415278316432,0.5107546850629793,0.22923544193449458,1.0603761764517452,-0.4962905840599803,0.648817995006002,0.7423813445690713,-0.7847546426556157,0.42792569748552556,0
-1.7195624475352511,-1.2450695749940002,-0.7712803922533965,0.8919216714332802,-1.2740135494868252,1.317001577635927,1.5701982009403357,1.2603759048574488,0.8540722441291478,-0.985425099145814,0.054962584818150396,-1.0920770635170463,0.33163843025464296,-0.4019044291107673,-0.5481549531955402,1.6393750473854354,-1.6664087503593608,-0.2725809521949651,0.16063955023093338,-0.9126754315693684,1.4486489549688961,-1.6625637159996638,-0.2230281154458413,1.5502888941701622,-0.16474935488711476,-0.27940101202309353,0.6983405952246637,0.510394598501104,0.8416609751596122,-1.269789162605044,1.1793301764133761,-0.4605867528491681,0.7620331287113298,-0.35169231999795325,0.4574900847594609,-2.468868948077614,-0.27115658052742075,1.49312878094156,-0.6454559054970379,-0.3993773777383094,-0.46694796510699266,0.7914097466917249,-0.036745346886187774,1.0967844668550364,0.9227029893847345,1.072157519870502,1.0725150929393021,-0.6808652324475084,0.42500399958004886,-0.37355614378997626,1.571859554107047,-1.1718529586279798,0.545001824588194,-0.7513309628352329,-0.021961115454427894,1.3721731118664295,0.5457894611402919,1.2485546856015872,-0.9967620649885629,-1.8286425386666083,0.8503679088043068,1.230065546718069,1.150789735211923,1.3925224770676268,1.7069579410915268,0.9685966949033552,0.04118243590343901,-0.7773590862639214,-1.9193512414135803,1.460379681756732,-0.2718281854705717,1
-0.3871201001297094,0.005769909493452271,-0.7376321184803685,-0.058125746914954236,-0.8199205439566891,-2.039065801774177,0.29687824100128823,-0.5952715118351902,0.5371460201168746,0.7411258111391738,-0.05974628837595502,0.6694963646915851,1.766815867377103,1.0539138907367027,0.7111666843303404,2.160626002114992,-0.11004830189559381,-1.8542003274270744,0.7841175362491936,-0.4808820505273579,-0.011067212021385123,-1.8504587418834937,-0.08428528792538514,0.7439698828788507,-1.4112233314615745,0.36758839663913795,0.755176786467629,2.5333281422797937,-0.5968767337864614,-1.7624026163218998,-1.1750906850844323,0.24028071632978032,-2.164322738279917,0.6984345027108237,-0.5908260560859022,1.2880227151429195,-2.4562307848775076,-0.07224292089616663,-0.06265239488178594,-0.46447735236997395,0.45326257029878564,-2.1448631530826985,-0.0846624400696357,0.7897820915680924,0.886478132370945,-0.46869947880361384,1.1522262319109295,-0.10349910812283782,0.20284781835757645,-0.7928345116384046,0.8492978417542602,2.545847970016737,0.8757066420120663,0.6002894099236691,-0.7175362714698198,0.2435346838242273,-0.6086739646242483,-0.27727986303241703,-0.22010442401939911,-0.8199597773326038,-0.5402315615759569,0.6572444938941049,-0.4893524226596873,0.3789831144069583,-0.20681597464191345,1.1943467133631116,0.2826232323135996,1.2321992074822707,-0.6706640087216389,0.2881507419047899,0.641538646160256,1
-1.3179620672162615,-0.9233839404262627,-1.5290141157280146,0.6508195371735364,-0.07079104196281351,0.5368395133885272,2.0765417182494814,-0.0688441547003246,0.019579613965920138,1.4819003284949144,-1.1932160576777275,-0.05764388007558987,1.6417991939726087,1.3629535189788489,-1.0720830193291089,0.6851444194491108,-0.2377399338466761,-0.6777330913708695,-2.2180718516948636,0.3579465614695904,-1.1413826121851545,0.37750862467383506,-1.2942103208173803,1.3843277042218858,-1.977488061708467,-0.2581480623222615,-0.7033371501475335,0.3783397683924273,1.0224390514854638,-1.767439284375037,-0.4137797806575531,-0.7077501244560375,-0.11404333965167024,0.3778169724540238,-0.03151248145093524,-0.8942702010726755,2.420103516650654,0.9439413621443651,-1.537812182020331,-0.9602317946569158,0.09600275871658276,-0.4925850358216995,-0.9060066810432575,-0.000292466413720953,-1.2833746920989275,-0.8165414915934176,-0.9737601178204873,0.8268443378702756,-0.4221826847494502,0.6530676032482275,1.0537521561896876,1.737937263276843,2.400522113230824,-0.691377652002165,-0.7866607870970685,0.9011868214785395,0.7717155451773553,1.214617186243524,-0.04139164164357284,1.0554789841601473,-1.4501104530540883,0.3567787307689764,-0.1617215652673648,0.5605432955462862,0.8522317628881286,-1.808884420230971,-0.678144696488816,-0.44473071873201087,1.6720118760760068,0.29068878689410943,-0.03644899162969764,0
-0.9671262016014409,-0.16118889364988118,-0.6868713353923416,-0.23207814961633272,-1.3326292437320708,1.3547954575454955,1.158606161214017,-1.1003654150188795,1.2033516395398107,1.1507915601782606,0.709322006897582,-1.2405435976847339,0.7125645180618347,0.037415118081904196,0.5607558011285461,-0.751458350939328,-0.2145707802536454,-1.2608638545665947,0.586595367678444,0.10216141913379244,0.1432220942751965,0.46066105559264536,-0.4315892759578159,0.5829121738510822,-1.3771761260918278,-0.2554279974760643,0.8125678582952126,0.29840710313405816,0.8293272054264216,0.8552738790982157,-0.5856053213925961,-0.5025899544691291,-0.5932335408032514,1.1723692017339284,0.7327109694489014,1.1950024696028383,-0.9844235017319292,0.7011739132964132,2.166645771057407,0.9128864706431247,-0.12560246045528253,-1.8306658694196243,0.6536151883595545,-0.2537737550306325,-1.1114307712483986,-0.935043171541655,0.4178071990437667,0.28070347314015165,-1.3825507561904287,0.3188891627179156,0.4819117396938671,-1.0912984149049472,-0.20578582380678503,0.18208113073460255,2.794192792597652,0.06291306489458078,-0.38125407689011787,1.1917221543637226,-0.6393640019913384,-0.5649114983527658,0.8156123527154073,-0.3739274804150235,-0.9702570093758904,0.12399527425561764,2.8564346352720285,-0.9392298876993102,0.11957087393123732,0.0804093708802844,-0.39351913246591974,0.7626454477297141,1.430659719589386,1
-0.5438530371931816,-0.9432699152032645,-0.47022558182347046,0.2801664784219064,0.6620776272267662,-1.125697175945319,-0.4323508368551145,-0.7005673655643196,-0.11939852358287946,-1.5820229997066677,-0.06407308244019869,0.9254854875089225,0.4534598998288363,0.8782776971213446,-0.24326260156456403,-0.7236315772707138,-0.3605179740701942,0.5645377017463831,-0.04307292043383441,-0.3022513845778149,0.04933573759900318,-0.03876222809096883,0.1769804371183015,1.074348320382825,1.0421351007163178,0.5670734856683799,-1.051032897136859,0.5669225151418252,-0.12037540542597168,-2.5396754183779326,0.8855166371182694,-0.27447062953246554,-0.36265844152614674,-0.2271459013772372,-0.778530166978071,-0.9714332225507107,0.5742046195701558,-1.2737848086128876,-1.690904549174775,-0.8965650752564489,1.4434833368130207,0.2900049762453228,0.22382581790417486,-0.2710301980895693,-0.8057886202683578,-0.8818635093397781,0.8756228309325055,-0.7397796510693219,-1.9980669854810988,-0.3650121394310601,-2.06296957856582,0.48396533649502965,0.6191536136886255,-1.2788478185829224,-0.4121213600905408,-0.29266636783885763,1.3269981792318184,-1.6453912075953336,0.5263734808534936,1.2893691705907209,-0.11622762722990167,0.03991809124780344,-0.15846279012394018,-0.39983596650520825,-0.13024770058891866,1.5427852142712446,0.34981026021110934,0.057098418988493084,-0.13230634300632413,0.3554716884030571,-0.15911754545463055,1
0.5219270536857591,0.3588026398072474,0.7702869842100829,0.3437970577251341,-1.1235064341701186,-0.5929053737680428,-2.4331329416511296,0.1796947060045024,0.09161273857606936,-0.2926127746582848,0.16158884410969562,0.3905945876889776,-0.20366423365304676,-0.30102707988849015,0.29006002791172303,-1.0022885745489116,-0.5040285102766856,-0.08457220074790128,-0.5693826747045831,0.26378751890724317,-0.3422586649251095,0.30020920805746554,1.615221675313333,-0.5915975761264052,-0.7739522044253174,1.5254685525501577,-0.2432879102237185,-0.5112134029707947,0.5695617996272669,0.420399722611074,0.1913328334596965,-0.1063003898271996,-0.906345793826896,-0.40281580420309404,0.13362411631101795,-0.23293380553777815,-0.47744128402803226,-2.6998375683662355,0.8763447617246031,0.5039421401314306,0.4142647945573542,0.16026197070747586,0.34081854531154476,-1.023295665204395,-0.6452690676646653,-0.7804502945860411,-1.4446509661321316,-1.961754641837262,-0.5275463346922963,0.8787728875566371,-1.1436048067412965,0.307037244614064,-0.0942378858410048,-1.552310585558104,0.5583223104373499,0.09901744765977195,-0.6882512544313785,-1.6265062786849547,0.16926577408981985,-0.12997942401933452,-0.45558085454602165,-0.05109091517725407,0.3904105708477444,0.5139862534711962,-0.22568238805559382,-1.2251606206831904,-2.424550073698473,-0.21887892877649487,0.04485951549295682,0.41835847251591474,1.3560703390428839,0
1.0283117146138767,1.0084859914843975,0.38394896303782117,-0.5062304918901689,0.4173765523013487,0.10070385470851241,-0.4884128266309777,0.9246477999916249,-0.9952157220907522,0.17231634557926054,-0.0779056729738971,-1.1914153754305032,0.8120698211039108,1.9269421556342967,-1.3223516236209352,-0.9150825210239629,-0.11034336000220932,-0.6212480032552442,-1.1218175503720271,-0.08516427770003501,0.10560071916642802,-0.4232262969519223,0.14915719276547507,1.5740532319971927,0.6161773668734813,0.38007689398656835,0.6889866873840459,-1.4403439223013539,1.1460230237770126,-0.43471678840975414,2.3078040791950727,-0.5029881744338841,1.1256241464109074,0.2876316921842007,1.6312202511309923,-1.2521291800255063,0.2332866544912618,-0.6163412855104032,0.14740729789985066,0.07867789251237699,0.2435317376112144,0.7096012001579597,-0.29285387265193863,-0.8736201378627775,0.19680306478572,1.0098271115102804,-0.29752375152648014,-0.466442217478937,-1.7177399360465948,1.7140037283744538,0.09041244742730842,-0.23287000567166521,-0.48986293359725613,-0.11143292488178348,1.8922139360436443,1.5321671747271073,0.5799625213728608,-1.5240295016885737,-0.3782875563765297,1.5898973698379846,0.6111727613965849,-1.490936415474345,2.06879275301363,2.5201753655682357,0.5949054084480845,-0.3577017633822697,-1.344912419338888,-0.27409535933843865,-1.0390366887670925,0.896298450723225,2.3119212514101206,0
-1.07775435646701,0.3443154636902564,0.7507644341093731,-0.9016488486155841,-0.8035255174428464,-0.7438091645488972,-0.6249989426338131,1.2524498657081482,-0.2523775316375749,0.8814784642372097,0.8547528585009008,0.43656940793968446,0.47185308130689463,0.19328444827780678,0.018503179249183946,-0.619150034119172,1.4722845998645355,0.4919317153703766,1.290604379651611,-0.8754994282497229,-0.7057705835981642,1.535172677120966,-0.406614230131677,-1.2216282654598853,0.6382121977149545,-0.9213839529221466,1.2138781939195593,0.7063297493000058,-1.4940623195445906,0.13068085066852825,0.226487121312536,0.5987213927180365,-0.6522057126410641,-1.0718886583969298,-0.460636846176511,0.9865866146681208,-0.2578338047674774,2.023386492868413,0.5868657736483089,1.1936015156505773,1.0666267444550352,1.2041816463848805,0.2879056853284793,-1.1045440653106362,0.20500355669425588,1.0149099935576864,-1.345649433802373,0.3733263796207763,0.8601005737617591,0.15712583423367749,-0.3259680417273137,1.4897078864752695,1.0568445408459513,-0.12365398103011287,-1.046057349758688,0.4472147966489242,0.3328994664717322,0.020542022049200886,0.10596785938735218,-0.4569905297340189,1.7090934194699627,-0.6261159604474626,1.1087676566016904,-0.39136372754368914,-0.9749913903446892,-0.6487792074646077,-1.5040809068866405,0.4877118750126965,-0.6594115123692715,-0.07643970297143286,-0.6176094430108656,1
-0.1827901756265181,0.01892200959060543,1.3696684804438783,1.9029207139283357,-0.20381478728264849,-0.03487228323752482,0.9285742362926068,-0.1216693343132555,0.027700023119691705,1.2596872262752645,-1.5723768017654434,-0.2060350612140934,-2.083446446169414,-1.3620898138039816,1.112457005646589,-0.758930810558184,-0.9921488057165736,-0.05393715121006259,0.8342179420843335,-1.6271405328374469,2.0282076494183583,-0.696859143326456,-1.453202894203951,-0.9613212251264878,-0.06311288332615321,1.7010675522598255,0.7990415050082404,0.5148303089355863,-0.7825148958703045,1.1534262307372856,0.8546566524392343,0.7293943685304604,-0.5053927163500068,-0.1093871621962445,1.6831646879592341,0.09499696034966156,1.7453250602337311,-0.2716774663398588,0.04729494533221977,-0.12121530509540365,1.0932688263760297,-0.22104622515193872,0.623578415717631,-0.8913467992723815,-0.01263592424133804,-0.4498588440249926,-0.13537881606701893,0.3124107345109459,-0.16819736584843498,-0.35855142425019915,-0.47736281871109537,-0.9438131039044668,-1.8920041609486686,-0.7707812357756493,-0.498789901896401,2.0041834049480687,-0.4153542305223251,0.7067968763570566,0.852303621603905,-1.2376699720515913,-0.7601791060573702,-1.3508238064054257,-0.6157400613127815,-1.313996556231542,-0.9818134566256519,-0.38143216147648407,0.2398377628955018,0.3879801649485583,-1.103674231421232,0.4764507453584798,-0.33864136173528214,0
-0.3156407785120569,-0.47343101288367523,0.27806819597167376,0.39257139997745216,-1.9293776730498988,-1.3676316663855608,0.6360194398577074,-0.4853128298391179,0.8181886965839127,0.05941161080780404,0.06999993352271798,-1.0509436242578967,-1.392783087879178,1.6135776899480057,0.2075252343188015,1.1107481253719134,1.0763840303142667,0.21970586808742135,1.408626840852019,0.42011117489636407,-0.4331180878091336,-0.6864193881318548,0.9789479684883804,-0.3571739882278621,-2.0206501701477837,-0.7195005900570688,1.2846511207166789,1.3051521383768274,-0.21256224348109792,0.6495160868426441,-1.2031114883613199,0.5459582779058713,1.2002997567606295,0.5213859976277085,0.9866329478105399,1.3413021309100643,0.36293852673307986,-0.9716586090261745,1.0738328663716445,-0.9409154735562811,-0.06297598448758732,-0.25179029584565377,1.2313005636076997,-0.41736070136298425,1.484791295190092,-0.6387927388623198,0.90559432979594,-2.205964966907754,1.1267414905076982,-1.5136557481305615,-0.21169178432194255,-1.2724817032683693,-1.4339280360518967,0.5637737449513811,-1.1755710464507203,2.1300341932155438,-0.3949014307657361,-0.02529711401338879,0.29949458413277036,-0.3020876693149685,-2.124202964326199,1.0431514245111206,-0.23580333023124314,0.475714252631831,-0.9789222785720205,-0.2852560534519929,0.7281905240937314,1.018229795892607,0.2792771101492886,-0.21826357244356204,-0.16829427442722622,1
-0.18702930549682414,-1.937800026954591,1.1693170606582748,-0.1743207569173092,0.4075861399633817,-0.3143549788411254,-0.5991540676868715,1.2481504734120632,-1.7463576818536242,-0.10377853673814148,0.7023918172256638,0.25514676715917173,0.4757648502707656,1.1144756513539267,-0.8461000260512632,-1.0818865947565683,-1.7717349709967336,-0.2532732516512121,-0.6672109942275891,0.719151937373907,-0.35612701386508594,-0.07947178946274458,0.3000718719861616,-0.3605894676805434,1.0801768890808647,0.4184496593660857,0.32396123332502097,-0.7718978935969566,-1.391299047242178,0.41639856088322535,0.6923554645764093,-1.8036607105709421,0.9633624432947212,-1.850869951804689,0.9136133438127043,-0.2776591745033004,0.7071144509380072,-0.4410089256138499,-0.7052123614742062,-0.7010504360773663,-1.0221899455385288,-0.984274827321211,0.10287002320194105,1.529505852301973,0.5586163306762428,-0.7746632389486858,-0.47522069177263454,0.9205402754612931,0.7336250578880782,-0.8590715585639433,-0.7413937436283227,1.6541382572768832,0.47403555479964593,1.1575605859063463,-0.19965568422558408,0.585847818116922,0.24578000304520528,-0.39495064607008623,-0.36760362091158344,1.0684861592638162,0.17685160781548337,-0.25924544322515347,-0.21720348582517604,1.8507420771924379,1.228114746556475,-0.6415607133508834,-0.625205579967538,-1.1559849759923642,-0.3647857461889921,0.6270201813238444,0.03778913880185844,0
-0.6007631233067153,-2.038349205601587,-0.6899775146198471,1.0871107727616498,-1.13935060726212,0.50887683890761,0.42307018059025836,-1.442093698370749,1.1515841981150094,0.4998939040503683,0.018116021198031046,0.3010383783281656,1.8301131526498724,0.3550182620860621,0.653327764016168,0.039605694083239516,-0.0077413583501580304,-1.0625156279596448,0.7205116216730683,0.17991787458477812,0.3463098276960595,0.33647996658112744,-0.2775962994507989,-0.971400334893752,-0.8921490571295163,-0.5723965824554612,1.0407310296234378,1.0371129024343089,0.30978334615169706,-0.13027023463135914,-1.4383394837092487,0.5671338750937379,1.3614039926835289,0.12879866489099112,0.5590574571271294,-0.15982156681550572,-0.8484862317217798,0.05404749628947327,1.690491226008887,1.0468357299011632,1.2325915484911114,-0.7064609277248397,0.5767073280401045,-0.6057433157886801,0.004901220734777038,-0.13021656361679795,0.2749048232400152,-1.3747708218498,0.40623906431437506,-0.1478716383785573,0.8766293887116063,-1.3186398038714757,1.7772237634105428,0.5925957034213046,-0.8354076640606909,1.4006140672881695,0.3580798420079084,1.0107110542392113,-1.238257850723481,-0.7647938983516698,0.6059615653064837,-0.03815848804631204,-0.3137746680601081,0.49753793728850704,0.5433153935782138,-0.895561788441581,-0.33412119094504716,0.3089517052189204,-1.1349072942842002,0.7752940047315512,-0.25548691700065906,1
0.956413333963604,-0.01093809029478412,-1.01829756285108,-0.8932639593730152,-0.07889634343316348,1.2555825927610347,1.5619808936421422,-0.41793479044378357,-1.4520949241184655,0.38079792797454914,0.39623418268306093,0.35110568258332675,0.5853081325904094,-0.8082852299963127,-1.3277526452560209,0.47611643528262043,-0.01352769949157458,1.4766147913073446,-1.0286599068686282,-0.7834629932893478,0.017067375207233806,-0.4514776185576351,-1.1415488652560823,0.5212903930101785,0.8297602516833911,0.46385484004773025,0.11212541489093454,0.290960776929496,-0.9259185014160427,1.2342327416408092,-0.026386439994992118,-0.04436330937790081,-1.1350961973459566,0.9044638378040949,-0.24872334875358068,-0.39975900443277596,-0.36341452335132063,-0.34358543109681117,-2.619475719022783,-0.5684032073511479,-0.8432392213022466,0.8711382106482737,-1.1409047038972175,0.840643145592961,1.0122790127261185,-0.16380420041475838,-0.9662642451472704,1.0944347177659648,-0.18033193668126865,-0.12574635841856704,-0.7509338920608238,1.620715456737134,0.3448555479714816,-1.8304740056949251,0.874085074737056,-0.9303365979700453,0.03772648903974529,0.35150074575945817,0.11281269609834091,-0.3346959730200607,-0.6329353784278369,-1.3684918843752614,-1.4717902746945517,-0.5241636291004169,-0.9340186227108572,-0.38620248391988543,-0.09754036166657085,0.1456338548076093,0.5008312216744739,-0.5054749459046187,-0.33363963511108236,1
1.8248772524745545,-0.7014147513916199,-0.6608866418193786,0.4370697446158105,-0.47729615597768793,0.6795124999346934,-0.33322326606836755,-1.7329800404096285,-0.6298598044280316,-0.8835782392911392,-0.4400827061040345,0.7503009963154061,0.7991017705433885,0.25063024924730626,0.07435646847420839,0.334991508972024,-0.4250002313876212,-0.39955709615180995,0.7426917807837394,-1.0216946888628833,-0.2952374259193894,-0.3897232785875682,0.5563335367987704,-0.5748051403795406,-1.872199157557668,0.6499664919999181,-0.11152677876022651,1.8931586652012253,-0.7063618654402392,-1.7697708628758204,0.8526354177370045,2.4805472226723824,-0.3225324763992329,-0.3497700155461545,0.8510944997044928,-1.0873599285387814,-0.4565093149453313,-0.897074899078488,0.24453500441669881,0.24430889800678687,2.1138779562151733,1.2367988249185133,-0.6866240601287066,0.09343489804657466,-1.0545719581233848,-0.104765143647493,0.5579311561856101,0.640158852728303,0.09384973037429258,0.8924613459598733,0.21374952621881801,-0.7376040997703528,0.05549337536951981,-0.492539982309368,-0.0748120275156703,-1.518698005206999,2.1581575624693725,-0.5896236484906395,-1.018074012648001,-2.3486521640885316,-1.8991812739709,-1.2762123045674003,0.17751991156418861,-0.07470827523570397,-0.1901238118403239,-0.6975826152071389,0.3618116567202048,-0.047691557491891044,0.37732381972027906,0.5218556786162749,-0.7074617310189347,0
-0.05080891715934041,-1.326068488870029,0.06635791393456021,-0.9335340785004832,0.05920069316311194,1.0950843651715365,-0.7053166973340252,-0.10507044575962866,-0.38534918929727513,-0.4860920357414554,-0.059051115609223874,0.6904926070650439,1.9158560209734612,0.5712310687028113,-0.2723305840674035,0.25434381960107405,0.2006640684363637,0.504647593375971,-0.5963828366801024,-1.01831730394172,-0.7575827355006368,1.177058660411664,0.876772500373298,0.4223846321107001,-1.1964183549154872,-0.6013399016043819,0.3039416400678735,0.7667061524217756,0.4580285615705315,-0.6991410521576712,-0.28597262266290746,1.3800189078362788,-0.26556819653744373,-0.3162141050972537,-0.08167760962779246,-0.21618982876699727,-0.9242757237736869,-2.20886676735404,-1.5856363167049403,-0.1978466982081675,-1.7510958143118438,-0.9031296304298424,0.6516677542762958,-0.15576303573974992,0.5063666621532859,1.1512689298341074,0.11057719826177728,-0.051281446440718394,-0.23836174190340634,0.45044132739293696,-0.4368258663692801,0.4820147032651021,-0.1765635877685512,-1.5113472354408497,1.824451576270215,-2.272053761607779,-0.313731958396226,-0.6204012602780313,-0.14882599052927678,-0.27393482168217176,0.4042021875692205,-0.3280028309710493,-0.37619954942736406,-0.42528838709987987,0.07434222777274986,0.8811136101095481,0.180502031533193,2.142046732551792,-1.3790913156277316,1.8849465399716452,-0.37070182601117235,1
1.313698199826072,-0.27349864223777376,0.5075135142745903,-1.06871120962408,0.2863797698333454,-0.615483289160124,-0.8439978590480136,0.11278287492075256,0.21160614051373014,0.513569836741714,-0.2260025955491265,-1.2721889590884543,-0.11070778500892513,-0.19267954146552116,1.640021963260902,0.06667011877320565,-0.2661584097651882,-0.9168391037770391,-1.502548820294075,1.5847074537347134,1.0267190083275428,0.1803135849988207,-1.2313151670841744,1.2534324509630408,0.07070538824437068,-0.5456699261735619,1.6740691022415837,-0.10231006200231167,1.1392279354452617,-0.17742434596236545,-0.11937157831424422,0.9890208934073291,2.17570657895946,-0.2850480583529226,-0.9743384616261279,-0.011557506863743587,-0.9114854699387284,-0.07127572352332358,1.4691196477491626,0.42353369898230336,0.1639919425223527,0.10550829562097837,-0.07786745003072935,0.2862260717619956,0.21159998612849434,0.578362735153225,0.5400361890298568,-1.2215578617143668,0.7825552795628,0.4414939160074048,2.1451481175613187,0.316011128424091,0.15080630922141033,0.4088348744066272,-0.02364354071458852,-1.6712118881599987,0.8711139219812324,-0.9738215740960624,-0.09963576535737018,0.941869506370056,0.9989205537437742,-0.3552404883601544,2.2164094193665913,1.5254378383422187,-0.4916809965986044,-1.4570515063664018,0.8258092683917183,0.3641279601071028,0.017409494943509147,0.623724972109543,0.43413858685576806,0
-1.3835015844531988,1.0168784615720345,-0.41520761675238926,0.845713836269033,2.698946113782106,0.10531365532760202,-0.9174726783999633,-0.9763093733405561,-0.30924762852638804,1.6300908060566972,-0.11708811031068433,0.12797459395807415,0.9364325904118977,1.8972402274316813,0.6620911186694273,-2.517235105521369,1.1764543195946664,-0.41259290475891675,-0.4150143355474312,1.2894631295986392,-0.3967723885172219,-1.5895155968805426,3.334265786178436,-0.4641045893312855,-1.447665949689743,-0.051628188458785924,-0.5251078048301524,-1.5171897552477143,0.4442674501621835,-2.473703232575146,0.5600042514968407,0.9871554321731575,-1.2952393229290227,-0.15001755018325083,-0.24100507000773155,-0.09264697554429586,-1.8035275885883544,-0.051621833822957604,-0.3631307554856283,-0.20118669545518147,-1.6644579322153805,-1.2111781617532449,0.8482456336015956,0.7882610847022035,-0.3310082656523461,2.235218355500684,0.24035757333507235,1.3898550198527135,-0.023231616081260183,-0.08143120309249427,-0.28595129977702943,1.754798273160627,-0.24760686026877302,-1.1735782122663894,-0.11891364749506277,0.6044357819839641,-0.9731970420628918,-1.08416095050043,1.4728105418424797,0.05105100482535417,2.7840277582204425,-1.2336770494449574,-1.702717867971971,0.05727726828495767,0.29554293720568836,0.4531283921856495,-0.3957633454294344,1.063499412285861,1.1455246688114897,-2.6382870611217837,-0.565241150290797,0
1.316996674210676,1.2992803226556104,0.90439945427426,-0.3661054923594605,0.48378853664165156,-0.0018905994780554671,0.683926383950946,2.331111891766279,0.8529625980144622,1.3470448212086095,1.0345265762807914,-1.1145191837270523,0.318242990492859,1.0659875778032535,-0.14092603133240483,0.18960600199778896,2.082927414991327,-1.8780242416420827,-2.0046684826387473,-0.3399690585999708,-0.8727001363921415,0.1970605657132408,0.5953248371809507,-0.1247051305745696,0.0866145534563968,1.2523143723506676,-0.295011722166986,-0.5354441293222499,0.23066424502368005,2.2180602689745976,0.45078831863662944,-1.1255007516774793,-2.3918101569297097,-0.9836932877059817,-0.042144967113586514,-0.6498709543318472,-0.8657727282427102,0.22716091459358073,-0.581758521306177,0.44385054319809786,-1.385941049974782,0.48422867246500473,0.05098993371375461,0.6944629255934338,1.1249320412838106,-1.5366152213719504,-0.6193517196702135,0.20774342197211304,-0.7491647255099811,1.7733407724533126,-1.7646889045801029,-0.6684163715675324,0.8641149214064234,1.8152077605597192,0.558974757095032,1.2158841437127899,1.0794999340340612,2.154574687718928,1.1030398038921425,1.4352194405660899,0.2361535864267501,-1.0414391950676298,-1.7144345471853228,-0.5122766461455813,-0.6839599299608374,0.08725269255691263,0.8174320689209481,-1.282694071574828,1.6322609358358762,-2.7676262678217185,0.2542528685895422,0
0.5880402049252298,-0.9447899696431156,0.15568861404243767,0.02865370723027782,1.3374803381654334,0.3110128973402135,-0.10304429069451511,0.9669647434654666,-2.4759608822046197,0.346304241716748,0.14340345922774073,-0.13127027087574253,0.5271858702625889,2.626103088371633,0.343493089124405,-0.8998285269396047,0.21147346627515928,-0.6306472874601889,-0.25844694576410215,-0.5092013858387403,0.6561404348023157,-0.8464657841814461,-0.23619640110659149,1.0556354995581843,1.3147934546039652,0.6019586623217957,-0.05637952906679468,-1.1859311259299679,-1.8217469958421713,0.8434583838425026,1.5865043698164267,-2.1830578128362954,-0.28499041949015974,0.16000825288310028,0.07433642128542102,0.04274792789925123,0.45890233702351724,-0.24089272790972668,-0.44443808577418126,0.8458897815857852,0.5913012041371147,-0.8247018201665758,-0.702994725107241,0.8304854355174949,-0.28952619255561535,0.1706935523937143,-0.09457591524265428,1.2643843222765296,-0.3335647272031037,-0.8007898624214801,0.5024156219430734,0.5151471326675788,-0.8326729474214772,1.0870324922016723,-0.3742010761015293,0.198377863787192,-0.6252227204382123,0.0113901581348956,-0.6628222470731695,1.1082726742486415,-0.3975688544148098,1.5391003063575646,0.5993504883697585,1.8841468042291316,0.6429878337133531,0.25229533692651396,-1.0736913959693402,-1.7102717760649384,-1.336907420314519,-0.7577422393464515,0.9460087022734156,0
0.3961227723077843,-0.0687392723996498,0.7399473064648081,0.0074060778869394096,0.32255109598680015,-1.215999952167776,-0.894658184559961,0.31907579504576167,0.24298690625107655,-0.565732113737222,0.844540259893222,-0.63238518721898,-0.18807605032645727,-0.30675049965043555,0.4832918303509864,-0.6323635530855622,0.4425282513063635,-0.6576612776620057,-0.31642215919920547,0.46992244939809097,1.5047993141515479,-0.7139254121091836,2.087721373397228,0.6096353502567962,-0.1843507148450144,-0.15833691209081596,0.6138628884482885,-0.2851313737783489,0.5263721960383232,-0.28575171241939756,-0.04793438948783289,-0.034764947439179995,0.38234617906110074,-1.092102145451039,-1.0839033903447668,0.09270646136356218,-0.3066273977136231,-0.48813902228654843,1.4555096838903916,0.5516336396659548,-1.3037088688946823,0.5772658849668152,-0.42161482596059535,1.2258778192381938,1.5835217274940327,1.1951908537085973,-0.22604017432751303,-0.8105577163753661,0.9649293902721203,0.4483828001553427,0.4230400377047759,-0.0527504164076699,-2.05212872013454,0.6546804264820699,-1.745165169687007,0.4254078304498321,-1.2867321897504143,-0.6790368644313668,-0.4800461926323659,-0.6788190195292297,1.33881649119282,-0.17387285677915373,0.5695561590877348,-0.13027384419605786,-0.3761679728968145,0.3281359987205553,-1.2413885218610188,0.3771943622175779,-0.592492906220159,0.2986626286674704,0.6302737531046174,0
-1.4156015374170225,-3.3341556653672155,-1.355586684827216,-0.8477585164471119,0.00035369544413367814,-1.9275092110594352,0.9574839415597667,1.5958428098870274,1.8391850701626262,-0.12376159269603194,0.14733222700051118,0.6504910153942395,1.1588582995325214,0.5693980873595675,-0.2658128361003669,-0.4715211083758219,0.5911731213542248,2.5320778041247416,-0.13045872792545268,0.6473352075803005,-0.8370610463144583,0.6389334427120851,0.12947077005126123,0.43980766216187855,-0.2557138129007777,-1.2203797451930058,-1.3540442592998674,-0.7332099485386984,-0.7713075512473522,-0.38216430042296995,0.40676599916430245,-0.9031142098754819,-0.9113519817796516,-0.6384329546896965,-1.6684334266438388,0.2470668420954699,-0.1739301256832545,2.9334974118315786,0.2955643032390988,0.04584032597592797,-0.00586717287081583,-0.23119243381387763,-1.8149356754786103,0.4105032426818265,-1.2400247075067992,0.11608146249745264,0.19503176458527471,1.1767860914581132,0.8253280420421661,2.229278385536521,-0.35169337615072116,0.5820412694953316,0.18835173205481023,1.4876619411951628,0.1401432935450688,-0.4121296185147308,0.11291516830212359,2.0884626731486273,-2.698995313948914,0.23664233199964443,0.14796966792227154,0.5313183727461775,0.3518797282728394,-2.2777153300032977,1.6199520215202772,0.2910014062257229,-0.28225742861058273,-3.2165012205694774,1.5558218686225396,0.022329857900795287,0.4255555102461465,1
-0.5233272871505437,-0.21569186131982132,-0.36739977282965874,0.580430871963254,-0.1759648160072475,0.6956434239547354,-0.8369031304023187,1.039940048168326,0.29055805034259924,-0.6860005773862323,0.4883870846326162,-0.3320050464953024,-0.7079104928357035,0.2863210949630813,-1.0167362959062594,0.3572216305792308,0.6144027205229516,1.1443824224067232,0.1267682835992386,0.19504533184636877,-0.07240421549768605,2.6635808025435757,0.11239268559088104,0.6745607067532328,0.8286669630624264,0.8474368032272579,-1.2334477387256315,-1.3717753283428202,-1.6793140632872234,0.026198327005587444,-0.005319271701873656,-0.7941949824503753,0.30357728206135937,0.07043823900923464,0.34897476910073283,2.1972856251154855,0.5027311034207599,1.5617263128711705,0.46118486172355355,0.29724445790051807,1.219842585755192,-0.0257145520276253,-0.1307497850668227,0.11863121431051903,-1.9848686530746409,0.7762809836106139,-0.1870622845150803,-1.1231610759304163,0.6328349167887329,-0.912238120448949,-0.15695142737224074,0.23410439423566173,1.1128449422243019,1.3370156121026442,0.12981154156777455,0.17877296665130885,-0.9639699303177154,-0.33993487795276356,-1.728660194394484,-0.2644029659478082,-2.2221418230476893,1.6021660238005495,0.458468424155331,-0.3145831656401765,1.0377034916101517,0.5275059581975604,1.184949781461502,-1.4629192890762461,1.2457496818553755,0.792872330416543,0.04782271831711299,1
-0.7690694025581062,1.4172559889133887,-0.4824359564525937,0.22586879092833137,-0.6282135220427676,-0.23580441263008747,0.15279794262152818,-0.5237819274302822,-1.8980324849462964,-0.6519449869340462,-1.0244394361658296,1.7393962175341526,-0.7720371364522389,0.11957974679551159,-3.3910399421781765,-0.7472062289394131,-0.1480442966735308,1.1250644040645814,0.6344340719250162,-1.0838989486159547,-0.6006558426080091,0.46164359590747545,0.6706486742271276,0.5365450050106747,-0.4731610839883967,-1.1709913158713037,-0.6091163159581438,0.6049230876753539,-0.599231461374915,-1.2287655428910997,-0.25497000643115914,-1.1477594632850543,0.5055426547484526,-1.0384092571590184,0.862410789676295,-1.0154437247131254,2.9509733606490443,1.4139449120604402,-0.31222625658226355,0.4430678340896744,0.3924651423607257,-1.0564613626379005,0.05530561381348067,0.5034109917454969,-1.6162407585896676,-0.23841176676359593,-0.22873289065758176,1.2155720395376133,-1.8353252735054362,-1.0972801517760962,1.0754243991255186,-0.8844672834446609,1.686707271158596,0.7116972383377173,0.48774875018782904,0.41158381239272335,0.46785365993110856,-0.08699209498060324,-0.8344937834773387,-0.34201303019610163,-0.614696180517559,0.5171780848675822,0.6713594721577956,1.149815687664851,-0.501969153368857,-1.4428635330429445,1.5074006726876026,0.7802076854784186,0.16947811015002487,1.0745542852304135,0.8250488429960602,0
-2.0556414999700103,0.5715165313167888,-0.4069479767586073,-0.6373668087197265,0.22305455959972523,-0.9877277780474495,0.8794354580915188,0.03832258116076595,0.7813952960034525,0.5949802082314952,0.4250941388251859,-0.6118116936736521,-0.3988730513341244,-0.8960255375160572,-0.6154612602937649,-1.5185997134949085,0.905271732735585,0.8089348727496432,-0.03183392727960808,-1.0952802530978833,-0.6672145191314816,1.645923368624356,1.9176869778754984,-0.3547676845782516,-1.107074984692174,-0.4265003570053968,-0.05106751524865293,-0.31150523462839647,0.14570536996205663,-1.400592726461662,-1.141936640156378,-0.652290415100232,-1.042030126065144,-2.5711516734225563,-1.967210627861847,0.2706465850054205,0.34247231445805054,0.23948233851624084,-0.6960059984943529,-0.3805875568016597,0.043324408359846765,-1.1061076962627245,-0.6355402936809118,0.5252219151936542,-0.22090156711736428,-1.4908366132448203,-1.5806448160070827,1.321358736985975,0.08996042240147512,-0.7107983966695263,0.6247330351340936,0.7028797327090706,0.9306679545022499,-0.6352390395701565,0.46722985625973606,-0.39191479447216565,0.5834219843735083,0.0659940692333015,2.162445210545303,0.8666439675539123,-0.06016775863722338,-0.4453769810685689,-0.36595414235831664,-0.659706511472561,-1.7637100924929696,0.08385989902843542,-0.41652549399532096,2.8202835374946176,0.1378298013338412,-1.0809345789653948,0.5792918425666468,0
-1.0563132905132522,-0.6492248360155464,-2.2579952251077473,0.6725081702733782,2.112736195223266,1.8295247467273659,1.0578158873015455,0.14893271675580047,-0.10800208203362449,-1.87816421235482,1.3961739513167004,-0.12903301946856768,0.04338702531740954,-0.012632413893718285,0.6376156217748161,-1.4550940915386417,1.1354037806470603,-0.007987295285835591,-0.48430735480533144,0.14180275324125413,0.49990966628753436,1.7370909606794203,0.904039107271125,0.16834681317552128,-0.43702441442221135,1.9952699753712917,-3.438865072536715,-1.2956519803794162,0.7645315045175939,0.3183139884149956,0.052905389959516456,0.08498893412666583,0.5340914767229413,0.44498173160110277,-0.4429179805959634,-1.6510552612186657,1.8778167258527703,0.3035520301251626,-1.3704801917496316,-1.6925746213047779,-0.7197512495248278,-0.8456947669455618,-0.5453969312209397,1.381642729936723,-1.5967964463211104,-1.2482744338405198,-2.435391037773054,1.1644728962962634,0.6555910151688307,0.3887975599058126,1.5589903924249475,-0.6685693092571349,1.1183204551415555,-0.7806243788646287,0.5101062920514015,-1.1970000640815797,0.27718362583415207,-0.6195845195767128,1.3530646692271318,-2.0983202479407352,0.8272368286348329,1.0077565631260998,-1.9614917049533365,0.8990316226002006,-0.3909150137521866,0.14554360696283,-1.0526934140356714,-0.01688141706622398,0.1921095649258896,-0.16561949394761466,-0.6120168076203227,0
0.016693729840504108,-2.0014891071172936,-0.12010583808632114,0.6411259712680842,0.02367047250089396,0.2765167735378515,0.7131733485183589,0.4724178238007679,-0.5416654087269139,-0.4297708379729552,-0.7836426034362357,0.5170736944922935,-0.36743325745404026,-0.8265936506645296,-2.100548647185536,0.7250815341627797,1.689973925405559,-0.4247487749018023,0.17699601109393337,0.9238682319818892,-0.0642946485420187,0.8903290403930909,-0.3770058954948059,-0.6284435413875505,0.4332610284051468,-0.33311438612203237,0.2743756260479912,-0.7296381487365783,-1.3927478621457468,-0.10538835040181012,1.1949045591048262,-0.8999170268519291,-0.7853811505114882,-0.0311780425011119,-0.5605225742846751,1.2823574340673454,0.13510755328668392,2.2992499763165886,0.02790797176787679,0.6446012371111217,0.7940019083673998,0.809929745156854,-0.7769937372986734,-1.1415109123838356,-0.7716515048187944,1.8229505119668241,2.0507038668880595,-0.5044168173330671,0.29083214892025255,0.0758884228904022,-0.3112386533566242,-1.0597817436342534,-1.0424989216384621,0.24299132210196386,-0.022536128191493254,-1.0786135205208913,0.4374045920036252,-0.41159143857207614,-0.576978738179664,-0.36259994232610404,0.3581666597376356,0.1655015898599197,0.7856107264301002,-0.08310086486861101,-0.9302381489921595,0.46298617053158214,1.113778018146359,-1.6289743386358289,1.317789399667977,-1.7403739532640017,-0.452102487851131,1
0.12884470661041375,-0.40487322859777813,0.25320213633825256,-0.37453911926176,-0.2281865378498223,-2.0969095071013735,-0.6455800867286742,0.4123672315255249,0.6086228370432399,-0.2842206719841797,-1.8084678452947083,1.761413486373987,0.8445748617596904,1.140033882051526,-0.7968418644144128,2.1465412904420975,-0.12910427661867302,0.5364443596470205,-0.36638852983853654,-0.3541718458011525,0.7135525877653187,-0.3666636892770753,-0.14356753214256732,-0.3655822222177108,1.364509309976336,-0.6826561350443855,-0.29031213335512956,-0.44775064644824847,-0.20445189386954452,2.1428656441241225,1.7049980857597533,-0.9198901387088921,-1.9066869835471665,-0.5513153942724015,-0.9315910791411137,1.1816410119094882,-2.360076009436044,0.34974970473133266,-0.852755439882013,-0.4143907412905808,-1.0584682453306968,0.06066455468123617,-0.6745381658001415,-0.7702833872897257,1.1310457879329008,-1.1451925029213053,1.3536264314879993,-0.9525937358371531,-0.30839737924582644,-0.8946987323382881,-0.7634694545071206,0.9525344131887604,0.8220908823704072,0.4859878993214066,-0.2524205359707456,0.06520242618703716,-2.2409976568475534,1.1355157697150664,-0.3064609603599232,-0.021221729928419888,0.6281950791665986,-0.39498016083507753,0.697240817424504,-1.2787997694152131,0.15552726967995403,0.6005953544986726,0.6312035513544012,-0.6208853731257057,0.515442698088005,1.841356322208322,1.1482037932308538,1
-1.6707833041138882,0.5336905808154512,0.03618760158605433,0.25061552660610875,-0.9659592644822799,0.08555739308596282,1.3255396416493537,-0.20630520459346793,0.10083592192810242,-1.4403033722860228,-0.623049834976258,1.1138247754947794,-0.14061084693106107,-0.17115586428106555,-0.8684023621832124,1.2973559760616569,-1.205999682525979,0.694388556531974,0.7013282197604552,0.6464484867513167,-0.6496657551916303,-0.911914131656866,1.5086498436239908,0.8816954503192448,0.767336151573465,1.0071354285969405,1.0657106810471617,0.7272382812480513,-0.5441448665779621,0.2632043661004349,0.47169142753721544,-1.7380650831009428,-0.3010363654103971,0.40357892479062213,0.6648557566379703,-0.10244436619248816,-0.5326398925795895,0.673631894234978,-1.2497748762557181,1.6762454590557572,-1.4473761278726989,-0.3320227112519591,0.31134883664772073,-0.10955560033394585,0.879077683604239,-0.11099356444890679,0.008059506685277069,1.155195283278679,-0.6140545695081211,-0.42369846839959957,-1.2097413079807513,0.7583625636859795,0.38426020111852355,-0.6738041606362949,-0.6013865747118347,0.12526588778233627,-0.36292771112951955,0.49507677687375407,0.7683703071221161,-1.1914221378417968,-0.356239055686207,1.4698628846846085,-0.2716996890463473,1.1964642920082555,0.41186326940620877,0.4633639384303567,-0.3080400741347577,-0.8868242891527987,-2.2222995258911227,-0.7253336499493693,0.12628429960999468,1
0.19512247486264594,0.8266383675427587,0.4757263789005825,0.05632476064879739,-1.1572941504853693,0.24546049858929583,-0.2489592113649323,-0.5041862440927124,-0.4599182745322617,-1.044442348870211,-0.6027710251357327,-1.5255685611946141,0.6189141208206503,-1.314051401676354,-0.9435303798859936,1.2415988756249199,-0.1906916845524047,0.5950742127391562,-1.3880114051042496,-1.0190715959423886,2.1801736279001718,0.23407628515078666,-1.650359532973599,-0.4999041496903391,-0.34469817690954735,-0.7634403579370214,1.444364210894622,0.32500568620463677,-0.6187292004902758,0.05894423188312494,0.1004542404711105,-0.36257153534381853,1.6719257638699185,-0.8452381653546499,0.09645123256418307,-2.6046218520046422,-0.28201302838805065,0.8071688728115476,0.18631000670321105,-0.4533826770301562,0.5444965802874355,-0.14881635690379233,-1.2010379270224372,-0.34025237914154716,-0.7541485237775997,-2.8677618641736062,-1.0984761397810383,0.9773390983854543,-1.167847879856608,0.5580519024685943,-1.0117927935852236,0.09720978992347834,0.10250981328892933,-0.4290872557798509,-0.44924345436847984,-0.8341766098595805,1.1619326908200822,1.1906985303380688,-1.2212321466084086,0.37575041159868255,0.024429155963663022,-1.048410023063973,1.511452601413283,-0.3259828270518356,-0.7642892373192559,-1.6344286089181546,-1.484642985748937,1.4102540494839613,-1.2080807590724785,-0.7251020853473095,-0.9063325784086557,1
0.6467948487548713,3.2235221823871574,-1.8519798151005333,0.3473048265455139,0.4901034219398393,0.9654318300770443,-0.6208845932426258,0.13763112133148725,0.8734858462079348,0.362992221463492,0.03227674914346916,0.3096589267542813,-1.2365788096922452,-0.07623152492698478,-0.37125876465120794,-0.13198340220759847,1.4029923587322892,0.5237330774555777,-0.5878578680785751,-1.5328510652669634,-0.21682676133181206,0.8481488251726188,0.2776889074281269,0.861923397652671,-0.027298007786940307,0.16698799403512063,-1.3897239749918742,-1.378920557306796,1.4794400819088531,-2.017577490534412,0.3757230007841435,1.2593827027188358,1.3134563476479026,-0.2849005986794222,-0.011092746712937468,0.07298423790535769,1.2869823228832276,-0.3269649581863025,-0.47319805897908296,-0.806869083036104,-0.36852539522464256,0.2678393875228575,-0.48593429513207304,-0.2521535063132609,-0.4105996077186073,-1.2742950930443653,-1.1370417326852145,0.9722343520402877,-3.0797440052552942,-0.7286367507527894,0.3533511091277821,-0.6310878453562486,-0.4614692401453919,-0.4758044236153212,-1.7372163335829998,0.40033722276357164,-0.41268984726673236,-1.0037047495848934,0.7462686943150533,-0.5132614259111691,-0.40639003608358876,-2.040678260902637,-0.007373458198383175,-1.0619761554462221,-0.6075455334625081,-0.7534787309364908,-1.3682340068847147,2.3829753866097287,0.6755193688893314,0.9565724123305618,0.7098514699108286,0
-1.365253508228876,0.5795383795868914,0.5950174282926524,-2.5824869106160118,-0.07907583653575098,-0.4431510399842598,-0.6700780054136907,1.8717524170135857,0.02569137024640238,0.1934284500337122,-0.32291730680312225,1.39533323897897,0.316672303438557,-0.6787713893665129,0.26980285347552724,-0.5270445407142412,1.629804536418688,0.9356787963325379,-0.046283202048575375,-1.345096929395682,0.8964247332506474,1.283681563313493,0.845924347674033,-0.19003508793473609,-1.377032445958335,-1.2766159871891583,-0.2668569632325963,0.6309239447044567,0.060884828432569225,0.6614332936617023,3.4513534962984993,0.567847542275305,1.2574740967721798,0.7055304670145374,-0.3005559107934994,-0.0666036260710326,-0.8980798254714324,0.15394721728759658,-0.761414858790216,2.800563100096867,0.4174283887426552,1.2407363446143245,0.29631364406923716,-1.0999392892767021,-1.041173503200785,-0.6860326829327367,-0.7387442802264339,1.4933677761920392,-0.9586972107124612,0.5696138931162871,0.0027324374435878777,0.42624656775801006,0.3817295966393074,-2.3122349105126854,0.9577243885128243,-0.6178959124760453,1.0233724037506573,0.3814185211777366,0.280394686605437,0.3428392482568948,1.1781687765079785,-0.6199463312218187,2.4826287352743743,-0.4431250932313895,-0.3452750366360113,0.0940416684754931,-0.193031309808956,0.14899601396529702,-1.6401282776202692,0.6016767799119103,-0.685391485873088,0
1.0360101469618364,1.020287838565999,0.4369229575957864,-1.755866069645296,-1.1281435639264985,-0.017915062210699096,-0.07373512358008154,0.6798491565574044,-0.9615887698699531,0.8780050119672018,1.5894219120591089,-0.6590314549235148,0.22714562165416288,0.12020148192688293,0.5215371376204163,0.10699344506426983,0.0149827245344428,0.9177172301825696,-0.6915926783353716,0.8459905812650376,-0.2906818910742605,0.22335395379991424,-1.1288736732161528,0.7217088166836344,-0.7796777356344354,0.4463076298169107,0.3189302924000384,0.1885930938629824,-0.7585258457875084,1.4342993976991016,-1.0522391286572725,-0.42772864269097594,0.33033634575671594,-0.2584048320100322,0.3824061320081705,0.24059194577855936,-0.6676421789988572,-0.4089182433838933,0.3331802524908778,0.4376699575073533,0.8592973955703777,-0.402765449341996,0.6909165632868008,0.33762664534277276,-0.5522630092927059,-0.5362949517277722,-1.0373196265701392,-0.8929909771437284,-1.3274594457826534,-0.25703910963236953,-0.96825292253122,2.1051673919857685,-0.09151550948246011,-1.1246518343479885,0.21095970299832179,-1.321528160221723,-0.2552961954604785,-0.23503282984500026,-1.4907831612749018,1.437874166543126,1.5664218194157953,-0.31361172737957066,-0.16747105724180245,0.1359716180791257,0.24682940478179213,-0.0655182019311323,-0.2635082993805722,-0.3460919560365816,0.8352376731160165,-1.2387619172943745,-0.4487624358852661,1
-0.29673803383011255,2.652519247168613,1.8016375123258295,2.423429367985438,1.6660069262778978,-0.588612812989878,0.3044819746179966,-0.12304346209075008,-0.664973130699758,-0.6635563413724241,-1.450907422239925,-1.4145893427547767,-1.4910595578134072,-1.0381503514043013,0.6713675535153831,0.4244156248618362,-1.0091711138192971,-1.7575772588427516,0.7987820732225097,1.8435030276785156,1.304069298575635,0.10790715499164627,-0.7830970926537582,-0.5664209143271652,-1.29193630233194,0.8599677360778654,0.3886492046509223,-0.006076009602757469,1.998197681865309,-0.7553400760897808,1.0938995070544875,-0.21234875150260935,-0.5121831060990265,1.443819231289003,1.7705598548134787,-1.4625282305549996,0.25275155799106386,-0.22669731737562732,0.8242336446597245,-1.1007093515179354,0.079763745516298,1.4936158896958236,0.3547941786736013,1.1810473630494864,-1.295792560914687,1.7183415615480095,2.005825290978178,-0.708100637369171,1.7716555749159084,0.25263034289733277,0.231124169099664,-0.641664259763557,0.3721165774777635,2.1138188216196214,-0.41363211783977977,0.5589224882763936,-0.3422151859956112,-0.7772923215274559,-1.1090032441328845,1.1694519475931582,-1.0487403027995155,0.4699710697793099,1.754972855657106,0.2957257878098648,1.4978637382361917,0.6691384159920115,1.613725368509007,-0.48806567351896935,0.16376469979472044,-0.19888536423029968,1.5970319142489473,0
0.3543110014795795,0.5822623861564693,0.02224412239626283,-1.1067919668954478,-0.17560289260767992,1.0394363983868038,0.22840508813767535,-0.45139262203509384,-0.09533287555532681,-1.4170212184255422,-0.082900313207297,-0.45078735192384567,-0.8987527648650497,0.09262200449462894,-0.014984242926213325,-0.5715947418494427,0.4038106240999793,2.0259543714214896,1.3550788449779123,0.28323151714440536,-0.04866282579954381,0.7768387245964722,0.010651793794238725,-0.2253393516480661,-0.5519260494708019,0.7445833118354117,-0.45831770614233375,-1.4122148515631854,0.8996757407856395,1.8278281748901688,-0.6519816268238448,0.29858516202128793,1.1928918890425915,-0.26401028677203403,-0.15291468343892053,-0.20776137225547273,1.0828770931326945,-0.6864940003327817,-0.7779690438580199,0.17836412167948987,-1.3351439690784561,0.2070055413596479,-0.1474207013874424,-0.6519426231019414,-1.5982295359590009,-1.2488819088159882,-0.6751346059596196,-0.9312041837226093,-1.4097086628286486,-0.1663527896794735,0.8186925353196011,0.019334515971626037,1.3238615925752593,1.8282139765442815,-0.8102805071968763,-1.5828592618552328,0.8340413697934563,0.32469587995945226,1.0492672985747098,-0.10918308181532396,-0.18305064743450605,0.6301981894501356,-1.2035956302729622,2.11037022476694,0.02957650378795486,0.21765417698914463,1.0202132104415047,-1.0257900245821538,3.067046024831921,-1.3435264549721402,-1.128034170509519,0
0.3975041797149814,0.7898639663085261,0.3857196500844422,0.9950946462996249,-0.6667774140643978,0.6079017436068123,1.591743600169051,-1.4368151009265846,1.1015895971651446,1.5754929057668685,0.04382705265242412,-2.0096996256414648,-0.9090572627621438,-0.6373707288716622,-0.718128145238314,1.4024773177024943,-2.4552292673834923,0.9977883979536614,-0.877612626857825,-1.4228764878855606,0.5104159148506682,1.789551687265253,-2.6969952693637924,-0.7974594896003453,0.7597649876049762,-1.9217912981720766,1.3515146828755706,-0.15164235977564272,-2.1395276127402454,0.1036717534613398,-0.5389965840656097,-0.7818456491777039,-0.2111564457072786,0.9258779510827417,0.6916060461767056,-0.4786423561590255,-0.7033054921211714,-1.5057723466122905,0.11057016311717786,0.9791018505922664,0.720807937556972,0.44258636577379495,-0.1283281167089064,1.4660917288459718,2.159877430175609,-0.460967994360887,-0.7088236254052485,1.6583918878956325,-0.9135389108899227,-1.4607536907445793,-0.3262012109278122,-1.4021502998389876,-2.178679847434817,0.40619272932767486,-0.7940920361582697,0.07083542433970363,-0.6762347004577948,1.415389376149445,0.5970546947348739,0.5905073346022015,-1.3250611376057946,-0.0883578533795696,2.096438671954521,0.8218654335822054,-0.768628902654593,0.04578128102703832,0.6933425115016676,2.137695666288626,-0.8120545956151722,-1.1974718740875276,0.19365373211486875,1
-0.7468645757867387,-2.028899354418741,-2.442836737984786,0.9003870682358921,-1.3877396176632046,-0.8459689287861498,0.8328138656843919,-2.1185721495543928,1.6440469605618637,-1.3057599998302225,1.1202692560534298,-1.6570833034106753,0.6358218842773524,0.5469474396351727,-1.1286755951375813,0.49049578581821435,-0.9643193656183726,1.3005966514090588,-0.2395040429590466,1.8462495703757524,-0.52843598875288,-0.24804424247087528,0.5949079253463662,0.427367086677316,-0.7445814943420199,0.9230776080109239,0.043771675046945895,0.9775014736095826,0.2302648318134693,-0.7601882549582174,-1.571918950540732,0.46953373607221893,0.47374488734777276,-0.25117960442381915,-0.519544387541785,0.7731771402219851,-1.2583981796341253,-0.7405417529205334,1.3555069222729172,-0.6194363052542744,-0.6317693889060748,0.08777797364637432,-0.0877038648107848,-2.346976782377963,1.0978830165672306,-0.9709691659953602,-1.3227190646123894,-1.2419967757625832,-0.48323385337232017,-0.701238175952612,1.0082549452913554,-0.7234125203112531,1.206332142284897,-0.2071334150311806,-0.8839282814399632,0.11109825635251405,0.5429012894469366,0.5212058427153161,-0.017871540668267048,-0.40611617187766164,-0.6586704969767541,0.2915970553886262,-1.0456797342097457,-1.1199165837919802,-1.2014154345952095,0.13662636290871616,-0.17149470083760426,0.6398334180518502,-0.3981675512800919,-0.23074341092494263,0.041292280759885586,0
0.7320027333806577,1.1509707652352184,-1.4847741513123134,-0.3196161192203801,1.228223367581585,-1.0872451009315538,0.712998808688639,0.07547216590201677,-0.033260328778541785,0.5794574446307946,-0.8749221417464602,0.10881461348506691,-0.874535570107707,-0.3920275381628119,-0.9641196483436182,0.6859980016458501,0.44040402593008365,0.7604959350956123,-1.1471488343005007,1.0709323396731194,-0.23591057644256982,-0.30917961070450417,1.109678240025001,-0.020385580349587457,0.6479888161068905,-0.12040392900626085,-1.8553133579217036,-1.1311828265148123,0.40017885941871706,0.32593709672872695,0.3262251797278655,-0.30133326787759007,0.632340293051276,1.0370677429941053,-1.0597611616055738,0.0846502093599022,-1.2989464253934289,2.329523578152099,1.3162615232321733,0.7271306036816373,0.3257118312690631,2.0738817603007464,0.6763479903516741,0.4191184535735471,-0.23144099981000402,0.09078175649850871,-0.2237288172335656,0.44807585107342757,-0.13755774498253856,-0.3921683805846811,2.45458640757197,0.307133073195613,1.7418989534984757,-1.1129054910232117,-0.7783700173912294,0.02489813197642963,-0.9157993827093566,1.333431376606634,-1.0101255072977398,-0.4493983890198001,1.2078672105062749,-0.07196518629336605,0.7819558634887133,-2.2442642930135914,0.36328611720314014,0.13727583216822392,1.0905742982903541,-1.2132762571168658,1.8085437833937859,-0.6234423826786547,0.5380728802587554,1
0.25459473023594553,1.8608345845493293,-1.781445683789645,0.4350409861810173,0.8342274977369709,1.18831442726491,0.43534479402582094,0.03629783614886513,-1.6434187359461303,0.7442271153980704,-1.3102506233378608,0.9346167053937156,0.34767866421933835,0.16454297448018965,-0.32476997204160224,-0.05128507643212114,1.371345628231774,0.8577905863629379,-0.41058780433984216,-0.9029083318980654,-0.27475684682189677,-0.21642033700619664,-0.5038309026143277,0.0028382646860917993,0.4190420385397493,-0.271610612759209,-1.7956142181355597,-2.2500043603189077,-0.024140202636559964,0.6946431168501734,-0.7681354407705389,-1.1133118166853597,-1.0192076236003498,1.4696817601723795,0.5859126151709371,-0.8510862258310969,0.7248182387325908,-1.4943431405349725,-1.5210825327509512,-0.1708873519732704,-0.8406180106193133,-1.8090963098632946,0.47658933498176964,0.3841295945150127,-1.8155655213034498,-0.1786381311028401,0.40347050923746025,1.340692812035503,-0.1588613471084358,-1.0640311255219463,-0.32426738050857645,-0.6529371740976171,0.624374079417024,-0.4903279225683155,-0.5741867489127482,0.10246804977215236,-2.1049160451214783,-0.7143579491272616,-0.34095219950250244,-1.0946124886179536,-0.5743922410035122,1.6610252604454645,-0.7351684552573464,1.3649664326167639,-0.11607212591627453,-1.0703584415223255,-0.443116382650061,1.002823270400582,1.2226003772737446,2.1894954662023416,0.5721519717747116,0
0.7877438983439883,0.8714726192923595,-1.0327748500369032,-1.4814712058995334,-1.4543352763729473,-0.6576175903088863,1.2999787891016257,-1.0986590225645438,-1.4011054215066694,0.19810497271591804,0.7437139805827281,0.9042239462246915,0.3702788626857539,-1.1210668035938354,-1.7768436545315907,0.3290436591495585,0.18770667567936322,-1.336405204939586,0.03913957439199831,-0.2585475168250786,-1.7026519138725082,-1.6100756644198055,-2.0242469300972568,-0.053388173313484964,-1.880952970842469,0.03144342361540634,-0.3927208143227156,1.0582741947300358,1.3057316962573087,-0.9030679408174381,-2.7120244849414954,-1.6360802170387403,-0.5349980674073617,-0.021120694617666576,-0.7575626647693002,0.6802301394508816,0.8204012033797152,0.15120808120580959,0.06644443343654481,1.4495197498020762,-0.24557974773489946,3.3798717891699837,1.0135665642010625,-1.3867626571388372,-0.7368164006897266,0.5789466812265461,-0.2810124887232001,-0.9522036273653645,-3.148497271783451,-0.7819969391440391,-0.032762519374294856,0.5517046645823549,1.9010558654872491,-2.455814833484919,1.1189425610573327,-0.6800194619148616,1.233696014588316,-0.574584665642672,-0.6268662325680647,2.2808709527075397,0.5777743150260674,1.4525620147199378,0.004538063772465038,0.39776234247057485,0.45820037578376355,-0.15468258452459413,-0.15515864575083987,-0.8262738033231645,0.435223693799339,-0.3679642762573971,-0.8536579779054619,1
-0.8384402984438568,-0.6277524970174455,0.14921429677608955,-0.24773297057908727,-0.7072832998530258,-1.6133648618438012,-0.6492482780645946,1.4326807561694201,0.9523349755951631,-0.7413383111515669,-0.34587976499838363,1.5422338686003163,-0.34965362519735865,0.08008985924751076,0.37036864474364556,0.1947634536948279,-0.2921757359977532,0.8877070088225792,-0.4462732957073416,0.4986976325457869,-0.6199715391052176,0.31897365101438274,-1.2681905689264223,0.44109026551375097,-0.31109423489486415,-1.7852290234339736,1.2476361567585958,-0.5376341329815151,-0.2822738927094984,-0.8554634536372409,1.4868895483621178,-0.155089330217909,-0.5565971251409007,-1.385575311589475,-0.044012381829019995,1.0267883025261522,-0.8082051162871653,0.16842978216851165,-1.2592735189912048,-0.5219127967920376,0.10358365242746082,0.6732796399426915,-0.7193653739201263,0.18117589241193446,0.6853104144063895,0.09551466141959361,1.113998781932953,0.20137534827538128,1.6640064122957947,0.7983189029434348,-1.6561272009238543,-1.0401997140392358,0.0005080062080983389,0.1698545522878758,-0.7560453240405942,-0.001045868965217811,0.7186168369548136,-0.9385716326260101,0.8684648961927223,-0.36225930344901086,0.995645606437674,-0.26448196488704506,1.851098482444493,1.2642465387929458,-1.2561301728593708,0.3321278122435485,0.855725266320374,-0.3822768733643874,-0.23399584774254048,-0.6584527063446343,0.7235983259075421,1
0.20770081271640553,0.612155049824296,0.7388560034831043,0.8587339754566529,0.8824745041130962,1.2215144338850372,1.5050407609721914,-1.1325203979180496,0.28397276205372046,0.2036283071228579,-2.1769589093994326,0.2775966276817838,0.8079588434551807,0.8621124246988376,0.9933594595176024,-0.6152299983749306,1.0702866002005083,0.5374865834385374,0.42669240753536836,-0.19693913992257503,-0.3839841405335737,1.7863544291884408,1.0606071273364945,0.26988698940556494,-0.3507221330099893,-0.01230012494520214,0.2022781976200157,0.16866968132007168,1.7046004490768234,1.367619981126946,-1.4043710277731383,1.405000456149847,-0.1516925906341589,-0.7149217914909387,-0.3270268458677482,-0.8493870844539227,0.9472181709426103,-0.17538137335208684,-0.025870258779459625,-1.3605456492994907,0.6170664775307957,1.0061310313576226,1.474421393240177,-1.9966207374853082,-0.8446453019984291,0.003178488144829335,0.6520372851189274,0.10066456144522422,1.0294948749364312,0.3762553076965966,-0.35740524851774624,-0.021237139581003768,-0.09034311645658447,0.08360889025899669,-0.8194687491007648,-0.7171731162901744,-0.1342622680839168,1.1114794593553896,-0.13487737416342885,0.16036810916292854,-1.3002947127173456,-0.9028994884059467,-1.4635038129490283,-2.2955826351982855,1.308725806019344,0.2736190008595332,1.205086247063979,0.988749079138778,0.5373011765248091,0.8352278553204614,0.7241098306549387,0
2.154592015141221,-0.729853750744575,-0.2984050615108534,2.237710534376678,3.0849653169677937,-1.4673949486253206,-1.042955668922197,-2.251574017817811,-0.35753355209228155,1.24581490182556,-2.0547225916742238,0.012653840132625056,0.10499830348713207,1.490885182051899,1.9103087641398873,0.5407677338335739,-1.4391594410305282,-1.8981622269678269,-2.3437253914124447,0.283965221085746,2.171615471130499,-0.3961694189021682,-1.9248629342813546,1.5223378367869957,1.7161791715789025,1.1067428464935174,0.8253643428735603,-1.1510165276202609,0.5856128443540584,-2.18697140729256,-0.9082518344815412,0.7113794831274854,0.8549930412103917,-0.4615072106922266,-1.2986792031071495,0.41585321267032643,-0.3198547423551593,-1.3753576740313143,0.8655644541303057,-0.6591966418749283,-0.6389235999436905,-0.9863609448929798,0.5567582187295274,0.8023419097382448,0.4988483678680714,-0.41246696634761637,0.3893159606704228,-0.265155425358829,0.9007653454581872,0.21557267240750252,2.410279986908122,1.6641474975017945,0.116780637587851,0.3302688599362088,-0.46087908916042897,-0.08128874719193631,-1.4887307768990763,-0.5908307844710414,0.38306532402727383,1.2470003864281203,0.46953715165041404,-0.7783007623985346,0.45005479741074206,-0.9213445439057611,-0.5184307224468064,-1.798600571936734,0.38624336599864456,1.4491542970091784,-0.44731615862330754,1.047203295199953,1.8669873753312196,0
1.0369158207714106,0.15532464988429884,0.6822948219316252,0.708912143151022,0.3680440989959699,-0.030335779753856765,0.26259869061599417,0.611309316294911,-0.7006793019335236,1.0128908775880676,0.31428795334033005,-0.8014982623373459,-0.6364254775953325,0.007033696056562704,1.3316053940486807,0.7060383394178562,-2.776534761844559,-0.22761973504727062,-0.2724306829788375,0.029873805370037396,1.5962772402441936,-1.0606952891048802,-2.0599592265609488,-0.04928400602171334,-0.4888090289199008,-0.8820337764724301,1.2292197992982647,-0.9681897382109586,0.14883122875634566,-0.11545672791733654,0.5931548540674447,-0.2077589061487608,2.39903892328405,-0.047787295870362304,1.0920037046400546,-1.0156628785204325,0.28894252128760833,-0.5243339337398968,0.9148031868484121,0.2351001731906624,1.0808003867233364,0.3728741323574722,0.6400525191551227,2.058067086051661,-0.6583043980013039,-0.13222535463825238,0.658902927491173,-0.003381840638078254,1.397459302505453,-0.7093260066344347,2.0989734729436225,-0.33096118391180857,1.7083277109858328,1.925030075510993,-0.24548607388701363,0.4847380165056201,1.1018151845766688,1.1152742315708966,-1.4873169825106338,1.7159972118404037,-1.8516777953568822,0.13854772674894977,1.8029192771388658,1.5578851803513047,0.4759061874052377,-1.39205015020815,0.8385748919079251,-0.7023560702355358,0.09636407211344598,0.5646748519472988,0.8964493697716283,0
-0.8463248908474253,-0.1876268438246625,-1.2119715716220172,-0.04002702530825387,1.2994361098056222,1.2045273207246219,-0.4474580714790224,1.3443557892648745,0.6407066493510116,0.8630795767821777,0.09420986278591019,0.8812508880868491,0.4625367324230731,0.9935542827899317,0.5424663907579498,-1.1524414205947229,0.4885386497451332,-0.7304250982183091,-0.12028213974890432,-0.12507540042750467,1.3051199362139878,0.5611739747706586,-0.14869920374243714,0.9854422690770616,0.6932736087381846,0.18633392077723832,-2.2912296390428932,-0.05473067153432286,0.216865283175969,0.4408332758495179,0.93181254329602,0.11160587085348954,0.041983073700550065,0.5195393960269895,0.10920301307035919,0.6458000312183828,-0.1978368618933001,-0.9393134903348738,-0.46730583428513967,-0.3441440908779923,-1.997452553995543,0.053862376526338865,0.1135374902778922,-0.8813709784198587,0.6464479414485752,0.7273674649430922,-0.5058904871654952,1.1269271453658596,0.4110077552107452,0.34501725210591505,-0.42406468792913543,0.014937678492307134,-1.5590649089512445,-1.3348038094653192,-1.128100701778393,0.8279737486291954,-1.2847392375421156,-0.3659676745795899,0.40082972465608097,-0.443601586997443,-0.12459723019868953,0.259021765421573,-1.4048464129088332,-0.6633562115307812,1.1920293639850859,-0.38683835320115934,-0.46420539193827515,-0.8862465321424218,0.2409064796016572,1.018498908325817,-0.3632068225543114,0
1.499817479464089,0.7726410922339688,0.5918523465574036,-2.4603739721096574,1.8301596233379063,-1.2975309449121584,0.8538649616432643,1.5576085341827726,-1.92213515889136,0.5424808726911267,-1.043519052733642,-0.32175680035387993,-0.622650823890086,2.4030104392933187,0.9466863762844491,0.04713247909138764,0.2515933140328335,-0.7626247323653406,-0.4771793619501743,0.672293428376193,-0.33825513712463434,0.39489040097789496,-1.0530621708492502,0.022937815460951423,1.159653425405771,-0.2566836814529649,-0.42332290357879787,-0.5839353552262823,1.1052709037349202,0.27152768580002207,1.4645799369024883,-1.1847831078974322,1.446184516088223,0.9122677764297717,0.12847570450447585,-1.594274607607136,-0.4666651547623421,0.8666325887793083,-0.2222708667144374,0.07086348605235895,-1.7783232544288778,0.4646333410912712,-1.3555174867784643,1.429241960488205,1.2495652385084988,-0.7308822361776149,0.9904476815874906,-0.6207924500025406,2.117585593569078,-0.22422360802506672,0.00025224676516201017,0.5249028876790058,-0.6943695580225736,0.15852182381520488,-0.32060012929827847,-1.2349394377766094,-0.7285427206541204,-0.007290356782765456,-0.6009249590580135,1.790627082687791,1.1844664800090976,-1.2038323534805482,1.7780990821702707,0.7411605366893764,1.118917746449934,-0.6102999377126892,-0.23136195024515988,-0.9220144317365465,1.2935556106273063,0.8129041898601088,-0.4436406648283313,0
-1.3633898419532953,0.9404196390316278,-1.9896498015142057,0.05506301127118613,-0.8424498568646824,-0.9831447190402021,0.9352251828578148,-2.595049996791476,2.675052302631708,-0.4718158228449623,0.45753160706983587,-0.07672063950784204,-0.19657282958479824,-0.2716383740104453,1.177630311478192,-2.5230658122396337,-0.8125721470112786,1.14103837458343,1.4531594264389145,-1.35252724788628,-0.8199927305572884,-1.8394303558487997,0.3065995849911574,1.0543832077577766,-1.473331248606538,0.19379196910443178,0.1493533241079066,1.3293929462564507,2.881343794440027,-2.772459593115632,1.537653602702033,1.9141851589726249,-0.5311083666774438,-0.5117161984448739,-0.07948669686911382,-0.1306997643866424,0.6801819097065432,0.731751222717991,1.058463209305138,0.7411968360444202,-1.2031975279419567,0.1863771907983088,1.574233148687857,-0.676606821533781,-2.6739347162678344,1.0672256469283803,0.8341703318454555,-0.7036240538348144,-1.3838394031316332,0.9975851721897346,0.511298926825143,-1.4687553687945225,-0.028600551162253435,-0.1766344960759636,1.2688543525291014,-1.1687771788493455,1.251207928791497,0.18206005423013033,-1.4249216124109145,-0.17046526926433486,-1.8349091630302612,-1.1486127066315628,-0.3190773819150251,0.42126768333370573,2.141841190641036,1.4412168577418458,-1.0347920750910378,-0.7693495786812469,0.3801257508526761,1.156930750049975,1.043574458125247,0
-0.26106391459386175,1.234666889271836,0.8217895322848268,0.10125812572105704,0.2980501734070659,0.9098291141886962,1.4405339112162088,-0.37981887728229413,0.08889751799288793,1.2859888376949404,0.43464162612556384,0.3473443776838478,0.2727810470977686,0.4150017385467537,0.4107488197645894,0.6098422246630515,-2.303002357753115,-0.28383218400543725,0.7803765839356727,0.8509282949647645,0.4501575043822263,0.25143798811970075,-1.348342676393656,-1.1696758868461419,-0.2546236721386839,-1.1660545329348098,0.27240202573140115,1.040852549252005,-0.7648245250831514,1.9027358697767347,-0.5659112374297728,0.4175376323462847,0.652546518861981,-0.9881118050982922,2.219234496700212,0.2151279808989071,-0.21245950069801653,-1.424371284099596,0.04967120371437023,-0.10480104202744148,-0.21242699017947084,0.9772160546836152,0.46495879017098285,-0.6954614564972575,1.7439662198886,1.065091392542931,-0.1425701393886243,2.60772588850956,-0.5272714599050609,-0.3009960245149458,-1.5346240512355935,-0.17786929081107525,-0.8252289233005282,-1.182392649049877,0.6951168131716482,0.7896547315676887,-0.2025257053919984,1.4530132947271348,0.9219562823993291,0.18813445535608442,1.1208038204128217,-0.23361084384110903,-1.5220051727853028,-0.8399040148605328,0.9360487078070209,-0.5414415223259725,1.7845453558876163,0.0848705668099556,0.3927490338475904,-0.696353372495068,-1.7583484319816876,1
-2.5106708971639464,-0.8538418464381138,0.47505356799611764,0.42521241142397476,0.5961901787524687,0.13989151227090482,0.9030581267982879,-0.9434419560173345,0.40657897094426965,-0.7522606347616224,-0.2751744427701218,-1.7516376787529115,0.8642225406932179,-0.7799683699862462,0.9510035564654657,-1.1368260454068504,-0.29601013719956837,0.396966268694892,-0.2414454654546974,1.036810057197812,1.1844419014419474,0.3929729870048408,-0.08070022903766737,0.4353371249530364,-0.6021634962002137,-1.4457623378179802,0.1326700061804733,1.4377192357715527,0.8273240124096841,0.2879346843966862,-0.23306953995340204,0.005079696082369797,-1.0697483214183343,-0.699040739814257,-0.2868568929956966,0.374841796442809,0.3551977865991242,0.07376375613243506,-0.42804024257755263,-1.0667327741778152,-1.3708897674961187,1.0396602510111954,0.6115402578274923,0.370262976246499,0.21622261563596817,0.9532917726236121,0.10530463557323663,-0.12221004973388991,0.4503260098703862,0.4550790116148119,-0.42759133691332907,-1.1136876750895957,0.2195285592178689,0.8465441725039912,0.32275449996400574,1.1364758759008906,0.011917190080022422,0.5317697334532281,0.35360160345932096,0.9334194248725474,0.636546228963762,0.8706142177916749,0.14747261641284345,0.06036540086887802,-0.20364127827490242,1.1135726351384019,0.8657707693826284,0.25774702607912386,-0.91303648823602,1.3500955128121603,-0.23751849150457205,0
-0.42254630953477074,1.4306932497897997,2.548697665997194,0.9460942661775297,0.23856514579123794,-0.8938769370476347,0.7352596068471631,1.5048092701717253,-0.9902127803322972,2.363231872516245,-4.014989855441365,-2.0079785339227954,-1.83115953644061,-1.6522931451220464,0.8804039473518475,0.5853904977387075,1.5709954336847334,-0.03432495620635971,1.4929489790333828,1.0070616936543615,0.6756583711662844,-0.8348517395135534,-0.09633373686348279,-1.3364169193869633,-0.004486991485090487,0.2743765606152667,1.381451383874165,1.4411367271510929,0.4895770683874687,-0.46099376699854794,-0.3627110929706067,0.9327539300034222,0.4226966982128344,0.3046667252775505,2.395554898401931,0.7279913571058071,-0.28915314884906995,-2.876641033111042,-0.8094483834471984,-1.4784644186669778,-0.5487280787130986,0.2376847266062804,1.249680778573452,-1.2433019994484469,0.24943150975651357,2.2639945013827507,3.4630355526268013,0.35393796180049564,0.5145110394179908,-0.43358068982617964,-0.8579426444139008,0.6165400628551156,-0.360536575411364,1.085895940022885,1.0760577466710728,1.0199154076575416,0.5466310334496451,-0.4940274247783919,0.8096444070978972,0.9575298567484553,0.08478484227005198,-1.6930510333347035,-0.5160629350982874,-0.16752826312072067,1.7079248703475371,-1.2828101170190414,0.4224067237061707,0.6290404793208215,0.5165509882923661,-1.635879006741222,-0.4352942769968637,0
-0.13757401536187092,0.5329036856544165,-0.7543599367111602,-0.21338381981631555,-0.1822091937855359,-1.096059749219717,1.0350217003332232,-0.20702179660318926,-0.7143644557912107,1.151814028892735,1.8876097385597588,-1.7025486708267579,-0.011591712843948129,-0.9789121138520062,-1.6731856978766553,0.5231266187024384,0.590737269552654,1.3961010370297477,-0.5050786414914815,0.23853393465333098,1.1033948896108694,0.40902602276567046,-0.7227633091915826,-0.04891501206353692,0.7625707793320275,-1.2330834633773395,1.1751489144983274,-0.21133859822434722,-1.599605625815871,0.6095473999355904,-0.3625031791577486,-0.6115069100125283,-1.3859235824348282,-0.6229035257989919,-1.8545720783571067,-0.6286146351373259,-1.954050938300919,0.3352663824686082,1.3460165339036616,0.6549959945713375,0.23063277511229732,0.9118056201864814,0.5538340966061164,1.8072508919753036,0.879233387769459,0.7187317607858462,-0.7653372561466878,-0.7165212917928148,-0.5890302484101297,0.29121084123209745,0.9095529894165333,1.3375000893448783,0.23292580515434264,-1.0814024124019255,1.7070321105053048,0.22085795618195458,-1.2967557807971182,0.6703660567773226,-0.7021818798918462,-0.18260047483029587,-1.8540416455745115,0.9172702998845651,0.6389916095430567,-1.1027659875845643,-0.9415445547718007,-0.3491239119206968,-0.8892029537641278,0.7176367983466844,2.1997881081407944,-1.8093065620485187,0.3200857307758357,1
-0.9460845481900709,0.132966797109962,0.42629949510918624,-1.8267168548753152,-1.202351507487893,-0.44304374690895204,1.093653818232588,1.7268841591752118,-1.9302623217223336,-0.21545432518204022,0.3693671472820136,-0.04393333425318201,1.1071953823479836,-1.172432880013086,0.4311235850334199,2.2609834075083977,-0.07423843185208098,0.961443501514446,-0.2432007227980875,0.36361617788533285,-0.26140444793369033,-1.1848103658693832,1.029909761666744,0.30045615905612555,-0.8510239826339211,0.5635466041767929,0.6340056463195206,1.7022463004413004,-0.21908385157260896,-1.2254204285740342,-2.272295691063391,-1.1214920329217617,-1.529661193772019,0.9920412229337024,-0.9691298243502063,1.3599279746562176,-1.0094306959056485,1.2753123741076877,-0.7259196360669964,-0.19255256308795707,-0.33792433908122343,1.334095413377111,-1.0489484720426043,-1.3015492214357889,-0.2756509479944174,0.7788698153346642,0.009163775614962073,1.5077713201500245,-0.6417849835258644,0.1933147194547687,0.6847266286018466,1.2741584751192438,1.5908672275122584,-0.9178757161995734,-0.6148508830599443,-0.7753052821675912,1.4976319106154237,0.9511298690783453,1.1108521926813844,1.0451755828879161,-1.4248924078876581,-0.284839625588836,0.06674864905682551,1.0982265144925007,0.8129990910379261,-0.3994687974863469,-1.3873390725169141,-1.169371425233688,-1.0102778416593503,-0.8237820157922776,-0.9215224671321296,1
-1.0705257138304392,0.6335824216616723,0.46777471419751815,0.14089704017862031,-0.4688598599592541,0.5714139077705389,-0.5147592553247404,1.404125018259263,-0.761957477865081,-0.3180777049933787,2.2031456791783857,1.2625825977560639,-0.9066698186213688,0.7132565358624001,0.06629209850036512,-0.7829282056665533,-1.0860190386787005,0.9099978957904074,2.1820170529972813,-0.7302827068529343,-0.2509420821949921,0.5377089483265538,-0.7011509515632075,-0.9579200105343474,0.10565882834474816,0.018010042214436056,1.2250081348685105,-1.2439076239969407,-1.0454227828474225,-0.35221895159285116,0.20167944597281762,-0.4468468725265018,-0.48458657277615397,0.9352923471285972,0.6864404101823192,2.0603904225411305,-0.11019364097846802,2.0355257719666033,1.699912059095462,0.7990642471826009,0.768554427058,0.17538878797973165,0.5893719952916701,0.8779178343275813,-1.0363116072810479,1.4926710433784551,-0.4435734259576054,-1.288804637090641,-1.3436894713423282,-0.0013618733998669154,0.21031708430143645,-0.0802193850542659,0.16579715936479936,0.26497293532007643,-1.117724322866322,0.4630755241830768,-1.6952770581456384,-0.3117659288042049,-0.9414452286050372,-0.9294444912062263,-0.7331861300063147,1.380600721063008,0.6749228512477592,0.44152989056010256,1.5384163758451854,0.8299356771070668,-1.4187409947783567,-1.178253381706713,-0.24554873709828076,0.542627035297676,0.05221450532437149,1
1.6352598392635116,-1.5235114518922062,0.07311281565889297,0.4316240969831957,-1.0622441506183473,-0.06325252681051947,0.044812722403348736,-0.6161605618925423,-0.09717605624714326,-0.5572238397914039,-0.10488887643046538,0.7422969809803814,-1.2375247023399054,-1.6600254637289942,-0.027567740225511266,0.4030539042198625,0.9317250851791344,-0.8384935801532033,0.2621162700550768,-1.4108279957859753,0.6401704250476358,0.6695771177547858,0.9820122864854778,-1.2361099912300082,0.16813088611684388,0.831890359001681,1.8663385502784795,1.0123035115448318,-0.03538138420294651,1.8653930827265268,-0.9228848197345056,0.13337322058698112,3.229497606947439,1.8983333283031087,0.3469000392074542,1.3498048912881648,-0.3627453701673414,-0.39104171533046805,0.7527936525435744,-1.150906080042176,-0.055510049782038745,-0.9645026330381842,-1.1659000102210377,1.3597946241780414,1.242527757456281,-1.3632342992330588,0.8875085026489058,-1.9790523051617313,0.3912721309623914,-1.1525821213198957,0.17873748593215916,-2.0363623806481943,-0.763684270058008,1.2981564752371684,-0.31750141442659846,0.7407579702573635,-0.29500820479220047,0.1661028910516189,-1.375252061201149,-0.8679039525656129,0.9902032835305155,-1.174760364356627,-1.3606566862252392,0.06426097130214982,-0.33209551528672204,0.18710071239613588,-0.24814651304950583,0.02562475267759145,-0.10491755881122199,-0.6844329038089343,1.2721968021986911,1
0.21018188645992197,-0.4070155775072633,-1.8786990157214978,-0.533556581228674,-0.2697258597393398,-0.7113386034902175,2.9912177029814258,-0.8708400361240548,-1.6477813255984881,-1.4486030360367785,-0.6436247050415695,0.5685538902207922,0.9704367002162938,-0.7127147004138243,-0.3644615315802261,1.4878636563245742,-0.7827194782413953,0.7198004210013286,0.9973892309161667,0.7089373069847796,-1.5035115558700625,-1.3799414737985773,-0.04508985346369453,0.566840216619859,-0.72888116150302,0.8752758478619426,0.4763042042263189,0.7979983958989192,0.5055586479885098,-2.4597073436890207,-1.458022289060249,-0.5684346279323421,0.9007450358402621,-0.0874358878044252,1.7942187204449433,1.5176904654570698,-1.2838646917322702,-1.213217682854143,-1.0361108077826278,0.17843933816848223,-0.07848918768984363,1.5660233385070934,0.5646003495612198,-1.3118400403543415,0.15885958678891177,-0.8669855833025515,0.8034646655312883,0.5259918526980744,-1.3545934828917825,1.6818651170650847,0.025898290092349553,-0.21538129647274257,2.56489971379652,-0.8573861689537681,0.3083337106514781,1.0233919009962196,1.7645805716000469,-0.12430777447609281,-0.24659550573328476,-0.511950431863327,-0.7462883017375386,-0.4529492110084684,-1.058742782245199,0.6266904701315307,-0.14163948123526826,1.0280495325673216,-0.028774601802730285,-0.5493427959906261,-1.0719523787141492,-0.8383845275265265,0.5984141440407241,1
0.446628673301767,0.7622602658114895,0.7985662462731559,-1.2144092356879477,-2.379372189448894,0.1684796126175477,-0.43024562503696995,0.589263146967689,-1.8179132321095126,0.7697003306884844,0.36874301105395557,-1.535619480408618,-1.4167887706402211,-1.2100992478930408,-1.661514731248093,1.1837701933005937,0.09026563756310471,1.771392956543199,-1.791704987492902,1.359582582983029,-0.49440597602695713,-1.2372803403964863,-1.5563722561880176,-0.4071938705389476,0.5217487726341845,-0.008659768699524626,0.6310955719670576,1.0243079900992307,-1.3384652827295638,2.30442325785811,-1.1537532878575911,-0.9475729314480194,0.47721122061894583,-1.1586797354506284,1.9411241394790852,0.43128957075038293,1.0376334029422654,-0.16866229895071413,-0.24581135607247787,0.9324405258080768,0.07282283916726107,-0.168095213391399,-0.20205103649852507,-0.17286012934439166,0.671321333987913,0.6277123129363801,-1.338018185428433,0.8049516904471836,-1.8589565214961117,-0.22265604006754006,-2.05544742859875,0.09749995585002422,0.6905718384911282,-1.601607857737777,0.6648812215149766,1.1954016852978029,-0.499953999043695,0.5453593204922067,1.2308699305475264,-1.0294856072998246,-0.9695339733075929,-0.3282502534696771,-0.7143939682746897,0.43658211205968905,-0.12567326220254238,-0.2972688106030163,0.37179546019327026,-1.2354013818408287,1.0906575592065808,-1.972637854603705,-0.3250072365912005,1
1.4020471062250839,0.04302262643086418,0.6457334865826283,1.099923803334824,1.7967674776709397,0.015149997486779357,0.4081104360444842,-0.6908626328185764,-0.7327050813715513,-0.3307973171812974,0.20402933800798156,1.1354552616235247,-1.0161089896663031,-0.40332010702661353,0.3538532826160127,-0.17227534073845713,0.7607111065955409,0.09992235757985561,-0.2125812276250194,-2.032994409050371,0.1943978750095067,-0.9820823930982535,1.9735548161224559,-0.41401837387183593,0.4238236066306956,0.7149808928091312,-0.48746405783470603,-1.1499553818108916,0.7922965968938848,-2.102633917138699,0.2813415796056207,1.1318129951074964,0.21125191212611147,-0.4151320186754573,-1.0661048814420533,-1.035712826917387,0.882609783019349,-2.0240384630542128,-0.706610644717645,1.0025323592339308,-0.551769134613121,2.203884093145579,1.7612578144114759,-0.6853896646338137,-0.7338871463128552,1.4146006658639865,0.9753672569146853,-0.5573221689752292,0.8795236362618428,0.34096560500806306,0.2849150308109209,0.523131645537454,-1.0087513633009857,-0.20417397512679633,0.39426122439780714,0.3259797466866501,0.8819250265943555,-0.7913355134926713,1.0689358439710819,-0.27804497232683606,-0.6868675000531512,0.6273239200282268,-0.28604359283458863,0.1961053609855798,0.4394690140463024,1.0216061991973182,0.6328569672790311,-0.18789586582158768,-0.2642846132011069,-0.06394985916515411,1.1383566017880264,1
0.6087765431996744,1.5715130576946243,-0.1972049305847393,0.033145362783933575,0.06088872354836723,0.5635733010392275,1.069638970742026,-0.21848673723442438,-0.62731333806952,0.6115558318098735,0.020274850222677117,-0.09346572755757253,-0.39356221492008014,-0.7856517703632688,0.21161570579652847,1.8307090654148244,-0.3365383739393023,1.0703454984278524,-0.4939351906199897,-0.994672192600468,1.0474261660976285,1.19720765345881,-1.5191969732597164,0.43548824929458635,1.8707777931670506,-2.2126728775837656,0.592738363245225,-0.1046987482766568,-1.2118738208607862,-0.8930970909544322,-1.1186527605819268,-0.47581934236640444,0.3715178570084325,-1.196717738423523,-0.904293705480475,0.5790962502364643,-1.3764078136222855,0.9460631238559603,0.5505164884022093,0.42668278330128084,0.5548927296069448,0.9034717883691765,0.13351251517239232,0.7214014219784546,0.3999854652702364,0.10196507896140203,0.7056421525978401,-0.11148734262516266,-1.8691478363375236,-0.8071736385949179,0.11803667474135027,0.7231231640889769,-0.4885983949276554,0.6638427048712698,-0.6396293083489217,-0.5547515654174144,-1.1558537319079283,0.8377013385844021,-1.2949558149925595,-0.24628631835672693,0.8363692133729094,0.3653556557652593,1.3291029700535157,-0.40205429333754683,0.4496379841681611,-0.007223827977250482,0.5084766955789985,0.6007152884159828,0.16131199931184745,-0.19328979190270404,1.0769692413472702,1
-0.7552885088575958,0.7689388831855188,-1.0053433076126168,0.5550063220463377,-0.17557544018786436,-1.0193967425304635,-0.16578364248261518,-0.5278729575056608,-1.0978289398243737,-0.31469942959967523,0.1844555525973937,-0.9710721246956602,-0.30221078300254783,-0.9515281379778995,0.38999593386116954,-1.2052524622902927,-0.9077726463515211,0.639390262508517,-0.9895135385578852,-1.304699333155168,2.0515509059647767,-0.8542661121668059,0.13366300616978352,-0.05568744373871498,0.5526981053219482,-0.7549061990819274,-0.08239843418597835,0.526190443078067,0.5817231203634982,-1.1180686964294573,0.08396785331358399,-0.8125346372138863,-0.39605630938801156,-0.8014629106089038,0.018699218852320083,0.15623297006576345,0.7665916805752672,-0.4056029234553603,0.34856056402298763,-1.104567209706859,-0.16025335959631626,1.1262438765163825,-2.383743675098215,-0.5363546438844774,-0.276326425018898,1.3779403263331507,-0.8144073509743245,0.6806782498427992,-0.35384737263373006,-0.0454329887555351,0.17108521435537624,-2.080128887820406,0.385942136908019,-1.7317039279789008,-0.24103624080072328,1.3422750869946858,-0.7153984173335288,0.7804967208522725,-0.8246942542464585,-0.13960030158990583,1.0705815965716263,-1.2606854681575703,-0.03327483200359579,0.126440955257893,-0.17964329384725367,-0.005043964304478653,-1.2214138385918458,-0.42441788360761534,-0.3192530529424129,0.03524367397103143,1.9574069348770298,0
-0.4142303736218763,-0.8705009858142446,0.696429607507091,-0.3769473065228832,-0.21416225272393927,-1.01665983156506,-0.47342125667878354,-0.0555266783946006,0.4777014110918951,-0.40634247691292125,-0.14748239213901654,0.6954812807483753,0.23165521239552878,0.5871217609431247,-0.8642293302159881,0.1250181268660191,0.9468934903867798,1.1142047872892136,-0.7625581913807871,0.7216980524694576,0.24351444881596465,1.29217421912654,1.0570820242427792,-0.8240469172896063,-0.043500432087520684,-1.0849849569612278,-0.32956661345466803,-0.12809512517872362,-1.2103468439407028,0.1013559403277636,-0.04384538533510871,-0.4739355871535361,0.41692285831680664,-2.1014282410381453,0.22550107222788965,1.670270110350151,-0.05575467933215341,1.9704612335221843,0.28676317591283096,1.0816309098406118,0.8257267934247726,0.867904458611787,0.30442908947949604,0.5115106437385488,-0.6805628133753353,-0.36916111931392703,-0.4593943185780341,-0.14387460271257457,0.41356560920657987,0.6724721332370247,-1.072335061061227,0.6781570846168259,1.5968057136076264,0.10825655731974634,1.0593375545587447,0.6886933747577499,-0.1833864227162416,1.2420849815105954,-0.9353006649531278,0.0075043488152914985,2.566417581537689,-1.4973524075544375,0.07791834330942325,-0.9020791781068905,-0.05594956354407641,0.5439817144642545,1.80732366018287,-1.3857460798411494,0.7815476454808551,-1.4733955775052434,0.30931530357047804,1
1.1526289202821185,1.0244358945828433,-0.43024198371642325,-1.2004632534580189,1.051842909418598,-2.138136905922661,-1.0059351160934848,-0.7658278630698906,-0.2919908049426517,-0.31604655801128245,0.5687154890386171,1.2127048431116894,1.297221323379893,0.4705050472334393,-0.33710828484193506,-0.8047973488103384,0.7468022493245069,-2.055131792491193,1.365668518503828,1.7052988676230458,0.6110107306247644,0.24987311293818187,1.104876569484083,-0.549385184701125,-0.08874842337432634,0.45977031082617476,-1.0824525233365545,0.5542088426846242,0.40054438141922644,0.18920909761456156,-0.5315430637295961,-0.2561299256309082,-0.144455159026035,0.47512835581263285,-0.7042347002855226,0.22583025855400654,-1.7374870978523986,-0.7718860409522471,2.0803530442121247,0.9894986884487957,-0.7212478741440131,2.3447637716751135,-0.029544579925135366,0.0706024411560677,1.1813813668007014,0.30978577152303016,-0.25808712685905083,0.7210657444049839,-0.45161397219142907,0.5906271078025633,0.39668978878628375,0.5388542163112987,-0.6365617630663982,-0.36780377904389605,-1.151738757231432,0.040351060739122514,-0.41317225619165854,-2.0527388449633484,-0.2492822505173192,0.4137117794999823,-0.33783344621867334,-0.7846327858063579,0.5539036414349604,0.5198178312450331,0.2919540806818242,-1.4044534777830127,-1.145327289180319,-0.18394256424192634,0.8560510251798114,0.8269647366317809,-0.543841948704777,0
0.12406870150746072,0.08832583304466574,1.7517774352897604,-1.0284966476793518,-1.1193151197851616,-0.22113730265122036,-0.6562844621825396,0.1643660924548299,-0.5004744210252018,-0.330479244651333,-1.328993398582957,0.15610460785175465,0.1677006385668832,-0.12263595910980798,0.20497867750206614,1.9863001818201305,0.3278091557922997,-1.2286120112773722,0.4456854665704925,-2.0457996624901806,-0.2474310399319107,-0.42475587095848094,1.9705994705202388,0.6299825297468566,0.6271004502464361,-0.6360885296445707,0.47680408694255566,-0.7642910271751399,1.1333692834659015,-0.3355851520162534,-1.5587897642491393,-2.0370253854293208,-0.6576777694019073,-1.4343875497636394,-1.5006975622540202,-0.9805489910833426,0.17602135510352074,0.4058041641679476,-0.848344043246853,0.7525583812533257,-0.6136966398291261,0.6486272068869443,1.3961448509652077,0.5482136088839354,0.3193582995249074,-0.7994476078877139,1.553055576148237,-1.0498639506458345,-0.5129362275349993,-0.8255192560796211,-1.2794085150311085,1.7454999049868558,-0.13217031435894241,-1.3454407984773633,0.7636436925432841,1.0166981336112224,-1.451339952529584,0.6599500441301145,0.5419698357867844,-0.31070108376529504,0.17389422541308025,0.3284157670765423,-0.27764294662793615,0.23714055353559602,2.160361306301454,2.5667853784646653,0.484436287505178,-0.10670122852206887,1.1247434486327261,0.22122774483728103,1.6200752507966263,1
0.36639268376666295,0.7437934024170191,-0.8711783845650322,-1.3841183232495993,-0.04265250229372106,1.310432488800083,1.628740266574835,-0.2529427520176477,-2.7035757763374106,-0.4611695940635796,1.0862515402559427,0.037017848914306074,1.269091137411561,-0.9988104897371274,-0.4005087759157443,0.6398736146145712,0.8462805953081978,0.6763367585856938,-1.2510804786279959,-1.243443575393662,0.760107919581691,-0.1963904548005123,-1.5636035626850842,0.8958602487962346,-0.27365173382551994,0.0030383923322343503,-0.6621174297029011,0.5666685191150164,-1.0388229910257734,-0.20713908871707779,-0.1762620277115156,-0.007038091146376234,-1.2456540402262553,1.5153042080406351,-0.37483853626258423,-0.7553593221546778,-2.0609691638855083,0.6716334524311386,-1.3708993918254384,-0.7993438634980361,-0.5963407563903952,-0.16462873597073038,-0.42078885702113555,0.08902579033442624,-0.5485164172376782,-2.151404290431186,-0.4916434998918589,-0.27580818489213543,2.3303979589079202,0.22367740277784548,-0.5546835759229272,2.165070451200055,0.17800356582073404,-1.6009823696762497,0.22685253722449514,-1.3977738913127542,0.10235518626502582,0.15134806722773475,-1.0537921105788985,-1.276690006217041,1.0779953779024996,-0.1708000613949424,-0.6503710190458512,-0.7661475758477381,0.7415729502509643,-0.7593743488830326,-0.5749432562979173,1.098434208986316,-1.1706326650054968,0.29051322445694766,-1.514269523714986,1
-0.08583578674495956,-2.674851763405035,0.1470430772223868,0.6084632873783721,-0.5011414393831292,-0.8689263035145979,-0.04961314529829105,1.274215845790143,1.3899247700024675,0.2142536338793463,-2.1561809642367895,0.2806421637211112,0.35458191926433325,1.1693640477884115,-1.781200411806384,0.7685834456409223,0.8216538331922457,0.4477192311290619,-0.4505623380831828,0.9563800323511745,-0.2661929729256118,-0.12158471136331257,1.3399734134630552,-1.098978003220063,0.28356859129256007,-1.562315335427014,1.1927069382560203,-0.9476553165188601,-1.1278002220078953,1.1698447170471293,0.2936013673902308,-0.707097232673213,1.095325166394854,-0.5348896482100792,-1.002261285323822,0.5514582666405067,-0.738862776189588,0.9634630596649929,0.2499177489279748,-0.8713468723703164,1.0419845817897724,-0.3879511905038458,-1.3107221294589384,-0.6430411234358201,1.179876872182976,-0.29108954077984517,2.1952154251148106,-0.2289645249039835,0.05249956561479844,-1.6559451194175439,-0.7502450494773892,-1.5913453561958513,0.09842772467342024,1.0993933137320095,1.7591141387531835,0.06203715638893959,0.0740697784763131,1.485200627376561,-1.0326359100232456,0.772788875889259,1.2241279706905293,0.4547462635859592,0.34295882820889934,-2.228401544545869,-1.214367684759023,-0.21573935504631836,1.4939496788085547,-0.12497969112803949,1.3875725009466573,0.1380593064921902,-1.3859027277305827,1
-0.9583703497920085,-0.1263260187097914,0.1371579618013453,1.1334877815370237,1.2051248575177436,0.5751047004515439,0.044049156478223585,0.45183233434398457,-0.32388359080045237,0.8479992351634128,-0.019056846430930606,-0.8490099991785394,-1.9976053130784075,-0.47555525989776043,2.113325098011147,-1.2462838659554283,-0.1307346580253608,0.20795191685077066,0.8582281736284284,1.2121125558674086,0.3205610549383008,0.2035100965537188,-1.5425754575774882,0.8974857914111,-0.496560535561351,0.9890208533678704,0.6786818665460992,0.3156291024133454,0.6505828166580784,-1.4502864063240364,0.784211747744849,0.8838369077738356,0.3906981535646074,-0.09020979929377936,0.36972974149450866,-1.2572307953928188,0.662562729122709,0.037340550706024454,-0.5889004629696107,-0.7032505386765452,-0.4030030639244065,0.7057079146099736,1.0553114606589686,0.888956277713191,-1.227778529661861,0.8470411268728743,0.8038525285686695,-0.31448253845470914,-0.31003795898481384,0.24961840908391295,-0.5459820048574066,1.6505016644624562,-0.7974770372890849,0.1703855765966584,-1.975943735408199,1.4438497874567326,0.6617289287365218,-1.5538648540215165,-0.42608885684146564,0.9809780009267125,0.6846071122092503,0.740146818036393,0.3471962999116793,0.14522005866943125,0.35033476294944504,0.09891818356536625,1.7311271889080468,-1.3281612188929566,1.0044313701709255,-0.39085838119143673,1.6519035679684622,0
1.0290305144276697,-0.003677597936653388,-1.0653719559856414,-1.3456275673821534,0.24620484943600637,1.3313935927884955,-0.7160178430666388,-0.7656940010359384,-0.7186644518929297,0.552256094988898,0.8032876911801033,1.1771938963473123,0.890071505588057,-0.6576566252738857,0.3661747742868313,-0.9508992872991535,-0.1535776680159302,-0.1954975202929267,0.4350590792224297,-1.0033501603885788,-0.24161728227227067,-1.0353795235144165,-0.2006054696155075,1.0419408356726814,-1.1347670226967246,-0.10595814430599401,-1.2498890527548154,1.6195146899721953,1.2809220687095177,-0.9221241414305293,0.4069545571205714,2.115376340120491,-1.3324970413431119,-0.6369647578253266,-1.3089421444852505,-0.3677377769825551,-1.0036565323441644,1.1803571388217,0.3378468444359589,-0.16684462286754817,0.715457546560617,1.515372475149472,-0.8981644217146001,-1.4788285573399649,-0.14244977980117332,0.8723636620851594,-0.0034551287208721784,1.066237963331343,-0.9520667068464713,0.6253133278168233,0.6222303880014567,-0.09202914844936642,-0.8482612364948799,-0.19202357552991167,0.25841517518966595,-0.5982279567398343,1.7373749871308821,-1.1407418669516791,0.9688535925607102,-0.2773387481853038,-1.7138414499321681,-1.98379163361308,-0.013825329753119935,-1.3006824441417832,0.09583245673354478,0.6585498454904,0.16241594839017998,-0.17939206608440048,0.07555431422884937,1.4231442704010142,1.5082220260445773,0
0.14652858482527248,1.2928349153479282,-1.2554297513427746,0.6116840460569416,0.09792252379327505,1.5177554240138835,-0.21643151529308016,-0.22677196470482167,-0.9151016574935876,-0.7950258170300692,0.9396623627129017,-0.27523935341010675,-0.25258069614861073,-1.587058039919205,-0.02491095727161667,0.6962505013768089,-0.15099416897983634,-0.2566543105233373,0.05072668831179665,0.0809592557579748,-0.1491052901471856,0.9098581180427222,-0.026191652932707518,0.15064243398865992,-0.05307773758146946,0.04708365747942394,-1.195339726359907,-0.5896485079165017,0.44753254232267814,-1.009849958023195,-1.898963010205604,-0.6911384843847672,-0.6832014676078777,2.7144243637080963,-1.2152636949173012,-0.8980676923119976,1.3064651270043117,-0.7648984544650694,-0.26406356357548344,-1.2508633302688297,-1.1548780229284599,0.9003824153277099,-0.19789541466967428,0.5291674796219167,-0.41703971637684406,-0.8388941612997064,-1.0793195416190187,0.9212227559312375,2.111637168545515,-0.6893118995861879,0.7441393484184369,-0.4935775508346901,-0.6166902898634714,-0.9434511290295382,-1.8602669616062124,-1.1579446357750833,-0.37696534067110343,-0.5660638935039792,0.06853763190835384,0.23370664172862224,0.15917850012636653,0.7403441464154349,-0.4162899153505499,0.08665661575245816,-0.68100222248228,-1.4782192320657475,-2.0167258773506385,1.1296054403527889,0.9697814985065072,0.22791049103104674,-0.7722904522795441,0
1.5743818783084387,0.9822616265225496,2.083540474038421,0.1454634539691975,-0.17381988521161085,-0.144299022991536,-0.7357542531663451,0.04053132680647235,-0.0538462406603882,0.6795393175775739,-1.4677559621358465,-0.15632833127500323,-0.5703993353480469,1.4433716360075861,1.3442734164672538,1.5972290893124463,-0.7539196788749265,-1.2523427171591084,-0.3632392312095388,0.5964937531797532,-0.6338492078774844,-0.6332202378765271,0.4688820206101137,0.5768679475067602,-0.7352597187252703,-1.214018556137652,-0.714849732573985,-0.5293006868808403,0.4575348529622591,1.7611384266670411,-0.1647530346250317,0.5473300693399961,-0.34456598801953564,0.12924797342716157,1.2269370866093177,1.8956511878607338,0.624315171328208,-0.5840447230502062,0.5344277859086257,-0.7579509591889882,0.2749548557783761,-0.7839862466067566,-0.18668779229603527,-1.0931695476785217,0.8074441572182318,1.064558937775266,1.0354300420208944,-0.9151954594681104,-0.2538158594260497,0.16395531238540226,0.5413446916584297,0.09073510658870522,-1.2779656773810784,1.9104675087600538,0.13785198935619294,-0.28775238628282696,-1.3393396442149657,0.9250816264583154,0.5816454586746909,-0.6661755104290803,1.3404894743045193,0.1429258487342434,-0.2721782528728218,-0.053011969446098386,0.9030090804418921,-0.02366216654457469,1.5665995543819302,-0.40241620931225525,0.6780229893707121,-0.959422038012864,0.7829326232572154,1
0.9329109729090032,0.6038577552984576,-2.0299198066190844,0.21320046193958223,-1.2444772159409658,-0.7204700745613986,0.21921103592333807,-1.3253794736452087,1.3681816383867154,-0.10832411856574153,-0.6347060302213916,1.1066239093900763,-0.02568160361568837,-0.30698816802658235,-1.5327699228540088,0.49661445090597706,0.5361011011840312,1.8356991206226712,0.028445628141472362,-1.0337406144432608,-1.4263551662431042,-1.7095989097293305,-1.1934759992364141,0.5789196715907087,0.9041017014916483,0.7211285408131847,0.48430141561322265,0.4997614487022686,2.194530595082939,-1.1082005710120875,-2.4543030181563132,0.4718677064284965,0.7116421130197129,0.40087951132356503,-0.6319351692947798,-1.256011141034961,1.431354456423356,-0.9765583549281908,-0.710569048443964,-0.5083745669502437,-1.456037129531702,-0.5450474169620122,-0.8941670930278296,-2.203510166646693,-0.6483855880584991,0.1787276391765199,0.10610384621811085,-0.8401358363946007,1.2333659973263853,1.1397815284466097,0.009408298692441744,-0.506538634696214,1.270641753386338,-0.25040169118240996,-0.8415787048984683,0.14352449754467056,0.6296618434673406,0.888776233114913,-1.0006225529300639,1.5830555208734436,-1.4973913879345988,-0.06934814907608519,-1.9469565423523427,-0.7095351116099893,0.4255766154468582,-0.5697940613791203,-0.4151460206127744,-0.6353608536800028,1.2137193416862124,-0.7721398037474024,0.7944426128954094,0
0.9488653544866223,0.5979346391110013,-0.6358578020329826,-0.9168934873096272,0.3658851012439316,0.6078230625360131,-0.8618162708006841,-2.331116483855468,-0.21597595326908797,0.22797037669418638,0.17899676798711175,-0.37456953592117936,-1.3666448854579232,-0.42085214740970217,0.3296780247480082,-0.2662290872500976,-0.7607819939101532,-0.1113873071928854,-0.03677512357739031,1.0913652730967127,0.3082903458697717,-0.628675603494855,-0.5865035869993579,-0.629528312383289,1.064983434481519,0.9790274810917878,-1.3856921420452206,2.000500915566206,0.2543776783057653,1.1602394990418199,2.1682187274303235,1.482271381200867,-0.5568364862478586,-0.6247021893627928,1.9362345916762316,0.8709551393843565,-0.9452322339736942,-0.3970352202083807,0.8261760328453602,0.28290754976245186,0.33129088904266607,-0.2602399777354209,1.3556166480063763,1.031465146384437,-0.26487265521605635,-1.3752063516277757,-0.00314355653496524,-0.92341286527871,-0.20386306818155514,1.6914788090189667,-0.753503265956574,-1.408323654282229,-0.8486269183773689,-1.783251766559558,0.27796135984311604,1.5328396338309918,-0.16269577143207303,-1.8696462409658243,2.0328531702380954,-0.655962273587805,1.1121595375786018,-1.8348616264906532,-0.0338859262191635,0.7703204223726337,-0.6986528000501667,-0.3540453593629894,0.6989880910063624,-1.0958683689249629,1.2358151104405761,1.7936074833662847,1.7514571617593417,0
1.0777663065558627,0.3475743622327122,-1.7219058062096118,0.9018382638326673,-0.1260055502294238,1.4289834913462454,0.12663261220962965,-1.2885371636003613,-0.6694741254254164,0.6236276923281567,0.07926600345000243,-0.9079724239075625,0.49671273027783186,-0.306207169702916,-1.185825588960137,-0.02255059120652582,0.47328357409209526,-0.4354060136490536,-0.4624958040523167,-0.3983308737525546,0.0753409545518005,-1.6715594463452448,-1.2876510608831329,0.5489077862859191,-0.978448505627669,1.378985854129926,0.40224968439451075,-1.0669691272109738,-0.7308426333166472,0.3864270071557102,-0.7917742942731376,0.16235584727148153,0.5432326605765628,-1.5063305465558803,0.9270027107258217,1.0796539861382841,0.5977739008206442,-0.6433420191364172,0.11383777516070183,-0.5714518734971201,-0.1373264224467028,-1.9183426455648218,1.3953181812758844,-0.08764150415773475,-1.8440050679628086,-1.2541740949880933,0.4017571260755457,2.2823746717146993,0.11366849334800173,-1.832748314219028,-0.09041218158899358,-0.3074838995287015,0.37131259368919933,0.7698642241268697,-1.9199511032084824,-0.311999917575484,0.4077268945464237,-0.5576568091665531,-0.5932503295882015,-0.03574652344241763,-0.08076181163386935,0.19592698486247906,-1.8279927997576697,-0.5235830035884744,-0.16558929129171793,-0.5403197411453445,0.2606370664858538,1.5750507864943477,0.4751424368719245,1.714900612386971,-0.5912390929895311,0
0.7624467600399615,-0.12569570564938312,0.22925027236972478,-0.42922216797190627,-0.42994270957049274,1.4062263120028118,1.427479425808575,-1.6381127917309546,-0.6374748732782991,-2.477363735336149,1.7707525928928598,-1.5755701933788944,-0.2097500822528544,0.4641984863252342,-0.9396214837112572,0.5521625205046523,-0.553066903558336,-0.9415780868581235,0.8024326524376433,0.9502166129392432,-0.6147391889921301,0.045569728568182706,1.7931055101946465,-1.0605730571636682,-1.1333096912636722,0.976957384844641,-0.04708477162848051,0.3939895663414428,-0.038570856495312764,-0.5600663408585647,0.03736248113917723,0.19647550879188275,0.02681045469052223,-0.7483309655157575,0.4832790831046443,1.4107334419348152,1.3370155416860108,0.4014745184676799,1.741172822588192,0.57605277340094,1.2712607251368644,-0.9393649659254144,-1.2452735219675761,-1.1447599632737935,-1.1817910560137332,-1.46098739810411,-0.14092914057090716,-0.6635280018540555,-1.1153829714774,0.05398448321581999,0.21819930391548154,-2.001750386275807,-0.44190869845277037,1.742073337856866,0.327189285694991,-2.699894021841593,2.004794487325297,-0.6718665608940694,1.7962004935454738,-0.650656373401722,0.16711496567593528,0.2422325491470466,-0.25305448527472163,0.7142171479205455,-1.3364732541417312,-0.4710120101606679,-0.6048364131707193,0.9429878284372101,-0.49328300212613324,1.4298561431892503,-0.8974482986625968,0
-0.2610660596830541,-0.8051010931797816,0.5858741788162003,-1.004815350033213,-0.45743187866062696,-1.3911822871709674,0.24085669053394396,1.411260126538319,-1.543665164380366,0.4911943457801654,-1.833417894730767,-2.900998031905182,-0.402813278956901,1.8055560547888418,-1.1835546499317342,-0.6152355627791892,0.10723354880050637,-0.8305331813427375,0.9409445748379229,-0.06772519594100121,1.189078234079748,-0.41655011154949484,-0.12077687769264943,1.0453195805812852,0.522616903644212,-0.6913083795058587,0.4599691491381398,-1.155209571385903,-0.0967215550366107,-0.20216079822312008,0.5365091881801807,-3.0564953404310673,0.28696594408172604,-1.1944702498741597,0.6654144988782376,-0.9820814155144579,-0.008183782116830685,-1.609605472770193,0.27673870521301536,0.9710887601974592,-1.0898582505879828,-2.010206856993955,-1.3091702067844029,0.8579790515962729,0.782917147833018,0.6034408044403394,0.8694262606814682,-1.8399799779500707,-0.9606720394170843,-0.5686975166644412,0.9811097599444918,0.629714718957216,0.022919461349711498,-0.8783519310441079,0.014180742283997258,-1.3123407699952971,-1.9021963049117347,0.27303438671825675,-2.5125287147711135,1.1594309013143893,-0.10280333947109191,0.9286550034995015,1.228799424908683,0.1831881978392266,0.9301995531241374,-1.8570503248235217,-1.1351661586391233,0.8174755132189511,-1.1289914330040252,0.1427188364552906,0.6971705430204279,0
0.28891109873856013,-0.8019793040750706,-0.4107853144501974,-0.21366169582945194,-0.7022228511111828,-0.4231062009393805,-0.6582792474599374,1.8219645839631793,-0.530028117994985,1.4126041820590987,1.2348469733163512,0.31672423424306656,1.1278045116987157,0.8896310635681822,-0.9824019080352948,-0.7367543943364078,0.2173805893276946,1.7401659487199261,0.023929496772018714,-0.930378958006337,-1.4879366264664835,-0.38882163791539265,-1.027882864615155,0.49606987350929266,0.0871904887157667,-1.147354325212415,0.2426112265010977,-1.7359389975268236,-2.2744438005277097,-0.35980978125019686,0.5216846074692737,0.2950084652050488,-0.30119570973827836,-1.046778815431255,-0.15432985443371455,-0.4416450204278732,-0.19474801380417844,0.4461635380980155,-0.03989953786324427,1.7676520762315187,1.6161289991794718,0.3893428379297898,0.1722262400983892,-1.247622283505007,-0.06084980499843753,1.44024640301744,-0.9498793813482335,0.8431032697904262,1.0059142391182478,-0.027495324727438063,0.4469856592941644,0.48442607690829514,1.8555683416979376,1.4841631884217201,0.8883233002675482,0.7068347202887082,1.5762010704807445,0.8229945748397199,-0.8991485802856345,-0.09495675253351735,-1.5369503193837264,0.7902227039689346,0.9246742033420616,-0.3217738836379697,-1.1789108632905176,-0.9007995158054487,-0.47040340629333005,-0.08967691315842785,0.10683040608643411,-0.7478600062995413,-1.5885749802393643,1
-0.9354105186479186,-0.6587863177627249,-1.5858847978895583,-0.3649181339230238,1.130802113636065,1.653386499680669,0.6439359866270826,-0.19631845377142446,-0.14721359040734225,-0.5516503291781905,-0.17933744468842416,-0.6327657086660586,1.5536883937556383,1.0360498713177562,0.1436434328653886,-0.18875886456936158,0.2544072903479221,0.13467995654850176,-0.26873380018965776,-0.40056916900098577,-0.5404882251488051,1.251111431385242,0.33992256428106665,-0.22477812660794644,0.15605591567016439,-0.2427224022612152,-2.3466036022670034,-1.43278811707478,0.046354910526836074,-0.04875261563825329,-0.9093892839018178,-0.9479168514570839,0.5149410340754845,0.10958973385164564,0.7207267611187471,-0.6337621067725,0.0971556948569251,0.4784991475172302,-1.9777837024119038,-0.8827305774816252,-1.5412909491720577,-1.62048293998744,-1.4030794416592443,1.0276279847147627,-0.3014138384038644,-0.3534761445550302,-1.2651455353960726,-0.10480502640709227,0.6166986426432596,0.6916372354873415,0.20406972213766955,-0.5984461335264858,2.130272499638151,-0.07902475671353196,2.8575885762735673,0.004376955145397152,-0.3783831706976265,0.9724514747462341,-0.05224006990430375,-0.06815077542323963,0.7193477497428032,0.5363589926825333,-1.6968634375415,1.488488155635146,-0.42440785332230385,-0.057498352710498045,-0.7177568989966565,-0.10731940836499419,0.9759708116473624,-1.0019516965728361,-1.7272364973498162,0
1.0473902739996084,2.0782539855069193,-1.266692870142362,0.5184410798227888,0.5125569240549032,-0.06909020970483702,-0.8242039849366162,-0.6985175615332233,-1.084839551177738,-1.1129009305391664,2.232887725426441,-0.1342174642091327,-1.081535100265634,-1.9112774562097352,0.2973289484333342,0.2291953890445079,-0.7610206508077433,-1.4092060757706069,-0.4728212845961305,0.5722964643610666,-0.9053957967584593,0.41906488339762377,-0.7328562518258251,-1.3941065093732827,1.2535515897740719,0.10044181623910302,-1.763058954491356,-0.0019767108927421758,-0.5162489565056306,-1.261082413427606,-0.40137554739429776,0.383285069001769,0.2636945494448848,-1.6977021133849646,0.9576758496298965,-0.7009664564286565,0.06055638835468434,0.3442399439429788,0.570906652500154,-0.8799462028120721,0.5926868917082204,1.3433144109511843,-0.9805390030849737,0.5838249613695485,0.5349210122984871,-1.7449990989152444,-1.9457438896812809,0.9544867917492844,1.381879044246614,0.08485804251673121,-0.5101066369968761,-0.622372607967559,1.6903309729404272,-1.1627151014458472,-0.21422958056984012,0.8557147861473676,0.9027124642043572,-0.9869670105528044,-0.10111213410814894,-1.520716573445524,0.820819745973745,-0.6355836559733546,-0.16125061157528844,-1.4859604802976762,-2.143487622334568,-2.5413348850824775,-0.20475234137208484,1.3096564547216358,-1.007114078598608,0.8227854484575758,-0.27275912820295245,1
0.1781979644458613,-0.14302419622019402,0.44059866607016185,-0.8407280515240276,-0.9427655565395041,-2.005148637336221,0.6101624061979778,1.086048514107244,-0.05635278918855113,-0.07213925106998889,0.5701082251242726,0.33741965795430545,-0.30984240500454974,-1.4146058299184316,-0.15035348828479653,2.0478958878141214,0.7217437453625675,-1.2420965598810745,0.3577637239439272,0.07217004993281555,-1.1171099413400665,-2.434067183972766,0.014909181416958872,0.19069131130739442,-0.912018888236647,1.0667347773670164,0.8529497199662078,0.7454444161516218,0.8334250115898478,-1.8575609631931933,-2.0392315346731964,-0.8620717475247666,-1.579198320945611,2.9845530953077573,-0.6723867042332607,0.3150996987390277,0.19880296864126235,0.39917226860693356,-1.3845630077541182,-0.014635253080730793,-0.8717322522791183,1.0303315327295892,0.021835472664198434,0.747509895074043,1.1235624276644767,-0.01921466383555015,0.8747614042006535,0.1370170061981441,-0.6624144933855735,0.20487409371412202,0.09832528529262856,1.2986748545660918,1.123714430251842,-0.8793534246246961,-0.32235961283137576,1.051833400867468,1.188509053679112,-0.14177059578301204,0.9084490182420634,1.0156569946462946,0.4899471301982424,-0.41200224926310514,-0.4701546223992903,-0.21866495028228414,-0.6301983029091446,0.3626460049540962,0.7343807694559779,0.15451805237824323,-1.0934953915866925,-0.6295510939388277,-0.3837934628126418,1
1.804139718333661,0.7286897398379756,0.37319328030693144,-0.9835216922292134,-0.2070246493168924,3.2622298435576,2.1377617096277692,-1.3751905921648553,-1.529016528010644,2.1706538087093232,0.04705019696866655,-2.063412177441083,0.7366665857840803,-0.33615249650015017,-0.6237190435097523,1.5984244295428833,1.03626236834999,0.8165316727510664,-1.3448975559814287,-0.7382877925125079,-0.1217902685965036,0.823646967263484,-1.9467715128613663,0.14580554839737217,-0.29606044772757356,-0.7570990915749037,0.2443878451451993,1.036034627122305,-0.5578171739809994,0.5635729873991158,-3.5772991547635544,0.39774330732356544,0.5897486348127012,-0.5345930585073062,0.08105677260096807,0.4731306155020827,-0.1706830460848075,-0.12704462704400477,-0.1721721308388029,0.5805043319180183,0.5412769870735408,0.7961059986850849,0.6499979139732939,-0.005916996984737109,0.6883758901935949,0.07362776019826908,-0.8463814458728854,-0.20383116189684589,-0.17858047473813388,-0.5112062648248077,-0.6875544923905239,2.115704152737836,-1.300480908177249,0.3328427836093976,0.46858658021286903,0.028064634025218235,-0.8396416182845863,0.8486090874050575,-0.31311692958866955,1.0494771569735053,-1.5987996115948724,-0.47478474799179693,-0.7878375531236536,-1.1375189198416424,0.7737980754118494,1.3265671530846925,0.5644082470463881,1.1487105709190364,0.642559918568732,-0.647268347594599,0.1271334764911097,1
-0.7114383720020606,-0.9472676913555926,-0.18424622180379288,0.06495791150694563,-0.0839864109664985,0.7277922636006027,-0.7487285637088497,-0.42005618921936794,-0.7912929875757682,-1.275129340685817,1.4195955893531764,1.3925617063466946,-0.14959898893551263,1.1608344759998224,-0.12255714714350475,0.31549800176971965,0.521063650074946,-0.1622031257233111,1.7714192636391493,0.8456225316881614,-0.1433933669538795,1.5385794833085435,-0.9599080648207486,0.1543246346836736,-1.0107003059272672,-0.3648685393925195,-0.368019802484371,0.6961410488409837,0.42033141287287307,-1.6874783536463978,-0.42608666626001,-0.06328141445500547,-0.06660573691890025,-0.7121834015436633,0.43823660088699085,-0.7403295722864963,0.2070001060292832,-1.3452505410583628,-1.0686210616780283,0.3127104914143499,-0.8286881659924566,0.36657775862707154,1.0246738199786527,-0.3967258426833382,0.8816452383177941,0.015125811035533654,-0.30583272849686477,-0.20727145460757987,0.05793265512622555,-0.3313029197363232,-0.5646562291588243,0.13130103782766867,-1.0503386325713446,-0.8931183796630721,-0.13588377798125745,-0.42994116777251407,0.358052142689151,-2.5708937506030654,1.7831987674582934,0.33098393912564794,0.4355221113237566,-0.7586297626227253,0.6429334950091894,1.9647929909334796,-0.8928381872094925,0.40546436310805917,0.3270503025300894,1.1355344525249471,-2.256466420655542,-1.1350977018028015,1.7476605922816568,1
-0.06558921508551015,0.013974654176771495,-1.1760340415005326,0.38721517501759173,0.4413394478135392,0.9666744710817435,-0.6343185439061225,-0.6355104295418953,0.927910283588126,-0.019661386868096545,0.9658498529946087,0.2993871481557048,-1.9406711350329395,0.37884504599513197,1.1510817675601437,-0.43108060710125573,0.4975827341627152,-0.18393440444742176,0.7759510281070566,0.3098077617234593,0.28572817532201533,-1.730335471618514,-1.3445536637096303,1.8236580547914247,-0.9058342132286875,0.7045460492972363,1.0600752871121792,0.805540639285759,1.9774483751699028,-2.1213265613378973,1.858266094860003,2.139192969810527,2.2950883363124306,0.768616210318041,0.5460953739984933,0.8685491339650404,0.5388798006928052,0.015452554871907592,-0.576444060729973,0.025704309950042234,-0.4810674058187565,-1.6404292708419936,-2.3508824763940264,1.0486295197373494,-0.2613564301742131,1.0688823629958297,1.378510506451543,-2.0259817132422246,-1.3760237012538963,0.2330172038619288,0.09589290175606073,-0.8767877655470834,0.2629206232990914,1.4772924958137728,-1.5023114270294273,0.38851857979932636,1.2869195037613568,-1.3778964162073755,0.6638881880603025,0.8776695527947017,1.114330643544118,-0.010450847250471837,-0.48597152822518963,-0.8182692389967704,0.039628815926623595,-1.0982140850838122,0.3083080533160444,-0.21227332300312748,-0.7461742694290356,-0.25191244456616213,0.6061857312529939,0
-0.1266285091331925,0.7723121230655929,0.5865050787864595,1.1888030041351827,0.27214009402229167,-0.11588317999482504,-0.6239541835243702,1.9830410622210013,0.6878290837632157,0.295438191307189,-1.2555601167262638,1.0336262111021406,0.28144013597783807,0.07464637159530588,-0.9811904675111465,0.25979049038616353,0.38233659372476864,1.9382879838475706,-1.1667359815661058,-1.2033302400974006,-0.4834449058127157,0.5739640327363584,0.30046216899524403,-0.2240161731420583,1.7407963909811361,-1.5961924985382583,-0.015921152437918813,-0.5603145362324953,-1.2051124964754603,-0.18086327531724108,0.4484223879040313,1.3317796705399052,-0.9054442878851582,-0.14611911838421715,-0.18416991492035995,0.8539891940756209,-0.16674355045252873,0.08983609841779751,-0.8539498490984371,-2.519273971413417,0.5176211420351176,-0.1162278975033046,-0.21200479546266943,-0.9103684095379837,0.047138013590369586,0.7269440704263266,0.4488181662799268,-1.421906814361875,0.5783548678262492,1.2853591459471547,0.15695157406906102,-0.06788297612901614,0.4165886871146919,1.5502216501786972,1.0572998022249855,0.8166115861764648,-0.4556850636673365,1.0485344671899033,-1.4377516839816642,-0.024440354215321584,0.11365193970268965,0.9315767593250146,0.28253995120586356,-1.317444882802308,-0.7383446449848547,-0.6252101048901476,0.16693829465529336,0.22205999519586236,0.6101379988348148,0.5225060979368482,-1.206386999966057,1
1.712649639489776,-0.3305549381440293,0.24175888097105414,-2.0656781878162658,-0.6816985535374704,-1.358370654032363,-0.8131956498303128,0.17287365365386692,0.8557271709967619,0.16350410562840947,-1.090967203260941,-0.5282658546008505,-1.0505294287831464,-0.36263557857540346,-0.08737025286258751,0.7085466098552945,0.2586288568139135,0.025557389877317215,1.453239480765759,-0.021109767639924313,0.1329362345248263,-1.3687612156484474,0.1278230549933602,0.4484638265886015,-0.30010548557719074,0.4544940105285343,-0.34264954711876405,0.016437776799940188,1.0732766541368246,-0.05856840436340883,0.82651511901462,1.0659150146002483,1.3083814991205949,2.730442564068367,-0.6079248935823461,0.3676765065390201,-1.3064497240796356,-0.31815082336934425,0.9948703825118566,1.1507590535273362,-0.07563400792044024,2.3915132792147906,-0.6220983449611113,-0.19949732635743955,0.7797561777780018,-0.36076438241643927,1.2685534280489297,0.6993835539564911,-0.41514145992024637,-0.06790070727570534,1.7910818793945076,0.02998954770398171,0.03833308765354046,0.4652724135171545,-1.0125018967964532,-1.1962885230513007,1.7526124065158109,-0.04955214784781453,1.078914450948006,-0.26356171544527535,0.16150414884421163,-1.8604843234024937,1.1346453413568587,-0.7465254999300779,2.6928342904540794,-1.5767394018111458,-0.22643180808786234,-0.8427077085314063,0.5553365776454345,0.09791841816518033,-0.9308728433479883,0
0.1795731363409793,1.3991789904437417,1.5169809629956268,-0.9903178929321456,0.8785517197105599,-0.18746080070015672,-1.3274702772366738,0.474528464538236,-0.5924532439211484,-1.7683224171255103,-0.017237575556520147,-0.8960070460506545,-1.9520319947169775,0.29699304952161015,1.1476191714265815,-0.8846683113916192,1.1642593771015366,-2.0209453622474274,-0.04231804856497408,0.9091194008176594,0.8450353479313132,-1.2194503895455535,1.5802500265861295,0.33216790487174286,-1.585760099875801,1.5186907302657873,-2.033060189872133,0.7120661442478726,1.0130471658426043,0.8176029477437207,0.5992399709541135,-1.2474096696631796,-0.6747954971421845,0.424202295989658,-0.30420153318497606,-1.365194617293695,0.6833336876088757,2.578443692291769,1.4092320139574115,2.5734265561490797,-0.534406012281937,0.7800316860232858,-0.573267244455372,1.272267231912002,-1.2761509786546756,-0.0294685954663321,-0.5392148772990951,0.9202195436381886,-1.20359593778118,0.7909480833983108,-1.4827164036378437,-1.2666025511866126,0.01878204354794949,0.06430059745702739,0.9267479110008158,-1.8752628768198794,0.7885201054476668,-0.047165218814106964,1.2185680047905572,-0.40906724210977724,-0.2527764992781239,1.6070414665081878,0.4947114405752462,-1.5388226317777765,0.625109622585785,-0.4236343906065633,0.9252771130384557,-1.9376959249265517,-1.7199000463001857,-0.766149032746631,0.046713302532949856,0
0.7905444941239398,-1.0733121401960783,1.0153215990737268,-0.43943922205319647,-0.729160973533489,-1.3617601372298236,0.947035988697474,0.6604731097854276,-1.67536414443104,-0.5103765795281306,0.15246666351276045,-2.2494750940971886,-1.5785289941643201,0.23084977384372893,-0.15678523829961336,-1.187895083677978,-1.5005229933319328,-0.4222237051383669,-1.6471860285220639,1.9724853986515847,-0.8538889916456616,-1.1510113467333556,0.6244850534617545,1.8070768240355555,1.270535476689881,0.7474540994139671,1.604989852567666,-0.4707803297463229,-0.899405695399709,0.6092022610457097,1.9791046613103689,-1.8459991911076745,1.6364015586510057,1.5978218827939379,0.2272768323070378,-0.5817673042884155,0.5857019830714612,0.18564281049443052,0.36024299609772376,0.4781541049409389,-0.174949516224309,1.1028533251431085,1.9269237153568517,0.07715665820815482,0.9957991775138315,-0.7264411218283257,0.5966486161945471,-1.0953738891778144,-0.35254144751969135,-1.9338828465761595,-1.3870232542769698,0.8663079727463036,-0.8225116724719614,0.22788437182746604,1.8460844370968472,-0.4388572232664724,1.63560585339308,-1.500023493671379,-0.33043869992294295,0.43084788248409134,-0.816949772002666,0.32050592675141354,1.485829171128095,1.983850967437506,-1.1555648808219305,0.09607619491578301,0.43046402482015816,-1.0624452306860868,0.035288354486743244,0.33741507520163977,0.966639336649138,0
-0.23452923081565588,-0.9996077943643197,1.4440203169001633,-1.1506808957621861,1.3321805669165914,-0.9596446308743088,-1.4207660086194593,1.3929549272624402,-0.4276820186039203,0.7268956113648026,0.3151922890165458,1.842318347843625,0.05760249805884632,-1.9446626717860394,1.695083954943493,-0.9026073989098254,-1.7397675991053287,-0.47619981730902555,-0.4340807321462795,1.7044084322969233,0.40959279823534916,0.5729660538135521,0.7982677389094046,-1.291600000222807,1.0348643735519516,0.4828070045722213,-0.6634520827585031,-1.143908568041208,0.6214207401372553,0.041716268536820054,-1.7519101854019166,-0.2744620693380448,-0.4620208864536546,0.36467270963622817,-1.5384425402186341,0.5835687251150591,-2.3434308266075425,-1.5991322999453124,1.3081724362254592,1.2441065680314585,-0.53051587092566,-1.3941565629630601,-1.919236945998363,-0.5719160599249932,1.0967081121139008,1.2375579944937338,-0.5009742553121276,0.36210053922980256,-1.1518501414719011,-0.23735070447333703,1.585858060173058,3.0635409521017496,-0.6513392361240685,-0.8871714233190744,0.08288086443408023,-0.9425966123967916,-2.9827427712509027,-1.0532085738835513,0.33949326696938004,-1.6040541262173025,-0.23977091453197982,1.0820554957676434,0.4963988000560602,-1.2900589302800523,2.398900018912783,0.15611432015502982,0.754793873459519,0.14506480789565607,-2.0689425943231607,2.4553291881101305,0.9782378331244024,0
0.6338885798319296,0.5886530034950888,0.39603337656881427,-0.3416993350978733,0.5091304143427998,0.46327337196901186,-0.31329111184845104,0.12085880658444231,-1.394909842157672,-0.10061568437300088,0.2683446153664107,-0.26711580353356884,-0.5120550258001398,0.5346300316106156,0.8263543503907219,1.3733906782691356,0.4714907851225352,0.35800564743508867,0.581517971323398,-0.7689191466348781,1.8357165862615026,0.7290386742423085,-1.0674205662593652,0.8748442812122128,1.2317601772336637,-0.29578729183272995,-0.2640936523640477,-0.9076372928598618,-0.7503058839577429,-0.22538734283912967,-0.6081585499091974,-0.23015428205252297,-1.9820611150994694,0.36185776704460504,-1.3849114739909765,-1.2179342951147427,-0.7844549801177845,1.9603575061950402,0.1954705030259976,-0.4482786398798673,-0.5667692010828072,-0.8601230968728583,-0.40047503954624725,1.7997767297783658,0.8280275370495589,-1.9473338385627958,-0.2163299833226522,-0.4835592282908631,0.13513730931732992,-0.017551496518718904,1.5284448079998565,1.0121577679892455,-1.4245519985147528,0.24283659776313263,-0.5846521604619321,-0.47238890314767673,-1.8705699891853975,0.4641126140517748,0.6862116268979586,-1.4556580856944668,0.73191168679325,-1.4180629766909483,0.6656902958927434,-0.45104874391632266,-0.1736500382807701,-1.1996180014478086,-0.34691534991213674,1.4689891786203915,-0.15349741942272538,0.11678092172650045,0.08609599189426709,1
0.5946147115589702,1.2965956797012077,0.7924602587085302,0.4701392375668256,-0.575496990254886,0.36829288472708793,-1.801469873632379,0.5285721655337571,0.5733808379793022,1.2056092630089568,-1.4868609546811788,0.28313108457044933,1.3476022427878651,-1.7359844414832992,-0.48749733396932,-1.638192675264429,0.17930723053708156,-1.5503554041528846,-1.2672822524611829,-0.8978692948275886,0.7800385004276053,-0.5854025365526293,1.5681757059991994,0.5813309617617769,-2.8062754833425028,-0.2382394632376093,-0.09392428819634431,-0.8929160392399568,0.2932323090646766,-0.7832045310488974,-0.5349067314115916,-0.16230584756120256,-1.428005728784409,0.004545619796452653,-1.616088101886179,-2.253151217871264,-1.6571238366671863,-0.24052223429077407,0.15387861538669653,0.7933633058055221,1.665162656400899,1.3608693725050451,-0.5610822071232474,-1.0725563276859094,-0.376260205440574,0.4944629257809929,-0.28524372038758045,2.2151378141362303,-0.8188625741132665,-1.0712756476054774,-0.6780664430802938,0.4328439167687123,-0.4120251544920973,-0.6409148607250329,0.29462036071095316,-1.4870978129610166,1.7040928642721234,-0.9947521126927856,-0.2309293576557821,0.3178723425271535,-1.4923979043641407,-1.2767825132604136,1.3379368177162332,-0.601073021064332,-1.0228930422471638,-0.7803178466443057,0.1254513345828023,1.9186215563555702,-0.9730224867658922,-0.9974319668233438,0.17384197616992003,0
-0.2851769895947818,-1.149292978656011,-0.5370237431598309,0.007504175498384146,-1.0038597248124492,0.3695615630830823,-0.6765862774471617,1.6807662265468633,-0.695946609783079,1.975079771890075,-0.024687694210521745,0.3039267636712268,-0.2865466875500294,1.03155681773584,-1.0344800170965005,-0.7831904210848245,0.613482364912213,0.8051355707071534,-0.1523834489469003,-1.1967815160013575,-1.5263258550850964,0.2937514899933456,-0.6707850023096332,-0.6714179857502132,0.5793437271872495,-1.413068274762969,0.8868676479626358,-0.7568213489605279,-1.5805995367870034,-0.1440626158478961,1.3666401715364154,0.5014763783889609,-0.7950849721587426,0.26092052165037577,-0.7177555687594612,0.6177715519001342,0.7270193697269092,1.1644969710890565,0.4588938889476839,0.499259461199698,1.8166412099646325,-0.22791650977946676,0.5169410278744909,-0.962176044006148,-0.4041511863498878,0.01033613763433718,-0.15392959399901202,-0.8583861255647106,-1.6275177566431227,-1.4382661825576246,1.7267907907160602,-0.40700507069853725,0.9962275985875313,-0.665100129748635,-0.08434718276746417,0.7802411028560923,-0.1867733489213036,1.060047336687819,-0.8191857585052428,-0.4466397177221096,-0.868798444696035,0.3878298434821844,1.0919959946735636,-1.0203523597568134,-1.4510639115159294,-0.6788524993440662,-0.072976029499815,0.3757105446647514,1.471561082314541,1.1092031057225533,-1.0633058596147358,1
-1.0858076161933707,-0.3753675638222658,0.09960710316176814,0.39693535203311947,-0.338806646104071,-1.1262319804880678,-0.7103898646520367,-0.3501766829314736,-0.036554161176288985,-0.3491136888144982,-0.4008309693452923,-0.4243591387691455,-1.81364925046894,-0.6595632824034028,0.6296209676942822,-0.9782759524874685,-0.0668229693234617,0.028468913680072813,1.3618975059517937,0.6661817671488682,-1.5947889144092497,1.4152300536446025,-0.6640590261648007,-0.22887748451797446,-0.3525934914480171,0.8678711166567864,0.13858479923342543,1.0224316727781144,0.43739814336807586,-0.49049145976360475,-0.08010080836032024,-0.4807923281583917,-0.7942150409802193,-0.12740847096346924,0.37903659131899314,0.8743812581472403,1.2195421563060578,0.34175853815943924,0.2360454722565806,0.4733345866653522,-1.3107714378771627,1.871798985954433,1.2956196436524023,-0.5064361485801515,-0.283130372599384,0.7247306250121825,-0.3143839121740748,0.7679094147326951,-0.6987710023881503,-0.588928158494055,-0.2561288362991142,-0.8158229394618791,-0.05900728149163876,-0.7269179539532159,1.760824290471428,0.14863494433543697,-0.09618046109340936,-0.070505240686333,-0.21834399039511362,0.7423573391988625,0.9715719890283214,-0.3360061417117688,0.2870248244991943,-0.8527639632522892,0.48731718729633916,0.9865403017847969,0.7148476641847152,-1.0280378882870345,-0.11510085232329399,-1.045839206262648,0.7747188807263408,0
0.11263667155998217,1.3002480064668769,-0.9417765939970583,-0.6908105486216963,-0.7137250696055898,0.8758736017426048,0.7723989920085003,0.6417864433182543,-1.8115462589997438,1.2745994738997737,0.37118478505936076,1.097333763472455,0.04089112572276706,-0.8329462825703743,-0.9277372215149163,-0.6134422298215675,0.6106480998528999,1.2099531533196968,0.30412522038134593,-1.0648985328377771,-0.4777446387146119,1.2482186762946235,-0.6807895357313352,0.7575205514205676,0.6162174912594051,-0.23281669237028524,-1.823968141846853,0.044313135436523106,-1.2522925867389416,0.2899446911125832,0.10292324361486535,-1.0707982749069338,-0.5664027420664385,0.4683438996500645,0.7150267049741393,-0.8953049479903024,-0.167221523805058,2.1086311942911427,-0.938597533950789,0.6555912350267825,0.8457795956025586,0.6211326710702434,-1.1955821518334062,-0.3898633319855075,0.21117248655480722,0.06664427701005542,-1.4250473254681522,-0.6889163993673425,0.37768918859625206,-0.184921890469496,-1.1408464566052778,1.3255664888602456,-0.13316402175574535,-0.6534552512541539,-1.0883384806307008,1.8144249553192884,-0.7683481823288654,0.0810087396683516,-1.9721152665716346,-0.6110819398137854,-1.7718272127157755,-1.6635255818955264,-0.18840139932624056,-0.1538205341656496,-0.5854662498412249,-0.0924623224866502,-0.797032221211004,-1.0354581514501486,1.1680861345161548,-1.6505906916632993,0.695439206943031,1
0.15887300224783393,2.66144554958562,0.25385244611909513,-2.6127576595146804,-0.2578710751211086,-0.27007398500453045,-0.8266718967684016,0.8264627968412789,0.14172698780679557,-0.5265231899923681,-0.32135422329762603,1.624179293184235,-0.3183602008033544,-0.5459816295096919,1.0750944840207464,0.2466089379411775,0.8912952033218834,0.26070211151561923,2.040462678176216,-0.3898001981708409,-1.7850173577516661,-0.1905558834063441,1.7833347101261412,0.6462841984113803,-0.6013769385482343,-0.42776387408696764,-1.2344996973914675,-1.1436662017645185,2.0344325384249586,0.4518292818965401,0.014697671447986898,0.10935536704609852,-0.6555847625639971,-0.17316277331204152,-1.0695008586858805,-1.3746040202774596,-0.8664741375650871,1.0602880703163722,-1.6197640134685072,-0.8000265215725995,-0.0926826980316736,1.0076241197274052,-1.9699352872311762,-1.0150452648639434,0.5439359686243501,-0.6050074659067775,0.3587175390131975,0.6064054188471489,-2.781795140644033,-1.1690369243578542,0.8403039858387495,1.2246386155167008,-1.0655943630365332,-1.4225722999647015,-0.32561889126112703,-0.7294250160378446,-0.09322774981038924,-0.8119607269334721,0.16924026773919731,0.7708317526305427,0.4851922801352562,-1.0391355896849388,1.012817554461715,0.014750067143620536,0.545798233475295,0.17797190717632014,0.6995513715211766,0.9849231132139543,-0.8830857494026034,0.18188239853600013,-0.19640784183754942,0
-0.5542522614170546,0.8831104105844522,-1.1436661285328686,-0.410790207639518,0.2487810936254071,-1.5042830289786595,-0.782155013442416,0.8216776063482893,-0.8207837280036399,0.2614492777653174,0.6630826170075276,0.5756981085994191,-1.039577888920755,1.5830292440964095,0.7111165946506056,-1.0168330121210798,0.10375261657870313,0.455243391586407,0.2336264205036664,-0.7242334533400258,2.157058670226211,-2.601819107661345,-0.3174756082707736,2.6473210896217236,0.36702888559561075,0.7141736447799244,1.1829688074316915,0.45452935729590854,0.3464988456780777,-0.7345504474224294,2.189709744762143,-0.717701806424735,0.8024676651972927,-0.805931922041408,-1.3728992576447037,-0.3290618609647581,1.4780414146949248,-0.5340056520780392,0.4054587754404176,2.4051532248006375,-0.41095973598199176,-1.381527023732013,-0.7498211177698727,0.01248831329629497,-0.11446137307257268,0.4506179406140709,-0.2624866553221063,0.7098173180577098,-0.6330741982430779,-1.4903222170113786,0.756706755302472,0.28447472863002843,-1.0161877382542888,-0.557196838580525,0.4718325057394927,0.7972867708241728,-1.4623561029688383,-0.11410441137224005,0.07752805143854373,0.0373241245818973,-0.8836635377156353,1.457535581260808,0.4160944250516339,-0.250162813275264,-1.1516650332492602,1.9250358656408746,-0.6794941985259974,-0.5556127749924853,0.1932424742850909,0.45620675734936433,1.2456828919033087,0
0.01867558153587218,1.7367318502453428,1.1748493425649476,-1.474652961971615,1.118602098447531,0.14011635862840882,-0.5161752104527927,-0.2691222073432737,-0.40490173029802146,-0.1614413241156839,-1.3239294798123682,0.3517733531067203,-1.9152331995545793,-0.28374834478946537,0.48057078825984734,-0.2133059925893452,1.056100783224807,-1.4528383421510196,1.219239123451255,-0.12301302884272926,0.5479984039855545,-0.6687404702043198,2.0192149545978255,-1.1716843386512061,-0.8034160430538754,0.07186491824721099,-1.1067834392893692,0.08402686872955065,1.6874693770494171,0.6677138903236172,1.413570729352021,-0.2718776588878901,1.0597359215598283,0.7960404707759972,0.1188758383344667,-0.4265122031020974,-1.1567608678104606,-0.6639104278411663,-0.9764120868228949,0.7670592796343896,-0.501951295034472,0.6466644513839985,-0.5663870170034193,0.8941715111853803,0.8330476537298337,-0.51167976834363,0.7641042797357929,-0.4797076734125193,-0.24888378197783553,-1.1427163804892566,-0.7192309391754621,0.4085539915439116,-0.6208357941028408,-1.7569593239561085,0.8986745005959318,-0.4568093320765928,-0.2463376064316967,-1.629497125569752,2.4741056791345386,0.5608342516971209,1.0672632631647923,-0.34477538143703396,0.5103483708726381,0.027154538306067944,-0.08307889721918853,0.2666465441585281,0.5062095640094431,0.7509437675799882,-0.9636585939911575,-0.9078836750867028,0.8236149624510667,0
0.5748663199005412,1.8574812401347873,-0.2690601475024791,-0.967155992559548,-1.1317906997652056,2.269729837934538,-1.319823772585818,1.477940353924377,0.8723422890288699,0.8464489494423159,-0.686089538238428,-0.044966498945629235,-1.2183431355982328,-0.866142673954289,-0.9778284981058026,-1.4497204234029009,-0.7812048322923907,0.035866519992936004,0.6201821515311519,-0.37937369877367133,-0.6317638549000242,0.0008078786635538048,0.20384655897571133,-0.10638169549337118,-1.0570875671153213,0.503254354698643,-0.7662470059278119,0.43752668235629216,1.7532754602001768,0.08709728591389214,-0.1993838468006463,1.5379575742683,0.7483307430275294,0.13191074125728317,-0.30415222855790186,-0.06768215741885641,-0.2978355808939319,1.222196413726107,1.7399870461319258,-1.1243542638239197,1.019116275911454,-0.06672317632284579,-1.077172232374096,-1.6998321838036234,0.21341690410053402,-2.2867963292008677,-1.6496495016701676,-0.7204188369960898,-0.2659687001240031,0.06976300827475769,2.310877106126718,-1.1260932547684523,-0.35700852194556054,1.0258097187753703,0.363369079572957,-0.3852733049417428,1.2658284190368474,-0.7494158802146939,1.2943288822660963,0.060885439548806965,1.367150736366807,-1.5268360882843286,0.8600531350062938,-0.7551196980599276,-0.6424340029498302,-1.609643037948068,-1.5302746088270702,0.9842997362242845,0.3256989620132132,1.2909817877549385,0.1478095391903718,0
0.4696095712672018,-0.6699089395584561,-1.0652199432426301,-0.9417815258226006,0.2691257217137625,0.6738533381629519,-1.012569043766628,1.2363148563484505,1.014252517978017,-0.9270707187153188,0.16181057204577595,0.854605391909859,1.582350629402857,1.030448783165993,-1.8723757762454647,-0.1309922918251406,1.3914071199972635,0.6605930185051191,-0.3374305240626182,0.7730633318119242,-0.32789082107517986,-1.0891107083917069,1.5242407318416047,-0.22735822676684772,-0.017259435661037603,-0.4690222121933151,-1.52165319337028,-1.2532569185162032,-0.9321559021598892,0.47653355390323354,0.9812112259948818,0.18519215901034417,0.12786896147528626,-0.33380810903794167,0.6024429123414584,1.5551898171650052,-0.11242621897728201,0.9307889533138924,-0.7186519867667579,1.2346330030728427,0.12333180340323607,0.817313866384938,-1.6720648129855098,0.3139533565540063,-0.3235808101477946,1.908081144851745,-0.8214033828458048,0.8605371575421141,-2.1537813780299486,1.5828396447541933,-0.1838051798021965,0.3605155703257537,0.9717034626748422,0.12714423019436077,0.6022397543552709,-0.10684102350881187,-0.3543770259232986,-0.13196221500319083,-2.108011317049404,-0.7833339712223393,-1.1739805332551325,0.6723581824204081,0.06962982999493778,-0.3215713765816643,-1.0319553919819855,0.3213412127421309,0.47329917137954813,-1.8050533826882813,-0.1877819421107293,1.0203906019344864,-0.938063998649704,1
1.3442137082467245,0.8733516069872793,0.6993597354495132,-0.2618872562125852,-0.4776787084219348,2.971532848139563,-1.1755677564250528,0.1286112806220227,-0.9211363851589143,-0.4350425057293617,0.4012491551264825,-1.5582121258799793,-0.8637019339400351,0.7241249829321904,0.2275225058859743,-1.1363864820139244,-2.089541385150693,-1.377956430596154,-0.28882165501877527,-0.7325155383854358,-2.231177425757116,-0.6642819373632793,1.2845912538665012,-1.4732934230769972,0.5957661939254257,0.6390157451785375,0.0886299493727871,1.2379243331506913,-0.6441574118205726,-0.5021156910828038,0.2688748490695707,0.6006549707369433,0.19167305363201076,1.7695396896403377,2.209745411002133,0.2706688095232122,-0.7180795010375766,-0.8436767754307721,0.004644976749543894,0.07446485344481489,-0.6684979937917388,-0.4833274989922577,1.2989047719999265,1.8503462203545857,-0.24722540496467318,-0.2643717228143197,-0.23478746148598947,-1.170108661359131,-1.9948880123658623,-1.7111479805612309,0.33495511543378104,-0.6711389013481773,1.7227057678969735,0.7319501676623923,-1.8476233627129683,-2.264496316125755,1.0756033336976234,-0.11029068024504539,-1.8848261202231225,-0.2966531081810418,-2.5823609812601966,0.7374745122813543,-0.30473460459111257,1.670014136992244,0.17043829235097654,0.04266297657478794,1.645921449640303,-0.05987910140359993,-1.5719253629662682,1.851816755602899,-0.433416707674424,1
-0.45381202483319366,-2.775091488082932,0.8724678359186662,0.025768384612518343,-0.989696183674004,-0.8026946255083424,-0.22102746700707127,2.3462541921363496,0.8956431473648996,-0.07614193799047192,-0.3942617567929596,-0.25618619391802955,0.13404599401781,2.7863331644042395,-0.16170339293474129,0.7718366955885151,0.7831593622193888,1.7612339632706593,-0.4433483203778785,-1.2741100650145554,-0.7046597622937775,1.3227311958099,-0.2718536746132225,-0.4995844177262737,1.2029451791512877,-0.6890805451100912,1.3587268679453273,1.4120939612109622,-1.911875632229004,0.029307816256814976,0.33703592155164824,1.017265420132987,0.547625321108783,-0.47084116338183435,-0.41644676245345613,0.6576556582135675,0.9960381575070746,-0.23029389222096372,-0.7555767989454549,-0.32157389113158125,-0.06255046445111412,-0.1525155970083561,-1.3466023290667393,-2.3366664957689376,2.4032205414219154,-1.3802372912178116,-1.3169100208433802,0.3299969378793075,-0.8811765182177224,-0.033182230638324865,-0.42962667109214464,0.24930263488162105,-0.11079518976038404,1.7319528942135793,0.6144614686477515,0.9132564370749842,0.4387759534811535,2.8749840835099025,0.37584393758614487,-0.7410074371172048,-1.1870816529290829,-0.36348996330434075,-0.24080907612105237,-2.3529848390969312,-1.4019788213047817,1.0059045999033875,0.4495587629099422,0.054150839424202735,-0.9473347949951317,-0.5140713228429555,-1.2349302194218528,1
0.32529038020283263,0.40916315005038567,1.7021896796392222,-0.8563609413118092,-0.816026945995535,2.072116957636447,0.09839782011285428,0.975836916735588,0.22738226757136082,-0.5089814421640635,0.20195752015545085,0.8297205909765574,1.0648894001476936,0.09082840370605938,-0.19364402185512108,-0.10785750060613584,-1.945517702070432,-0.09482021889675717,-0.31712624697630715,-0.09155116287271944,1.6413897164173008,0.9617998911028601,-0.6347783969283949,-0.8440514974408381,-0.37061202377543245,-1.081294243288769,0.050542482642020416,1.1692252330302315,-0.21002601976047974,0.8662119594788398,-1.3774509633871148,-0.5969026647751315,0.8926599853766641,0.34469893846759997,0.9217264939993498,0.367799681749119,1.725115293655774,-2.34920249166215,-0.8828042937717934,0.7342510720731147,-0.8425879856598278,0.733793387964665,-0.896869063066126,-0.8021679903262411,1.2154035162082246,-1.4258431434195755,-2.0460066860306667,1.0828695080044946,0.19910744154629528,0.6769008491074966,-2.486179229884659,0.44088745609305574,-0.8242347152103069,-0.21282775551499578,1.0008011877076466,-1.4504345864738781,0.27103322573184296,1.0413612729906336,0.1742891686219353,1.0947040594500719,0.7495164078352177,-1.3897401762449613,-1.1663966485665416,-0.1590486175231055,-1.118568353082534,-0.6224601265161319,-0.30871680536505797,0.2897243965236197,-0.6888576890172479,0.4414751019865884,-1.373485453245509,1
-0.14672902137288904,1.198976198411305,0.15980205317024795,0.45169945291158853,0.94706972438535,0.5488508207354141,-0.3332634809353257,-1.099077717867772,-0.4194497765369916,0.36112587480725217,-1.169098168807324,1.2159154290380365,1.6226550614863144,1.2973413496179445,0.6871058313269937,0.4090814677914025,0.12080913787529939,0.2003689087155324,0.8963511935751507,0.19584248871465382,-0.8494313877579412,1.138691951675195,2.798781207524255,-0.05626372148515929,-0.9717823888445966,1.2419447915269413,-2.3178885469278865,1.5502018732710496,-0.2612215584081418,2.006671949082218,-1.8687876341268628,0.42379628915609974,-0.6165943081597466,0.08872649367843637,0.3180781677095721,-1.1376679461339156,-0.1112990720632515,0.7319890888260495,0.038084826876777673,-1.1266331737252075,0.04730449347554563,-0.41831674918669487,-0.049090035417628214,-0.7000185979359155,-0.030509611971887438,0.9571975627519339,-0.8283001956638729,1.5846779231377655,-1.2094889173749404,-1.0446232584816884,0.2621620507636498,0.3300125771117701,-0.6306033238926717,0.7725258480081926,1.5881418768532158,0.6492296093175575,-1.0580337308446082,0.637896201677573,-0.4824291713663961,0.7595649009052468,0.958429364445639,0.6387336392366652,-1.1730546804639193,-0.3191377845229357,0.8861984498721309,0.031899153234987605,-0.07207827546611678,-0.24978094274061718,0.3343484568309819,0.43246795311509534,-1.0563608542511007,0
-0.22772001301291625,0.4436744124168378,0.6743467984736532,1.4754921898740152,0.6742003768580442,0.851915432595957,1.5853383515095367,-0.9667374182926882,0.3026795883626769,0.054277153263970125,-1.4959564476199463,1.1254714220467232,1.7348991156791973,1.99654586962432,-0.07293767566043013,1.8034188599267005,0.1530820369092163,1.1615369335460188,-1.0809427717687297,-0.802277844538663,1.383646953780377,1.6566750876997864,-0.5182171942720186,0.6183468606480704,0.8013847472464944,-1.589888784794471,0.1651900378987637,-0.8573460969898932,-1.2934773391559422,0.592339422850441,-0.06347206967657826,0.13679531834223624,-0.78526479287138,0.33880461088345837,-0.6775133023067141,-1.4316406473904688,0.1370433020551712,-0.2340960560041848,-2.674978353062067,-0.43192186715464526,1.0351036319302835,0.2796776885004526,-0.9436650765972647,-0.23590875318372354,1.5363765767674118,0.08009438642850225,-0.37384107852863413,0.9449170454541064,-1.5528982442703547,-2.0990884925796376,-0.1971519325235892,2.0317431508703034,-0.28244858412467927,-0.3273812393175322,0.06169866890715799,-1.3077525674496984,-1.59884340441849,1.7096097976174662,0.1718050427215411,-0.830974575203165,1.053533894989679,-0.8711426107989547,0.3698835315274395,-0.41673022912311014,-0.561453420343615,0.2483445821867746,1.1238419475711159,2.4733069474940996,-1.7515316866582487,-1.0618292046283837,-1.180922164643751,1
-1.9231763342799848,-0.31465688375283185,0.5481239584776494,0.48208875588342365,-0.9778352324936518,0.9836175942327701,-0.8511568426660033,-0.753582105114825,0.8898680174982112,-0.34409010979698074,0.8617636365839477,-1.4077491525710115,1.679753529636232,-0.5555555016709157,-0.7552177760947717,0.15793754219607267,-1.0647461991133311,0.07689044576241563,-1.3590004284101016,-0.9147594586509515,-0.28357316926145765,1.6698383766163045,0.2753917258709464,-0.4024850404595348,0.3624578885653273,-0.6013053258309252,2.064716728682813,0.8415104468014205,-0.4964639154597059,0.3162284309768048,0.6782515728167309,0.1995705747587526,0.7283116497132028,0.5378160147681362,0.21931145920197134,0.10316239698101799,-0.4612298413589195,-1.037231222799717,0.06032309679735258,0.6120820797853382,-0.801263728184488,-0.2138189145804748,2.6930466619978786,1.1118378214834226,-0.2734303117298219,-1.3224544945203016,-1.5466786032982034,0.7104280680278897,-0.6593324189566472,-0.7274970545405489,0.6148585573917492,0.6309613498525423,2.1960554342899306,-0.20698388621668548,-1.1481287909839761,0.6633661669514739,-0.23289526103582278,1.5187093423320215,-0.4538953958065963,0.0381818094908739,-0.27331352219763455,0.8462441430120342,0.6172993494626369,0.750551070896118,1.572545690196145,1.2535763063614922,-0.8260258667389935,1.5338193758900587,-1.4808862711738016,1.4772786914005958,-0.899043363677688,1
-0.34231976701467276,0.18377577143799517,-2.0094291564119513,0.443658322932323,0.2327140306568885,1.63134659425295,1.10313904266518,0.41147502173198497,0.48958453049162054,0.3866870600291162,-0.4744407902687754,0.025854989322515277,-0.0058222169234919165,0.8339012541377812,-1.3805211314419432,-1.0987191855198624,-0.06288945238666406,0.5584820030269062,-1.1215725987057963,0.16832419004525576,-0.4234062974852575,0.3422998772814115,0.3129337802747018,-0.34775823584936955,-0.029518723090140354,0.3672334609626971,-0.8189957236145148,-2.1030922918680752,0.16555825557662143,0.3434687008533913,0.18937503436846798,-0.36705571402491777,0.47794340953032555,-0.9491684047042055,0.5430721109194286,-0.5405902447385696,0.7297728760092673,-0.27133727842669514,-0.7250161809851003,-0.6609039855953809,0.2046050392978544,-1.7103745219702085,-0.4714128431979749,-0.2517276296548107,-0.8713987666392563,-0.7454011930675463,-0.9737464641139778,0.619299580499463,0.8882468032393694,-0.9671225779285189,0.7586916618239401,-0.5346931129241635,0.7411019693094664,-1.7625274761276366,-0.31494146499979603,-0.7345531487333035,-0.7957459897015694,-0.39328671530427023,0.027900087941270028,-1.3983089093171452,0.7749344408874417,0.3619262148367175,-0.7047893133945744,0.9138546542943593,-1.1651736061331772,-0.5938219460974256,0.430422198211401,0.9800408598743202,0.8915966121790248,1.3983029923318446,0.28386939140085893,0
0.9739887279854046,1.2221940117779322,0.3386215241863007,0.32121385414306186,0.05962493213006874,0.23136822217604222,-0.7731139817023489,-0.9730860125287716,0.5243350789118374,-0.43979250959712696,-1.7291529396428786,-0.5755171509425923,-2.4002319890622363,-1.2147319142377109,0.6734618972695322,-0.18297976657470127,-0.362789322729548,0.6655434046343957,0.36395913860705864,-1.6179758749345905,-0.6313993749217082,-1.4628071526183433,0.34218719184755225,-0.7886243467993372,0.01817016454987224,2.352598160689696,-1.1970177623764702,-0.5844806745668807,0.5045073388387765,0.7498552792843735,0.6328917092760671,1.0543311772123445,0.7791496968908239,0.6043855476148303,1.3799979067978474,-0.05842199481536787,-1.1492691717327201,-0.9474142754758382,-0.7968373333212769,0.19038984551484583,0.9726423751260396,0.20767716908057984,-0.1143723502944504,-0.8692406190242586,0.33467701208939366,-0.41307536052174554,-0.3334661419192912,-1.3929690802296921,0.275036345871962,-1.0568235538179567,-1.7795511719257369,-0.647868430005241,-0.3722731685859323,-0.6210531333137245,-1.283066949017164,0.7991972061072725,-0.09166380300899805,-2.1133360594273674,1.7258739547790527,-1.0754610533375975,-1.6616023836253526,0.9298492431647265,0.6766618478048031,-1.1207341542792055,-1.0899819216603268,0.8694929194091633,-0.26041012557603854,1.063204834923581,-2.7461432894592885,1.7050859769714208,0.8216189276232951,0
-0.40954016645487823,0.3891932186670876,0.7492396690565736,1.4889148973484263,1.7689536827369126,-0.47051487516010293,-0.5920209575340861,-0.6335185973966657,-0.8967897414054539,-1.437372063951205,0.03772659574496741,0.44093525445255916,-0.01008714414984946,-0.3813547756458871,0.9710373682237697,0.1909319525584357,-0.02158298208423719,-0.3451213345913941,-1.6360083099184504,0.8314059115459027,-0.49400734492823933,1.1366891507480377,0.6918708430669505,-1.5513598030562623,-0.608086988535726,1.1604807564686872,-0.0890587542141885,-1.9796472400844836,0.8263778152594291,0.5806887515381812,-0.07994969786708682,0.30162261672311075,0.8678472631326482,0.4918993279901682,0.7207484504619138,-0.8774655465686689,1.2729719365469316,-0.24808526621464566,-0.7270048434608787,-1.8363484775466603,-1.1430807644328702,-0.40550642130391923,-1.3682476256885285,-0.69587112030139,-1.2011245699143562,-0.24632816685050002,-0.9340895428722773,1.192325858958219,-0.8840632293664711,0.12989500993534658,0.3021016736831129,0.19640522147602094,0.5798250477475363,-0.27782115716804107,0.4265802807288189,0.9822039970474257,-1.1083227378125535,0.7826531410159311,0.09676615997154292,-0.7141635394283885,0.7606967808378259,0.59430007848452,-0.7612999211682816,-0.0150489574374697,0.9976968661861969,0.5036273942190779,0.988429279712187,0.004518869433202977,0.04812641541997717,-0.6708696901552034,-1.0857146739472296,0
1.5971418860365367,0.7827866976812012,0.17560084003577917,0.8117708707510252,0.10422306505252033,0.3244321032097499,-0.7701738796718443,-1.4029738683688826,0.5938995955081513,0.3996449990377991,-1.70059217906159,0.9675351623309972,0.9803121555544749,-0.8438638918300918,0.3126738660423633,-0.7842234126081477,-0.02813496514079689,-2.258565718831647,0.06447405311674416,0.327403962083998,-0.048255924471897686,0.16488867300595905,-0.9488107924073347,-1.1484927621604564,-1.9977630601292067,2.665357444529225,-0.6111744130737127,0.1783033743494019,1.0451031996504994,2.335934791563467,0.027838453476871628,-0.035378577051330774,-0.6562392499135876,-1.4852995880806035,0.7775162943201117,-1.4101232921317732,-1.0763302487295363,-0.710853358773816,0.7443255285550533,0.49129964657010256,2.6737584534609047,-0.19580192837639857,0.6889220609641048,0.24494323680701946,-0.9210850937665324,-2.3028594642571774,-1.2196936786549522,-0.411254640569512,-0.31058829391833354,1.1901730453714394,-1.14808434445475,-0.42024291654519086,0.43417282221295944,-0.5911705128220376,0.894360956387465,-0.5951053002184964,0.34128907995321445,-1.9932992240186798,0.3962871408609199,0.7594002890352421,0.5794241717321836,-0.8317328780180133,0.619427151724014,-0.139658279729979,-1.5865894993304601,-0.5592160272983652,-2.382527370980983,0.5915222241399134,-0.9164098832350714,0.02807625070849523,1.215751908435106,0
0.7055818985293076,0.6898944840660822,0.6793272863169155,0.6193888677799914,0.6707910425953786,-0.1727091119139594,0.16109947308116992,-1.2591723105426353,-1.9632195341913772,1.6684518760632512,-0.8728892021930954,-1.4777242275388347,-0.828112475047085,-0.3971586031367921,0.9550486596577717,-0.026574260674316556,-0.8337474929161031,-0.6653640257652449,-0.03175307517041195,0.37833137611860207,0.8376682401872689,-0.7723412481020713,-1.7882609676539052,-1.381188321568361,-0.2734038064116629,0.6612447671255056,0.10678326584208127,-0.5050724769671796,-0.5935852712435877,0.5846597214153345,0.9399035997082464,0.4674760814666521,0.28115505598247637,0.5402003853275948,3.299103567278148,0.467253045732055,-0.969587676013419,-0.8691128249582295,0.5212257286523545,0.45037027594946977,1.1289574812037413,-1.2979359781331843,0.3625698436224966,-0.8478378130756816,-0.10923235263684099,1.8901841468808838,0.5853789361514539,-0.3961793288686971,-0.9897284562335483,-0.3500854175679277,-1.663517544218202,-0.2039511478746125,-0.5458445227177117,-1.7748795758547635,0.1758578536148167,1.0337070546631202,-1.2376927483881144,-1.5794659326279001,0.35509324818520427,-0.6383055185183071,1.4304091372451466,-1.5099899774524699,0.409235478949666,-0.3410970612112675,-0.9431699978782059,-0.5539614793517516,0.09732392124305557,1.335728847988876,-1.2656160528160438,0.8977576634506597,1.117340299425809,0
1.0320453887167578,-0.6106162198539103,0.4691524880118015,0.963287205774399,-0.556683955342486,-1.7924532583619532,0.16911237656952974,-0.05694534548275217,0.27365089616359095,0.4989366332103805,0.3181925483665411,-2.504839535866049,-1.0125698089452388,-0.612325263317369,0.967528734641824,1.186200352476574,-0.9309683095233156,-0.7890299882476993,-1.5381340392632614,0.892896088569943,0.8973683591588951,-1.1508950895571648,0.580435161421665,1.8951063863786557,1.5774293509491835,1.741148644033403,0.590524041539534,0.6025298372909398,0.1274858597735712,-1.9268407873070061,0.5811623503945946,-0.3526250847206996,0.6429422358022057,1.7062664603566537,-0.011659218985139004,0.03412919198805041,0.6589467132445435,-1.8841104225796463,1.4224601254748237,1.756647988435205,0.16511447685970232,0.03422117724121133,1.4198637465602475,-0.9937518453325931,0.6598809084549193,1.5041482844819798,0.6296319151504896,-0.9871523395733715,-0.353417159624084,-0.3280766225597359,0.3725965838539306,0.35314389890328957,-1.268502059162429,-0.5449741610555314,1.1670206586881446,-0.32570284032237334,0.29562908364768964,-0.4500075875401503,-0.05199597177130505,0.2953374655694202,-0.05919442235210435,-0.9074424830126073,0.869225374585579,0.027193595680417744,0.1605554028731496,-0.0031499471138897316,-1.2918531638825757,-0.1858905359912948,-1.3014480772015156,0.05760160842243382,1.4678796593915138,0
-0.18589211005799447,0.696346575589896,-0.5277279053081856,-1.2445422047216572,1.5210004201850404,0.4370752617320229,-1.6266991078048745,-1.228797398997312,-0.7336966216155433,-0.415024311086315,2.1724756627691653,0.015650174392123788,0.17861375436958052,1.3765545560467118,1.0889160116079974,-1.439615546919539,1.0517249541810172,-0.5382910732279067,0.5166728858313097,2.8172413192039003,-1.6485283059853166,-0.36866208275469803,-0.6771922219061921,1.1278124875208253,-0.15733365865974613,0.053260716409329494,-1.414462862718443,1.2060143504082375,1.4474224365200523,-0.5828907080860671,-0.5412382447348135,0.8956240228652285,-1.1019766163906524,-0.9654275133653186,0.02718308042953158,-1.8096982798116412,-0.7886664874344945,1.3642821466716124,0.6487360294439282,0.610903789840243,-1.9377098639682915,0.5475708027086038,0.9789710951394689,0.6189589210199912,0.8148353687710755,0.6813336671007146,-0.23875411716159964,0.7234570820990405,0.7375528745258759,0.2975877322565576,-0.5046229689493269,-0.024149692525272083,-1.087444678369834,-0.13009587509163542,0.8097062538063553,1.3090441733551679,-0.4294545654151882,-1.296650915178206,0.2134972051505148,0.915791844418272,0.2966782730707576,-0.06362847005923074,-0.0764709712432263,-0.9855542955151919,1.2274958468494253,1.3557863750434918,2.773246374297476,-0.36298602686388015,-1.0046881986152276,0.5224435181708809,-0.11179536953804561,0
-0.1261667258828105,0.49528268117530716,-0.39541232791696335,-0.18358696605472014,-0.24182085333164538,0.6078705138248129,-0.9766016487860851,-0.46538140325579924,1.197146079077809,1.0171567155206946,-1.2752912704357595,-1.5581372473966726,0.7053291999069062,0.5470868726742314,-0.3640672716962769,-0.7625419083841546,0.6005238534140914,-1.5606262702089184,-0.31476563953918957,-1.4254717820900056,0.7927493020193859,-0.1322613127088736,1.1228258791094123,0.16142508866723584,-0.8754681741843301,-0.17782038829595972,-1.7892114993974244,-0.293313816525218,1.4130096449943113,0.3508901655678494,0.849840864836212,-0.5543440299675889,-1.2262514910195015,-0.005961032326261957,0.151540600120866,-1.1794173089214974,-0.6474421142203884,-0.8521408440861318,-0.8693083292479252,-0.11684412734276982,-0.5004813150923355,0.9772961891118923,-1.2493885936410691,-0.39074474668707027,0.31178573372147805,0.2109824138941669,-0.30301950940026257,1.127933330432497,-2.067313663495635,-0.8690712492145634,0.09735950504618944,-0.6880110952197447,0.31626668380663736,-0.8481318457599507,0.07315872663293906,0.805434247169763,0.18756164880591228,0.2755600688095659,0.511625014517017,0.5745737229125064,0.7172172806456641,-1.9451163498206954,0.08542062742688994,0.7179567635388359,0.9497148030177252,-0.1921514340092447,0.4201073582579541,0.32455755359502564,-0.15273914789237625,0.02928411550050239,1.8640675625401635,0
-0.5034692722276721,0.782764068916405,0.26404439535048924,-1.9589931854488247,-1.9596100156503138,1.3248238638199408,-1.5221308642666918,0.9918327020110959,0.07619998043692801,0.9639723904719756,-0.685470719270214,0.32031701125373124,0.10928420297557388,-0.7474746696923612,-0.4720166815224593,-0.6322934035293069,-0.08985255456271551,0.5796639461596785,0.4414807579306936,-0.7187371216759272,-0.7067937949234662,-0.2793355480723665,1.6452535750667907,1.1429122476432274,-0.4616399082581078,-0.279667644007518,-0.38889909943822687,0.6340566017973457,0.7705679471487026,-0.46608943816166765,-0.19603630038913755,-0.02942254446209207,-1.3060119398036139,0.09954400858541988,-0.6164840035114463,-1.0080986390586035,-1.1623721066885924,0.15455231554436058,-0.6752808928327799,-0.35702654069435197,0.49275483225945793,-1.2699920159680371,-1.1491030840007856,-1.4279095457521758,0.5055635482797193,-0.4975549590420852,0.4070317637486557,0.07822522188683954,0.22164256073545538,-0.8838379912855321,-0.8471504273540269,0.18351887759404747,-1.7567539748970784,-2.185836450819495,-1.4666363204490829,-0.37670874822236206,0.1080109427050458,-0.9342300438485225,1.1250757010065702,-0.031419874698485464,0.30747540587791305,-2.222458504313812,-0.06460457538271877,0.009757683565465967,0.6240452357277413,0.2747809712000595,-0.2330463566348428,1.011663440849599,0.3164853341342059,0.16422950039539158,0.3701795989569393,0
0.010868540287032736,0.14338172198158025,1.1472877810920394,-0.7784602204587551,-0.08383974870021935,-0.9433881342055703,0.9524465372698107,0.496941968497801,-0.4546179293853976,-0.775928402896964,-0.15899140068080087,-2.267525783277373,-0.3156176180193481,0.7664494937083361,-0.19101688715723814,2.093448905465062,-0.3114395552432359,0.012895511492535646,0.27335610877889577,0.3528768682893073,0.14429547382822283,-0.11663121693268949,1.0857732416670076,0.8228389457581744,-0.15664061997150366,-1.6986842186560576,-0.21499497492384972,1.1500969609099179,-1.2215853610758123,-1.0349386021829126,-0.04769903645981958,0.7556133083970308,1.4067432424482729,-0.6631064469282734,1.109993313550114,0.7959706204433032,-0.02550992571479083,-0.4806995170182956,0.23586547002096223,-1.3322963658944351,1.1340595070625907,1.0684195038206592,0.48061402830806593,0.23765021062145877,1.8417593550504472,1.0887594860540706,0.6471081987504763,-1.4526548936736106,0.2120172197972918,0.41883119696723914,1.3553547862639799,0.5522013439179582,-1.812959510566068,-0.38064126959291955,2.9758349900179284,1.1527100822106964,-0.04035770070990236,-0.39382898480447925,-0.5529598504748504,-0.26291637329056194,-0.048991799839574246,1.8496795626130749,1.953687655483458,0.5447668973370786,-0.511193742255666,0.7346051796255512,1.12743884620464,1.1425061172051427,-1.1820601896646998,0.5900854846359846,-1.6794583935363967,1
0.005751239617622567,-0.14786059803569887,0.8660581209893876,-1.194530235645809,1.5100812317747792,2.154412281920128,-0.5790859631836224,0.5978932432648607,1.4510126728230763,-0.03229914455519738,-0.23871955470549605,0.495519746840392,1.2818926049583939,0.6548156400179513,-0.9429723375218375,-1.3632394406841137,0.5654083632335384,-1.0238622036977612,2.239754416108223,1.26723701155815,-1.2023585005336415,0.1232444852808616,0.8155373443134533,-0.3928380927263925,0.048183699077667605,0.31640027158261474,-0.14061555426164796,-0.8636976785567315,1.4352889401580071,1.0539368145566252,-1.3110729464427024,1.5897675806007576,-0.13198362177869818,-0.53298060601136,1.447684419901699,0.5844741634406557,-0.2208408509272405,-0.9787556980137472,-1.4194107165147798,-2.095048293956022,-0.8331437677062843,-0.673072247981336,0.8761686944200459,1.2081057923708856,1.9407071880207192,0.3668929206273555,-0.326617012823024,0.9997547675823204,-1.5310332892563805,3.7103674513534655,0.1310593515263675,0.9086479511587551,-0.8141718302352382,0.1914819376065235,-0.9452720853745922,1.6303340400659272,0.059102983017789164,-1.894995909301428,2.9036777759776156,-0.15992841807308164,0.8251267396820445,-1.4697645536961912,-2.6675612827025073,0.8241869879837934,0.22332991036738908,1.9488342722970076,1.175006909469038,0.7884017419457378,0.7949050110227657,-1.0170282493808525,-0.338940743658613,0
1.095064525571961,0.3138930506977961,-1.1431385026260068,0.5652637690380452,1.457819150281799,-0.3509168121688913,2.0156556513575796,-1.2293865382580922,-1.0056752523499592,-1.6356421962892782,-0.692179923908117,-0.7169596501987459,-1.043531345406074,0.4826937203461215,-0.8549385511173083,-0.23711381272904716,2.1991429731505225,0.8726727383622306,0.10411240832109622,1.6282829354974488,-0.13433908650474694,-0.7221543469976048,0.659651246627939,-1.7371212794738606,-0.537323419542137,1.8829459108840483,1.2812308550696176,-1.6237375800799119,1.1236553302014256,0.2624452983927688,0.30032251667201443,0.2345307959814733,1.27871332100584,-0.03111212182333417,-0.56305984205721,-0.49077518692883343,0.3626936765503273,-0.6812491839497535,1.2184010330505526,0.036916957648705166,-0.24296803260472152,0.821481160301742,-0.12077493882008808,-1.482328267381246,-1.4992172869116691,-1.9561809907896368,0.33467800797086145,1.2491704774200765,1.1108599299803128,-0.7881779341351947,0.8333097643223681,-0.0899030192179538,-1.5936739181090513,0.6371859978906492,0.7275973516755594,-0.9965166939207848,-0.48808881989321834,-1.545291011525727,-0.03767877484032952,-0.7476318361870408,1.6103441000034255,1.012512033382346,1.0812454307887425,-0.03803710457082745,-0.5664140732668963,0.6385808724885915,-0.26976456941293697,0.7477327032563087,-0.47940610507926573,2.113228006814136,1.675015858451579,0
-0.33833709524602706,0.6738760692991711,-0.7532442280306089,0.7211656368622402,-0.11057746358603138,1.711128957906761,2.3686573284875596,0.06425376566552059,1.2736370519589997,0.10106428792656202,0.8901650918182326,-1.131928861817083,-1.3131215975959245,0.7924957270604769,-0.9666021685382241,0.03284514999645693,-0.486559105369645,1.4142927889751353,-0.27884700350618813,0.6809559371595088,-0.34614330115310826,0.7245037499984524,-0.9814542783170742,1.6225534794008483,0.011571739671546474,1.1540493598892303,1.4481522309168906,0.6782127439679795,-0.9511786615631401,-0.42005667722612233,0.550049724898554,0.6938026103001061,-0.7030490032890604,-1.3719358428135233,0.36003796900780516,0.7088950867795777,0.05601331600052683,0.48168410507019926,-0.2986410908899008,-1.2962853526071818,0.5665165809767791,0.5047935395098719,0.9922548538271676,1.436690570037877,-0.44872359201492934,-1.8835954271389084,0.01803465500656193,0.5186595694643817,0.3360165169355663,0.9348313234561935,-0.7153003842674364,0.40082619378394346,-0.7687622225382529,-0.33117940530068596,-0.09444169231772304,-0.48414045031528063,1.294234280413353,0.4449477041929876,0.3423565973001085,0.5378876288413754,0.14297363233030416,0.2525587421359494,-0.9555487325222703,-1.3591494444154522,0.7536756062125801,-0.8908312254780524,1.3873702089212956,-0.26910560413298157,0.9419011008903537,-0.8169938929520343,-0.33770206887556514,0
-1.377499956865584,-0.28856016420277913,-0.6212789559490837,0.4622527935769432,-0.2836454773750309,0.11941912188259311,-0.766712746202312,-1.0256226845117176,0.4154275855613948,-0.07364015580352849,1.0318903028399262,-1.1382449483686103,-0.8136887060005751,-0.49835609136286796,0.8477051743701175,-0.9569897548932174,-1.3387942840687035,1.8089268129113487,-1.0840583536317785,-1.2284486150198948,0.9257919850636128,-1.566017592627125,0.8436775082869775,-1.3370094590133272,-0.3263896388627852,0.4565290927145795,-1.1029615012580611,-0.11723411818427125,0.07711212116374422,-1.1536409587126775,0.5988661006386353,-0.07998057117171689,-0.9975865556965303,-0.36556365022615556,-0.053585398634551536,-0.16384784084925763,0.621353711020775,1.9937099586066518,1.2770248562511037,0.4096971882769362,0.7523982942004777,-0.6729818268292284,-1.1708623935397235,0.17867180540779357,-2.8299143307183514,0.26570797135684243,-1.1508374140938296,0.894930774420135,-0.25181154785180826,0.5236067601369246,0.18921417263345428,-2.02206813006427,0.6356696332680146,-0.759243296580616,0.014390885325019276,1.0164477741567812,0.19703920898685712,1.585681754335167,0.7097610942382289,-0.3124245933440162,1.5112821498655786,-0.3237157094112266,0.13549961473602395,0.38026162561982113,1.4078131643111353,0.3693215740996393,-1.2455857082022077,-2.1613033061332967,0.1686294554816535,0.15798351146460687,0.9661899090913276,0
0.32848025410284476,-0.7487915064822066,-0.4176759526037806,-0.7032169334382119,1.196538749107907,0.32372383442217,0.647133700515695,-0.6279462816589431,-1.8639017303920438,-2.204925995563886,-0.8534834676668986,0.7862765857295918,2.106015869266612,0.16327048937095381,1.0300850723704007,-0.21303981477361578,0.8420231058464543,0.8860496245239369,-0.018833914644463833,-0.5442402443790337,0.899965626992786,1.0478384291418241,1.9534577089866587,0.7171427025343022,-0.01732515488581687,0.9875056025540887,0.7722307823307968,0.3038987773719809,0.166881933657306,-1.6732590919202814,-1.7902725975087677,0.6424321814897428,1.6917008251264793,-0.9024323064116501,-0.44001604095543784,-0.026381510136724923,-1.5212611019060323,-0.13063460158752002,0.11562825161299405,-0.7421301049870022,-1.4854456324044847,-0.8263408662162032,1.2828939450073733,-2.079488112174953,-1.4304716632553465,-0.49514007945282257,1.051468029630142,-0.009444007965236754,-0.4652049546528082,1.5380858019947696,-0.07503105508831827,-0.7952017211059473,-0.32381872531039946,-0.01096071659144153,-1.0933588081824916,-1.9450734801399052,1.243448217245914,-0.684976516901153,-0.419059853190814,-0.32231592385477487,0.9335007850050325,-0.7313584245502337,-1.0629350720951627,1.6259929755340183,-0.23212719877637877,1.0587669553336694,-0.39905380113533045,0.6640329306182313,-0.4433800754978618,0.3053647932074165,-1.0532772263250623,1
-0.5259445743678837,2.83906137706548,-1.6745296068014592,3.2872144067324425,3.080255009729451,0.16043473266500155,-0.08351062088628627,-2.348083997781673,-1.293880139541931,0.0637599275237977,1.0568099868427112,-0.37498749399811093,0.3420029019552003,1.009961309132689,0.23759234706405624,-0.5331887799924061,2.406344850138298,-2.097001110471539,0.8281015169909107,1.5421024569520088,0.8295307816115451,-1.0434018617503904,0.017852270922716188,-0.6883665412132094,-1.031069119224613,1.0049689244891673,-0.7262507168455358,0.2986783895824834,-0.2834694610251746,-1.7255116263953278,1.0794945143700625,1.4409564349427184,-1.7210578799802447,0.34481258105419305,1.2223377039740493,-1.884641501578793,-2.785304189934396,-0.2975570409619026,1.1537086502031897,-0.9043177872849345,-1.727909879662346,0.8017138173365881,1.2584559145031669,1.2241298742391706,-1.1420070026375608,1.1854228950197914,1.3534724802758398,1.6915470810442275,-0.45608441278533635,0.6737487271370698,-0.9698791769730979,0.09789424815887607,0.20571657867269666,1.287383894067002,-0.964532720470565,2.52475813451048,-0.13952727732554684,-1.6566848271597965,-0.2512931550050718,-1.531382551180064,1.8549921938848644,1.7797575259539888,-1.1356568546650776,-0.3093196489706215,1.8221308249286292,-2.225980959640132,0.2621554649282013,0.3312890964352872,0.396075761857069,-1.2893384710116633,-0.1941313550954015,0
-0.34980999931376294,0.04590659138727801,-0.5066210871842816,-1.4929613191334026,-1.9606550010050245,0.03684706959690782,-0.31824519466652906,0.8203865478959816,-0.4728580137295979,0.6680722804668277,-0.045325109953347736,-0.5406109509311693,-1.0396889608509816,-0.6676709008244005,-0.44595226649399666,-0.005414177106279115,-1.1592901596792409,-0.19494476159771912,0.26771672688730186,2.105149043407404,-0.8165902325230908,-1.1781721428397556,-0.42165269037079733,0.30339351852113783,0.9212036259697564,-1.448990816067066,2.413610796225812,1.6883345991149836,0.9451446329495682,-0.1660494862434938,0.20522898458529087,-0.9476951732213769,1.3649765608262832,-0.47535242728716715,-0.9853222469026884,-1.6776082815896987,-1.9178837689438875,0.3585680187925547,1.5426207723016485,1.424832369133758,-0.631161202257052,-1.1245483458036662,-0.8467701120544318,0.060759197013906245,1.5104907417273206,-0.20099661539643035,1.5944528700018974,-0.9545601652499315,-1.5949780760629955,-2.4872837192385306,0.0012044043289445394,0.08215656489614853,0.28064394674220433,-0.44142087713967454,0.3448032380673126,-1.4036921884574323,-0.13441907482199392,-0.3940222689047533,-1.2413537872896383,0.0024485994177604617,1.256322276477731,0.7770166929333725,1.5261044762273892,-0.11801751173292294,0.09006094318014846,-0.7427600337639307,0.747967203251662,0.11982223259947122,0.24274452022873258,1.4274543575127474,1.422166864286088,0
-0.14713252365057794,-1.9509232009394568,-0.48910509746029074,-0.2473010478473597,0.5347487224093056,2.0506819964108605,0.025945403553444032,-0.3292777861188126,1.059354581766841,-0.726835536657831,-0.3673904198767876,-0.23922495168388938,0.8798794780938108,-0.09923928408576829,1.6102357984008986,-0.42707318959074875,-2.7934848066719273,-1.176957776578077,-0.7983754212611278,0.3676983091497228,0.31487731491099286,-0.3308657506686965,1.9320170301750867,3.4071853282518054,1.9979214195648607,1.3108951786668324,-0.9507316606605261,-1.0494772116448086,0.2085545247071049,-1.398538820197562,0.7110924117017067,-0.6190289615832643,1.7822403512972629,-0.394768336523767,0.10895026690173187,1.6167120371390542,-0.24993865073155266,1.652686515132411,-0.7046717596459247,-0.11862823625717249,1.6354326169631423,0.702783229867662,-0.7359137564166678,-0.09819905410474848,-0.09576120199254104,1.3151813908491816,0.8546788964072725,-1.0671259948851983,1.0697699644192857,0.29750659184424894,0.12798119183461085,-0.3248572300917554,0.0855956970407015,-0.9990677301093973,-2.172496246457568,0.8832066039634918,1.734752003715809,-1.3861966197358604,0.3265443801009738,0.8993411803218301,-0.5537492701300372,0.0380956472838306,0.2804190598644131,1.9831929201841902,1.0247372571982245,-0.09572415322537868,0.34107509232609073,-2.155946647931959,-1.508883904984214,2.189783163733353,0.07373910049069553,1
0.3469519031393741,1.474936931077755,-1.3348552025157987,0.05333286878737801,-1.3718651980192527,1.4017315131391297,-0.31566285830985646,-0.44836744169746706,1.4113391816000347,-1.1685436684068957,2.5022742433869545,-0.5212838870925554,-1.257780023850218,-1.376183475284259,1.0268257516329569,-0.5110529070673542,0.8436983486817206,1.4947065146522638,0.6996931225095072,-0.24928548437120468,-0.6086033762730226,1.575857759406458,-0.6045165256736432,1.365504991867897,-0.7801729137153038,0.794858251841922,0.1443731343446787,-0.40019450730204953,0.7794845065779048,1.0420450914331099,-1.1988380816998,1.9765353221249111,0.010023760709227727,-0.19877500903262607,-1.183384086304246,1.086334070543629,2.18726188490549,-1.498899118628449,-0.2136135595009798,-0.9325175924490638,-1.095159497415701,0.6084743018225779,-0.9216475613062466,-1.4010182493298622,-0.9341267414439397,-0.20528843271602637,-1.448826229195914,-0.09327967248156459,-0.7338147885727578,-0.6944719600843146,0.4514621833189086,-1.1520703711349773,-0.5417992884223864,1.4670286317233778,-1.4004283684178684,-1.6073134917730199,0.9753267996507817,-0.4441381629889446,1.15051427187068,-1.4000134805861286,0.18384457782026672,0.8798683148047883,-1.8790575285098012,0.45635639405097506,-0.9995857346489885,-0.8039689261262162,0.07080482490128852,0.6869932934820395,2.572638495651381,-0.07912619421290788,-1.231096183649062,0
0.6928504460607062,0.49570447190892375,0.022372090983049823,0.7800383970710817,0.5318394892444243,-0.9020724702872547,-0.04115188549235971,0.9273196660638392,-0.08150346395366662,0.20023613425356232,0.022492218111700647,2.004812789860321,-0.17770311899491495,1.1881872235708781,0.6625594056501305,-0.02469291064906404,0.6309432043809611,1.0138450674087052,0.1727088487928897,-1.349976988765207,-0.49707816267878785,0.7596762234174135,0.7807935442583736,-0.2770812305877935,0.5543538400296993,-0.6416697502129012,-0.7195514511488508,-0.3266551529847259,-1.048110818324989,-0.360068789342393,0.7563359672313451,0.938601381572763,-0.49802385279565314,0.8896548332246982,0.08910512231639446,1.083637050436171,-0.033700647447773346,0.7870689161493107,0.630380928364946,-0.07677459962272996,1.0324862689538687,-0.1718081070412907,0.32923123757425143,-0.7403579261113941,-0.5466219553524966,0.579302556272983,0.6535053429864001,-1.3102135216802573,-0.08572322257261915,0.5624742132263959,-0.552798256837477,-0.8828494566009772,-0.13604229346780644,1.6683880004742095,0.45485327664625336,0.3668233739099872,-0.5130370692317457,0.627789008704939,-1.3207903254013782,-0.8706876587042858,0.5204004753085294,0.03977745437238189,-0.005606553933760535,-1.3288522008377925,-0.7651837817762215,0.10976165313916543,-0.011909335537368447,-0.5188138004457394,0.7848691286247429,0.5221350652142251,0.2773637778286591,1
1.6792445147274169,1.0894391837305557,0.9942286222772682,-1.5137836743844515,0.2843556826013078,1.2782020137280443,-1.663348895251608,0.655026373146239,0.06375826662173581,-1.6166940102525025,-0.175172792315049,-0.7440004075548838,-0.7744413823447148,-0.341724933667584,-1.762192360570977,-0.0603051091136796,0.6681691147379052,-1.800853084309556,1.4026632415460332,-1.1877330521697043,-0.8520818509936579,0.2687115036651195,0.8390668583288182,-1.5474612297010475,-0.23568965639872677,-0.18617369322941185,-1.393886907783012,-1.591199886711062,-0.9765526961268056,1.1386194213046015,0.11302413149778541,-0.47966145182950887,0.8131351300244462,-0.06984181262034592,1.0213284005803573,0.9078595317192628,0.29924020038175003,0.9032799004397495,-0.23346338588580254,-0.5865789456283587,-0.021370074377380976,0.035281042964792564,-0.7066940216043581,0.8856938609066244,0.23111514925559282,-2.3919567240452997,-1.407979067747963,2.0340591307179947,1.42028009781214,0.7992429699220209,0.9753554635173867,-0.1255246322332114,-1.16223932745121,1.7466772802585866,1.0904457512635113,-1.2409200101542839,1.2096184529635612,-1.107246170381015,0.5707883915660278,-0.1403772034548779,0.7426988110130344,-0.000711981175407143,0.7181423852662581,1.3722062520009444,-1.4608514675122677,-0.03561768779601851,0.4221839068972979,0.8805049885214443,-1.5372203369992672,-0.957714813118092,-0.2192371284901485,0
-0.9969292953315805,-0.5714566665636663,0.4145962692577023,0.0490868260005092,-0.5392526469605708,-0.35041221356256,1.590419606545501,-0.48638377652349074,-0.003391278699877652,-0.41576828602019955,0.36578529845798013,-1.8848026089607988,0.4772972522006704,0.2789076573778278,0.593167126881674,-0.9488324439945258,-0.3517064145862585,-0.9643200162699768,2.399650243959984,-0.6300050436869629,0.4823052819853522,-0.1104656796440023,0.08276828936318767,-1.8440988480146097,-1.3975139914949153,-1.3264982052432415,0.7855001301129323,1.43554658092433,0.016700223875625916,0.17139853736080918,-1.1368770779937711,-0.06596767805923455,0.3870005208829621,-2.150042930699354,0.13400691928368869,-0.816679950073694,0.10303845846989972,-1.6403636244659223,2.3962254789950315,0.9482523614234111,1.438992195942765,0.5782259669011811,1.724412930097283,-0.23828491657609752,-0.5521029115769138,-0.9950989856030504,0.16979055470395277,-0.30372948752205997,-0.5294156461980438,-0.5638250347137063,1.8642723278868347,-1.2154974033427972,0.9217620568588866,0.489031199345194,-1.4658941643709227,-0.08952687680826739,0.4902525218985727,1.6308839468546847,-1.6389200560713533,-0.43898081117141713,0.22857265540888808,2.9680000520849736,0.383804989314561,-0.6383871652308233,0.8718614262912914,0.6950105086385052,0.5187383742129689,1.1425188502607624,-1.3439339825610097,1.4782544865857965,-0.9856291867587789,1
-1.1385069010752433,-1.5623870943490303,-0.15488729763072712,-0.11706391639122139,-0.7317152276198453,-0.262611245261581,-0.2478599663838202,0.14096904099751015,-0.602562693475389,0.5875748550624265,-0.1977474996076144,-1.0288310369516889,0.020879665248049056,-0.499059854440026,0.7387178039153084,1.125662569526294,0.3107244155932607,1.0249345998679043,-1.7059612620403932,0.36052468991752395,-1.2865346376413822,-0.17813365617652396,-0.11168596384495758,0.17812527526571648,0.1402750185286034,-0.6902001714056292,0.23338969680030677,2.2455649022458806,-0.7311073899173459,-1.0596999540026082,1.1511704400630003,0.9433503541515441,-0.07623317321074989,1.0155377773242464,-0.34979680574416216,0.672304960782329,0.14935266149723134,0.9683325840689793,0.33421926101949734,-1.2041387888283837,0.7623262768271826,-1.7764966464249174,0.7406044552173532,-0.71577980922227,-1.3831300340988197,-0.33041434235122563,1.5054465510455923,-1.0338775999744636,0.04792338210940174,-0.5821028633759588,0.47161633715140155,-0.7853134598240091,-0.6220962411319516,-0.49334660385815704,0.6053041288521815,0.14280733459388217,0.23990614345342823,1.3221751416796128,-1.0044929687786228,0.8428524787246781,0.8066854707894099,0.7243877730231993,0.651460544957844,-1.1293807236730484,1.0038403473413147,1.0869720112894496,-0.3031836582202421,-0.6683769247555236,0.8096543882487225,0.5032457638847101,-1.940849371830346,1
0.9813320901417522,-0.7117503087998656,0.5929416630079803,-1.295417833985478,-1.444749816581754,-0.9929063523245522,-3.1206191918527115,1.287159756704524,-1.9242037334482525,0.21873770210297624,1.0806315854522461,-0.006980549711985594,-0.9039033154108291,-0.8722907654839901,0.6055164265897629,-0.4321906538399239,-1.4745789741978863,0.2733942223580285,-0.6941182089279487,0.9309783222315133,-0.7960407082455381,-0.7602224150687219,1.940647706126597,1.2628372078418635,0.9437028147076515,1.4643570031234525,0.553783580099753,-2.3036817358172574,-0.21393458184436337,0.7646944445098045,-2.039390839645134,-2.512012236908212,-1.293241502960359,-0.1719184752540117,-1.336464025474066,0.7787228992656337,-1.4833637129897494,0.2454953552582567,2.2019593017983117,1.2769461190651896,-1.1256674434369638,-1.6994303356684697,-2.023485049866294,0.11525632893673309,0.6966315249973065,1.039302472465684,-0.10758220480046862,-1.1725757468656774,-0.7661140731451337,-1.109091343604878,-0.5541006113917089,0.3829006275542429,-1.5039056305970333,-0.12933152237632142,-0.8476370855282204,1.0909839894215365,-3.2831318763967796,-1.3859996349851438,-0.467426358001941,-1.3493077707286483,1.612036271507302,1.1263263733002529,0.3099826675786361,0.400729215281938,1.4800855103705346,-0.013182819308765253,-0.83440192958859,-1.5105740785064166,1.2105588669438443,2.0583587722832406,2.4490124846102157,0
0.2776650279937606,0.3677576441659434,-0.9099403995827197,-1.500570794381062,0.29573660345930214,1.8602734781747534,-0.2665028852751707,0.8565734112650003,1.3604594555731844,-0.4656692159170559,1.6474419814005818,-0.18630837348191834,-1.065551683288405,0.7504598933917326,0.3739504354423968,-1.1238633056807703,0.9590239113218084,1.0570240904895725,0.8927136952055148,-0.3887392797581839,-0.6155594446634759,1.0263289543856438,0.958575836435427,-0.850404675115706,-0.6907245215154739,1.132624518536453,-0.47536276046694287,-0.4640827057321452,0.6407840447688778,2.548172328794277,0.37915482574077153,2.005448642304161,1.3508958500238477,0.8793372613609572,-1.2144169355376142,0.7058573337498061,-0.7991700015901271,0.42752046269378147,0.7501298946522521,0.14121614467585022,-0.6179276722247049,1.2284083825991552,-0.21800260084609593,-0.046897018518377805,0.905286310191061,-1.4698599243351385,-2.716063973951056,0.17013316752954102,-0.18220033189382548,-0.6783546993160295,2.3091734191524345,-0.4258165441436133,-0.21066489174967618,0.8466172534604927,-1.5918930587964133,-0.7907000580532465,0.3130328349889819,-0.45202460022053487,2.395589026525764,-1.4544936152361012,0.009147648665313703,1.1086560220576582,0.12786903422849438,0.25722407257921587,-0.9826876173817488,0.4224364153021495,-0.6640641096968961,0.33273453284890747,0.12716805183544166,1.1259178387678772,-0.6063821858089284,0
0.8963798143219824,2.1244399659592053,3.1263867730529236,0.5231914918327352,1.387015857477215,-0.17700277297937853,0.7333889113350874,0.6120561073697727,-0.11332744443570986,1.6169154105312864,-2.2475943525288886,0.6132112702590836,-2.502286292962931,1.4330273707476608,0.4910895858295199,0.0010332527110981469,-0.3363313297680376,1.2825615763740288,-0.02912202089227188,-0.5031153858639581,0.4259897096399254,1.698075672953084,0.2309801487096786,0.27424760446855634,1.3299619389567385,1.7234881843057552,-0.6296724437472283,0.6185136927286526,-1.4544539305692503,2.545040997061968,-0.44710617866951535,0.8094093856017588,-0.7079204610458005,0.43037685725985636,1.4332212859442441,1.3167651263803777,1.4858781256810039,-1.100379725838787,-0.537647005024492,-0.5564848530725482,1.6264362239366201,-0.38265985422637955,1.2651106514171033,0.7715109862916896,0.2525954421150686,0.6822576128911547,-0.4932993248201901,-0.49634064141940587,-0.5405950888688164,1.1703390620540013,0.00609993107379186,1.1242778033722585,-0.9891716205012027,-0.3633026162275325,0.8606578481745231,-0.3462216474016181,-1.1021272669058375,0.7565185391486966,2.507200863430445,0.5847939947658748,0.5818971973754393,0.26842874469586553,-1.069106779562924,-1.0485686773140879,1.3542492700185762,-1.5349883846591617,1.4335424064558886,-0.5020941774483785,0.4456231535274077,-2.2589647221521285,-1.0077176398089511,0
1.025637719253021,-0.3859933786967668,-0.9380347072481213,1.0771419321052378,0.38559808133076384,0.8815888273307375,0.49185442901426746,-0.9453891226786642,0.6696565742008308,-0.37458894366227635,-0.6028099310997577,0.5238580937981386,-0.03948897549144581,-0.19716244104723873,-0.8567024412760182,0.4204445231374022,0.8356377688509379,-0.0938832787957611,0.6687695084608009,-1.8000516939951807,-0.17335860270720785,-0.5832802599537767,0.4924944321473247,0.21580869666726332,0.4847629492765683,1.3964354356537376,-0.4019737036959328,-1.8788304026877154,0.1498039091891305,0.2869497618258178,-0.7114236023667638,-0.2143210427250002,0.7497515303616276,0.2759388672537717,-0.5296503253337559,-1.7800196152637389,1.4060112918053573,-0.44328036504076845,-2.060283813599637,-0.931351666781067,-0.3290279065563191,-0.26811963976926445,-0.25240093408072084,0.6874944888809095,-0.07314854702569022,-1.4657514174260402,0.5643346821645115,-0.038344267847303236,-1.3009697100440787,-1.375159923185147,0.0175098859373993,-0.9099357869443646,0.3691323999107784,-0.0368172079787106,-0.4725349664690721,0.46978273577267843,0.9425257575179343,0.5590627036476915,0.006144864908003142,1.0505071556807504,0.9754477597738243,-0.13051946659818478,-1.8744600601743884,-0.5786817790773169,-0.8857583530947296,-0.9386884513420696,0.08904299422172673,1.0942178517153844,0.704659575253279,-0.24903418345721962,-2.28199535975244,0
0.8029075622406522,-1.202439749623149,1.0681532187283167,-0.22720507518665428,-0.7867390364359909,-1.0683087075514033,1.0281218939544061,1.1575883112660157,0.07122074505585374,1.76673156140158,-0.6907806351964865,-0.6165008698610441,-0.13612355776590435,1.2331877625237164,-0.19233663586061744,0.10387063693396446,0.5790586249116227,-0.14267530244449,0.2840837579171184,-0.9970034514050029,-1.719670729006466,1.8723431489228448,-0.8010990497607422,-1.103018443550061,0.5041529059859637,0.17366189847124622,1.2257943885822882,0.19808495082751953,-0.9826917856504906,1.30596366415057,-0.3553009441320095,0.1999832461421734,-0.5398502553527688,-0.9245259209637506,0.19680796081090546,-1.6622479418343894,0.7136535538106024,-0.5310356660328875,-0.33748835085135925,-0.5278642288853137,0.28519105723356947,-0.024015398255855448,-0.7480062401388887,-1.158219280701877,2.008584170757031,0.17275319289009244,-0.1504572690123578,-0.07986495341385828,0.9519760470224522,-0.8915545540474658,-0.06057302042659384,0.43913482822888883,-1.8709258239328186,0.4128002362780226,0.8002248277595019,0.65302771479948,-0.055845475170319576,0.25535980292074834,-0.11786675088055767,-0.033704609072331006,-1.834257806670975,-0.6116707990965851,1.010918033126155,0.6971808126202006,-0.7888985925428061,-0.7839797514765502,0.34911316240091356,0.9878373019742084,0.4173542014236306,0.9467070228933222,-0.25950246040858793,1
0.12122822986243945,-0.4269634052420162,-1.7976725111195277,-0.17664737508108141,1.1470630514544797,1.0934121202867229,1.374650786607408,-0.5602704105438912,-0.5303052757155869,-1.3726792275987922,-0.1654760140854788,-0.39967311671541583,1.5044994837516221,1.0533725444362747,-1.519629556182301,0.3405543651582959,-0.40592644496247776,-0.8334897205416727,-0.4796475252583882,-0.46061387395626235,-1.095970859897819,-0.3638021353971768,0.5021073164827167,-0.011127025345565008,-0.5909296331943884,-0.6168485568830812,0.026490706697452366,-2.3507350869003463,0.531685943471657,-0.6411767139414866,-0.8378864948486615,-0.9194847060413375,0.9819252841609657,1.6058381879748234,0.22063506768835525,0.9732058101499221,0.29261046166764293,0.04139444164702567,-0.8235065576150902,-1.5142009057876344,0.11965566006364606,-1.3897118902740615,-0.9243615714975342,-0.20360695996498662,-1.1755742727243037,-1.233714165470089,-0.038013481158777104,1.5358207603510559,0.10725898754619588,1.1611028669804588,0.2395506923273456,-0.6257325783699341,2.712063780419149,-0.2704987727087454,0.23096679323392924,-1.0971144557260128,0.9983826709535919,0.14024317570407488,0.5285356497291345,0.09264167625546908,2.1157262202757803,1.607182697940829,-1.5263829090143475,-0.38626869738217773,-1.124352076712682,-0.04026262198902129,0.3439674093561948,1.3856475130086023,0.22808623107488843,0.8685713579787544,0.7892404775938351,0
0.5433127035889666,-1.0775046133803157,-0.7499468730773162,1.1692169341143521,1.547480219144131,-1.8024465373600194,-0.6632607265270978,-0.7763565400086743,0.3383081904579359,-1.5334473553951105,0.7020319250954216,1.708203788227494,-0.7808236430801925,-1.5223709794416418,1.6997257534258967,-0.849688720929144,0.4100859003855892,-1.3574309448480815,0.5076634965514364,0.37392216882144375,0.611396973499099,-1.077736743218536,-0.798937235908334,-0.07949132894338122,0.7984323547876756,0.8348983197121832,-0.6828977025543651,-1.178228595027907,2.403257710194267,-1.6034951422675634,-0.23361877427035113,0.6246836809513384,1.0589340923708845,2.256654608084472,-2.0520668183702653,-1.4188994105278872,1.2116181165596522,-0.4940691385184696,-0.1279786043785203,-0.7760861616694431,-0.5632623078509039,0.35721739663016555,0.5939921277359006,-0.5739291624015372,-0.2589736516425646,-0.4247701188792283,0.7205690096330798,-1.933870218965365,0.5446118731755415,0.05465058020966934,1.2584633309118323,-0.23740203363967982,0.46909038306765327,0.24792999636962199,0.8939250000389397,-0.04668350959674406,0.6848336858017804,-1.535612596066189,0.7137879952247316,-0.07667001218661133,0.6167837319805951,-0.002617494299973673,-0.6464279560911028,-0.16868054835469212,-1.5202736569236035,1.2748134635872397,-0.05920653384250537,0.12961248975407383,0.06999969673388325,-0.5903044187779006,0.5823430214775511,1
0.8415371577086256,-0.6824999386196046,0.036326416336072156,-0.2001375992469892,-0.3378460955429235,0.28662176096055625,0.5805560482453269,-0.8843635372598251,0.05736579962836396,0.2089947547332453,1.3909913056061691,-0.8124025605460866,0.33021244042525705,-0.4435543560490048,0.39255620696377935,-0.027827175731247544,-2.0159076228004214,-0.24177943704423288,-0.608717631207379,-1.796134297569889,0.3617304757170113,1.9101095922829978,-2.1484457992237203,-0.7690978599251194,1.355323717900324,-0.5223244491306598,1.1822500630033563,0.8666992880518111,-2.0281435843267412,0.49504480804687445,0.3706704708582757,-0.2000078724797796,0.25721989461249656,0.06153204372142718,0.12013793137434373,0.23333566663741018,-0.6761431571894101,-1.1533098355927345,0.9070177675345977,1.0489907655834836,0.7757845817606089,0.03921128262811372,-1.3244933739964038,0.18140199526188158,1.1145447816663723,-2.0090129734122315,-1.5286178781642317,0.9734057109325598,1.5617781653196627,0.592710910116592,-0.011710036055986245,-1.038422808324643,-0.9253701764861828,-0.04632830994798048,-0.9735536303493807,-0.3703328728148549,0.1729485292324931,2.3524690275220506,-0.8341483266615983,-0.1652837559069519,-0.9521567672437995,-0.21711508479523647,0.05600548097736319,-0.9253413823114759,0.011179054570527508,0.3264594440683881,-0.2388359005164663,0.1792157076358191,-0.41974018243731975,-1.226036540427186,-1.1342617471990195,1
-0.5465443613992458,-0.5827282922561867,0.08882878812463203,-0.02533274765037088,-2.368994649313184,-0.6038612631361162,-1.7482690968742578,0.6045195914620606,0.19084086119612745,-1.2583638355057223,0.33494799220288923,0.5575586904504382,0.2975534797405287,1.450497140480291,-1.8083266525776662,0.14339213189754624,0.3702333784991747,0.8582692690205265,0.8652216345206358,-2.058577602211341,1.1090866745423082,0.4075894620286235,0.004415764439337663,0.9153202348605998,-0.9514671019913188,-0.648159391921782,1.2102257967766457,-0.36025256604351247,-2.210123656313263,0.6167195953854203,0.19878583839338348,-0.8537732770471766,-1.4040348675768357,-0.10572228463100299,0.039118981903548365,3.586654220652213,-0.404517527098292,1.6103520502304858,1.4194976058604605,0.6787690505252152,0.34083176352566036,-0.719398734992805,-0.06939394624580246,-1.5169931764463578,-1.4674204150225691,-0.4583042689240552,0.22548188661135418,-1.4394315683257288,0.8808272766944604,0.45877485679728686,-0.8939027588720702,-1.782399471873865,0.886286363737722,0.4118322726611838,-1.8112010253419721,-0.18965365889255842,-0.6638094553050969,1.9800265066465133,-1.6692817343318753,-0.9195616702483019,-0.3260487668290819,0.744210827919994,-0.9405528598609735,-1.6387500215380215,-0.004429320660320025,0.2686855694620637,0.8083938986783303,-0.8695017455079405,1.123592154374919,-0.9796655412710438,-1.0354633668116147,1
0.7653203560734186,-0.5428144655331824,0.2859612535198396,0.5215789081780413,-0.9422451387937576,-0.16550368148062788,-0.2689144338072194,-0.6979058708652737,-0.7503367935147569,-1.6759604335207665,-1.4440092778627718,-0.3672010741113104,-0.149599073578514,-1.3857957957653293,0.6250159511839234,0.6837105602435956,-0.8778763430248282,-0.07499559289122418,-0.2045625858845786,-0.20987080291331575,-1.77005995270621,0.26590120254609756,0.24907262985509548,0.9159623237001088,0.7132155737633369,0.9173772151249416,1.0837944067311676,-0.4772932660429602,-0.0963481091317864,0.6508132891618137,0.7945738832370722,-0.041110029637238386,0.3865972223255455,-0.9561052465267745,0.9848723999727962,-0.6724389099196665,-0.11750119664728359,0.8611375359091563,-0.38473474521330975,0.08525139512870601,-0.5526615457216396,1.05925067752267,2.9067215828809996,-1.0050255877236718,-0.42898553369189,-1.1433399380631035,0.41313719191492926,-0.6876137803276999,1.4686047888556566,0.94157396525118,-0.6959334425357931,-0.6753793568640354,0.6048361525299318,-0.6220258866901345,-0.627787792595609,0.04355029965598266,0.8557163077887662,0.25232771091558776,-1.2522990938901506,-1.531835917063395,-1.4711806602858806,-0.27966689245845117,0.298674688809411,0.365549316898656,-1.0458842456553041,1.2621778843232505,0.37849429097226867,-0.5766932180993402,-0.1920802167499462,-0.19395432546198915,0.34061226559809044,1
-1.8436696346344665,-0.04000727462755282,-1.1105132036009908,0.668330081343618,0.3298187967931683,-0.7001050700923259,1.2244444571404434,0.3779405317325773,0.0897386587232486,0.40233060293200007,0.7802751923214407,0.13524627068787676,-0.986390266319107,-1.0400213691698859,1.0160308885284106,-0.5175759068731982,0.6825302831157035,0.1813469531527835,1.5267503327881633,0.1884068389458192,0.5331688638920566,-1.4653079906874362,1.0676001005667175,-1.1878966529981063,-0.38620650593980577,-0.8009508812257112,0.1634125742473087,1.1242010076835465,-0.5939184537546682,-0.08947288484110713,1.7611403000018788,0.40970420315672024,1.137571036145692,-0.738958785716879,0.7062655376709315,0.7050569330820935,0.09438546498295246,0.6345997632418611,0.2811503716143392,-0.8662102200404147,0.8629701964740624,-1.9083780585933168,-0.07629087806068625,0.8764671435078709,-0.8983691173566377,0.37509641591535686,1.382532144980514,0.5589244010084388,0.6086515942606888,-1.316590650739161,0.8606336087890475,-0.7317629198760781,-0.20242309726038032,-0.39200453304398813,0.330428196425225,0.9004694981457368,-0.21895845662211036,0.92530285622766,-1.9448957799426463,-0.36091491494442,0.05795742005090634,0.7649952387671287,-0.9944923529652623,-1.245171914129339,-0.48612854721424315,0.8231676878157349,0.15614820850817857,-0.15766844304271738,-0.36653323480214967,-0.762908687949877,-0.3230151021035227,1
-1.4499691295451371,0.579339636891181,0.7120459672511688,-0.3520179268188333,0.38511112342290954,0.6211147100059071,0.21365991568559725,-0.29138628868972427,-0.366891164899157,-0.0027630253398319413,-1.0075114595172567,1.6396524374508579,0.3678032942255263,-0.6840780387223174,0.13711686143944002,0.24886972780082137,-1.5275204463237688,-0.3511572294935208,-0.17742182577154844,1.5401497171084575,-0.04532222010022662,0.13049928790511375,-0.38515176746125185,0.01716374441510257,-0.050122145934104134,-0.28108248702831856,0.334513100296868,0.6495746090814413,-0.158516032157068,0.8858369408226544,0.9088131248665321,-0.2406381016242491,-0.7152315018398921,0.3971382945349552,0.461895889024264,0.320955360795719,-1.4992250493446577,-0.4016870520430798,-1.38242159334059,0.9048114594418187,-1.7935080695437928,-0.7554699559306692,-0.06878164182936014,0.6322952653667226,1.642184342905795,-0.08201206229852843,-0.7411406474893921,0.7669029620823505,2.1805586912728367,-0.2895693649678806,0.7514487505372234,1.8701412712604266,-0.10683298095997935,-1.4011194466672459,1.0789479203526922,-1.096418710511132,-1.5594789272217775,-0.19401152768428823,1.2529673629470324,-1.085673552170711,-0.4102875828316058,0.5528278490295235,0.5800923257575958,0.9946923750947604,0.145754881791265,-0.6982625422767422,-0.08508872757161517,0.7487705296439954,-2.3546246077847344,-0.46378740205317165,-1.4798522449806157,1
0.919132026520729,1.2535307751514202,0.09425989658297663,0.2757032933178794,0.6843771481514674,-1.0561520122917187,-0.707719304289546,-0.5263228788227363,0.6332088101048191,-0.24563381973945464,-1.3854732154985296,0.021255453700328424,-1.8145161608340876,0.49297216319715587,0.7871949864006638,0.5170522178423396,0.34652066639540985,1.3314566750975967,0.25870882471917395,-0.5699492506179109,-1.6835442798187767,0.15179441233584917,-0.7705218808861857,-0.7204287866408531,2.137214850990633,-0.13694070538832645,0.41545446915283774,-1.1952908487746554,-0.3157524375089603,-0.3119908723600171,1.1644593600248738,1.4985124815015065,-0.6022733766569532,-0.7776895191549097,-0.3692422364062531,0.9916082100159804,-0.5973439232138243,0.6729402749390009,-0.04739577772180137,-0.8016361036779446,0.16794136244852048,0.7108243798763345,0.5479964283618014,-0.013977049802940459,-0.179667320895447,0.1351337042616413,0.8471339234418986,-0.8410188388005368,0.3510653004716697,-0.04095148055367068,0.1908386034555819,0.3252659035379736,-0.5471443659893322,0.12670152283262823,-2.009557527869858,-1.0936185703089993,-1.1147619429157187,-0.5116922359003722,0.15927056796637415,-0.9933598261320092,0.3915957483542863,0.4864767382726965,1.3892999632434415,-0.9163906451406677,0.09274244351842696,0.23151604567184314,-0.0721146788361379,0.30794396460190154,0.506642251064913,0.5534999328680797,-0.11894281130228214,1
1.607766103718117,0.4315289344003874,-1.3440759565107419,1.6506454148338587,1.4193199898129516,1.8047207372084995,-0.046506539637834264,-0.0662180360024336,-0.017994789246395377,2.1700859719635806,-1.3564553218186568,0.8203861762968998,-0.4572392377671795,0.2945057876645062,1.175089923404229,-0.28714673845148764,0.019493604178969618,-0.9480933106800564,-1.5154051979199936,-1.0737122167793223,0.11188741522540703,0.616828525870947,-1.175263945185087,-0.08926229262861643,0.634056208136318,1.6850760594003866,-0.768896707372796,-0.12151207566491176,0.22197530584844083,1.980339469447794,-0.7487714915623317,0.5169086901770976,-0.9447105917808873,0.3216995939534327,1.1162941635699826,-0.06966795826315532,-0.2500984965229276,-1.1665799059274464,-0.7571877435550115,-1.9237399254803913,-0.5462476660031472,-1.4737983224117595,0.9095216316462265,1.4594527857302726,-0.5490541177492885,-0.23369866824970062,0.09595107857303574,0.8886221912220954,-0.7515381570468029,0.28902796963878236,0.4826927817347373,-1.6896403999845995,0.42150810510699027,-1.5767068631225456,-0.28233432513158424,0.12212267272736002,-1.223731741313939,0.6892976295260766,-0.6736141090713286,0.39068883054622283,-0.5916089461165471,-0.708233238973814,-2.304222982956095,-0.9649528006069824,-0.14413744986236346,-1.7644076718877648,1.2979676796274948,-0.17978443927901971,0.6982585698871133,0.5734380016693144,1.8123353328015928,0
0.24136064185162717,-0.3711155439286862,-0.053961518277306546,-1.8574159993356218,-0.8874431882938788,0.19767903499513506,-0.6306624938664592,1.3236659506811272,-1.262585386958817,0.14447849244294883,-0.5583254815611188,0.22449414336513399,-0.3459005914517737,-0.17110540377558692,-0.1391658302556986,-0.09388424543002595,-0.7448117854908494,-0.4228617986933837,-0.7497368461552557,0.8807011820984422,-0.6987194605407521,-0.5490113174494513,-1.0220136435581761,1.3730943122402066,-0.4020779993103284,0.2477106673899733,0.21235321549024747,-0.7852736466264855,0.9841236726487482,1.0208098046126468,0.5093405495054908,-1.632201880100877,0.7182481998845083,0.14036033067564593,-0.82798480979662,-0.21008407182316507,0.16730039985521078,0.5673962562206735,-0.2603881121596825,0.25399734115755296,-0.051578395492171865,-0.6942341198992739,-1.297717327577457,-0.685526108882852,0.2934732088169312,-1.617376245099108,-0.6070009046315612,0.779678174184828,0.27532709621198154,-1.1464509079982292,1.144366605699135,0.7747360143212608,-0.24351690379475668,-0.5604602871622927,1.0184381598175056,-1.3347759140901068,0.05712115320715758,-0.8321598704427593,1.0562283579422158,0.5903048548104309,-1.3414654723701869,-0.0469750804026884,1.5201267401237777,1.2539825881594853,0.2991654722172221,-0.3317570301517891,-1.0802860513069823,-0.34114598435616145,-0.6471566270443799,0.24250967267112342,1.1627660853144863,0
0.3256577637100083,-1.120700971698393,0.7808257602796617,0.29240832618919255,0.8105714403613853,0.7374320053811687,0.3596436104139327,1.8993048441325888,-0.695404101583794,-0.311513039051254,-0.8659404464200527,0.06643096316182842,0.4433270649251032,-0.14049762629996335,-0.09879614634298724,1.2774454216878155,-1.6381137348273245,0.009042911830770486,0.1372183958458795,-0.8257937541969788,0.6875123254107447,-1.5656454074048223,-0.021428729681812305,-0.6114794999999016,0.3648962174126982,0.4866137545654475,0.032387097836863714,1.95009298811739,-1.5967974777865275,-1.7846415685087365,1.2460090597670328,0.8958440757808357,1.080855722018295,-0.4717448731062892,1.3478325769214359,-0.29254974566225533,-0.9060932967453976,-0.7623006825367377,-1.3187557875067073,0.08806350881059982,1.029021264885006,0.4064363008267842,0.749574490728176,1.9045319392711284,0.9211251301247019,1.669354133697123,0.9791310892980524,-1.0303668475091108,-0.018175362736410183,0.41014818940256026,0.7653126621918095,-0.023924178479499986,0.3981415412094597,1.1244908515533567,-1.5113954564838723,0.12613176631462614,1.3629150116962505,-0.6684885256397559,-0.8244004606581504,0.30009491586091364,-0.2706360068244978,1.5788094699972532,1.6364642348076657,1.7350272900114405,-1.5856979769171367,2.13441757979529,-0.13127507621147494,-0.8427239473437476,-1.6115559637166375,0.9930616823772862,-2.0567031383124754,1
1.4855050387597188,0.2734893659159814,0.9988493441202262,-0.27609019323750333,-0.14613385509574314,-1.1630893600460348,-1.2601813361290453,1.002769107773308,-0.603339217049582,-0.24484433951617898,-0.2852040499373642,2.2066467019043414,-0.45336585009157493,1.0399784875475864,0.35854202675540897,1.480219700722489,0.19031388141669642,1.4702050297083666,-0.8013322500831642,-0.42711016574534194,-0.6984698368886665,-1.3983219241278786,-0.28134446241979816,-1.1791991748758315,2.1607700272523296,-0.782472952059965,0.7584701573085956,0.307360799437588,-0.5849729319985073,0.1283063115011383,2.6333147012403275,1.192745461128087,-0.7789651217390435,-1.7240628604824766,-0.4003325079364672,0.012429894468246928,-1.8756719444778642,-0.9960498336506647,-0.3159126956725494,1.1507019338236162,1.8494787144570313,0.9167903441077401,-0.5069453144067542,-0.8230675009673171,0.7883164445499418,0.18756217877639592,1.7254944711592382,-1.8648868825788263,0.9834604633516202,-0.4231414977689131,-1.0627479871716254,-0.6365353510769941,0.7339495487732233,0.1955203896979026,0.600556230851303,-0.3901183534321829,-0.16562503757982744,0.19869287127812882,0.4506833755748968,-0.5291982263925813,-0.4834722154907267,0.06017845093803181,1.951319161925802,-1.1150739227277193,-0.1558061199319981,0.4894440031261264,0.008091630456221655,-0.7208298983407022,-1.048090146416336,1.020021502984909,-0.1271839996194309,1
-0.058863594287269436,-0.29180567151528486,-1.1776496431084373,-0.17216414402045113,-0.44052200035946887,-1.5617321506215263,0.9909424748394869,1.6104633591074535,-0.5735150748659132,1.7066468424704502,-0.5855366400224216,-0.5180370312910137,-0.044493109584023645,1.371406466205669,-0.32965590233448283,-1.5737411086578394,1.2257614702877317,1.9786625068713843,-1.0437705807369484,-1.0562075735431693,-1.1783274385829097,0.8649417221291692,-1.3925970921911601,1.263322261104878,0.0884359196293884,-0.8795709086565027,-0.029039155499164086,-0.8374933713618735,-1.488313573051036,-0.2951349105500358,0.9189072940902031,0.2176211651406666,-0.447492785157386,-0.44128008640929584,0.1878190541561545,-0.5165518941694358,0.5098341483512733,-0.29778935550145763,-0.7964004559567979,1.318560618473629,-0.06524273224141534,0.665767066693733,0.1849711080926809,-1.2792931341364346,0.23667753545048828,0.11191924326508025,-1.3344625886037733,0.5209674798975693,-0.5263463888257529,0.1409164780184015,1.4473565759590596,-0.11621773305856109,2.2215387244839415,0.7867207530166379,-1.04432036521539,0.9870570092738212,0.9493051293901905,1.8945875392094165,-0.8901592112667854,-1.3405856592661296,-0.5883187416181672,-0.22213871165012944,0.46893037556326966,0.353141371795199,-1.4991231670796905,-1.083073896583149,0.9791862804679551,-0.1405746333795111,1.2981237593193535,-1.7310264963848578,-0.8216280358372309,1
0.8358156998518228,0.777816795576382,1.079145732892549,-1.4163862496435433,-0.8661817099646639,0.25703096933074127,-0.556534191994687,-0.2122645349428059,-0.044739373783045024,0.12586749700574315,0.600856357287194,-0.8348932535753598,-0.3249388729098818,-0.9557522495682927,-0.22863025832927356,0.8473508097918581,-1.6251185744654637,0.9361822162315901,-0.01747943076133958,0.33198217386096013,1.2979247715210198,0.08308310469023789,-0.45472996852796793,-0.5190312254758551,0.43390029452375517,-1.3136900522203208,0.5485379484594962,-0.1769413979926089,-0.05927720158117992,0.3879008200449593,-1.3656201147276814,-0.11326996320358815,0.34870702751610844,-0.09973921604709898,-0.2864935752056307,0.5046389520208925,-0.4838705291789327,-1.0897411725650494,1.3927871721677658,1.232409833097548,-0.3469793332491457,0.49393387383096055,0.766687883306494,0.9949372261810229,0.6494281878308257,-1.044551502060245,-0.3669774585448647,-0.10355014657392503,0.488563445781306,-0.23373133469157836,0.3614623063818354,-0.07230898678074853,-0.06096294383205227,-0.15874319667277936,-0.856011031512706,-1.0659207629946617,-0.5505651750649034,0.4060191737498747,0.5673006682515735,0.3658713190712431,-0.058613435147443056,-0.9315071131622518,0.8883447313398907,-0.26598124025257147,0.21997531446432475,-1.3904367590391804,0.017742637684462974,1.2700264843049545,0.27678076445392663,2.0799574338728206,-0.5639717238276515,1
-1.1311989625753978,0.3612292074799169,1.3896062412467811,0.09298305405867106,0.3016583509921204,0.10710990059728069,0.16856710610966424,0.26913202457977414,-0.8516926918059777,2.1508982343460428,-0.7685519430711066,-1.6904375140619843,0.9623427810475913,-0.11964177210554626,1.3347917644820002,-0.3605831796939478,-0.02124562309380703,-0.27939894414461436,0.6201790347748992,0.9958593020811147,-1.030078323333817,0.014897510800026565,1.6479223178685631,0.34016385748853833,-2.36552271482175,0.4515758772186358,-0.37245846712221153,0.9982031031233328,0.8422709759613315,-0.8076655705061283,-0.5353874949031028,0.5488881094398588,-0.517279976821973,-0.09457359126745332,2.539590618223839,0.23644767716744503,0.03626507840830272,0.1228454428824484,0.8340397100237664,0.21403373367408107,-0.6544693861586698,-1.2876641150713146,1.5600962690249662,-2.113014363350503,-0.7665642412439296,3.540964584116088,1.3438254660090383,0.9637485204495976,1.4958966308769093,0.9828948288550203,-0.8335892618571431,-1.3824990168316174,-1.1512702474102092,0.43081437905511183,0.911058316239746,1.5492067036136536,0.6033951911761124,0.581149668624588,0.07082795797808145,2.1451031257806905,-1.3744792634311602,-2.1670189015339694,-0.7927001226282147,-0.3118173457478178,1.4817370825667708,0.6639697544993217,-0.21950414252184355,-0.023336563392639693,0.15935597851134578,-0.9610052623848147,-0.6954619702863087,0
1.6184049973547492,-1.7085182107012706,-0.20211238109005986,-0.053811144082344914,1.2816516514871097,-2.0524117246331346,-2.3979582800161516,0.9472122063570021,-0.9649501395167345,1.5337062821985392,-0.7963461724245369,-0.24148732112369065,1.6681306580137583,-0.008868127772288213,1.2425485565475316,0.5676878203714613,-0.1489724284209708,-0.6972719821857796,-2.2711728484033453,1.955450688230485,1.574511525598711,1.4594769022253278,0.3318925098484003,2.1613618049683607,1.2779500406898445,0.6415876666198517,-0.7710562645833002,-2.193647556317155,-0.5121468114616772,0.7821414120894624,-1.9654311391852766,-1.780651741584371,-0.8025315137970186,-0.11372062644452019,-2.3676678508510234,0.38642174729043516,-2.3193193565776613,-2.0485656400895826,1.6486039650278208,0.4307528531235445,-1.1871794401702231,-1.742128931827347,-0.1776674031706761,-0.1431318703596762,1.2417579298473522,0.07421011174362842,-0.41956702579323735,0.3148336102867689,-0.2387018182638386,0.566792474668087,1.6819742550222931,1.2230597245498882,-0.73874752275866,0.0047815721099191055,-1.630585530221458,-0.7844479503038368,-2.659180717462491,-0.4047709433294199,-0.5518944614407281,1.1971205574106183,0.3011439534895127,-0.6266393624928116,0.44549523847996464,-0.9421763865425401,-0.42409856653231626,-2.0762359296055926,-1.6100695295806045,0.5096584685890996,0.9050589930303391,-0.034492717771277805,1.5868042308550188,0
0.5948583866419435,1.6958221202174009,-1.4041615619079728,0.9294118635643208,-0.7811591839559491,0.3458253746777053,-0.34152043202762816,-1.1358277788003663,0.33853427939034836,0.04557833670582902,2.2755789823405745,-1.5718556648592366,-0.8218789031583325,-1.8248629432226209,0.38459396642025145,0.9925647434437841,-0.9594396843702724,1.1588593030145404,-1.6330477333090478,0.1658958044518311,0.3842841097549983,1.709666867154411,-2.5037338684657406,-1.22562991866162,1.5913445459498783,-0.30253082870299614,0.8115261204479761,0.27779453353927874,-0.9615128814660107,0.615122432977549,0.6855484417879627,-0.24144461804077935,0.7028071933167792,-1.0354141908088557,0.4137423540612394,-1.1907940607093463,-1.0215582772448755,-0.8259424547855254,2.0212269322987444,1.7991566158888732,1.6216433247130841,0.6113723566488083,-0.7444516376973404,0.2564888153331269,-0.1853348442759977,-0.7933756013244565,-1.6444549482206616,1.483535290278972,-0.03124392415592265,-1.0635854347863243,0.6240287075053081,-3.426493598337019,0.19781216334076054,-0.8754952295272088,0.04020921641047408,-0.39744701194280957,-0.3931317111396218,1.7096352564560884,-1.1902137378778956,0.1557551317667855,0.2472352363473851,-0.25768461352402694,2.0847309303479054,-0.38364822133583487,-0.3159018692516633,-0.18872772075303984,-0.9392411491168878,0.4531862560738609,-1.2733040026679954,-1.2116984855711244,0.14934108392262857,1
0.3482076493367303,0.9825111252984067,-1.6458582207707726,0.8899463548182547,-0.6302001235242597,0.38984332059246196,-0.46587369719255495,-1.244582302116824,0.15534485218002356,-1.8502402559463254,1.15936539692229,-0.680753329427889,0.34195601933768033,0.16814518592828287,-1.4332562927961245,-1.1252051133930494,-0.1277618778511516,0.14658801412131636,-0.7216345285823776,-0.3361008724303652,-0.395581900211786,0.42608914374364476,-0.07672989291093599,-0.5788281557322351,-0.4199027583906122,0.3119783843487099,0.2776276574146735,-1.689528563172306,0.668170360442114,-0.011394817257989902,-1.7287179765022855,-0.6327014992155318,1.256191161532312,-0.0213754505681361,0.7676104626450968,-0.26538675845910414,0.9227798638877855,-1.3911063667075694,0.521085957249097,-0.7713266776552917,-1.5351767653464998,-0.41229641365933145,-0.5792458657317052,-1.4455263879508138,-1.4191097907949006,-0.3922180294733996,-1.406428914947567,1.0198592595278355,0.8863908583592264,0.26878352188994,-1.0451179582465708,-1.4990449118989975,1.6877691613513388,-0.3813750911964123,1.2099084621513114,-0.8824656167658028,-0.03003162074807085,0.6864777469276613,-1.036042409645326,-1.4063913470390246,1.7484300049117876,0.4301694757391408,-2.7491563141158037,0.45013333880781875,0.49089984322236124,0.7676614433303341,0.45866497830224023,0.04775679595786978,1.8512083913570483,-2.08128436772437,0.4528977228695932,0
-0.036022190182496104,1.5734548585304002,-0.161993545670938,-0.5968982210941476,2.3996897194105666,0.16691048897836444,0.7798041874210544,-0.3172125464647603,-2.375959567984552,-2.5456418239213456,0.47040539430170675,-0.3696452600031961,-0.6659447317858818,-0.697565574510646,-1.4352813453971995,-1.6199227313900535,0.08057296530992993,-0.7401573468380842,-0.10701263071335733,0.3415674317220319,-0.28158477617724104,0.6756873815259733,0.47468016586670486,-1.532267280822054,0.0042851590886874725,0.2694031861802438,-0.053380047891045654,-1.7567955221005336,1.0688156973085652,-0.5305627571711042,0.1726425248038558,-1.1551397157018992,1.8553219171973936,0.35354988798452286,-0.0054443568309882565,-0.5269344934272158,0.2555438617250516,-0.2014958925947755,-0.24023409861864534,-2.162450356250548,0.05725571834172085,-0.7575149732557627,-0.955852638967951,0.4032835107702171,-1.2240744505036052,-3.0645605577177526,-0.7995049375133849,1.484225782549285,0.859268025853386,0.4545846860054048,0.0740576870008519,0.09367427194686885,1.2202180470446067,0.004220171026709704,-1.0777677138598307,-1.567536462282188,0.8251577304846469,-1.4070482184796673,1.2769640419125232,0.3988416217895771,-2.1490861782902204,0.49284316844726206,-0.6113264776812563,-0.21104911699953555,-0.6094439840781302,1.6150066014188755,-0.005312602764473396,1.7857720989389427,-0.3596108648577547,-1.2665523536760053,1.1434571229644228,0
-0.6539398306465216,-0.43337006912545584,-1.9985614786825667,1.4673522260678373,-0.8820936963972682,0.023662455444579466,1.038325250158619,0.35521546227380885,1.5389655898540218,1.392472375688429,-0.18656894114541572,0.2507574875531886,-0.7738535488397572,-0.5535439546652969,-1.229902717702462,-0.6846171977800747,0.6817010421574449,1.6758077760479666,-0.3322235661776946,-0.09132308272729829,-1.1997688963297923,1.1269888839428681,-0.6709864415310128,0.5511367081256824,0.2675339534096767,0.42076925920905695,-2.112497044947335,-0.5395605441285044,-0.06788006678327989,0.6551753221820189,-1.0714439435138743,-0.34022284914615586,-0.5374687042628281,1.1370315472240726,-0.17354548816422918,-1.3437065335347023,2.094827813181009,-0.8187407263385514,-1.1794301256358073,-0.7065510338059329,0.08698661761590964,-0.5489409983379248,0.6180401322386375,0.14075406495246345,0.7803773992657569,0.25293345636624204,-1.3098785923733705,-0.005448660433902713,1.5375112899611882,-1.9768863011772877,0.3062451894233141,-1.0156414185870608,-0.006947390417970886,0.23813364571865878,-0.008053129342849909,1.0853526659204449,-0.5507914573935984,-0.7379189711129023,0.5460121262200954,-0.5553674679838213,1.576337725264059,0.1402301729722319,-0.3248662124075498,0.48784532310010204,-1.6019806936726222,-1.0189326055347834,-0.9854309130649038,1.068557350302541,0.7438103300207681,0.9112920435790853,0.5572613571657073,0
0.09399264916362358,-1.5509001261511364,0.6903383654253205,-0.08742749614638723,0.7882625391296562,-0.7734928850923499,-0.5556837602842177,1.4648030986942917,-1.6609629181231287,-0.2704334563533798,-1.996509891166483,-1.6681640830568445,-0.7225380269161216,-0.11328365386098649,-0.6471688986764219,0.10874087608447962,-2.111678634872742,-0.8780601695995159,-0.6348636976503623,2.3250653751917576,1.4374618826888415,-1.320085456506014,0.573619399843056,0.4936808215456757,1.8751583557335527,0.5182260811974151,0.6732912731535372,-1.9293775335452004,-0.4867462182679939,0.5140241958922894,1.1404989996085801,-2.598492323521343,0.8359582392288032,-0.6124479335085075,-0.42401594074278276,-0.49661318493885187,-0.8606631115759045,-0.5873990321254512,0.38505542355256595,0.15205953140105435,-1.2230381388622882,-0.8115770855314889,0.06843417778097946,-0.6330093221618167,-0.08496283170390491,0.010505672537203942,1.8465904601488419,-0.519076354476205,-0.348035911967508,-1.20906622099966,0.6332675826022978,0.9484601774592136,0.4044888579169594,-0.5447308622819943,-0.706739027218094,-0.892330696848166,-0.45633400266524693,-0.2930522971571876,-0.8701683156318333,1.1472755802756678,0.4565418189368044,1.6640523184500582,0.7853590896281947,0.6477150660657295,-0.5837385048012939,-0.5770135005506755,1.6501754853101664,-1.4467500295092746,1.533744450543893,0.9147869724878072,0.3248053601986344,0
-1.3568276450545997,-0.5246769892103675,0.7613281656573487,-0.4726678345649043,0.613103281401412,-1.1766961051804146,0.16685160791824996,1.0400143201398462,-1.2979574864746712,-0.21686407521298245,-0.4171633632099983,-0.37415595738474966,0.4364556130171822,0.3878807854564898,1.3398919021834865,-0.10881318565931877,-0.3337117014500551,-1.021788671656293,-0.6407839661163732,2.430889958126764,-0.18213184714614722,1.5443920461328648,0.8500117921283973,1.290294510526125,-0.5225704663198869,-0.2750697324674768,-0.17362626642862145,0.8845617804677728,0.519854730699664,-1.2973502964195258,0.6275253035629321,-1.139139497266033,-0.4001068097884924,-0.20500068620462786,-0.440466427735236,-0.4459193756780426,-1.1012229361158696,1.1419475546769873,1.0735494418076061,-0.44595062868378266,0.29076992266901563,-1.0831015725947437,0.573661659279689,1.0057524398426563,-0.011686393439980089,0.4644122527274321,1.0279512674577784,-1.453459565643129,-1.25248344483634,-0.09043497521427388,0.634081532977522,0.5806904627323544,-0.6822171462479325,-1.1700270126196373,0.39295745191154635,-1.8327246558595878,-1.0493103775314587,-1.0533756146368558,-1.12306492241205,0.8275956303074528,-0.44851497468641566,-0.019797363726567048,2.1586551737087336,-0.023035627114848384,1.1684903742167645,-0.2469143207722922,-1.2139719946426564,0.43037342335030715,-1.4224419071027399,0.5300711880053001,0.15050160891727524,0
-0.3014287857245903,-0.7209755287358863,-0.8791944780817113,0.18748840147601015,0.14257844957266116,1.191695076463343,0.49705233130199367,-0.4144272900553455,2.0137128548639636,0.8657479994274325,-0.8159071308353956,2.1269261184664843,1.2203969891449071,0.37734434336947625,0.3808390110513453,-0.7720803538763285,-0.677891630842575,-1.0116838136130133,0.30542325854507724,-0.2658759495580776,-0.3895338841610308,0.5058507950102545,1.711429701471358,0.19446808905155777,0.8633151129631185,-0.199080660606988,0.706256031552953,-0.46469483059235,0.4985296882382903,-0.5900736043698493,-0.6221651017246869,-0.17541613845260556,0.811413260476936,1.157852027588592,-0.28307823404198773,0.7061362672090683,-3.0643975926338483,1.180643208538395,0.8031602211399613,-0.13210692595161871,0.42491520557152473,-1.9502800134195313,-0.507648787736324,0.4986076660508,0.9097890211763957,0.08114659532805403,1.5280555256355397,-0.8179395740033618,-0.042338546280814085,0.20791416760082396,-0.790805042987356,-0.7503307327552442,-0.6709111165719638,-0.7128158022920833,0.7097968174278136,-0.5440175669774101,-0.46209828245429735,-0.8223367200253044,-0.5241891954333427,-0.03402073790234914,3.409998531007003,-0.8675570805114695,-0.4317432014295432,-0.11973461061527443,1.3050263896446561,-1.5708120658586486,-1.0788603377684738,0.6817894513081051,-1.8219059145946912,1.3888561526937955,1.0682453507431977,1
-0.361975931485799,-0.1040397507591018,1.3346334256805392,0.5620144442728972,0.10746161356942373,-1.1433914192427017,-0.37242195073031653,1.2244444042819294,1.0650400084274996,-0.06623119294695573,-0.8310014152766902,-1.2795956961452937,-2.0411349643719547,-0.590907286641779,1.2458199964230408,-0.4942496222576353,-0.23601316642244502,-1.9800871282027803,0.5606373578620674,1.6638920619198212,0.7338833929511862,-1.0683918561803958,1.0244211592773302,-0.0909194485641588,0.4239391563295396,0.2957393646074219,1.3593389048628315,-0.5252303685230508,1.2824650643169155,-0.16011778785767455,-0.11513122089572628,-0.6389484446203055,1.790829320986713,-0.04616419113403987,0.23487321090358024,0.93509621037946,0.46798728003430906,0.13832856205923788,1.2172249014907524,-0.06690338594321084,-1.86730581141851,-0.8943628019176545,0.4044102567666507,2.3371066835941297,1.3319252835006905,0.5939903715520802,1.0736364926002688,-1.7523956710672182,1.1483216571223398,-0.5122042609623773,0.9877592672094574,0.3079099865250262,-0.07262367047849243,0.23133547745229713,-0.7588676637371298,-0.7517522956190718,-1.5494219764013129,0.531859485689944,-1.2140076215815152,-0.4494905364010048,1.422276886528914,-0.0897762400661455,-0.6783349584730978,-1.243325041560997,1.0538109856633067,-0.565834128259059,-0.35441077163892104,-0.022613378028969046,-0.45099433811188294,-1.0237569315598822,-0.6850065089240529,0
-1.0982240618643404,0.5004772857954279,-0.46217199900885636,0.9714245312002014,0.46295861344599754,-0.6186568096916123,-0.44006811802957957,-0.4397312915380043,1.1696386939924888,-0.21220611561219185,0.08100862953787585,0.6367328938543081,0.15806844537886391,-1.0876890092259908,1.6137286060549298,-0.8312449669599622,-0.9893175209166402,-0.6141497154774327,-0.022659067786049997,-0.28041353315153,-0.5471185044637296,-0.9783389914958958,-1.0291183321336506,1.319953765109024,-0.23512310657522925,1.204115827553204,-0.9403175798885294,-1.2302740507583505,1.9709926313580663,-0.05585291329361781,-0.37543908053058894,-0.33078724708083546,-0.41486283979491756,0.03210436168654103,-1.3803504394983181,-0.3649207913888119,1.4571590910457144,1.1800242972914192,-1.5628869609865546,-0.6245651263943834,-1.6668946196808354,1.3599543649654955,0.5324910966134695,-0.8799032243200549,-0.39084109678725293,2.2864267971912464,-0.6254655780185239,-1.3105194765805004,-0.33141976567568365,-0.6957725158409047,-0.609826588335558,0.5570311574859558,1.180280577718621,0.5530166905650488,-0.02947388709164018,0.5047532536423338,0.41123874893756635,-1.0027822628614287,1.3346991937620294,1.3345375365635412,-0.5073383117793497,1.4131635381531429,-0.5533995055931115,1.5404838318642016,-0.9207648174565108,1.516496356111879,-1.6194554987181151,-1.1795788631010071,1.3118433492996273,-0.6956872684189009,-0.8499567396366152,1
0.8859447498993658,-0.40560837642525294,-1.4762929197018284,-1.0670749545503475,0.2282952530331252,1.2826786716988443,1.1090855460066862,0.44861422274180146,0.41701594846664236,0.31935250306789303,0.1555070950409253,0.3760660521387649,-0.07978389924785079,-0.43020959294321276,-0.6631960681741594,-0.0674467375250773,0.6263428803529993,0.6954142080033157,-1.110118812284896,-0.11156196540483211,-1.4610364936738265,0.9728744852260934,-0.9489609938220112,0.0031550268444195035,-0.7996055616743396,0.3480871455289059,-3.1999721194122457,-0.4561204863911966,0.31208632936110314,1.4243890115590074,-0.19071971412036123,0.5806815343100781,1.8881977717085094,0.21320038960146764,1.495198650748723,-0.18629202672634718,0.8315723560549757,-0.8043127684517068,-0.9747887014993223,-0.733788988081294,-0.09956727464911727,-1.614839114117833,-0.32778436377823683,0.1799407158438955,-0.18852603797673062,-1.3374471332919735,-1.4449896944951723,0.6802192097303954,-0.48360348680254633,0.585406976041939,0.8593530840363603,-0.6436449472132261,-0.45593298713076164,0.8265057112011005,-1.1605949366107777,-0.4516815749185035,0.5115339974417518,-1.0340763345439796,0.5942891367334356,-0.9411968481381593,-0.6332020877391433,0.41177733870817607,-0.08792568880821712,1.453577161934155,0.18002326484883963,-0.7833908991227834,-0.5321407977796927,0.18723236821959072,-0.5797814290246317,1.290352354956498,0.06534626038031922,0
1.0063974089203491,1.0212310422474264,0.36171228586942283,-0.3632146223835836,-0.5900910285650032,1.3581237361285012,0.9906967783259341,-0.3589112333632902,-0.20198092269146176,-0.2864748117637065,1.4611487520339228,-0.23069020863280992,0.10643485274363174,-0.22190518385085004,0.26269620482927497,1.3738021585226707,-0.3373085801374584,1.0418583810502005,-0.2384185319566352,0.6199050797458135,0.9029689708669224,0.6343549387456042,-0.8563424760197405,-1.3884364630733521,1.139106486096739,-0.8820147053356867,0.37506339803600447,0.02421837862077562,-0.26004352172441736,1.185974838223667,-0.6084797278159115,0.230667938751885,0.04115213584762381,-1.2743654195874652,0.35430951290340384,-1.433457208904012,-0.5690435489549357,-0.7688150825368711,0.49090721220316935,0.5790055499488792,1.0582084268989216,0.06581257892916524,-1.4634054523908449,-0.9509097464710539,0.8596525251416683,-1.3773984450172125,-0.8653490421556287,0.5012861391753785,-1.4059435893049859,0.3631621826579738,-0.5625052267959966,-0.2848231320139906,-0.9184396287756736,-0.5895736865339142,-1.0663968184714405,-0.7570594273687766,-0.35349240863268816,1.4307601988947185,0.33724674114952263,-0.9191103580165513,0.868129273751851,-1.604525065611026,-0.2527478200425499,-0.4168272108188018,-0.18091248334290197,-0.4638242979838283,0.254980054954024,0.5003488143833625,-0.5991719760194345,-1.1466441451441949,0.28909497680485996,1
0.8112294228787902,-0.14288701879136845,-0.4168540189954426,1.9748972147215926,0.884172695632038,0.5223495015512175,-0.685072315093701,-1.7635578261364477,0.6333020831171697,0.5240799956973184,-1.7396694994276398,0.9054238191563421,1.704673777719209,-0.36488419483030654,1.1771745354216372,1.280443083182855,0.746535451130602,-0.36347970900930177,-0.9180587744321461,-0.37480490455796933,-0.3900061263649303,0.8360849027893967,0.10326209650827523,-0.8669260725345573,0.6233058794521686,-1.1577061109401476,-1.7887702026370251,0.8982369258136907,0.24300459756376083,0.20725339046947822,0.007635858099468916,1.8564759471632624,-0.6443590461715233,1.4167573060101037,0.39447446643941403,-1.1155419044272121,-0.4974927868782405,-0.8525843451165571,-0.6793443792257184,-1.256410723994306,0.7378935464140509,-1.8947560723026544,-1.2976996811505093,0.4930845901474654,0.18040910326666718,1.5604070094978535,0.5658133367272649,-0.22889565520595836,-0.4562224823603245,0.734690038980732,1.343728411361734,-1.1164225169282538,0.4067653722163776,2.023979899100954,-0.19725260184633814,-0.9192608927516517,-0.9362977531592116,0.9181950784567422,-0.8860534302521924,-1.3843276804558735,-1.0144399870048266,-0.9371675838405096,-0.20974262407239075,0.18529875165499082,0.23999296924855962,-0.6144097630237989,-1.3734770446447895,0.7279071946168781,-0.6172017571655449,-1.212968335281665,0.14737888810719735,1
-2.403755538164161,-0.3131105405372277,0.541008232159298,-0.05033875679761411,0.7088958928438484,-0.8810399101356836,0.488422576098943,2.2367191371906596,-0.7914011999282146,-0.07777283792715517,0.34397418361661936,0.9139680005760626,0.5994944141749182,0.6374713615325558,-0.03301127718841578,-0.6073523203115982,-2.232483573644219,0.0063283380600056595,1.0835207486151919,1.6185050525796447,1.342388177695888,1.4209411671546381,0.35391516894293146,1.0464082840195048,0.10768117494321254,-0.39315369129974853,1.3326609286926878,-0.4848843784918105,0.25086174347638907,0.4326288594880821,0.6790330958641349,-2.5254257914976947,1.1337600555030805,0.7963164108039357,-0.09800353965421216,-1.0286963330877354,0.3121740255615382,0.16692248566034218,0.6880407252657781,-0.2840417928496944,-0.19173462687633952,-3.1605737142322408,-0.12145015921505095,1.0174420458332787,-0.8017426020086328,-0.16844717474094406,0.9448762125980186,0.17869445862784528,0.16213883043201194,-0.02474595389911768,0.04537088962539332,0.2907511578770684,0.9855853985095532,0.7348938178437333,1.060605083154608,-0.1357680473782361,-0.7080946314829011,0.2287596110875089,-0.8756396240254252,2.2611326855362277,-0.9650380604561789,1.521257318667316,0.22397322544508302,0.5971179526025576,0.413418424374795,-0.2354374274517836,-0.14827518716582402,-0.3944325102240568,1.2085857065743077,0.8875678299582416,1.073122946404727,0
-1.1106444601160064,-0.17119098898870203,0.017447230733483355,-0.06832621075381022,-1.1280683293146707,-0.3003221286282269,-1.1687182929883897,-0.1033880630244203,0.1842739102716845,-2.0596258758370487,0.3029727200234839,-0.2848330191865054,-0.022909958077097822,1.3746124756222402,-2.0707095027280213,-0.3557645398660446,-1.2247460261104324,-0.7579506379688512,0.1620256456254067,0.4938882849535882,1.5158838441812632,0.8302463855795723,1.4325218533717468,-0.0016975274502321156,0.21917946037631306,-0.168649270108667,-0.5219041872463286,1.5343812002317627,0.39871445900541846,-0.5210977646757315,0.2803616803724822,-1.9103756018864917,0.3559122036249765,-1.012964868418788,0.002874105499707436,0.36593647764382303,1.612501662586071,-0.027803706843864167,2.13872674942245,1.1126709367043401,-1.3158024563167732,-0.12424954035473117,-0.26973259412917544,0.01869925668830102,-0.21234058301684838,0.0827275466076418,-0.8065876107761635,0.6609778620088324,-0.7113734495635964,-0.14318453878212298,-0.5181982205116112,-2.1077406645425167,-0.010020208855144163,-0.7968651785336609,-0.3855457169892273,-2.050201227703075,-0.8330524165842302,0.47247719322163895,0.29887201256193086,-0.5926438562341703,-0.7493401640146347,-0.25775685856135283,-0.11302024773602387,0.30115563118705724,1.7299905406381153,-0.18094086600135673,-1.8037386306761565,-0.9264660818131926,0.2711615251913838,0.5454315827762909,0.5089684594340385,0
0.34022336405643194,0.4858186559192331,0.27528203520266487,0.39515513617904935,0.08132016639587253,2.2264445719785977,1.582332745004192,0.0456611872214458,-1.5601420709762306,-0.5636614153377217,-0.5302849619136651,-1.7086917526443204,-0.7873056048344873,-1.472190687923682,-1.9464292125074218,-0.8598657104317622,-1.3174859019274883,0.5523409254032271,-1.4831876773810417,-1.7039113763676348,1.215015675239318,-0.4511565292141843,-1.6177105584358145,-0.05341794908143106,1.5863079333773344,0.8443225373481302,0.7882900424220884,-2.083988300929774,-0.2141568135983456,0.9292614106155194,-0.0053057924294097935,-1.3856172156952447,0.437351051442746,-0.8991705239143103,0.1548832424345904,1.0572642449798468,1.9091023301844294,1.5098398433594982,-0.2674334926458549,-0.6862368808941467,0.30426347279526034,0.9600955785530535,0.23580118517297607,-0.23924651991285606,-1.15497707044703,-1.721201043647805,-1.9705245009127716,0.42754525917181074,0.34613076278836785,-0.3973134470883979,1.8660212775450964,0.6370171086204044,0.9744429372186117,-0.781150243156467,-1.2289616086510928,-0.6802902853880511,-0.5514819205982415,1.638603584177653,-0.6326940679324145,-0.26297260755015495,1.4869779201543618,-0.4631985901819094,-0.2985746228993378,-0.71437792537985,0.6625701320482171,0.8110579300314547,-0.7331878468088447,0.17156613729757378,-1.407596113081577,0.3235632061257992,0.23012684354978122,1
1.4716410345309876,1.0143507825627591,1.3805252678396118,-1.310933267084251,-0.006048294980062177,0.11640606387267692,-0.337497177400516,1.0744087373582796,0.32809056942462517,-0.36255052669336224,1.9572078299792601,-0.40024363987537964,-0.2815352165732693,0.7726856807407791,0.7208405163834714,-0.07927074420100468,1.9329341875188382,-1.1893553635373304,1.1332995963958155,-0.9282336798534587,-0.5538918639032302,0.9334874696768711,-0.24607644683392585,-0.7157500971534464,-0.14159730589211997,0.4543353964545593,2.225796812323755,-0.6336475190489653,0.987266377218499,0.24444358507078595,0.07759869685453466,0.20731475530818863,-1.4542030666849532,1.8620413727611846,-0.6013694473964644,-1.0147737847720717,0.2740544208025678,-0.11755206967806259,0.209545341400717,1.246932480637406,0.24120563386125293,1.4702719423400807,-0.45063272044416286,0.9840844076553952,0.08144411890425422,-0.48174452300662757,0.19918805748564072,0.0767013371416078,1.4145331693002272,1.874865625812692,-0.419939913682346,-0.8986769203105294,-0.6506150298322697,0.008637781649790597,-0.4415589143041132,-0.4333617818590086,0.9336890885154738,0.49102820500333144,0.4940599670587425,1.0189753582598944,0.060522334250864056,-1.5061156783020828,0.15765026524217027,0.17588174760689185,-0.12416121306895377,1.1109219459317374,1.133388679364344,-0.003995524578603502,0.5133780314307865,-1.544421194790909,0.5227789951124077,0
-0.8614982277361812,0.214012157560775,-0.7841927535951568,2.17674280407771,0.5041413860421649,0.9871530005824711,-0.09450375590643845,-0.19100026306830892,0.24975127094809663,0.2307383677857645,0.6185670782729256,3.4742440336285436,1.2034111401968652,0.633953638706062,-0.4477628982938627,-1.1032647434199354,-1.1514928102749475,1.6186069404392947,-0.1819710120654013,0.6544898917359213,1.2385712589379307,0.6499910885393702,2.125364529147244,-2.400156657633023,0.25868733032892466,-0.2525684828868784,-1.3537097841104992,-2.047273886440976,-1.7354285369157612,-1.0024560291819853,-0.06539600364049053,0.0013766951001169345,-0.6372377014400642,0.6523281046911694,1.0250970396151928,0.3421342134943491,-0.20673209558308903,-0.6544085775799825,0.30172461218298136,0.5928160060326527,0.5565850923522435,-2.2562882420193366,0.9040784646247668,1.2596596847425667,-2.0827442895918757,-0.6944503169277946,-1.2315730506709817,-1.4978519407232838,0.4993470221131899,0.8260116670997654,-0.5935605071908886,1.5784009300628814,1.3111609464871457,-0.9905370402843753,0.13312839629548787,0.29885901664271863,-2.5518565317747117,0.07748684916100795,-1.9721324091435022,-2.4758113951475464,0.058092226045693716,-0.7052817349759425,-1.8143408563825767,1.1104625539171624,-0.7150512501139297,-2.0050380872488276,-1.69130947969273,-0.5496206679424033,2.10386322271231,0.2598494471598822,-0.6000456521279105,1
0.2682713912074705,-0.15261812837247615,0.725038307909562,-0.972290584845308,-1.2985965931156833,-0.41883427344258134,-0.7616225689737324,1.3724945890769706,0.4199103346710665,-1.8500561971385538,0.3410091316360532,0.8078060559142026,-0.7060758238047214,0.6267447836503702,-1.3506440353355451,1.6827584354111567,1.1427085492006919,1.5268985570124463,0.9805528381590625,-0.03028837848099848,-0.790547418391478,0.9412935799085864,-0.17927680810359178,0.44776589680181467,0.3225491888430996,-0.8625413791443074,-0.07281836600610941,-0.4703547874674133,-0.5869588162289749,0.3365976723932442,0.1262708537089074,0.09526660013195974,-1.5384620765434176,0.20444557389492815,0.26530218759690427,0.6038364941223447,0.9283399049408704,0.2716203857213261,-1.4441650323266475,0.5999945160970519,0.03864398204535294,1.683069607176359,-0.2670747833063609,-0.6464849377541252,0.33901729810355935,-0.060003182984085864,-0.02299136439331128,0.32465556406724966,0.10449228234375384,1.30641278288839,-0.6649030839997372,-0.19188694272755094,0.9814597159549953,-0.09507320657853816,-0.7590374360473405,-0.3618608971139095,0.7001261369242077,0.34675581402849953,0.787974980113484,-1.163852781939431,-0.3354798233847501,-0.35339305975666907,0.4790695236052432,-0.47836959889066977,-0.9365650248642399,-0.1580171547826749,2.7938798825774604,-0.3597207669840707,-0.467658116149006,-0.18127751383760984,0.5504889895581498,1
1.4123180210382082,-0.7460552275047827,-0.8401091133560241,-0.7533418403741757,0.26282946052241063,0.686077813419541,-0.7319017166622183,0.049751597643946835,-1.2661661835808034,0.20930704834066016,0.3012047341852492,-0.2714745592849017,0.2801292778515,0.722698280645863,0.3892075200329595,1.2866377769746165,1.0298519720407162,-0.9980818877007108,-0.9018114612384035,0.4880856595955552,-0.08728300657103245,-0.350702600615545,-2.7752148268301102,0.48577278901809734,-1.0392206835531805,-0.14657801845587787,-0.5096452921453394,-0.82676049116614,0.9247197488477242,0.045869885067569914,0.5460733054561583,0.06718324707032516,1.0670499582525135,0.8278267259214053,1.116240994582504,0.7060306024184417,0.43376637097235077,-0.9301874865713268,-0.19569347152690275,0.7433401666436484,-0.6522305552155317,-0.36350142964248894,-1.4052290344787708,-0.27067962499976106,-0.2548383426738421,-0.048777693160570186,-0.3876170350964251,0.44941644262623,0.306768337625788,0.6177525600069764,2.0465547328756157,-0.44379453368277644,-0.045418535307201954,-0.49176722217236923,-0.49050766423617376,-0.5603473221849884,-0.6954877464168332,0.16673169696353918,-0.8833297187107598,0.5558093226487048,-0.6283811537969638,-0.4034639505252995,1.0850136392431586,0.12539679993785696,1.057514248448428,-1.153564910081844,-0.447283699189274,-0.14831992818296943,-2.0449404422898083,-0.054375928010652406,0.30652136013455006,0
-0.5191297517061928,-0.9620457512978341,-0.24313475079716482,1.2583623904380399,-1.2831280376666852,1.2226129435480186,0.7205434269269014,-0.37055115195612515,0.2135796876624934,0.20371010284918112,0.20633281839899795,0.13534673756130772,0.061837284524573446,0.37434509541037647,0.23453956946710317,-0.4725656219981146,-0.4623979257226358,-0.031102135286738723,-0.241789139244857,0.41604605223806734,-1.3180370084273976,-0.17841743205766872,-0.3707181511100335,-0.5456152763745712,-2.4091195756957076,0.6554383485771853,1.254475183979339,-0.5866968399965011,1.8897824047626803,0.19679327636239027,-0.9988989005142169,0.8983311228386863,0.07195323353913911,-1.19491160602468,0.08931387191457604,-0.06270845236588989,2.6233074420582696,0.28178721750198216,0.08355657786666255,-1.221247655741413,0.450217954110509,-0.03549932326858992,-0.45408121770876003,-0.8760274846355689,-1.112411055065274,0.27727066236155856,-0.6433287383979819,-1.3489755282261873,-0.638564954284197,-0.6017988948846525,0.5366630791453523,-0.6328352331144291,1.4375898020681304,0.21104705212192765,-0.5800347543447613,0.1531996048586278,0.39965099742592247,0.0511024255725615,0.8737945225069742,-0.7207402186823901,-1.1042935581909374,-0.010965029116837183,-0.8242755372509545,0.568991952104656,-0.007329372855419965,-1.012061396490911,-1.267275553181453,0.22708962405868707,1.3727508262909545,1.4266288331805075,-0.01687415738886374,0
-0.6913353182350117,-1.2058217848090527,-0.9601115179904711,0.3118247516020823,-0.4239258167275542,0.35132590774353967,0.3794356454430874,-1.2857955027939325,-0.4165177311577906,-0.27208273294745494,-0.7016873398496292,-0.2735567578751417,1.129856032865084,0.14536509134414177,-0.766146272411725,1.3664792513931117,-0.45185951766772453,0.6789934070745332,-1.0714560015976384,0.9259951748169577,-0.9831689157891159,-0.03815576650505788,0.20304637390673358,-0.06475456938329907,-0.8922353918325557,0.532854195013116,0.0242121931013867,-0.2682631301506023,0.03932272876572553,-0.5281161723698669,-0.37209382424051207,-0.2282862446506744,-0.615415183687556,0.03367937273347341,-0.3065911006022904,0.06974990149518871,0.21019012267530282,0.5760472771369389,0.04689113362919827,0.3135971313339092,-0.7126996389487266,-1.305903657470969,-1.3626533180296858,-1.7101112991498926,-1.6144747590109532,-0.44440584019951207,-0.5857614548970009,0.9369748570049234,-1.8898266000111466,0.4515271069725841,1.2316097375425346,1.0652138844065662,0.8075576444626623,-0.08681310625945154,0.2722445404715171,-0.5402642096955271,-0.2839327314491389,0.9092674251421892,-0.1205405214628764,-0.44851974788000337,-0.4281554233364729,1.1027365199693706,0.24744218936700385,0.42076651007493887,0.8482185291303023,-1.3166546701721236,-0.6838845969296004,-0.578595155988104,0.2711241195759666,0.8060728424504459,-0.00506501037146549,0
0.9049247435681981,0.6821457783559975,-2.2335113047235504,2.2102028884969447,0.263547270353833,-0.06695402565526114,-0.5864321683421841,-1.2634224817019366,1.6452656866532236,0.6790010651006276,-0.6690464959923991,-0.29341325015594116,-0.4743120091761478,0.44407368952223575,-0.4319425246635133,-0.13630679547851882,0.9039271530578502,0.00767047464977936,-0.6062072012735711,1.3312753421180588,0.6613595314316478,-0.5519556591688344,-1.3954616898000873,-0.48292294260132207,-0.011141042891509856,2.5041922163492525,-1.9624930093182462,1.2025157956644947,-0.04464940346069997,1.4605411837891302,1.1081174113738397,1.079585441031684,-0.3520801829635751,-2.315753405806728,1.5320322802564619,-0.36560239522477306,-0.036268424295798976,-0.7717298911281744,1.8297886680394455,0.7767955437663923,0.853499179656743,0.26942232826168677,1.021337946950413,0.09593827786625489,-1.08814762212977,0.63167470850116,-0.7999131968211615,0.8382604417217446,-1.0302631473156287,0.6162074327741778,0.29514211462146445,-2.9585856827064916,0.1991517081058284,0.19562358046987258,0.6067067277849362,0.42213929456820265,-0.2478975004519148,-0.7511255023427701,-0.08325617616098743,-0.6801781684769871,-1.9390039285830891,0.17048546516539437,0.29683576720969596,-0.09250741128561979,-0.017299854297612077,-1.9413942463269,-1.833530894024684,-1.4925996875906025,0.09986579912114785,0.6463491017977461,0.38488134516293565,0
-0.6349337048927683,0.7500062134134772,-0.09637888969537955,1.4964692145382381,0.6150519074017389,0.3548166136603949,-0.5062294463240041,-0.06803831921821592,0.7961477409446217,1.7676787497582949,-0.7831578555162,-1.2862666136849794,-2.8531005670162664,-2.0048250739367175,2.717392508485914,-1.5725698258396443,-0.34186252334768447,1.366523696323704,-0.7299015669887656,0.426637599612697,1.3122601984857083,-1.7009278127361203,-2.360821885078864,-0.25375555844610237,0.5967279274366094,0.6748918632275267,0.1880455178240134,-2.135979870848139,1.8601471088299697,-0.10356217190200416,1.0104086020920235,1.3329421448769492,0.056992087330343354,-0.7338263282670764,-0.6559299766663309,0.28586903341115505,0.48980055997899785,-1.1759295047923615,-0.1927224306154037,-1.0792488044239923,0.3115062731270625,0.68757320979214,-0.42076526525758234,-0.9475786894595105,-1.0407830747645117,0.43962261987445855,-0.19007987751396554,-0.661329847758173,-0.43107943010120553,-0.6472566213896,0.548103088702767,0.6149289933920038,-0.5371869635523314,-0.8312947398956188,-1.8246000843082033,1.0048991485836787,-0.7447885647462222,-0.904587690073243,2.243004079160956,-0.2910236160350201,-0.33515002543739825,-0.375016298855122,0.34429640501904996,-0.6329851910050838,0.9321503607554568,-1.0891353151512284,-1.6519507553899835,-0.28127316387425577,0.2640942352469994,-0.47525780547657165,1.3911899501225817,0
-1.6239341004853485,-1.4724523940830747,0.292034631036965,1.3420352470556869,-0.1400097617526104,-1.4803118599896246,-0.6878959507098,0.47074516231242275,-0.26772411324582934,-0.036552385247692755,0.3842904774384285,1.1648689288975662,0.31183267627736766,0.6706449364763133,-0.48337131039422243,-1.9256178960404315,-2.0885369061846064,0.6324999687523877,0.40267080440576963,1.5201313363647198,1.5274549100900279,0.12361356926465009,-0.03215184388917356,0.8750536023657322,0.4547135674587841,0.6574580915738854,0.02866372057787997,0.516480180123349,-0.1250390724239681,-0.25609875569778223,-0.04202283589162722,-1.7431731764501266,-0.09301687057103292,-0.820692631917619,0.016493106418471314,-0.19743056550711371,1.731669574297937,-1.072082841056504,1.0309110001868094,0.5268346722787189,-0.21085517087801198,-1.9550317125015235,0.9640939952958497,0.13429073195934932,-0.3100713903036005,0.617811302492612,-0.8471159740753379,-0.5900238860351618,0.13181534158099192,-0.3031509587322962,0.37220207132493066,0.26429053078342707,0.34250589910122936,0.7648296377343967,-0.20014360571323747,0.25784139603367423,-1.0365404906261801,-0.5524212801980812,-0.6115784903386957,1.3877971781790934,-1.0971642588863655,-0.01293069121179254,-0.10611725106126306,0.9466893793855718,-0.03524140099948717,-0.3754035135448314,-1.6470051124342517,-0.8558860290095014,-0.6351436150200771,0.4195605561584902,1.6662459561789298,0
-0.35143742529521277,-0.5699113124750345,0.4137837971529179,0.24471939470863138,-2.0790922422282097,-0.16590865867610016,-0.4514930826451193,-0.28015914543830267,0.9761198621972588,1.0972987088540567,0.27633221862823126,-1.190154923227145,0.09427057977414431,-0.10863994845312362,-0.46717165501709423,-0.7597717345048346,-1.4851923058794683,0.655873677665661,0.1391212559842675,-2.2441524583858117,1.314238977269164,0.6105801461727938,-0.03294260775133724,-0.9002347492247688,-1.6935575833899459,-0.6456789229178624,0.4123462024907157,0.12881128897612154,-0.5830851494553615,-0.5640699637089851,0.24824680793308582,0.40194886252094214,-0.6686838417951327,-0.6977207308068267,-0.5172906353735403,-0.057791749640266565,-0.010009714412926689,1.2192896284341952,3.061414466754996,2.1065677737939112,1.4550644245443773,0.9262295067983596,0.5753466526708904,-1.2960735549995097,-1.3696705346221227,-0.15819047332815328,-1.0825875439424228,-0.14166721185516973,-0.39798344110954625,-0.643729461404374,0.5661695782487179,-1.0463554007507234,0.30942243643213846,-0.22860157344190443,-0.5737642095874971,-0.6950180099613421,0.31547829344640904,1.978201022195628,-0.9292059216658106,-1.0952166596593278,0.04962659359051091,-1.3593544605312902,1.3553652618607164,-1.6415132932857086,1.0654377466008274,-1.0308386955960376,-1.3218343213339365,0.3790986498055159,0.5237469430099565,1.8167803482787597,-0.08777348007160486,0
-1.3520112750176074,-2.040258487585103,-0.2796349444958816,-0.8636623858115299,-0.5372093496773803,0.6681286982504053,-0.3884264226031873,-0.6755825349716361,-0.6721383263087828,-1.290652289111685,0.31228847620141065,0.3302594045612206,0.7430657668973334,-0.2583622862608406,0.14964209316179267,0.7871791628148909,0.63690929868582,-0.8846230595722829,1.0954931619757187,-0.2897830289173685,-1.5276333186991697,0.6837701446796065,-0.1275495066932716,0.2754297518795294,-0.6028125312220635,-0.04840806011093738,1.5399814736646449,0.2975740084778585,0.7464717089376552,-1.283590219035329,-0.5779758445707707,-0.5080508596033214,-1.057616430394185,-0.3619803213611224,-0.6986505385882349,-0.11120217919267252,-0.7035787191353982,1.321168533438271,-0.9338250954897888,0.5303737160406069,-2.176249675234623,-0.909121443893807,1.5999109828263687,0.13193787792614173,-0.5980780831676396,0.9297277028442656,1.3461158687167507,-0.6560415995499675,1.1014349168602282,0.8068425708217414,-0.9971284460481854,-0.08713681426574837,0.13092152280113584,-1.897121682227035,-0.05652169945939687,-1.3457431566635156,0.21282166076525674,-1.412550101866386,1.0054778649649,-0.31694152071415177,0.6712320034236462,0.9056518559059605,0.020710362412414477,1.3924531171322434,-0.1344573624470384,1.3273152814891445,0.009895477716383693,0.4508042160463385,-0.6445126353785647,0.5650692095446423,0.7410279052540827,1
-0.33496741465225693,1.1082658997706394,0.4931364229701037,-0.18631225640683413,-0.8996990460145715,-0.32636009662276033,0.31757822421507187,0.08024860163492603,0.6156380827840056,-0.5608693952585831,0.03661812279979139,-0.8041933700184409,-0.9170014174652429,0.23749040613284436,0.44762137112069994,0.7732361576159039,0.6441003230987138,0.7734227527452937,0.7973616484534138,0.4481630563991505,-0.9008609587380559,0.3794776598437543,0.15675523480843326,-0.07167517510602722,-0.9208441880260357,0.07705600064782935,0.7673276380329521,0.8709729102456447,1.7599224045469524,-1.0118774794688836,0.4978247094616882,1.177741003209929,0.3761341186868661,-0.024217494777850828,0.5158466922458229,-1.3522559035870805,0.20024473398631637,-0.2164954074580515,-0.18097790436468386,-0.3188407192156921,-0.043253872604956126,1.520078878212754,0.08704561749647463,-1.0554193307451176,-0.3505783852842807,0.03172332359436938,0.29248270226816264,0.15992234420468354,0.9678584286970502,0.18750368308820614,-0.27058144269928064,1.0166397359046,0.25165169165676815,-0.3472758704382128,1.6377752152468348,-0.4931093520664278,0.9252542923643903,0.10379639568849364,0.026321951590837646,-0.3099505683033605,-0.6606675452925962,-1.4348473703233806,0.6486896058021004,-0.3927180953647866,1.8334303057169843,0.41059876732252115,0.5384685665883254,0.04124899096846477,-0.4765551129900938,-0.8123815021298502,1.650735242593496,0
1.8667555908632278,-0.13515443327640592,-1.7805421140464173,0.9623801609915913,2.976958944507549,-0.6600346637330285,1.1897014414409823,-2.0096239532998865,0.5913450691549197,-1.5258228036982762,-1.6943750653542422,-0.23001341579477186,-0.7022677936212056,1.4901062199974657,0.09833797499385095,-1.1064789558233445,1.016062595854875,-0.8131815100634594,-1.728812146664816,0.6376448402825017,-1.4935063074318669,0.6985924551569345,1.323910339827153,0.3678343389886508,1.4046066313105645,2.7593266565835517,-0.26656625533415657,-1.797140708671242,1.8153925157246218,0.6462144477820383,-0.697525018872309,-0.1859660277954148,0.9915062391749274,0.17066117304209527,-0.08703462335250607,0.25286615620947056,0.9313813941882134,-1.811195128262321,-1.4368570473306261,-2.0348980037410698,-0.4072212105513761,-0.7293266437527559,-1.1695338162329936,0.6331324995978764,0.14754882450050932,-1.9317769378097145,-0.29307573722808283,0.6491946039709294,1.4680245100301967,0.6807014672400373,0.45702525397856003,-1.7529107557414436,1.5052390455784395,-1.3135681950087563,0.7677407270477965,-0.923472417336788,-0.23250461354122215,-0.0999661108842403,0.7686360577005842,0.9150843662363657,-1.1982169548441026,-0.2545304078380236,-2.518340549036823,-1.8882972798719673,-1.5908188945395896,0.7200996219036033,2.238374242811421,1.0300355309867923,-0.21355690340934474,-0.5931749784262582,1.6518962286850036,0
1.2104806036333002,-0.19650021823646924,1.814272300997484,-0.6628891171803812,-1.1579428885715566,-1.1257624167303493,-1.6568773133880392,1.1475786638265026,-1.3834659914009604,0.5346465386201897,0.5009315016705936,-1.1783011379129054,-1.1227057195966466,-0.015747532775765627,1.0268916440453884,-0.7148876643539649,-2.100257846684579,0.7813444010056408,-1.6320213188036896,0.6654345293140999,-0.04570979057611824,-1.5803565740045338,0.36482234246492223,1.695101576371645,0.4511140500790853,0.4023435747082531,1.4954482124492425,-1.3046467156651855,-0.9526410158382026,1.1815215886359205,0.032967169061873844,-1.434564789682469,0.7700373230508952,-0.010411727191835458,-0.006518082565024827,0.7820019820668083,0.2774111314943295,-0.7362401845125743,0.7195035388900619,1.501995109883526,-0.23495731296463815,0.565383454022448,0.6568584647687641,1.4553098953210055,0.971503634694533,0.36956784648845836,-0.9771619188311246,-0.8148763913364488,-0.14354228747099088,-1.2273758277688618,0.1779632294168009,1.095686220040767,0.007196916063730961,0.8577027916173009,-2.2187436691926052,0.4791069360022734,-0.7149455398091884,0.26077142517861146,-0.6969004453258929,0.45203948202482547,1.2210244094931024,0.3840299687992885,1.131963234467586,1.2989650381109608,0.3173748781352082,-0.011915351419781431,-0.5707914649205754,-1.4327811774112884,-0.05427070734598582,-0.5639313395258183,0.37439242766535136,0
-0.07918779999101126,0.1750945247093849,0.7816684995660771,-0.5624316684798787,1.1444695128014046,-1.0759564464413187,-0.0043033453358252306,0.564824664858988,-1.2295046389990498,0.07894460676124956,-0.3856896107293168,-0.20957184664297218,-0.26058625255462947,0.5952570283142736,0.3863910029044057,-0.7188109622725549,-1.0042421323803359,0.011935054614075753,0.4844458963850992,0.6800709471755398,0.6399574364309797,1.0015460277417074,0.2681952572776457,-0.056955441273388065,-0.07844370230681338,0.6373142170438526,-0.09002775793862178,-0.16892892306989274,0.5872875522817179,-0.11643365993640785,0.11470631750491266,-0.5031231038890022,0.05893247938900464,0.16232295889165618,-0.16688299420536132,-1.4187385213941701,-1.3857880656905217,1.1146489283878702,2.055351513939236,0.2014146241876035,1.1841763686226483,-0.41382438017490086,-0.637248280318114,0.9968173539288533,-0.40868962149820715,1.2152881816483634,0.24193589578386931,-0.6343701552368184,-1.0986041516110976,0.42059925287019173,1.4701126475881936,0.5306149977185237,-0.14424830396434965,-0.5737041990725319,-0.3340762753422723,-1.071356720050206,-1.4121328702250044,-0.6910625994016137,-1.0248112136151997,-0.025232748491190313,-0.3160866187298931,0.37707331939044336,2.042908770315362,-0.5528522908082553,2.2325638412522104,0.06615414782117882,-0.29719320259771465,-0.20903686302008112,-0.861866789610101,1.2952958582766116,1.546716582674025,0
0.5622076646872345,1.3759973838317658,-2.700746156719387,-1.2099516892023336,0.07352049645014073,0.73506981103819,-0.14994559924717094,0.16585216054971477,-0.3754044215284985,0.16100022587018836,-0.10656497375304157,0.6039098183221527,0.7740703026267395,-0.46562543849015087,-0.3926798934264177,-0.6848229908091,1.1420991308550539,0.9705645874974836,0.9572768026973116,0.47000183034642573,-0.5860613693468432,-0.6597637830455858,-0.8295102032070303,0.2046835715318023,0.7240465141440637,-0.14873476850821413,-2.295268396177789,-0.5064440252978684,0.4082414488034711,1.1591458420076903,-2.033482565429249,-1.1784869705200813,-0.540622922310833,-0.7649763088625339,0.4177511407584073,0.5093110995360673,-0.5710827531001736,-0.7312598505348373,-0.6106509774799725,0.5445035059302346,-1.1913537897469828,-2.0418902288698733,0.8561639179771893,0.07323777665365527,-1.0908487121380581,0.07139799933808297,0.12517928596064326,0.8672279803857309,-0.601213968256575,-0.5167692217947334,0.24596661872760744,-2.202617999523872,2.420110501872808,0.5916401604244247,0.5240404491334425,-1.7419742086210754,-0.21578741727288647,-0.312813031703686,-0.7784417008475165,0.8284590365569287,1.9247937019921428,0.1068959280801297,-1.9796914151630909,0.9878100602648006,-1.848725767415839,0.12651327556918557,0.2906096763159777,0.10321732655577111,1.1477183883772346,-0.03735985963734417,0.3106646879138395,0
1.8393612743040804,1.412802636786265,1.5038725278922875,1.1398267289736346,0.6063397320380454,1.2959788004473116,-0.6820555733726882,-0.9169329719658774,-0.4051661619737261,1.0700432086899068,-0.3376840601453379,-0.32077301735956804,-2.1082223260312425,-2.484035169418856,2.0792885164715584,-0.07158317007178355,-1.2562336040598328,-0.8285543893212882,-0.13718756535206192,-0.7392544448330316,-0.4533602200092598,-1.0076455158256654,0.6163671524635507,-2.4513932952709183,-0.39104203250884184,0.4004323804939412,0.8546197858326553,-0.8991750830465594,0.3450363393359542,-0.5815171091887461,-0.12332839534391501,1.7879217610591376,-0.7447095998009042,0.738175323195866,-0.6627288955371016,-0.8220794595748713,-1.5826227720892867,0.09672726171940187,1.7476369611342304,0.665588196836793,1.7371195709662086,0.534537786718393,-0.7030013892269282,-0.7133188450667157,-0.6110122873322867,0.25178649260460906,0.7965905378657123,-1.0676899958845194,-1.3157672448782531,-0.4080711130410331,0.02787121598596052,-0.3804457415582198,-1.5588762726612908,0.2665238832734314,0.11804625254322025,-0.7020366830732311,0.2390898381915943,-0.31249716958107904,0.4994296848238688,-1.0057197273091614,0.6488356925360304,0.3918140266170707,0.9686034161209227,-1.8372331538520272,-0.8826507355992425,-0.5489286897650677,0.5316954713664904,0.7469159256447654,-0.08725087020535761,0.2519002107635528,0.5325952992897911,0
-0.3502129884671589,-0.2768347551399088,0.05905405098217433,0.7839365749178525,-0.002315280442378803,0.4609109118408294,0.06711679404239199,2.3868302670554273,1.6582337269974998,-0.05569942536513693,-0.2270626701261791,-0.12911190145190374,-0.07850632482865261,1.472596890999235,0.5305901971995074,1.4516558279116294,0.3379517283669373,0.8627096559762668,-2.2122268440968416,1.2657120611062982,0.11168279529314812,0.3111311961282437,0.2535389367926815,-0.5436833990945705,0.6842401356291569,0.05904256826158736,0.5254583015708708,-0.39349901689485633,-0.3625782421461378,0.5473056338817555,0.054240698617244155,-0.2090817890034541,-1.0430592416636766,0.1569725478481601,-1.5580383506151247,-0.10306280348500553,0.09610151518714388,-0.14535925034423652,-0.061889728109178484,0.6729880831596206,-0.937139855566912,1.8554210200998336,-0.5198247364276449,-1.822201001909695,1.4713217422925742,-2.33383670949834,-1.493613936514366,1.5127288951603508,-0.3951449994973254,-0.5149780600066791,0.2321582903086023,-0.19538281369148497,-0.7035376119295583,0.10613919699595184,-0.4440352628580942,1.0993364604208415,-1.0731644754063268,3.154406403131195,0.4063275612058425,-0.27488512533894305,1.0769091894960032,0.8153914803300182,0.4328872923691997,-2.0034253240722384,-1.3146349380298377,1.2963289694212536,1.485821130422338,-1.0514650751944348,0.30902636145659135,-0.08796124667670899,-1.328697949863766,1
0.21367866955558384,0.138465716763769,2.101564928005455,-0.6831902169515197,-0.15710328038198285,-1.3827184097887708,0.14256783778430523,-0.06453256365939702,-1.2607910573323764,0.6213734804094364,0.622745150696952,0.5166426407361232,0.05268628802830698,-1.4810541988966661,-0.2814997702970525,2.1793737941364046,-1.3100130969540815,-0.7012752904378678,-1.2085909630554368,-1.021065637733148,-2.5809391130646926,-0.6971772975212992,-0.17265931980475346,-0.3664378743221239,-1.877895701748844,-0.8873190938089255,0.6459435869422046,-0.8492313556091043,0.47046199101484554,-0.8419697154514959,-0.44269987437351566,-0.06870730821130819,-2.054491909878383,0.5710391250282109,-0.3368066977162731,0.054593388983944294,0.340356256205993,0.20860285613946244,-1.6461783650994348,0.04270907641200029,-0.005132612176526921,1.4819025681331617,0.45110227034192396,1.2657180325647233,0.5934342828158229,1.915700963907543,0.8456162523183919,-0.5414011725461554,-1.6665750406273672,0.4193318874666643,-1.373952745574359,0.7905058353971526,1.636043435763196,-1.3932035125133089,-0.7945768008695885,0.25715179295395574,0.9185897595677689,-0.20720592718622616,2.4966894505609507,1.2023293812556362,-0.3776825729396661,0.811781312555449,1.0630479091121918,-1.0862462026920556,-0.028538204743774654,-0.633833343412329,0.01520369074380105,1.4764444598340032,-0.000837666244039481,1.030472131763319,-1.436216185199471,1
-0.14411458184924136,0.09275828717122446,-1.7844055125912526,-1.0964883002725327,0.7113389825680814,-0.5415208626081423,0.8573722567510071,-1.22060377887964,-0.43583275740818045,-1.6672285304233343,0.0563996404511282,-0.01795991357960291,-0.3760183107736572,-0.2022202567341647,-1.3694495910978355,-0.8881747421866091,0.8302281663064597,0.23120145852860582,0.42587458214237284,-0.33558012511427454,-0.6424798981464922,0.8869764908587869,0.13629910127227746,0.9567528072058468,-0.3462843622116414,0.5439066453303945,-1.5072376295570573,-0.39515889519466446,0.3720460621212975,-1.2468565419216484,-0.4567929526367154,-0.9650902380320955,2.077880041839737,-0.3668501517153829,0.17331125795123362,0.9188758289289188,1.2809902045178632,0.6119166624561786,-0.8065018041680472,0.1346510807768964,-0.212901109019966,-1.3685113232847226,-0.552159836940192,0.31927708763979823,-1.553995323251575,-2.166517748741732,-0.3357348883725579,0.6200280984493965,-0.6962410288166416,-0.38093177839130543,0.7269160750007306,-1.0208022408765962,2.379263870735742,1.1604122726481516,0.03449231584937763,-0.9421506287692035,1.8706960028897341,-0.5321836440614525,0.4320443431053676,0.8874953054712165,-2.428805958275501,-0.07111048964901862,-0.950089336326574,0.5543449579182803,-0.9772927651161439,0.46461376550118816,1.235366868332454,0.7214281235412695,0.3169098109742629,-0.6893937122960674,-0.14588301000665208,0
0.6037014603655405,0.49253390770085453,-0.6066067975222718,0.39183231335512164,-1.392700637558281,0.48012968455701566,0.36184479950850457,-0.6178582629172968,0.12968048235117963,0.39993836248776615,0.762561130515751,0.12023100255718491,-0.10416140255624748,-1.1534012505626148,-0.377316372612726,-0.5541493656214111,-1.2191019414812743,1.5706012266072806,-1.8816044752947678,-0.7093229652576085,0.30174252055162315,0.41077000679633036,-0.41541679636822965,-0.5605239739045105,1.098588946383074,-0.4161750242084834,-0.11645787132281121,0.8067548374690586,-1.1021911478658664,0.6735285251987053,0.46684438629274594,-0.19069747215922594,-0.6724831640639465,-1.1168734673123812,-0.21205768501793307,0.30123758128395106,0.4096174284565446,-1.323115262133828,0.9349247940766418,2.0722214161427646,1.2001964092218596,-0.22867692082695093,-1.3827137770858073,-1.4360304351941924,-0.21307026569382315,-1.544877478036473,-2.518651264276381,0.2739697493902252,1.2913805285797413,0.8340644448646473,0.32993568573879245,-1.1458995838877508,0.5273325237474127,-0.043259925985938745,0.5141524365372309,-0.6513035566148864,-0.004338223833372853,2.532496271414088,-0.3213626926499533,-1.2981881366236923,0.6098769890837794,-0.8247077039986903,-0.4567443287755226,-0.5225527964350033,-1.0638584746517874,-0.5885813979582327,-1.4879306627018245,-0.9081815425055559,0.25949831739934587,-2.147295553642018,0.5127703709904718,1
0.9911282999727267,-0.15150630980169286,-0.421420853441375,-0.3711810584814045,0.49155602738252335,-3.0349490491473916,-0.7128927534384215,-0.03595628550530559,0.1786749227204098,-0.5846501024272184,-0.5763521982183228,-0.03898298533818676,-1.4763865613997693,1.2985476895267083,1.226364276099714,-0.21747040863974473,-0.5199124739726221,-0.5369952507664685,0.3603188156875604,1.0300879731045434,-0.10203581730429759,-1.0417734308518785,0.13321470760105047,1.5941658256917477,2.6364351836821416,1.0694450266180244,-0.5182138315180995,0.19049472627392566,0.8207162243652909,-0.07059776674506711,0.526610263873233,-1.3120456366348576,0.16767155471924655,0.5714620133791362,-1.4854112367394414,-1.9701783897808667,0.5491203614992293,0.9800576121123236,1.0893847405809092,0.07650863844052794,-0.8734012928705677,0.35757077286993844,0.4965898594471897,1.4585268549866723,0.8650716143097074,-0.6639121002571468,0.7225659376938887,-1.0352058471434022,-2.5293563584071483,-0.4412868971898761,0.5273294835747981,0.19683759594496952,-0.7049722130523157,-0.25876814639844103,0.993235330180215,-0.36213673890862264,-0.6438559731647113,-0.8016083305327887,-0.8394867715981481,0.9348261827726213,-2.284068254155541,0.37191292397201087,1.3101467405778473,0.14757202868947036,0.25659966313640936,-1.2124794845249225,-0.7415939903059198,-1.5094494775594738,0.3140025755024247,1.4186802075505083,1.5533448318075957,0
1.3665279160438144,-0.021994936015103952,1.2130403743242475,-1.2645862014077136,-0.7215349879989222,-0.8208730682898023,-2.461370449354543,1.5961834887574338,-0.9373923509933433,0.11305580994920085,0.6058545439305091,-1.3060490265044997,-1.4943242431804786,0.30748104667953563,1.386828087555485,-0.4460282775551233,0.2066885847470453,0.8551029377641676,0.021558544359359593,0.8808128033876422,0.08033012389148034,-1.3064546180994447,-0.7162966619252231,0.6469094937955928,0.4334495085406934,0.008548528117763337,1.3043442694572993,-0.6986974384219479,0.40775883490994,0.008299817965753535,0.2497501362704533,0.14126076892895995,0.035290476886264105,-0.7833925219599931,-0.6135892766965286,-0.5717176648718777,-0.19084306427902828,0.27041675668031967,1.520046165932979,1.0280822429935512,0.2762906792423206,1.0682668368346178,-0.9047718143565314,0.5701176985477718,0.016478461978907236,0.16821404976605672,-0.25694141568781065,-1.4314229676784544,-0.27414397239390936,0.7295303449692931,1.5582287784475173,0.11446601797522023,-0.40993602975626414,0.5684369005676733,0.77037142915269,0.25565525691271146,-0.13711249064183473,0.03539386959591272,-1.381487497266324,1.0578045646395333,0.8531435602607702,-0.042142113740015745,2.3853488847055053,-0.052452175533656595,0.4774685310059432,-1.30468365582008,-0.1762993892428382,-1.4546307649272319,-0.6788078500338114,0.0941600135442357,0.6730752374908536,0
-0.29801583617080385,-2.5903138478488943,1.2288321697412834,-0.18924385614439962,-0.3141576163548519,-0.8837960146970392,-2.0317840405648147,0.07978120362240053,-0.7029728837888273,-0.8265240231753948,2.6318555394080945,1.2817699880819968,-0.3289808808352016,-0.7324810239395921,-0.2278899301742878,-0.36986189426982735,-1.9023531348601026,-1.3682908277797148,0.16697122765530964,-0.8746095737897015,0.4249823240952245,-0.021964561303173747,0.055830648410128116,2.2531325039681454,-0.833452566927641,-0.6813004229008262,-0.14610954544994764,0.32717108191127114,-0.07443081812028697,-0.41338357397198494,0.22716535587523412,-0.22335481246962627,0.01895208463336227,-1.5757726710288291,-2.009584461546586,0.5299062871306177,0.06449057374738026,-0.19183847920921815,-0.9200773258077181,-1.1579549529731776,-1.535691551383681,-1.9961404588570042,-1.361499925471757,-0.09121055443477281,2.203451974860967,2.2943118472129362,0.3248457906598658,-2.7181874011725675,-0.371361052580053,-1.4705577760859372,-0.44968540385406847,0.8194549153220103,-0.9337224059041315,0.9957175903169817,0.9060484429947938,-2.2553733524300905,1.1728689446671778,-2.0004636758467216,1.7376823132367611,1.5753201118345617,0.1798449906339166,0.7329173588184955,-0.5577063111500142,-0.7403219386096311,-1.6846334103416796,-0.7119027266291805,-0.27963784679021036,1.6341941881436146,-2.062893294795584,-0.8308743879318178,0.4169415693459439,1
1.2884593320660793,-0.04180527724813454,0.1396892511516717,0.5905757676403225,1.9326188990228417,0.13989086698472597,-0.23114772600536504,-1.0236896512948712,-0.9001397866212016,-0.9778788470126962,0.51449850069472,0.13558243356751884,-1.4160590278032574,0.042738860581904764,-0.842211350653084,-1.577695892249442,1.3492942032996125,-1.0703285176271171,-0.36322257688367904,0.07764946333687178,-1.6613341263573194,-0.6962657231136627,0.633124242300361,0.175512723841099,0.6331493084853337,2.3562652741426775,0.782550043643886,-1.045519177766012,0.8318095569200193,-1.5798969253147714,-0.9235625590392028,0.6330209075260329,-0.5545332807295901,0.37771105615293243,-0.9965694636028808,-1.1385466357921412,0.9216429564836983,-0.4179403447157626,0.17066011746538196,0.08483632673704455,-1.6854050971345647,-1.1491146253533329,1.0916193345576681,-0.1021895689188103,0.09434525396911346,-0.07033792050626818,0.3949511418229466,-0.309750230662496,0.9086349573544509,0.5317383874050988,-0.3058781059252455,-0.3280565559897122,-1.9849370783891644,-0.763538277714853,-0.22491772698855475,-1.172077515438688,0.038964165005984056,-1.931198716223959,1.3330352214176195,-0.011573551129855383,1.4553316093492912,1.0314349784861117,-1.2426880013618837,-1.913265283371942,-0.7888260739376864,0.6726187605782028,1.030521616913063,1.916435313545066,-1.2924977911191424,0.2935600695132996,-0.6198923076265519,1
-0.16127129641911087,-0.6416630056998432,0.14694283298580094,-1.098625782290278,-0.7469175076064632,-0.837905015006796,-0.6843079023184803,0.09054406659500035,-1.5707958034516754,-0.7261340203184867,0.10008551055994527,0.5650294361378196,-0.20296179442365403,-1.4525805461084367,-0.20216944450257093,0.40592669960875183,-0.3577438886118722,-0.7608827659902619,0.42227864351306715,1.0071563692190355,-1.3645971677572102,-0.9222602043288366,0.41736968285920184,1.788682300547455,-1.0673604830335308,0.31029899211207496,1.5655765778671085,-0.3355729994548581,0.8053721365129984,-0.6653460156819383,-0.3110263159256016,-0.9996828050743689,-0.3060960491546323,0.7240196294322183,-1.595730087801972,0.7029214787756352,-0.7320947465433615,0.03369795429079116,0.01223308266763827,0.1556926678084922,0.20711483352957094,0.26551165592297155,-0.3963540198090138,0.014368207343519894,-0.01941519922715119,-0.8650311143263428,1.3495577536854038,-0.2786083805507129,1.2709394136403014,-0.11667175563453534,0.26396264089615296,0.1173892933095413,1.2003536929405152,-0.860070901223059,0.4392067225355304,-0.5004883331324728,1.2257386445408012,-0.7614386591982963,1.3658290082194884,0.7513844107919688,1.9631593061174597,1.0164696321362299,0.036278395413454206,-1.1200079713891662,0.5869985108687777,-0.7009954564910583,-0.4281717375206261,0.24859867136833202,0.485006910953543,-0.7855998329819536,-0.6805106908137167,1
-0.4636266811519888,-0.9440828339296545,0.20510545741587347,1.8936235836891977,0.4977610429323417,1.18712224704435,0.935545461745216,0.13495446566130434,0.38607212363429916,0.5185252575844529,-0.2936081682415145,-0.11313381606431812,0.557778485292937,-0.5708777681175605,0.38366932661770753,-0.8371377778000649,-0.8435220276567998,0.36425711569830693,-1.6838951277038519,-0.9612642325176428,1.8168860208315203,-0.8504896779339454,-0.5050093886317492,-0.4914667499978986,-0.3366725787079684,-0.643417757523682,-1.1070325503073346,1.1706127930793715,-0.287267521266025,-0.6676000519396936,0.8218660864272883,1.3050830453366458,0.452965936393775,1.6916279650853567,0.8200930182409502,0.4860198072037974,0.5333950927015328,-0.004215021221569459,-0.5263888535964476,-2.2287047612018784,1.3531099382095868,1.4811882094029163,1.1854218403578514,-0.05611896771222466,-0.8262994913176066,0.7155508629947986,0.07298231728505192,-0.20884491573380642,0.5922326387143466,-0.030273142967772886,0.13447468927830494,-0.3665140073251667,0.3006562261232161,0.9899363123946646,0.9708206962494578,0.9802954621906631,1.4912398362361765,0.38746247031810904,-0.6228387868009999,0.14756043825864196,0.9251203675656844,-0.9982049787071161,-0.09543822184131674,0.5677693900114812,0.7397203902425705,0.527999293518077,-0.1438713020235774,-0.9790719356135331,-1.2253255054019954,0.4644101807030707,0.48559055100814547,1
0.714579387330855,-0.5412014882526159,0.30850106529780386,0.5282898621041853,-0.13457900742316314,0.8672202497521173,0.11450841144348758,1.494778161612901,-1.9268343137215604,1.0546976475853096,0.1992824907834236,-0.9397335303124904,-0.7047692428780642,2.907857594808448,-0.5847574297018151,1.0206311615335542,0.6923319931189129,1.440299547990248,-1.3518322923493238,0.23388915505091584,0.24112137361017996,-0.21560687586923613,1.028311558141395,-0.9913507457917717,-0.37643095169253604,-0.8757989389547404,0.9253600104517571,0.2056227723452793,-3.1176537909303006,-1.3382936569861943,0.7383909732157113,0.7105406218039494,0.16354960474176114,1.1132194603961258,0.9269398200793614,1.1411003622440625,-0.5954679219051507,0.9482155544990886,1.07656806054239,1.9743322953245093,1.261008656640943,1.0311583117811018,-0.11463370780017225,-0.8059812952446094,0.43846895844163414,-0.029545160333738673,-0.8054686815196619,-0.4080017513401194,-0.6839829424331503,-0.5967596923076433,-0.08883109768369472,0.3851619638851192,0.43995627098741447,0.20469712262456918,-1.9944053601290066,1.6031799269909275,-0.2475807561926315,1.7610779316210328,-1.0242761480972102,-1.4123978528166636,2.488574566313927,0.1527548918942206,1.031708017010546,-1.5344637261772327,-2.4876741836318024,-0.8479762120048496,1.7721131812512922,-0.49987520603299773,0.37441408196171044,-0.1011946450549629,-0.5916265273274668,1
0.12624240756608104,-0.49751498536721706,1.0430141565298061,0.5094315425563533,1.247890577121255,1.6953668582532406,0.8693242220835022,0.6168922114498189,-0.2524317704254618,1.006927656191119,-0.061979469438697275,-0.10071181889065038,0.44466063430858366,1.3741316181037004,0.37002710402751726,-0.4859740789349412,0.343907858423848,-0.42547260817784666,-0.20422588162098584,1.9375934019883831,0.9102342408743297,0.6389060144792272,-0.6060354379399516,0.4482935226387024,-0.42904168096322587,0.7244826975820701,1.80265435448337,-0.5565259502192007,0.9013174630179416,0.7876741561078777,-0.6179936642005207,-0.4591987066481379,-0.9434755321342639,-0.2673512787837288,-0.6816906113627285,-2.345256586230129,-0.03247898429979905,-0.5924925284361611,-0.6427595186428011,-0.26475010097311735,0.31419234256568884,0.37066163139863556,-0.07450242173069624,1.2695188755300832,0.03151719853398559,0.4226254201305791,1.1184762516446576,-0.815457262941701,-1.0944695339190458,0.15991417697496105,-0.5993206886417811,0.7395360861846416,-1.0216286645816133,-0.1762806006093553,-0.9273637947992274,0.5605154597743164,-0.1482160145434237,-0.7323418385363252,0.12939516848666882,2.7460943467072645,0.548131852644446,0.4404036404039467,0.333144774301617,0.8457445575819508,-0.02996272479764188,-0.36509037265230365,2.294695906507062,-0.4232227647967052,1.0611961306964184,0.4730018549063865,0.6860455385924711,0
1.7003035706642742,0.6500253186259423,0.4693797021055847,0.2464897654051683,-0.48616107131867764,-0.5539316885851997,-0.5212664624935945,0.7097780701248665,0.16648586120833322,0.6338963174981923,0.8174256431951421,-0.17616705362712184,-2.035426396874797,-1.0737061701562152,-0.2760171938419462,-0.8060731608875806,0.30264134497830797,0.116205459240981,0.22870750852484717,-0.40349111192907106,-1.3815197339866185,-0.37154546457154825,-1.4759516071835872,-1.8837760211590773,0.5501670784997154,0.15987138135524667,0.3519222552843956,0.5018392221666751,-0.452080737630343,0.9498988346091599,0.6863841500297099,1.5355971395962917,0.9122990077725291,-1.4624161705599417,1.4149060974137895,0.2608605100874262,-0.5535388286831096,-0.8484609956519403,0.7206102232211319,-1.0355151444699942,0.608505828205627,0.08054090742848183,1.026012086435338,1.6299427195328209,0.4633460287745782,-0.2891222137803158,0.14981167735032386,-0.6258648237224435,1.653317018726881,-0.38258792569280176,0.36504521685486396,-0.35581366034857453,0.4617891704155685,1.939423741035831,1.98624734516776,-0.6853913321992133,0.9319736386495364,-0.8776580076599639,-0.773499946150402,-0.9466037104814964,1.2122822397225042,-0.7247678709844659,0.27334253660698216,-0.008551623140785992,0.5588173977775701,-0.7377305375427794,-0.07658877376893862,0.1681037602187137,-0.6599642183216203,-0.44525021853085783,0.8642635123285777,1
-1.1828988320076292,0.5437363845379078,1.6186713850330159,0.7090779849268897,0.9596332500971366,0.6530300462583816,-1.035097192382911,0.06823681238682056,-0.46941750339062355,-0.732078310080028,-1.5377349924767203,0.7928464563526247,0.38789613516265764,-1.2562208611113308,-0.16166270565713792,0.1255240142441953,-1.5465253416235614,0.1993399020956529,-0.2749688181086945,-0.7770683270867892,1.3219299014608237,0.6303855900664586,1.9280826746921094,-0.621994260027816,0.1426670904618523,-0.5490687320957897,0.08051260627109402,-0.8070873648034882,-0.7765613091586246,0.24152369057306217,1.5000205985432966,0.00926528494780784,0.5695164803614622,0.5448775500076587,0.968968950812617,2.9101455722593945,-0.4525224692129251,-0.45605765054739805,-0.4418055443570476,-0.8854937109129172,0.10465927312519947,-0.34069878496608796,0.7853631692723201,0.6921081522640781,-0.5098294865216852,0.28494675277452824,0.18088115245052605,-0.6477540563434336,0.8734918261968372,0.03831164917172063,1.3171191528647264,-0.04950687385405271,-0.5244521591273683,0.2479958089252247,-1.3130894305800491,1.1066171512922083,-1.9482111844033752,0.12227143205205135,-0.3072011250886933,0.0021959747946937967,0.7456633355123584,0.4595230654154234,0.8557313755580264,1.0665291009312385,0.42534089622992427,2.0016352368114236,-0.6206406096323263,0.28519480608044956,-0.6930494990102546,0.5472112914621098,-1.2333237554188217,1
-0.14836485958912812,0.19569975716193203,0.26875830498552783,0.42686288296105723,0.6391097146464593,-1.647295425492541,-0.4904648869420148,0.9122616595205844,-0.6979876568480899,-2.0279622890902513,-1.2828326257687535,1.9209413445183832,-0.10106183631562281,-0.5962527327307705,-0.20213027297986447,0.1279918107365315,-0.8263069650005918,1.5509252800324744,0.8917443935579673,0.406637037214059,-1.0557388215650758,-0.2027886151449463,0.7646270256232806,0.8446173488027442,0.8617660031499617,1.9006414281584019,-0.003653912196246512,-0.9308559645970407,0.6630342553401248,-2.8761162197005365,-1.2049498198532014,-0.43914379721371655,0.015966233383432813,-0.5124518451574033,0.08663454514353736,-2.0093229325608783,0.0342114248523014,-0.264928517086433,-1.5169462669381535,-0.44761325843274136,-0.13278689668301966,0.37162194650538954,0.2852917711226167,-0.6132722287423065,0.07250910369410363,0.2987319592626673,0.9368876751057326,-0.21053366165470885,0.45623584576704124,1.2427142459605909,-0.9046412955782441,-0.8124293110623171,1.3124232866019232,-0.4563324750576072,-0.830839012235356,0.21240022822598523,1.2511476327233395,-1.1072374965126117,1.0077867912760174,0.262824887209414,-0.134744203541483,-0.7006991213213027,-0.1366214958052116,0.3109862524467462,-0.45005494771103893,1.2458484432341472,-0.035323815808691865,-0.059923582265712746,-0.20631504461611622,-1.3682840467160284,-1.5966243418270791,1
-1.8712047738135535,0.8189827724731112,0.2998973789459252,1.5268989617611026,-0.10548691125051385,-0.7317385046979031,-0.44812785428140445,1.0126393697018983,1.9213094516582037,1.4930604566895778,-1.4249069468240465,-1.319984818177014,-1.0676926836880143,-2.3752581860167874,0.8136807190618353,-0.981141117057211,1.9797795367063358,0.17118100667918007,-1.714219204395667,-0.349716301997324,0.9290383599892226,1.5054481580462202,0.1315409038211131,-1.3879267391960157,-1.034144664144066,-0.07882499017063933,-1.2629489260463325,0.07192340741221376,0.6191101939589903,-1.9524740400904166,0.03743081620514178,1.3010520288912006,0.2972290986246506,-0.4198804517930755,-0.41109489124174226,-0.467732104567496,0.5174701437664283,0.22606407869757605,0.23487094809629494,-1.758990966708857,-1.2633233708446188,-1.6943626864946026,-0.028203609754495845,-1.589346182702749,-1.9463302535792608,-0.4327218363022572,-0.3249801044664818,-0.1217525486885494,-0.28643135932368785,-0.6656081335199122,1.1034919119570632,1.1238457548512717,-1.1545799513846238,0.6405026022906872,-0.8799481577604735,-0.5359047772429688,-0.2534682171078039,0.4123185874670994,-0.9202683254411549,-0.6906310918265514,0.19077958163280395,-1.4306564828628734,0.3497667565823141,0.01815017040639932,1.144515401911264,-1.116412093920333,-0.9866168978867451,1.1656307102239305,0.43865987451685706,-1.3541600023531053,-1.120366718145,0
-0.32294779227282544,1.090515335184645,1.0946842187903316,0.8396917773021882,-1.6221993243730763,1.2743346675379807,-0.15281075148500384,1.1087490657506645,-1.0587881064720728,0.20629224380407127,-1.8259336460836013,-0.2949468540600384,-1.7448415091992988,0.5404677045465303,-1.9730861673635598,2.1888240757114468,0.7007807968794831,2.5267452130052375,-1.088887777420094,0.053449574209732315,1.2074581939222966,-0.1401883837200798,-0.10690276738967773,-2.7002485730738286,-0.6601729003763109,-0.9599274582910637,-0.4655840971398378,0.7241137268743744,-1.735230601253821,-1.2241367299620287,-0.8669004543263411,-0.8970810844618506,-0.27067191968078674,0.2558245903522887,0.806223510868863,-0.9439944420433001,1.808846989928165,0.326692867057347,0.37314157868338854,0.6011079075988444,2.2608440878789997,0.02750660564309394,-0.25932227304767225,1.5701973143514454,-2.364042394721904,-1.8101449910902425,-0.06798943205784827,0.05002312574963091,-1.201009462004671,-0.9020371727282414,-0.2405364671585407,-0.4046476601409892,0.3378126997886743,-1.1824240711662666,0.2749883295466488,-0.4978281450111736,-1.2982199902417235,2.1103371194371374,-0.5470616292640521,-0.9024185485099169,-0.7810947441685058,0.24007679791281336,1.2248484723115498,0.09351187967627002,1.694399409297294,-1.0942924668875125,-0.46988585620450635,-1.2455447822535801,2.017737496371776,-1.6287360575120668,-1.9099624147402696,1
1.4585128269307999,-0.0035481630653496393,-1.1947688114198247,-0.303069028292811,-1.3899848779194937,-0.2222149435284687,-1.7091899040854133,0.16298389314952533,0.6473141640032779,-1.2426639643774762,-0.4219069593722163,0.059022320349696476,1.5380997640752374,0.661515858137414,-1.2668031693604527,2.058075728322648,1.9922064903174554,-0.7361694570973663,-0.9948146939802627,-0.05698624345718912,0.10752552001552244,-1.2753731418676129,0.5777016889796232,-0.29797892488632194,0.9093862519425129,-0.5451832474806777,1.2645891184720492,-0.8269364325522788,-1.4016026339474947,0.6387719462516938,0.6812318041504398,-0.1267237668315186,0.4277409191406246,1.6227653019854853,-0.6102111150320826,1.7400048171289098,-0.19225285996331626,0.6897261591448208,0.5189889967361131,0.6734807711534773,0.748119974111453,-0.6328772929284657,-1.5881700480305698,-0.4216513212473121,-0.6023906983972817,0.15305808717365849,0.969856828853512,-0.1707515431039919,0.3109641025291281,-0.5622014449635714,-0.10856021204259461,-1.2216450731631705,-0.11904148925551258,0.08831956839482487,-0.4705472785035329,-0.9093326824522538,-1.0782304950487527,0.20357854456111882,-2.26251940408851,-1.4189631236788074,-0.6900127807854212,1.1356820985205316,0.6236488173649352,0.7962186718900456,-1.8565331316685032,0.6421214840885819,-0.6965294892557453,-0.3431154920114991,1.6359178343913396,1.042435708352353,-2.2021637128528972,1
-1.4929908527663642,-0.3295430926864915,0.3607869064060795,0.23482775759742855,-2.436574294917835,0.023799474978404667,-0.06609630119721532,0.9789305380203565,0.34262997398740225,1.0097935652768195,0.15662679763180104,-0.3581323897871027,0.17470907719203765,1.4960199843982136,-0.6476029960592485,-0.6459302046021855,-0.4154188463374289,0.04094261136394166,-1.7655028456248876,-1.7190667651196663,-0.304299185389697,0.5622797917224289,0.6596494502150446,-0.5516455189008741,-1.7218412206975855,-2.454370879647618,1.363000857749606,-0.776321044790768,-0.35340231617734136,1.0379282045448917,0.30215105555451566,-1.1105085721666215,0.4185746825590887,0.09859548969662581,-0.7266547211523692,0.4238772804051459,-0.04077495559574716,0.2146351381898387,1.2084203479539308,-0.8208120991211251,0.09575947022137614,-0.1333611777006293,0.3711095656883184,-0.9120015603418269,0.5574248242855745,-2.365010270837513,-1.065253520017965,-0.6724983660146022,0.6017787405728116,-2.512479969213315,0.34341003730990866,-0.8506474914200066,-0.43840862142370624,-0.3289630239839112,2.050413633230202,1.3376601226721891,-1.1096519323122214,1.819148714236901,0.1386851637603954,-1.081768853172119,-0.5665725347162085,0.9539760222738214,1.1319098555228158,1.161750572438928,1.2528356231561812,-0.5104329730233266,-1.5797540688405707,1.0229957973828232,0.33508841648132176,0.43900169911735215,0.04688842532122078,1
0.5305233043982763,-0.8605271389629529,0.017139465573669528,0.2155675145928295,1.1029102547659198,1.4533486694130948,-0.19798393696016453,0.4387328344210372,-0.8619650403622121,-0.7518286529423042,0.3587660537293465,0.9616730211760294,-0.7562060519106681,1.1587775866765535,-0.5042632024858033,0.33367454811464525,1.106012835739105,0.07191724003293892,-1.7733959435998112,1.2307304075505054,-0.3565313714665936,0.7820330721244892,0.1594950720467288,-0.8706594834142576,-0.006357837281199833,-0.6157598276833596,-0.01765916360471224,-0.3627785490138918,-1.2968447269755659,-2.4722193003931228,0.0017577401522128283,-0.9573992196697968,1.3523481263444646,-0.34480450794989875,0.07006069141755324,1.169988467147962,1.0556501461539278,2.1056131465347616,0.24276619270539643,1.3946897788855517,1.4230774370962427,0.5122842000107175,-0.30840970626532294,1.936227064393444,-1.557349817727804,-0.2669411461693637,0.6149400030238826,0.5663013508288731,0.6277461274570993,-0.3555480884176076,-1.4643537868716958,-0.6019468130233943,-0.966958194845879,-0.18114883783821104,1.4505673424716146,-0.7169631084144569,-0.2070121997806829,-0.3692940563651024,-1.4112449640552946,0.9360403908558792,1.8868171336195605,0.23773423425023754,1.3302869433204771,-0.2101195073808106,-0.08208538033821167,1.535832183701274,1.7359569429527502,-1.68404927691101,-0.1399844851539946,-0.6970972192837599,-0.02555793000037484,1
0.2891812517919693,-0.49647678761073627,0.06112096964978065,0.4473638415124089,0.5764170611281847,0.46524972772374634,1.0766749767610995,-1.539256472975631,-0.1577032514786257,-0.39273677429073767,1.079100835022951,-0.012898925377032933,1.5601832546151322,0.21902985438088668,-1.7090876913458273,0.3010616944690788,-0.766863015297892,0.7632985729194527,-1.0646071409829605,0.13822499974110572,1.7321759809005224,1.016290354083457,-1.5446737211783397,0.08040479593644997,-0.24333228064859763,-0.9842178149574963,-0.7042440482100406,1.4907196727053755,-1.2254391965599094,0.8708636579674706,-0.6397423435241104,-0.531259868352454,0.04195483866113367,0.20693495605654053,-0.9734021008031952,-1.3810400591204717,0.11320185033646814,-0.2519655712656553,0.11433933198900459,0.22866235264965085,0.2712892416741261,0.056920939406411686,-1.2973741423830616,0.6860158424944975,1.4558668842155893,-1.6084337980716423,-1.8973535212576884,0.18725792853928372,0.6610912073371683,0.1283340080202212,-0.9682752776392687,0.21984948641830118,-0.9568501096038752,2.017203454841686,0.24425739865724316,-0.4793498671643486,0.14771789902247898,1.0681079565815181,-0.2781754128943874,1.9875972777331063,1.2089290099167938,0.14970816672559253,0.23050734104056342,-1.671685288748323,-1.5607101878781906,-0.2469286014657736,-1.0014038142525783,1.0311703501921146,-0.799525188368028,-0.7053421465965285,-1.141836766930967,1
1.5094164149528877,1.1482268066552113,0.5169321877032427,-1.4375173476821814,-0.2044522142797922,0.43366730790936764,-0.5217995790489391,-0.1532352329755122,-0.3188322910251803,0.34531791418053415,1.7602907409381696,-0.6728970767072855,-0.21894143905027272,-0.3966290491466208,1.6672491690477593,0.4823439867888097,-1.3682616561993755,-1.9075486030177997,1.9605954187656158,-0.1191983070540305,0.6315820590820439,0.33552507215921684,-2.2423924084956774,0.19157880522514248,1.874119067769478,0.07749710990063376,1.2317610241652763,0.34349509100367404,-0.5456619309791774,-0.21646527092562715,-1.50439560539875,0.7054897773906419,0.1382425629863967,0.13221615344780502,-0.1810843263347643,2.286071291184998,-0.5233694126720297,-0.18152494328878382,1.8000613779676293,0.24533071704742956,-0.805117432567744,0.05326979379006331,0.31633860240087774,-0.02275803397757247,0.6364125730227161,-0.6388859222404313,-0.05897765822675131,-0.04275097514100763,0.6745726130076666,0.273810965740721,0.9278654592159566,2.3567186329362984,-0.9602642771982589,1.0427795967625162,-0.15306233524025512,-1.0778393158451591,-0.41599922500119957,-0.7634603449930314,-0.29707888592494386,-0.6982268324960176,1.9378124745251828,-0.2617919192145335,-0.6801952589592838,0.38164799340340133,0.8707805803602467,-1.080748694997166,0.1332947957461346,0.43255400726203347,0.7942327503975298,1.8041883662339253,-0.33627319335675016,1
-1.2573092352748785,-1.722160373086551,-1.6903187940786206,0.43903646598237955,2.253772422091931,-0.748187037881053,0.33937759644660775,-1.1367195644178083,1.2012049023006643,-1.8973414082517535,-0.3280089079019035,-0.0238063344365644,0.8538842197529255,-0.929625890058547,-0.057240774399968004,-1.0251125549910616,0.7464935972295258,0.4696766390383331,0.024997438020636836,0.685718244337195,0.8403404029381161,0.5943249362292822,1.1799557693289253,-0.7107637955802488,0.0172926888925018,0.9970770914993795,-1.096739503584893,-1.4417049147666952,1.1060127702517437,0.11213910678616869,1.334347415411229,1.2212848799564193,0.19479291699061713,0.38122169447828025,-1.4968869245652394,-0.023744870041506924,-0.7699715599731342,-0.23390179310184855,-0.35875538999069656,-0.590578270333124,-0.8479273033161375,1.0525250689967844,-1.063203268489143,-0.7825226271589926,-0.5471241192964298,-0.4037303191550053,-1.240126426037345,1.2968760950438036,0.014627881451478726,2.2116824169633738,1.7348204131634961,0.43897018797670995,1.0838168830270034,-0.18956161533365995,0.11617739195122274,0.728211248312485,-0.017712866480561106,-0.5464245732729941,1.8687656570278937,-2.5090481106595215,0.008252251228371124,0.9116172333158356,-0.48268017139701824,-0.359871414547605,-0.6357768050171342,1.7764861372423928,-0.20849277996795734,-0.41598848745432854,0.9141809826191365,0.23109194011936252,0.5261886136682575,0
-0.7956466723739442,-2.892911987839557,0.012205882334498866,0.7293975965473437,0.7722920296874962,-1.955824421816069,-0.7769278629358433,0.8124802038340269,0.9759071554082335,-1.1914635804158784,-1.9929048457532597,1.8669819110528874,0.3391714723514783,0.47418389386227316,-0.6775141382885875,0.6648159002337725,-0.02185510235845933,-0.31755185600440416,-1.453513690455659,2.312358750382219,-1.4472333449416594,1.2415467850150372,0.7439378796299673,-2.065189021983883,0.2913323189584203,0.6951698201175185,-0.8146969011318133,-0.7246587345482636,0.4276772908724187,0.08307136866958437,0.9642727066478718,-0.9620349419213347,-0.9923490971560394,0.012277824924427572,-2.2255321162840107,-0.14160297516012826,-0.39533669832337426,1.2304029844205002,0.6921402938119474,0.36023410597495625,1.0856720520750658,1.4969349551285678,-1.2536842761642737,-1.9282308333142653,-0.884657393026326,-0.231635633101638,0.058556575292115214,0.5518709589495643,-0.746249144593946,-0.01624160844313714,1.3713030200461305,-0.01692692663687259,1.1967720840724871,-0.7543905898491325,-1.049908340414545,-1.6337940799076316,-0.21768370487190655,-0.00281358246836945,0.5699654771301651,0.08613364808123941,0.6169773778606269,1.9057550025287375,2.8211169455738885,-0.538742751276493,0.46194243505370003,-0.0204779562685986,-0.029504504584794863,-2.221587013005962,-0.539144148021977,1.0589653850701237,0.45713869553477293,1
0.9140444574972837,2.1140159198357655,1.6694234052611474,-0.30372051610603884,1.142250174811356,-0.2834919570473163,0.9860550757117592,0.6444434510980384,-1.017887792020011,0.10891554118600907,0.2889371079652296,0.3833903612464835,-3.0523664308536027,-0.36085151670941024,0.37579768919896717,-1.247875715099323,1.8549723176752801,-0.5384462361566636,0.6711419606215072,-1.4329698044558117,-2.203644183717615,0.9249641063808103,-0.02252010724525754,-2.6930134236385626,0.8439576454706598,0.943840881316945,0.24038631995564644,1.085709603345118,-0.5464745365712088,-0.04330644971683878,0.47803414445135645,0.8829323465303626,-1.1250504955600436,-0.7018218361913608,0.09254433955526753,0.8519048584702306,0.31683585807247977,0.438234958739971,0.6941810654597192,0.5686070782785617,0.09186115920797701,2.535528153849538,-0.3893580088287442,0.9256260987627752,-0.3369132412329045,-0.015535851439180529,-0.07102916354926056,-0.42007547864658873,-0.31339460435834154,1.0608144792722574,-1.3141253833846775,0.24110374044257282,-0.7280649129997505,0.5151973959167028,-1.8238802323764387,-0.5708534625669662,0.3001826403063841,-0.17622735143543863,0.6192484435280019,-1.030021111233547,0.8234692061176228,1.8886692384067336,0.1887897073871812,-1.8742093910172744,2.0350235524446694,-1.020837804730884,-0.27272707620676306,-1.0959699757129453,-0.3520709058026923,-0.5030888429807457,-0.822592318919503,0
-0.4481454585201654,-1.121483312276641,0.5249660549544586,1.5668487844841068,0.006251675955004208,0.5794029579836147,-0.3615159502752679,0.5279981345818483,-0.25251685534944457,-0.2590449480201147,0.07854273379689085,-0.5140116090113009,-0.21873930867100672,-1.4604908488826711,1.0485575618254301,0.6519632511444611,-1.259606418575492,-1.4672358008702346,-1.2593584569965028,0.24181976223245208,0.9237411467214239,0.25484196705287343,1.7832796552883705,-0.05065390119085552,-0.1634234020956631,1.73605366566796,1.4778291387128175,-1.1379704502494692,0.5282362937996573,0.6112706472960421,0.3989497861948013,-0.8062692618647059,1.8591836644865087,0.6606980003933459,0.9576631321285181,1.5016277769967505,2.9758049724653133,-1.6577886402413324,-0.36146313361187155,-1.269481814487327,-0.5314328419455084,-1.7008072010396922,1.7969045989622923,0.24384862961637174,-1.9873213882935585,-1.8100762459693065,0.6873338075545238,0.8130450975833761,-0.8919308390117354,-1.3833775293765354,0.23686443328425782,-0.46728961674053504,0.47985813246178405,-0.49580215554960644,-0.8912944231246632,2.107399629952899,-0.4581335091298102,0.8850225699178769,-0.6399146709920454,0.6909118415415408,-0.8335109120085219,-0.523238775004589,-2.067036481379575,0.5110893069890503,-0.3103739650941311,1.4581895107818723,1.2153440184531514,-0.2401339987394862,2.0331899126248705,2.2529929994354574,0.621223966189397,1
0.865953211856208,0.9659266784063321,-0.010794803791352796,-0.5887781242381429,-1.85650520116914,-1.0676416812407516,-1.2824334418393841,1.0049678477410324,-0.5852571966778118,0.43048218742353417,2.6668952624788327,0.5446127632597931,-0.44155358337674405,1.4826114012787657,-1.6275771221254378,0.5520130518451459,0.5045825709866165,0.07587737554558963,1.2364158702418204,-0.0313233821096288,0.0872585177816416,0.4116756642058797,-0.018588042990945665,0.03749624344942032,-0.22297180073292933,0.7047255956801357,0.5595378151731296,1.5867079774579873,-2.1206648184935024,0.08290220759326483,0.34780176448188765,-0.3723767449424608,-1.2640311436801133,-0.31357750015132935,-0.48274613710154163,0.1370359086597404,0.5683094735380873,0.7001954391536992,1.4888055864441414,1.711079733194814,2.0890513501117987,0.5959697130116727,-0.435658598378551,1.134945422987183,0.3713189252741949,0.5285416426696582,-1.0299185486941367,-0.6036780039476124,-0.3546769253698664,-2.1942581711902003,0.6291065690541153,1.2633999469404456,-0.3290495033228404,-0.8853268260908599,2.011123729718463,-0.624265382686092,-1.1437245469274124,0.398248906887569,-2.2989277448551673,-0.038232315947919863,0.4826344925399629,-0.7049012658580617,0.35767333752144964,-1.0401396456511085,-0.41989638910473503,1.0037647126846432,0.27859588602603036,-0.554357333695897,1.7283672301216269,-1.3832975553807807,-0.9275544306664575,1
1.2024275313868735,-1.3614583313272792,-0.21293117151985033,0.5070605496355816,-0.5101309815058197,1.2500120866727207,-0.2621937059048076,0.5262659589848241,0.3135729623581023,-0.5364458892589747,0.9013282128974506,1.3720955889867148,0.822106336652152,0.3813895855900849,-1.6852329488751772,0.8367233453570976,-1.7035915124869092,-0.331821628248433,0.22039229492505213,-0.4679305807287974,0.13638985505336337,-0.7317205799920607,-0.14877525413940862,-0.34943474079971376,-0.139674188340599,0.45381758156932134,-1.3159740632445238,1.525666155273345,-1.020947757785216,-0.5347210088304402,-0.9837283975066772,0.5410024037923347,-0.32600853213367775,-1.317535050209829,0.4963769361115207,1.072408250956536,1.5234798850770654,-1.1494780192848544,-1.6387910488026878,-1.6164706828046915,-1.173755896991413,1.917375999680287,0.9404905978632294,0.5332453463205383,1.591615152047283,-0.7110342082954821,-1.5264287944079757,0.7809624594881385,-0.5964049141171425,-0.19125374080651134,0.4711511526165423,1.0877536847466747,0.2838391482691139,0.21973012480267293,-1.374463803864254,-0.8056177344809805,1.5633263564427857,0.20871985686721714,-0.38522168593861805,1.159771945752107,0.31666252452300997,-1.9244952634779955,-1.7481258217635933,-0.12066061455180305,-1.5738840315812477,-0.8959850199833702,-0.2685097277385104,-0.3536767868928913,-0.5628530298369149,0.24723668147252023,-1.1695943860736302,1
-1.16146691496699,-0.9991782301932448,-1.2685198872809562,0.06274871838212827,-0.29975558700946087,1.570514478799407,0.9744966925564307,-1.7375555732386752,1.4746224201764657,1.0198079874294537,-0.13274945940601904,-0.1866266352672557,0.5466352737825525,-0.18241236950828196,1.4084558221626728,-0.7129293444568707,-0.6795319151937632,-0.060813805889663,-1.8731306859888246,0.7344333537489497,-0.28304456433857494,-0.956670834013703,0.8651943783559833,0.05856167888423557,0.283948067648015,-0.7095141303662751,0.882869875307453,0.34195369689991983,0.1908399834789871,-0.05129587596451751,0.4367220325194242,-0.10959853185127161,-0.5838890441585024,-0.7894346246723929,-0.6693444066102953,2.137170153773735,-0.756900311462421,0.09622847692904121,-0.005685935517630808,0.7580046442400091,-0.04542039860896015,-1.092309293090865,0.2594787405090257,-0.7042918862617941,-0.9605243130952008,-0.3614640778306021,0.82657669261478,-0.10105163991900053,1.1561027709329357,-0.8150037226536225,0.15604826035305472,-1.5292143350933807,-0.7177472661505264,-1.347897785736651,-1.5433445107473154,0.43313681003450616,-0.08024560650814762,0.728847782845429,0.6680501558304612,0.6590457330493269,-0.3841812104993889,0.6443477390296849,-0.38796693553192474,2.004856665416966,-0.4676727673502649,0.6281348925197741,1.184348369943546,-0.9896069840306794,0.3687331312809416,0.7327873095300657,0.21397553244343226,1
-0.6068126703696516,0.8800309758982919,0.11363118544372604,-0.005072570757126025,1.3903390551207946,-0.00372193818808448,0.5218825527648178,-0.08375694981287372,0.3665520483963809,-0.8882772373809925,0.31038715294819974,-0.24602972763153197,-1.6206877093563161,-0.17870100025615104,-0.6305774592529149,-0.7424051081129903,-0.11446040990181827,0.6889817239395972,1.763137962772989,1.2444880001717196,1.2784508863457233,-0.09599465918695074,0.5154781628163798,-0.3023934081160299,0.7134383990456956,1.5154603529459945,0.8189063586273974,-0.4083504907498151,-0.21314951556431155,-0.6901957697706803,0.7760386854717083,-0.2168880379275995,-0.5622070771106927,-1.4653256930860958,0.020027211752676972,1.0610347334203263,-0.4520823976144409,-1.2614898918482886,-0.010918922297812245,0.7061941200730449,0.38366929567333996,0.7762953843768102,0.4760781913839196,2.1194658004908122,-0.5997566824422084,0.025857594524109583,0.5980662517173663,0.7867481592754008,0.5969710124292471,0.9186583167737642,-1.0481550753823732,0.9720708280124569,-0.3889326719003657,-0.915390855212173,-0.7058928984685513,-0.19520779130227028,-0.4520790798315896,-2.0346386130000114,1.6995423728801602,-0.12431117824222382,-1.1892317276349256,0.7809120032182665,-0.34435844312467295,-0.3276432370451009,0.29958921533197275,1.0233252982902756,0.8281583411757613,-0.40820790622705133,0.9601031693947394,0.03451417111074499,1.0482840350525817,0
0.4049817077008235,-0.3631722367283643,-0.5937096161080951,-1.3673065713416361,-1.224688369102757,0.9579205261239182,1.7462801336682456,1.2616831071156784,-0.4678771112552952,0.9793819532435758,0.7496515109849056,-0.6153134880456969,0.9675448325381202,-2.115155917115978,-0.4276588152660741,1.7498060294112836,-0.9876503537340676,-0.31688125154932406,-0.7021977093681927,-0.2903081653803058,2.1873229489922026,-0.1629473332934027,-2.2868342867616445,0.3267925843222604,0.2697958771148564,-1.5294791195529212,-0.8783379571694263,0.34441278037712714,-0.5781283572267434,1.0274007055991121,-1.9256474685478606,-2.1947930943548037,-0.6139124923704394,0.4256356963644975,-0.2262216056966722,0.6263511905400027,-0.9632190756022957,-0.10188795641836189,-0.5059460563118712,0.8885440248099518,-1.7325075688573068,0.6664763849015027,-1.2868068531454195,-0.015091283704206902,2.405172520668977,-1.6774235358173466,-1.116358769275815,0.6429092907443701,1.0656240430077202,0.3142013294182877,-0.7671581495468915,0.6455465787434,-0.5923541506900676,0.42921167987770936,1.8099475178950892,1.2432088823279794,-0.9599441399665538,1.766595173060839,-0.45234666573583765,-0.4586734867958685,1.1342958710601012,-1.3728052587225392,-0.9115979417255603,-0.19164449570019143,-1.4363888935542068,0.4420213861581767,0.010662141426502405,-0.41704825976077664,0.8609904227226448,-0.27882052571896304,0.712634325532512,1
0.7234346324635599,-1.2567972094111106,1.1027152646900615,0.17524173042010777,-0.2975904294171557,-1.1313895269175347,-1.7556035719615921,1.1897009731064512,-1.02539769078983,-0.632382997869127,1.815748306879993,-0.3197933634390815,0.3203249561268553,-0.38504528811039135,-0.29036886559367603,-0.07390247283083505,-1.0515721001135818,1.2301233305909438,-1.5810019081681206,-0.15981887371667028,0.8866573382636446,0.16078632168284696,0.6983983141973772,1.2556454451600272,0.19680684324403275,0.4844039842703355,-1.1567834689155958,-2.142562583484384,-0.6568061243816234,0.5945266612124892,-0.06994827660014065,-0.8864640337553442,0.024736862976797155,2.5298400366745875,0.3076133740159405,-0.6121654481761817,1.5786163495109558,-1.6733140827822903,0.08247523968824398,0.36473726375175486,-0.13324034401208681,0.4806990695018043,-0.20830290804973126,-0.6055690182862189,0.13067803230260502,1.5635802267064405,-1.9207229601756928,-0.32857751225456816,0.18258820954043217,0.9197611384274637,0.28644474076173115,0.4201097344197194,-1.0120506883288383,0.2638914605221738,-0.38310660818952674,1.7208149294585973,-0.604797091791402,-0.9518617874945503,-0.4367669335223111,0.2912571120074631,-1.0922936262126435,0.37344432964097035,1.4123783330564983,1.4543960185175149,-0.20384096748838038,-0.7364223114405992,-1.0709280190625547,-0.613095571460828,-1.644158298999776,1.6697383304568636,1.5476028780642301,0
0.8743990813654285,-0.5518615165281765,0.7545759273118374,0.030593543116205053,-0.3583332404796112,0.1279782177359068,-2.1709363316241044,0.7973364577581057,0.2084065115083395,-2.1570868490777664,-0.15836601966917413,0.4521333788216248,-0.02881761117608988,-0.4987856412665965,-2.4453232767333053,1.740075767552727,0.8024482510234862,0.6917649405342359,-1.010567812350317,-0.6367050926402777,-0.47334125390337994,1.498070871336872,-0.02834906879965321,-0.39134950594443685,1.4070496694193277,-0.904749365350132,0.14716884594883242,-0.7309225887293221,-1.1325243353621308,-1.159590201994722,-1.0989679013005051,-0.21823206938644052,-0.340409129049428,1.211999706699027,-0.8041490577651703,0.32603007762361597,0.04259274195069148,0.8439838996979427,-0.483038685224982,-0.41909910711007337,0.5337625159757354,0.6641891222396934,-1.3737832915244883,-0.182008009298613,-0.2958590265479882,0.7837207365208099,0.38230655010283515,-0.4549664419300996,0.07905205986550866,0.9129998041541155,-0.6494954067753682,-0.47091025944301357,0.4602659933899184,0.37342981677137166,-1.1432782572207598,-1.1660060141735087,0.05856642355378033,-0.24669184331089353,-1.1143909160354633,0.0513849481889369,0.43359439581358533,1.146241620224987,1.3240130616754984,-1.041266856050877,-0.5204013197322136,0.6799252034393701,2.2398934686375007,0.11137356544088962,-0.7530875816848119,0.24832610328444318,-0.07477842939201808,1
-0.4414623964123059,0.7833002320969356,0.563870536280523,0.5401345838753651,0.3783473599712899,0.4624311500111417,-1.1161406154092062,-1.651822360412222,0.16739730923914958,0.4056680842090072,1.082351271469947,0.09700021825524978,-0.24011039098847897,0.5710633464362103,0.769112837550845,-0.610716454992413,0.9603505751139443,0.6059826683759097,1.4672466827360282,0.2960342255705116,0.11850858435122667,0.238096142312404,-1.1128027901406439,0.47209478366034,-0.6277336153416312,-0.3416747423462432,-0.1268692844355747,1.1108844545234804,-0.7329937569702484,-1.7557035505413703,-0.9770350332073142,1.4797681310446937,-0.4480279347388766,1.1278233533457909,1.1517100247241934,-0.6718678705542924,0.9115213363307237,-0.007415152766079441,0.43901450169082307,0.7187278012466954,0.3121352374715387,-0.646930868329311,1.5148884847375772,-0.20243057867809658,-1.462256066399593,1.8061134011688067,1.0003338914331077,1.2435469050774133,-0.8795813823891006,-0.24282032260926134,-0.6804591388975127,-0.2124433905823037,-2.2806689768493977,0.2980607390471775,-1.7643760455793902,0.7423397791280197,0.37981168614389715,-0.8748537876523046,-0.7850861666582761,1.3014171044089544,0.8991061042427084,-0.03350392442896905,0.19283162120079483,0.13676579378665568,1.5993006495416058,-0.1558921599115493,2.667214148450654,0.6275793736200113,-1.5482604954213397,-0.05314720077201583,-1.1526056140723697,0
-0.45769330450498136,-0.758451510984982,-1.5764573087188598,0.20156771287937883,-0.1360079195890654,-1.3250624201486128,-0.9169925175273187,0.6806616361480252,0.3445808229985402,-0.26855366060736746,-0.4787682304703529,0.1277777354767434,-0.7907689325937731,0.8830294142741323,0.891529969202519,0.48748918536427455,0.7816995042887526,0.7509671355883062,-0.23367644509163926,1.635458299458217,-1.7571381302583151,1.7783259958181397,0.017103620706091283,1.4767043413658836,-0.673395188159026,0.6661865860609101,-2.9111575796525284,0.10830901381709776,0.7596772673154365,0.28924267198419656,0.44523897724687295,0.7772451496626221,0.8868509812198379,-0.1483195397163567,1.2488243221066906,1.3372443068915398,0.9600783326592955,0.03935576582085165,0.10694828965129248,-0.47858830304484407,-0.4489865854277598,0.2673503800125805,2.8456953361236903,-0.8942483281654819,-0.6297605578041293,-0.4946636481797257,-0.8857601090785149,-1.7819149439926483,1.8914817806474222,-0.46079985167582743,2.5166249797432005,-0.49422833562055835,2.3088216511151907,-0.7172561938218381,1.0992397021566167,1.1195839062149846,-0.9538052801190227,0.20771846874377728,-1.4749175799005259,-0.5717619917827355,0.7488266113894839,0.03131376581273215,0.2716439460994232,-0.9701721336317058,-0.37248999400744903,0.31843674655124404,1.4890680994759298,-0.6120622384736293,0.379228071210006,1.000913314939021,0.36705758857010967,1
0.6667704152173424,1.2840732425235721,-0.23836339852901095,-2.044652930660425,-0.43857128711097204,1.0957305599696228,0.06136711491244733,0.9102552379906282,0.42906715072369067,-1.2797464117073132,0.7496214284813589,-2.0362422501279167,0.02288224756488965,1.5456796590810777,-1.4848012630895635,-0.3723048466993223,-0.712324412749796,-1.1766957670396516,-0.06008919808746539,0.04220903116512309,-1.3893914618205965,-0.4436133867366476,-0.15943340936810904,-1.6094075375921573,-0.10059548181311591,-0.37018073900893916,-1.168942016897455,-1.3249053707232232,0.07773171603962317,0.43845357595486717,-1.698138310435165,-1.135122690507467,1.907059104053704,-0.28066397870857807,2.022436239989559,2.32244203042453,1.2006982241298747,0.11181506951806412,0.6438332213608675,-1.0569824301439084,-0.3260272548559664,-2.468137913316303,-1.6179119325049571,-0.8678373253952332,-0.2111868975695421,-2.215169065547156,-2.13778193535371,0.07048453333700878,0.39132298387376085,1.0374478866634274,-0.1642698965560489,-0.8881740155363976,1.1315621203580004,0.9270080963154729,0.18539150846100153,-1.6037926163807075,0.571501623668203,-0.15101350500839422,0.6434306747731451,0.566894767993482,0.9902385672482413,1.0778621350504312,-1.1138148212207055,1.2786585292919943,-1.4728741375805547,-0.33477802412826,-0.6740725539944891,0.9552672248872002,-0.4384822971869042,0.5692817188623875,-1.0953021667752028,0
0.23083408676162245,0.23455286506335465,0.32700319037896636,-0.6460534055098048,-0.5156582597238447,1.2153663594651722,1.1704429848218232,0.046012310632163905,0.9284680940613744,0.4851564922928848,-0.08586040457266256,1.183189172078946,-0.669641531453455,-1.6352893929613124,0.7661982032226676,-0.5957356280797056,-0.5253393025545934,0.15339106282814427,1.1083246848252897,-0.5111020954335974,-0.8573429720597383,-0.3311297874578983,1.3539020627372074,-0.8769460641554424,-0.3101940018085592,-0.7973446688478079,0.08948221673524372,2.2495385322590105,-1.1553872366150524,-1.311080939082843,0.5269683097781863,2.5527669921826073,0.18969646457649966,-1.3071688470425766,0.14198726968636474,-0.2230997962455439,-1.4428452926840956,1.5460269019005888,0.9743305131548935,1.0387236497986256,1.7521506201045727,0.8370251031671103,-0.3879523611288173,-0.18856647797502904,0.3280989052468054,0.48061095192139364,1.084867581346021,0.9853276080547324,-0.29186127404913065,0.23785665794013125,0.31975465526249,-0.061750419620964093,-1.8872881835062578,0.04175793110455965,-1.450469933109592,-1.0481099206111932,1.899867575978262,0.17204943195870848,-0.6964250076313285,-2.9935310168984173,1.7995736054987301,-0.27872598687172,0.47484521778630706,-0.9676351128143871,0.6761390871614025,-0.537597643606217,1.7962840260468422,-0.1892727651809096,-0.9558510374193748,0.7823155628666593,-1.9133969461818385,0
0.5584344384987364,-1.1218534213878704,-0.41856314973443787,2.0605428695971733,1.054030328400126,1.0040192040316707,-1.5776676570461612,-2.75186431477666,1.3678035895149603,0.0016303487968630924,-1.2864654751419269,0.9447956555202317,0.6125421107099909,-0.35356314194496125,0.7085365811696057,-1.3140801973516827,-0.3169203082251266,0.179341632930076,-2.186550057130776,-0.4453114071884843,0.37013216317932673,-0.01254225928275273,0.2953540787674175,-0.9661184262401823,1.122099663292663,-0.5791301395738592,-0.6129802398311681,-0.019032224685920564,-0.13315166570270648,-1.6954357686892352,-0.403234412130629,2.15655378714209,0.6909354808600175,-0.22736089999747108,-0.9592125999020921,1.8357548541416011,0.004643106496238868,-1.565850476287376,-0.46529603441560907,-2.624228664893205,0.8283128813387143,1.2134703601239198,1.6824821325943486,0.7036958805699616,-0.6642937412061054,-1.09731868247883,0.7073595458897155,-0.9939392104584124,-0.04155069561710332,-1.2845660773514211,-0.5282935776965235,-0.5457284471085482,-0.6193072649805239,0.7839118342556737,1.4571786916186626,0.9748236199596764,0.21570038268524494,-1.8644365169955723,0.9725885684363479,0.13989146391375598,-0.3134448396561434,-0.8787759716068142,-0.17725129687245986,1.332424296334772,0.3850683626507155,0.5253734350229108,-0.3762237511498379,0.5710813480305758,1.1015913283682988,1.8772382545330286,-0.8356375617249526,1
0.3972752847555488,1.846046392148794,1.4841682215745537,1.6284576860147268,-0.6310911494686057,0.6977541512388045,-1.6402323377793697,0.32859986406573066,0.20998327772965975,-0.06336985317138141,0.304076348679138,-0.7297374850184388,-1.0607118590864104,-2.0303934971302273,0.5398465705809626,-0.23246024786914918,-1.75596163438158,-0.08770849799107341,-2.1162048952723382,-1.1168340549238218,0.26395601011656045,1.7984287023161833,-0.6271874739230497,0.1729452628807192,0.7960049695893138,0.8069860366812344,-0.0036850019764811674,0.7984703695111081,-0.42613327134257173,-0.49791852922616525,-0.3056556800408562,0.12036557162044223,-1.1550198219761394,-0.47098410462170565,0.54422864623338,1.1441596708535668,0.5146339080595985,-1.422945782163498,-0.23341926022349113,-1.122081908849556,-0.7037613113230972,-0.0889376522942166,-0.5589607867299701,1.3829511624649293,0.47869184857445973,-0.6010812073583629,-1.9621922885299086,-0.09032480232842366,0.047412418080067034,-0.3747529143153391,-0.7963131467875987,0.5220587348238669,-0.29089650372848813,2.534400615208688,-0.04082182982803796,-0.38137253161128765,-0.915572899550194,-0.277148518042836,0.009251066535780235,-0.7678796713156502,-0.9552886999432494,-1.2321015098419172,0.3121293497263817,0.4997327822774397,0.592981123942895,0.16844323273979128,-1.531990712235193,0.6655689715732709,-1.1204027016002047,-0.11542207275416286,1.7401863128569737,1
-0.6052385296741133,1.077122012086005,-1.273468558221028,2.446817039184072,0.48377168224021067,-0.6118310147078618,1.136665655512238,-1.5271175675202528,0.8199206844834003,1.0000629597587956,-0.07371185490728692,1.4113294095943008,1.5172946626492778,-0.0007887474845307591,-0.581892098121287,-0.5526566325333346,-1.0978057570154,1.1959167239395785,-1.3074752652546808,-1.9860084417367692,1.2694332438097367,1.6399074570289154,-1.9201195097099644,-1.0016140702638758,-0.5609820604499889,-1.395692619036662,0.6510152890485044,-0.7958925325278899,-2.1100533385282843,-0.8716479533873268,0.49283465421929273,0.26064250212896745,0.002828671254841174,-0.4345699104259186,0.1994729848171954,-0.3375176065233887,-1.0382700660493378,-1.1313575917407244,-0.6992446115766551,0.2961651129387981,0.9502266452248372,-0.21564091706062047,-0.6757118087289842,1.6366849908212895,-0.9583938384663077,0.15560039960708674,-0.5672090192473145,0.876583204822922,-0.2752323550863925,-1.2792913198013773,-1.3365015923134413,0.12344147012377692,2.5193338442799575,0.8796459011859974,0.055069994857766015,-0.6758146923348163,-0.3548202005827572,1.2106988863638333,-1.9472091478976838,-0.6637991997329147,0.15136314751283397,0.3793879083221513,0.08620374412942577,-0.2559431824106265,-0.4417832323184427,-1.6542225499903211,-0.7731104031409509,1.7212581162601859,0.9569388693262467,-0.35075614878497935,-1.6563345235351745,1
0.6992929156482952,-1.8411601227607617,0.17696619170889596,-0.5292145668283221,0.9376908632220511,-1.993670788647866,1.4403417431334247,0.15290798728311067,0.38382896346489004,1.245109292840392,-1.1175548504985164,0.8565924229322772,1.3911577387839533,-0.36215946853984066,0.10522537219011993,1.9065418066652122,-0.3267843212309175,-0.5342469442721625,-0.22948570335981694,-1.1225333626743943,-1.0257973635817499,-0.5518917739686611,-0.5960461377087678,-0.39112929467877056,0.5665443873518402,1.0187749177364769,-0.2959666246272945,-0.8481382502332822,0.2548727963515472,-0.6565815778764341,-0.47415333085202743,-0.625659489706056,-0.8503771020141231,-0.019595257354072568,-1.5071940429957982,-1.104027593413916,-0.24188917711595814,-0.3534635099673588,-2.1288768739536987,0.9223379102982074,0.8517855808513988,0.7779276568560232,-0.13731920061177397,-0.8415119356151216,0.9000970342143672,2.0225456497187966,1.3450478183265606,-1.0986547938397881,0.4925347343401379,0.0038456690619309464,-0.22168307164176748,0.5576512809252466,1.0075641528590205,-1.3609386933191392,1.8791143127214986,-0.0330377852100869,1.1673958515582765,-0.24651117524830174,1.7359572354962003,2.714085829178296,0.8217874032136324,0.37413947194633984,0.7435008599209055,0.37393027847777793,-2.053586375989126,1.2244075568702473,-0.545715196517121,0.09522746905010473,0.9401290473862368,0.17379499345445046,-1.8581538692616382,1
-0.600082340187789,-1.5889191599895365,0.30575718833313625,-0.5155670883191408,-0.2144743946539735,-0.4289900755548831,-1.9014075350293416,1.4874919541785865,-0.853640255944569,-0.8948233055846552,-1.1539259329968823,0.3923109095788329,-0.6726778280451484,0.5202075772655225,-1.3443312405849794,-1.7236265052455795,-0.4236448920792953,0.9094971948011054,0.6885767444138821,0.8854538402351375,0.19069803497693166,0.306266360766668,0.35570533992564457,1.2962107197746775,0.8137414481661672,1.2603041575795346,-1.4618223131714616,-0.4865932593046558,0.178613357717421,1.2547552117166545,0.39288446543128697,-1.767815938837167,-0.5181464501608988,2.544807062472974,-0.8516530442238381,-1.6575705735505943,0.07971698188305579,0.7147861837506875,0.1067944068092442,-0.4622878687016476,-0.541084428380223,-1.6135043867310181,-1.011932382569336,0.11331794729789833,-0.32884516555898974,0.1074029739842763,-0.39632988853758583,-0.755431008397676,-1.5196622683928356,-0.33987445949512013,1.093816886854914,0.3883310097115179,0.1300773353234508,0.5759996320550217,-0.4879895417650919,-1.7307101360462531,-0.5567733014711439,-1.1614072461274332,-0.3525534520975172,0.4344849414637202,1.788963399157918,0.9367237923847586,0.8182922362057957,0.4760872643246038,1.4299665321438493,-1.0500346283278676,-0.8821848360857171,-1.481247684855429,-0.9143526283557298,0.10411806737887605,1.3895618672476868,0
1.067173982970909,-0.06464486979378622,0.49599019372224346,-0.9260714797248136,1.0892556000747853,-1.4535122198256551,-0.31010294301224883,0.4403982457692742,-0.685381737353576,-0.006787942455308783,-0.8777638538757039,-0.41699640681455213,-1.7570041652656252,2.5902891869569067,0.14090399951790455,-1.210779607796341,1.8632596191006758,0.9887553274809716,0.46074834860192415,0.2147238027816945,-0.8445589195844343,-0.45181560340291793,-0.6253897731925996,0.42914688256135614,0.40300671135554117,1.4519789795490647,-0.23122135560363508,-1.1573111940822476,0.3261060579872834,0.5494859469405073,1.455087428565968,-0.08285942644525814,0.636554198185511,1.065978768398571,0.7837380933509325,-0.515230059373377,0.6344019636186549,1.037582395897542,-0.690942130454359,-0.6080939144580584,-0.3926726459789978,-1.0812080487785163,-0.766215930717969,2.012584338950268,-0.26283080274691845,-0.595973344574421,0.5885234629518161,-1.9662587788655328,-1.4045803075655747,0.2046952003563096,-0.14246527514512494,0.20411955452679653,-0.37869470212205175,0.8466355631137188,1.5541060588939415,-0.3342898739258128,-0.48780880831376416,-0.7849230990434208,-0.5330444328359456,1.6057902758996245,0.11992205649449932,-0.8744310965958175,0.6153359516838279,-0.07337647156364217,0.8344622611431385,-0.8329851371128442,-0.3085729736787925,-0.7448720733989076,0.013541672115690035,-0.7086114696153223,-0.38273970237079963,0
-1.7585141362956647,0.07606925954643845,-1.1783854901578221,0.5610177626372193,-1.7880810505998441,1.0455859292046443,0.1344363739967525,-0.45644144907615153,0.6831159184178996,-1.0296446391738627,1.4457119040393114,-1.746861726798281,0.2720042792286352,-0.13020408406760975,-0.9482191665995893,1.3970499814618635,0.4122504263749425,0.08152842317559708,0.5703750081846499,0.2751550281201321,0.3643113575724094,-1.7173022601265389,-2.1117931103111256,0.8241704904890435,0.29686188933653734,-0.1299259075034339,0.8035762060763381,0.4651491313432538,0.1325297713466845,-0.21651651872055291,0.9627006215333563,-0.20371674296442258,0.21328055888812825,0.7061581429063407,1.298569369036463,-1.179989009933441,1.4333200011067,0.8456647970374085,-0.48847389186520257,0.3278703787971193,-0.6165514013737287,-2.2277801558354122,1.2346275004869027,1.3646532635615845,-1.5434636487864861,0.009731062510223243,0.15738985521270715,-0.07212896872074914,-0.30206469278759546,-0.09884960375364589,1.094398226861266,-0.07309909866126867,1.7559688703581149,-0.6686344426448297,-0.5995178575473046,-0.1283572386066602,-0.17834900411607105,1.249034491064082,-1.1554820289997967,-1.317560818246417,0.34349335366055633,1.3361320672650843,-0.6455497837016921,1.2965381941755556,1.7976615458920948,0.4085588000187082,-0.6072816113667415,-0.17291283738300814,-0.8770549846125754,-0.6986554758090516,-1.415038656334359,1
1.6494996228763381,0.723471687998252,-0.14145955635717797,0.118001826221279,-0.908852654984505,-0.6834417465903372,-2.0329254504240932,0.12710154661510595,0.4120812927184133,0.06944678348395385,-2.2106308605743936,0.6082048125118312,-1.554237571119458,-0.3713892564051815,-0.39106392285045505,0.40632384786046366,0.4214911191869793,0.11482682840637735,-0.011521373890970488,0.20211853647001207,0.050167358739804956,-1.045026695036705,0.4215336079165975,-0.08554203516339026,-1.5701800813106392,1.782236672457364,-0.9620859288405473,0.2693726531671528,-0.18162882092688037,-0.049434283759099217,0.223248197971989,0.6539842082021107,0.44414527501765266,-0.5112262146578711,1.1998958132990756,0.5718179122073582,-0.4547692154853305,-0.7200460302074004,0.8009109859719423,0.5965473073689761,0.7080404237345072,-0.12575021055681682,0.9432455444130949,-0.7612388647698468,-1.1825794327363943,-0.6779318309339079,0.45673988914504593,1.0367034994619704,0.3274763862983182,0.20793912755231825,-1.1372373549371309,-1.005867625684402,-0.7371032828735448,-1.4103883217546958,0.15587637908085222,-1.542325133744216,0.5341646274750309,-1.4140455917453651,0.2745127842536379,-0.800338709406051,-0.9969884487632827,-1.3576621349484184,0.21088732316297829,-1.142014834143979,-0.3713766653733518,-1.3631639556120516,-0.1863107355725532,-0.310096654337781,0.2780474759113805,-0.4453121305007934,0.3543650777715669,0
-1.077502129126888,1.3146684511279172,1.5879311528224747,1.0406180766259459,1.2315761277536594,-0.18006899110585692,-0.5719954762824658,1.883270951913315,1.3627867306702761,0.29791936502270816,-0.17017891936084173,0.8342511685208409,-2.998286158531422,-0.8436960988129472,1.0477991086959735,-1.699377990199394,-0.005056057851464924,1.281950784874135,0.23147716567004786,-0.5120617455360936,-0.22523943010540776,2.4000046494828218,1.5958626501607767,-0.9523567959973425,1.1021786792488064,1.0345653959086865,-1.3971618197746416,-0.40180939130753635,-0.36480240367069106,1.7134173284872545,1.76584500262568,1.7199958941536906,0.5399112036898402,-0.20940199154261183,-0.5037050116546055,-0.8826165532804023,2.4380843378366994,0.47130278976301276,-1.3388286008993808,-2.568977603146741,1.0648134364739983,0.7564585898007484,-1.0274626491912215,1.12037488921855,0.667004572226052,-0.4354578525225522,-2.002143561044081,-0.06184895513383376,-0.9851341897695004,-1.6684003407088694,2.446957706996726,0.4693686522320949,-0.9931361924978424,0.9927067306545622,-0.8880562314193525,1.115339112142596,0.09751079249580191,-0.38122202332540506,1.8500343273079096,-0.29339764320964384,-0.74656616421278,0.22172184589083208,1.1033652288042513,0.6428704201374497,-0.9436963661877101,-1.218530923926504,0.372898870301115,0.40112952889512327,-0.2038673624593174,0.10371358679495968,-1.4889068971795691,0
-0.5434370644937879,1.8582204825983373,-2.051569693351797,-0.5651166714615408,-0.9943224053234112,-0.14459424562088238,0.6048848512787116,1.3148727567384912,1.8841610443210193,-1.7844166156742625,-0.5786304824424576,2.335036868007913,-0.8240285682578938,-1.710174257162851,0.4007282816645801,-1.2034079744568527,1.7548883441779506,2.105549605317942,0.7593352733855655,1.7063397794124715,-0.9413400462933403,0.954834182058713,-1.4787602249289977,1.066675156739628,0.4927024043194588,1.1822378601022232,-1.5152785813801914,-0.6590860568187865,3.7290800725403903,1.1515612228062346,-1.7691597440603268,-0.6527380056708392,-1.2206566233332337,1.70836948731574,-0.010937349272055162,-0.5908307078640264,1.3137417024102855,-1.5635856680426143,-1.1424179776718053,0.32474074022298527,-3.7312143118526775,0.9246202491598063,-2.410632578428643,-0.802045406868815,-0.02470893247622566,0.5671815182698403,-0.6306650532964592,-0.3438644589681392,-3.006861652746324,2.0821023447082236,0.9506157128713227,-2.999852096902044,0.3378354404980286,0.11742605700721623,0.775069220828295,-0.9402878958058136,-2.044021045763944,0.7229901362304928,-0.7963697354298938,-2.0567762004739407,-0.6118868484099065,-0.2493220440033366,-1.5741513653695542,1.4182841224729579,2.6638630884630943,-0.032689436518843325,-0.4869647007917926,-2.562336517435339,1.0165018580470253,-1.4962606553722495,-0.5036400300984708,0
-0.43092498606947127,0.38753086253395813,-1.1656236902199513,0.7679894538607821,-1.3328870382527396,0.1058783435952159,-0.4097975657149961,-0.24555006884791664,0.1998530521949193,1.257110112294405,0.5752310595148556,-0.1012061265668402,-0.3465618897880657,-0.5788705293204579,-0.5766665548916508,0.27263306401213167,-0.09632200163052054,1.57155624245305,-1.20343377084571,-0.783265662133142,-1.3895863094242982,1.3459191507035193,-1.3313447246434236,0.15749828278008446,-1.2966753370390587,-1.2981902632849691,0.2835185186215517,0.4046168546729402,-0.6553851385069692,-2.068021058697275,0.1107177445530858,1.0435689866169815,-0.705470155689206,0.9134922869700653,-0.8722074174048879,-0.17611740720189364,0.6805457391754436,-1.5924961685774395,-0.6930867325618174,0.10555059493597348,1.4896905298551963,1.635447818535562,0.453104229602917,0.5205947234147275,-1.2715198053517507,-0.44292889170580246,-0.690329844878967,0.10234002195861379,-1.3527934207813879,-1.475625955844418,-0.15300081106088254,1.046044854280475,2.0685772215273603,-1.0258910679107438,-0.26778989580238677,-0.10487574779152718,0.6794974866916875,0.15864984075469082,-0.6342359072323563,-0.12443156273156586,0.7845386291753877,0.5693371687761458,0.9586643955806601,-1.1488735962457572,0.014121465605284725,-1.1392804382888349,0.02089728231715212,1.0222670122276025,2.281676564881017,0.4002310023358424,-0.22947575413833413,1
-0.6004407571131287,-0.39555731188297233,-0.8444556201783799,-0.23404542017859048,-0.9386549426809456,0.970914839755699,0.13064220318521413,1.58930747338252,1.8766933684997755,2.5028817701837545,-0.5301977789617688,0.7522344003806795,-0.4523932439706509,-0.020107126653150016,-0.5685723316178961,0.030383339181633797,0.012370731853553748,1.1736691229991456,-1.2082235759511157,-1.4414069264184997,-0.5371328174650151,0.5929667786822779,0.14501075621149767,-1.1738777567325591,0.11283925216495003,-1.336855047457299,0.4325192730547334,-0.02100389302930157,-0.9413527338595302,1.6421515026989209,1.308281406335477,0.5335858332828352,1.452208816617073,1.1774154596721436,-0.4510810382745887,1.3613343364569592,-2.4051968939149893,-0.305289571298603,-0.0044854578686725636,-0.17038633821235707,0.1255161318949393,-0.8764100199330321,1.1496356063812447,-0.4128164766198223,0.7653704873808024,-0.7476382522262819,-0.3159610967301042,0.7596095780253042,0.07582656459302207,-1.9139572185467566,0.9132328174616088,0.011012672463109965,-0.3380956628456487,-0.15176265225757232,-1.2391695097579236,-0.48707306626725966,-0.06489642340058281,0.5814035337299439,0.6926878523230575,-0.09893124090727094,1.5032976077833757,0.25349142415410997,0.9090478270470072,0.9107696942933212,0.04433712818717928,-0.23422457702369423,-0.9615429179943847,0.2801605056120758,-0.1954351669106901,-0.3546949990674266,1.2626086680376931,1
-1.0561117452725908,-0.6347681255267033,-0.5456352848282271,1.7391211821747112,-0.4809603383056782,-0.46272371832467873,1.0676162654717096,0.010998264669167484,0.23571007552526832,-0.18129656376995099,-0.3666803082488382,0.8852352420411457,0.25681413075022,1.2646040044494604,0.7843772228514055,1.1312226296786867,-1.4315539074022614,-0.3840894069188032,0.2692447470111062,1.124158730589645,-1.1099255522233569,-1.2839519294091166,0.23985945561091235,0.690843722472369,-0.4511516686799594,-0.6205189773351729,0.5408019049396849,-0.5073647722466793,0.5127160166642513,-0.07211532655106281,1.3246875096072832,-0.1420168657042381,0.07286836747346542,0.2555039290115448,1.2038514658856254,-0.7588316856735381,-0.02974579523889321,1.7124505615571728,-0.4836218320451143,-2.5253036051930766,1.0347329969206087,-1.1217570257395597,-0.7012571270370853,0.3883948096408077,0.7173836446048965,0.9295847274845952,1.7053136399899982,-1.340375992506696,-1.819675633531475,-0.815530042367855,0.07675719304678058,-0.6784774538554817,0.07542283424801421,-0.663425002360603,-1.6213339785964813,1.0989086773129342,-0.7827074018485486,0.5372353419973986,-1.2811154054018699,-0.6856094796855093,-0.40073996032178394,0.10631253364954191,0.06999449736125933,-0.09796815514364332,0.7303600405815514,-0.39805744055543424,-0.5943605511751393,-0.3138392351288468,-0.7107874298471551,-0.1846923808751796,0.06580619892925597,1
-2.4841555451965074,-1.1284631238037506,-1.5637642180931517,0.4591321267059823,-1.6956539058652473,-0.5800342526914343,1.4112320193923298,-0.1235572913315603,2.356505832060147,0.9772203909163606,-0.7473928967251331,0.19601841935644237,0.4430676553728002,-0.027084230443184008,-0.2801441474641044,1.7217640467459805,-0.30999454014768696,1.1165346221023165,0.826627602315705,0.5840847289992456,-0.3466346046119509,-0.3929013347348555,0.5718935908574525,0.47853441050075485,-1.6796430737220804,-1.6497482966601176,-0.14234962775006743,1.1508001743577472,-0.797422735613238,0.5342560043573701,1.2201633843251964,0.5189605069387555,0.7640554670300772,-0.9000167872074952,1.452100110071828,0.9764207025601555,-0.7742621404953094,1.257617838604362,-0.2581436051406184,0.21084578214858518,0.8541737216155083,0.1771430809082382,0.1379527013453668,-0.14531515410398038,1.2872301641870612,2.0239924771085924,0.8077642682543573,0.2490681083196399,0.6144531502396414,-0.6220286978206797,0.8795765254085257,-2.1241062339197616,-0.45321006760025084,-1.3166425460329145,0.11968458569213648,2.9707771086196404,-0.2919185797811067,0.9076229599010386,-0.10578423155353832,-1.109864772857793,-0.7205788515905921,0.949837833856071,1.3245677499516162,1.152592078328079,-0.6336791113857362,-0.07296089958741411,0.15088170192041625,-0.40690785094787657,-0.22127454203883914,0.14564102250758468,-1.5154671058437308,1
2.384213889140232,1.068022805233673,1.48472364172958,-0.016295102439525814,2.2151696107429735,0.4136966645208145,-1.2219937648371237,-0.09727987357889237,0.46361693049351665,-0.45074680376422394,-0.10263342462642094,0.550167265314528,-1.3308979348846597,-0.7665877531586318,1.8039892583006383,0.18078126412739967,0.41302475116333226,-0.49024082346219233,0.877703154827757,0.4483536597673243,-0.41347254935504263,0.8431490541450564,-2.1002935988393236,0.7592988598957856,-0.03198609223268359,2.1911422813130423,-0.27642273598571265,-0.8476335051175594,1.6769904403442617,0.5601416762784184,-0.5516265164230962,1.6260543194195487,0.5343687562906092,-0.07554007055001513,0.7044947224353266,-1.9877438115796744,0.6708401292991951,-1.3465737826947046,-1.0719136006981858,-0.11769689225043811,-0.49191393108614817,0.6320246531895923,1.2990838353679408,1.5150092538703013,-0.596541697688804,-0.030293398918152588,0.712383756002174,0.11813312877539225,0.2553900102394605,2.613332216710436,0.027278608461666954,-0.2283291243750308,-0.8893552213491985,2.302127894129734,0.9150190132681101,0.20474647427553694,1.6275566149098144,-1.870242659451371,1.4612713344478285,2.028139361906811,1.6526972363759593,-0.05397002826184227,0.3069794647690399,1.0851079481822357,0.06120746513546231,0.7044283074428404,2.864867989674204,-0.6520615681394334,0.35268190014199957,-0.893489076090437,0.6295224121128491,0
-0.1491083378370122,-1.6944149680971365,0.9285870597888815,-0.5076772432584516,-0.6820291428030074,-1.2800031535775862,0.020768310063920742,2.86415868379976,-0.5717678263124566,0.1898249845128541,-0.9763960167426272,0.5445677280539981,-0.34718581772379276,1.7951151129958083,-1.5463979847557223,1.6134977970022342,0.3788934334303768,1.5584498765452084,-0.8680865681164439,-1.5259982380614052,0.40234942329950985,-1.0197513558737623,1.0328250249339903,-0.767089848587956,0.8754398800189852,-1.4793617266022594,-0.17765504672304924,1.7339079228406267,-2.3024941552299594,0.11529367768358877,1.3913766840672532,-0.2599038052460044,-0.2885370442844876,-0.8842677139879289,-1.2836395573322912,-0.09385688587044635,-0.02598486723369211,0.9357950943719185,-0.32243274162879043,-0.16287172170070316,0.8721417726070958,-0.3068217053518233,-1.4160023370648405,-0.5970780762046195,0.8316250835983822,-0.08839134734430346,1.4161960931875408,-0.28945127474545035,0.9738791518862899,-1.3348243204921855,-0.3941207395555649,-0.7586289880907432,0.625982001139343,0.7945829119637798,-1.1420779573188988,-0.8879522202652959,0.6591271505802659,3.2306243453007997,-0.4347435871845438,0.07222778939013311,-1.421060432298143,1.2049770033854381,0.14190156028781312,-2.94587385212048,-0.16233444511702344,0.3277774538009919,0.8133961205650397,-1.3003401780850172,1.0971664873109805,-0.35932944863761546,-2.6327785064560687,1
0.5576913799070176,-1.2188181450010551,0.4678542079022333,1.1300204415256525,0.3058225737400227,1.9484761546827722,-0.5494471660730821,-2.4013685255563644,-0.5032483143875737,-1.5088403216374182,0.9975466623830986,1.6383429866769676,-0.8750638386647146,-1.2605471936447108,1.4678092524920188,0.07137843595376171,-2.7609782918076498,0.3828326425905454,0.052848581934072526,-1.998229064101734,0.5628675405505212,-1.1583711308598867,0.449702956780266,-0.42322551654072754,0.2462734425111092,0.7392669173286062,0.0561318073799613,1.217102595235991,0.6397978143790246,-0.7824758303437186,-0.209512045551579,0.8460429881667016,-0.7854574158615685,1.1091771317055088,-1.134514928038155,1.4303038852135308,1.9421593863015154,-0.15187706991615693,0.06476865514738253,-0.2843988616427459,1.0854561837302075,0.7185279475245455,-0.41950034034450084,-0.28266777355630446,-2.5406848417053745,-0.816657313660311,0.02010179415835087,-0.004284184459231681,0.42653572425445146,0.9884849740395216,-0.4013464708675263,-0.6242380092735689,0.2094879990582789,0.5583117870964696,-0.0966384160408265,-0.33896715564965213,1.3314419800524142,0.8803020836175804,1.2333761231902451,0.4782280701400337,0.7057573399181748,0.8278659338265342,-1.6826339109200503,-1.15514450575961,1.0034708307243088,1.0342133372337456,0.4655183993670088,-2.4042725605713087,-0.07445670685003951,1.0113881885257938,2.6976357036178453,0
0.5432884022503657,0.889271865243485,1.0185883559957238,1.5828192423450318,-0.10036713013827234,-0.1888864201799401,-0.44994065107764475,0.6503448017253001,0.2779161376149008,-0.6603958409497124,-0.9776030176319941,-0.701758562148594,-2.974594710211524,0.907274272839513,0.4198679913296033,0.044938807379831455,-0.1328645815281799,0.23290442583652912,0.3597522979255805,-0.3377436373074796,0.2922241159594712,-1.339945905979344,1.0015014194481497,1.263764744059556,1.495279160101858,1.5634303329624504,1.6053820549832212,0.01539161233503757,0.48856021123169235,-0.3652245951449007,0.9997142279544086,-0.15546017644057397,0.4195412423234209,0.1378291301467905,-0.894859629339336,-0.9503659386491391,1.460051870603855,1.6066386943334374,1.2160047221137518,0.23347730685006984,-0.5161568304048213,1.04890317190035,0.34028389448266727,-0.4296195564082039,0.47515563566746105,0.35813399883164454,0.449774265854868,-1.711096008381338,1.5935126031453293,-0.16166266373868998,0.26705540349870555,-0.5374338884737159,-2.543686412203271,0.9938879215588994,-0.3162210149895376,0.7566999153973675,-0.5926133160069584,0.43531852346329847,-0.2051838106733613,0.04107133902683908,-0.16788783957913417,1.2708485053725809,0.8662864020651011,-0.6838505749155762,-0.033183450292746976,0.6990320080561092,-0.5313269217261345,-1.79337147151665,0.013449394932607505,-1.2320155074036345,1.1981718741362883,0
-0.3674889016185755,2.7619484150898495,-0.4198548068347697,1.5496185128100959,1.7155045066896237,-0.0439175726413419,0.5760661543128968,-1.3406075993432476,-0.08191899963711613,-1.629441436309156,2.29179006720454,-1.5325035665598288,0.07919212596839133,0.07023830086045396,0.9383558179587872,1.187802321251942,0.017628911543350945,-1.274181150052932,-0.14750824167747373,1.4439852749255535,1.6336941899694277,1.8066170058094677,-0.7723006302352122,-1.1124288861740028,-0.06993712497369008,-0.08231438639398862,-1.43799091398931,-0.5887334619046524,-0.0330134353739885,0.023392857755730634,0.49786757945101684,0.0873145159672296,-0.21552489462698401,1.6552826554696274,1.067964825148799,-1.1400699896373288,-0.38766064061774197,-1.303038052329789,0.23499412980683074,-1.6370298310996072,0.9719284165102314,0.8829573277606896,-1.5899072215433265,0.6449205211873784,0.6169260831366694,-1.427117028534622,-1.1183772043127995,1.3942377252472995,0.5012542449665359,-1.29144398860538,-0.19237975678282088,-0.9846910290062719,-0.07920517189809861,-0.30156299578305756,-0.7111944605138781,0.6124267865828086,-0.8916439251891597,-0.05641202328612198,0.42010953872886925,-0.31248856359807525,-0.5606203984875732,-0.22972026186791944,0.3500279741130038,-0.9700775605181601,-0.39345635002772233,-0.21115628111230633,0.6091944738071197,2.644205979338723,-1.6943267200731404,-0.22804836139134105,-1.0990170347220845,1
-1.3393041301058728,-0.29533479805864926,0.029070498912132387,-0.02529948623139911,0.37377275555543843,1.5154508477923982,1.2319573596485174,-0.6708667617136268,-0.5282684059115574,0.2097989025631534,-0.8410639888409194,-0.7359906171432015,1.1992897195847998,-0.057926512014611985,-0.6102152131774075,0.22524570578181657,0.47856641948612016,-0.25043297439225376,1.157866551816929,-1.159258967255102,1.0661876151683651,-0.06966397673745901,0.38710886608087364,-0.29368953894870065,-1.041910818595351,-1.099173773130984,-1.001125004421634,0.5199028813071519,-0.8655714813063935,1.0710700120907617,-0.026714472131224326,-0.14145030426793748,-0.06212605979641582,0.5535930820326319,1.0448364504589838,1.2455882616216678,-0.3197432491803723,1.1807092048449572,0.0039245729569830825,-0.023045537000593995,-0.15124606769679833,-0.8067684054710268,0.27291537916831393,0.7663502827721352,-0.7304390719934749,0.8580718595560543,0.065100841838114,-0.15161796082968376,1.0500018648798985,0.5346842448186493,1.7550568230047827,-0.12153159761418862,0.366441478434408,0.5068339855416801,0.14065385990640458,0.5160155936894367,-0.9968934611648069,1.7568696786515816,-1.3739741359094226,-0.488271082987344,-0.5275430389982423,1.6335020595328427,-0.608343161124989,-0.11834889935293859,1.4897683698939597,0.10956888917711537,-0.37010577197259753,-0.07037891780061069,-0.9323814666615867,-0.22652460081391895,-1.8311193726783175,1
-1.192281854321984,-1.4154244603917687,0.35213807956262133,-1.0488860097206423,-0.2937955028023784,-1.2991503124650472,-0.2818705837624676,0.34746271469309364,0.8375239935759415,-1.5183711585856015,0.23835887921533744,1.3260704112034514,1.5497830654484401,0.03627484552145627,0.7917154006075967,0.9967959442493339,0.3726783471860049,0.4761443511377944,1.4002619346181497,-0.9010942795734475,0.6638131128864472,0.46765935097614253,0.4557077024212221,1.3811656060984274,-1.0535664952937513,-0.2566742071623121,0.9036366571815653,0.1621387802765338,1.6501066206244652,-1.3186068233690387,-1.5057148119805424,-0.3975874063544191,-0.5489179497595524,-1.776723322147567,-1.8643259713553784,-0.8695335392617372,-0.1534958415006381,-1.0711278225210594,-1.1925851987548546,0.4476682580683133,-2.1432966653514396,-0.35632335398196585,0.03868918397463552,-2.217496120048727,0.49302641167664213,0.17255088979070302,0.8235596173612625,0.8185586163373371,-1.2199653591568875,1.2278409866447066,0.04345679229756066,-0.6594360780629159,-0.7796428427994817,0.09101734444744897,-0.5705233571454703,-0.553665566875166,1.1549838950149578,0.16042907559216868,2.096226354829322,1.4361475517308173,-0.36095223630608464,-0.3127675123565422,-0.19038391251696185,1.1883738655774259,-0.34941795218150457,1.8100640574208564,0.3704807481270373,0.80753578744617,-1.1713488060286195,-0.8180414174469406,0.30203779185774987,1
0.0678562864177719,-0.9414152641255497,0.16677688258790954,-0.15551243975490814,-0.8399879080941306,-0.30502898441509446,-1.8734476244160012,0.3693663985998318,1.6278723469358993,-2.0974808236773916,0.43676390179024116,0.8189817275198631,-0.21464896387879437,0.3423213435814546,-0.8911899712608172,0.7263214183969776,0.23087781443556438,0.7942719016926107,1.9906958149715064,1.0347338531384271,-0.9770835485937399,1.620550765857818,-0.43031171387967887,-0.18567332966872171,-0.3929906220530363,0.551705943958603,-0.26044756277662545,-1.8214053646410657,-0.9913777585024092,0.7894511989454656,-0.04988890765004132,0.11260360005388377,-0.25729156506469214,-1.7759965677983374,0.44207428698356377,2.6329872427920753,0.6136214495195615,1.349882225038039,0.5383343301478464,0.6770824559283088,1.409363414186833,1.5670829444134173,0.20139083396502708,-0.9900364755261697,-1.016628029629647,-0.28372070084501894,-0.7274726392484013,0.17556746033898804,0.41799858472969825,1.4048905523858177,-0.5661509336669529,-0.10496402081993617,0.4881021023709063,0.576478867423751,1.7414301097742477,0.10407615588930991,-0.044120961573778414,-0.5885810655676651,-0.17928808559702508,-0.699922848534092,0.0036706857546065013,0.5027656779563809,0.4711878711158523,-0.9804746490160328,-0.5780034425421378,1.2385646061885964,1.2708074589271863,-1.3840169765124504,0.8165135133077132,-0.3308136946150156,-0.4421996857110347,1
-0.2825097918671824,0.4886884283345154,0.7183494703619098,0.7491862510795695,-0.8567224934892028,0.2972873434926757,-1.6508966514573653,-0.1149231842265233,0.813552442793919,0.031185744872616602,-0.9580181882114912,-0.19294056715802285,0.48460722125510425,-0.217835113163735,-0.460022598720112,-1.1692300799251405,-1.094528160500334,-0.8320397783028807,0.46966727238344624,-0.27527517395547835,0.2145373730234231,0.8806480133673424,-0.7018712906521304,-0.2968379209238784,-1.4841291874856093,0.5701477119922638,0.3127178260917925,-2.4867935766063702,2.026178987110968,0.31594720838203094,-0.0028759227522343494,-0.48342762707274484,-0.4189189914600741,-0.997663236690626,-0.8910638635278032,-1.2739423159026675,-0.033155778283234724,-0.8356736956993478,0.9867356411479118,-0.14851524032584182,1.2631573214604992,0.06476939435046114,-0.4478498888648019,-2.2335383154743518,-0.7051375466123934,-0.7772310777013387,-1.0740266582346747,-0.9501017680572847,-1.3634104705426537,-0.9388362540103198,-0.05687530482842304,0.8290430330590878,0.06294533567084454,-0.9198844028431629,-0.1870047787915418,-1.3921445671988129,-1.0651860593500135,-1.0942259438061102,0.49915839954870256,0.19429811692665352,-1.0508406904983432,-0.6986035305173477,1.1387444032542777,-1.10155617141782,0.8991310128678355,0.23310006172488332,-2.4559100395766267,1.9221213691592878,-0.265715255140726,0.5432411733823546,1.0832285017223162,0
-0.6251152875730194,0.9007449074916171,-0.12386978196956656,0.9831767241591013,0.3728843165001868,0.7749278284883091,1.1585159184736942,0.8132335245424057,-0.47609407174529217,0.8285758247495456,-0.6403684545766138,-0.02173514763841538,1.4746172452479382,-0.5562849926799829,0.230876262156377,-0.7284867161982104,2.31158443560883,-1.2429417666182188,0.034683545055186234,1.5657622035703205,-0.10756701378189241,0.6333354261603575,-0.34398887445164694,-0.9306473811448488,-1.5583344308527096,0.039326054308540366,0.27277917814909375,0.34187640628257565,1.8171974389989962,-0.6582904936687681,-0.42889603168787355,0.7121660078882237,0.0058622896603763505,-1.1665155011474841,1.444289712506324,-1.3833130383794316,-0.04121778788819444,-0.4222775448558687,-0.6649011619996309,-1.334367074002554,-0.20892004892855795,1.453852891719589,-0.051559057293280114,-1.041339917479189,-0.12865134772954442,0.9776390716638557,0.7906507341660942,0.44034843024372505,0.2894637000165601,0.9449826520022915,-2.0406745064629255,0.5277532785449879,0.597810843221126,-0.2245962955313149,1.5005825171630707,1.9023020290293786,0.08465899491103883,-0.3723209485163772,-0.9539207894668853,-0.9061900325015564,-0.7892741291181914,-2.6729554154442825,-1.6447988206260375,-0.48630364472788384,1.132763054461611,1.0360420922424067,-0.12578223398444482,-0.015469467703620166,1.8588647778577738,-1.5161345827504196,-0.00772357485156295,0
-1.1127399465871997,-0.0665004035054087,-1.4529424195931262,-0.036022300856453124,-0.22590561635791706,0.16091048592438612,0.30608290201614974,0.7828275625801902,0.8938585279109386,2.0640135151980585,0.06571663380827017,-0.894841335176791,-0.8159768228025129,-0.5364563826396797,-0.12113397001992891,-2.0249869006872148,1.0797439012640069,1.880555277393167,-0.5331192086344988,-0.13762515893977526,-1.04849216080165,0.9414070834224098,-1.2237694233855854,-0.5437008914897322,0.10972518307682316,1.478678578806738,-0.5644339198709889,-0.3699140985962527,-0.03826713436190275,1.069266078765052,-1.8561846816891197,0.04597066145515531,-0.414031887716982,1.0139509929182045,-0.43781610540288546,-0.7381559929584364,0.3242350195607482,0.013537055438284947,-0.07960426708224753,0.01842306588358883,-1.834069309425733,-0.9964043452688636,0.25047199070607606,0.20064793645108783,-0.4923525385689834,0.31269284169027944,-1.899034021772782,0.7049812264806026,0.010470877983669033,-1.0081477601289002,0.4703919501811685,0.25871634547605427,0.8164345747454532,0.18331541513795133,-0.4656259407892794,0.7975498583005551,-0.7580875380526312,-0.10346411771795246,0.28010987509588464,-0.12387929311755733,-0.16824316015762644,1.202602009369381,-0.6884772315567687,0.512979319072878,0.38160541753197935,-1.4609620957668983,-0.6604451643104204,-0.03493059281232819,1.2166547178624822,1.2739848653347379,-0.5142874420657848,0
0.7896906388860904,-0.9660313141155622,0.5198486214027765,-0.1738501482453986,0.539506134383896,-1.8195273682331172,-1.6553198399912588,-1.134965506670705,-0.5172683528585212,-0.7049970882718346,0.385917854675491,-1.0473092522036251,1.1470457456911927,0.25860754745701164,1.9703149547305947,-0.36969746176624635,0.24123711193463787,-1.0946538691183114,-0.8624076905000578,1.9650909744458054,1.0144960009374406,-0.9710587421473819,1.257637010946963,1.8991216704459677,-0.1319457024230547,0.14248603663670317,-0.26092198490377305,-0.007732360500982904,0.8760623595426489,-0.7489621118017604,-0.5326221200632941,0.21879964001232605,0.4124172048394119,-0.01019426843645981,-0.6074113592963696,0.5697364637122857,-0.6866930183154223,-1.4650244458604735,1.3000648134733774,-0.2814262765546218,-0.18404824314583013,-0.2049241415320316,-0.6931865165476871,1.0081127019607723,0.28582756703292694,1.11574186521265,0.36245066147200844,-0.6174158773735436,0.40368524818986595,0.7955146269074518,0.8035334922796459,1.5204762450947928,-0.340456308490099,0.2860831900165632,0.19634093112974552,-0.6583310267150738,-0.923054118162737,-0.9889619142486689,-1.3371471247117095,-0.12433562136934596,-1.117332268964071,-0.612196718980643,0.1201649322188675,-0.49373796772015605,2.41156518456905,-1.137595100676272,-1.4342697465188585,-0.03565748635287088,-1.6200503010248564,0.22883426749514046,0.8069044750064668,0
-0.6024229530546128,-0.9184239807829127,0.42572200633070256,-0.06228259579959906,-0.7191420462473206,-0.4760336640838707,0.46276513101349775,0.7062695772040989,0.3420048385428603,1.6803133644856474,-0.6215639268341233,0.2638794560122978,0.3806410797001319,1.8513874668247494,0.5126106561267787,-0.7893884139231281,0.09853401256049805,-0.948428146848474,-0.9391684474673774,-0.12537446954588266,0.13356227014230668,0.3791272441441921,-0.027045051475530515,-0.8197030947661359,-0.8092314576467611,-0.49335326063008045,0.5422521873408528,0.603475694672024,-0.7020777218982689,1.3560499944943654,0.22301806406804459,-0.2625639353759824,0.7835202401931027,-0.2602003112196848,-0.741461133328966,0.32886398872723954,0.21878611530290684,0.37033320063294933,1.5005258495532605,0.989920401040554,1.2110934929791268,1.0420613462211732,1.5780897378681684,-1.2622072836607792,0.358868771353436,-0.4704434874641006,-0.8546318523148133,-0.7414482176724818,-0.605019091389321,-1.6551122087193912,1.2580260260655751,0.27050158378913536,-0.7616391225166547,-0.333054267299135,0.12842055102038286,1.5515979375235525,-0.4971993636588029,0.24703391374708117,0.8172823334497779,-0.6386351165188706,-0.4706024040632159,1.7884820109009771,1.6070508735455311,2.8373175947667097,-0.09295906589298589,0.7183342836179095,-0.3541922851148067,-1.0757171542628587,1.348624471344706,0.46456598538750454,-0.7222980039241543,1
0.8810086278362024,-0.6366843581590611,0.46837460044102114,-0.009434022309584485,1.506327844447842,-0.597893517748126,-1.3457823757296237,0.6199430950746481,-0.9590777494980759,0.361706583803837,0.09998003128268432,0.45850856837978354,0.05790434816587865,-0.22583384038101478,1.4730361864945511,0.23829298428060078,-0.47429527956229883,-1.0149578900271559,-1.1260821963891723,2.6776437343387123,-0.4605617531163591,-0.4598557498757783,0.4272982201868952,1.7774420355594789,1.5213722763191708,1.0168652986475433,-0.37711658924093094,-0.6041128039290253,0.4440978741665332,-0.009540223756606212,0.3411340327918551,-0.42991274436968985,-0.2094528157843068,-0.9333290103874355,-0.6585749416623022,0.9500439561016587,-0.9303916603824806,0.148790847893552,0.13347462865777004,-0.45150554339489096,-0.5220065769481995,-0.4413291697134236,-0.09920969101106762,1.1085998937309016,1.3332296430216555,0.690633542143388,0.49631625637694504,-0.19423512736672197,-0.5626435567477459,0.5273303571538912,0.7405860932110016,0.9050694328422778,-0.3824437315517341,1.0710020096688762,1.0798215769396637,0.09986109595198696,-0.42251591042032305,-1.5333272845183652,1.0011460639146104,1.2776823544943312,-0.5330247641479696,-0.8711421727226943,0.4747625338338536,0.09504225930703464,0.16409154948845747,-0.9321411552482143,-1.2208956100040533,-0.8128811230340472,-0.8516696624000746,-0.2919333510064546,1.045115138251195,0
-0.15698147470127577,-0.37949930758472483,1.4202269322370402,0.5398744469950546,0.4579182973582308,-1.3777577890682435,-1.8381323142113253,1.318371052459637,0.7252186699090581,0.8268832237459304,0.40326218571105826,-0.8119071539493411,0.3816548210477607,0.07075958144317186,0.04713144871199886,0.5047960778108292,-1.4278362718064401,1.213814310351866,-0.8840725171352329,-0.45964710606964226,2.7618683204939543,-0.46095347495614075,0.7949499142639335,-0.08088175424508944,0.38662470741737814,-0.4135685618089435,0.049703988843454915,-1.119586397245722,-0.23148912259612597,-0.6792889943853679,-0.49575339764784127,-0.05824598099950019,0.6485813197873674,-0.6045537022895163,-0.11234161307728528,-0.6676101870285853,0.2583465399309757,-2.4162221245826316,0.8445193035242221,0.648033465762512,-0.17080640025005808,-1.2236205592665514,-0.48224290281932086,0.9902494453795606,0.3120158019426667,2.0069257799745577,-0.565132440237768,0.039950074246573,0.1018006240248553,0.8119425193496838,0.7673562557766755,0.6412977614479394,-0.197197796940501,0.5474487081375919,-0.5826555691013917,1.25916069406023,-1.5913782711434392,0.5994384640791578,-0.24052954157378426,0.9050956946804172,-1.548787448254209,0.1549263390243277,0.7999418085075846,-0.14274542884114771,0.6840847279615686,-0.22750508085138108,-0.7868601727902282,0.3505301755924615,-0.08629854319312698,1.1552925644282612,0.5190312037459884,0
0.42226920679917546,-1.4476431815935922,0.2941830931217534,-0.3368851473044117,-0.21732125014521722,0.015711047660917073,0.4842443482970505,0.892902948476906,1.5613322739056925,0.19307491362947818,-0.8043533603575475,0.31641112354228995,0.46981968244820177,-0.39197883602325767,-0.09282212140209943,-0.16295641780573733,-0.3933054781176738,-1.2468804397483573,0.9014388681856743,1.9034133301877658,-1.2031263879469336,0.31731300251122474,-1.2799730108476828,-0.43300366792124406,0.216888426090686,1.2842410819560524,1.2457615197222496,1.4092037082334221,1.863418421326055,1.433518330259925,-0.7194794406875616,0.3074649533130614,0.2775874457862583,-1.2361620167651137,0.0076173846035902625,-0.700327996219033,0.016654321798425034,-0.5081524813896712,-0.5248237153021658,-1.324254820916723,-0.9360958976420126,0.9487362918417784,-0.6176043147096771,1.1140012206724694,2.6227268232594128,-0.4656662712938923,0.6516803105662448,-0.6325705687786078,0.5601801671793674,0.11500361507084764,-0.03646810830711889,-0.3471462683781461,-0.31158562864999123,1.2518086562133528,-0.11960466348030352,0.7169797958696018,0.06348195202111355,-0.3672848177866304,-0.1267441878025,1.147447134012004,-0.49381477238492244,-1.2502866184483148,-0.47844028765062163,-0.28372547236985785,0.2449864537003244,1.4870907227848937,0.42382223217601944,-0.6644713676163505,1.0526821329068947,1.0263923282987373,-0.7311190292003255,0
0.6648676641938751,0.4722178320894185,-1.490868472221346,0.2596719433807482,1.9101384726459543,-0.2641900100312087,-0.44974128985291073,0.9845707276134456,-0.5953455480440938,0.8397594078183873,-0.4236505163990465,0.6419508521329799,0.16594834240756937,0.9716519605211958,0.21954731014908022,-1.1601898485431918,0.349538904046858,0.002943753165706671,-0.2631994998196131,0.7224640942398901,1.7162902945682625,-1.1934581787059921,0.23954354119760088,1.9190760588046913,-0.44300675473717255,0.34692879926340603,-0.954018241147981,-1.726839878759453,0.7995915078809419,0.816280900457823,1.0198749581449822,-0.7752365811374119,0.6502215012301458,0.26857736596861886,-1.1480180216545028,0.11448695192858399,-0.9500486580562191,-1.1120296227111501,0.6926638039629814,-0.5935438455981454,0.8164268442556827,-0.375898876180177,-1.6542266006892197,0.6402949154938331,0.007688852857032228,0.14864392991064218,-0.11719580459732373,1.3285078637215362,-0.8242860156551309,0.3834665545846877,2.0398881025258384,-0.10761758316036643,-0.7595647034714429,0.5928157338026233,0.8036809367114569,0.36327331585490286,-1.1734878498847663,-0.552098640144737,-0.137886504618426,0.9883605489323233,-0.3915185004131834,0.7390060828155445,0.12795124252560536,-0.7430967307764619,0.5979272096006677,-0.057044308913629146,-1.5290911142181944,-0.8912068431015878,0.6147091123938224,-1.5045963974241559,2.279266072232361,0
0.7082436781552506,0.22233205384421403,0.26315788045357696,-0.1694986588166208,0.2581562413833748,-0.10685797092673308,-0.8426839310978959,-0.042381364383995285,-0.7015957212147619,0.13699107979610112,2.293976969008629,0.6347997190680825,0.1319995235184121,0.1464411208186112,0.2712721272069896,1.0759830585650592,0.2115891555233445,0.5829562065236386,-1.3078238938640567,0.37948885769059965,0.3099277644412775,-0.45757125456893766,-0.050124418572378926,0.6067176495375566,-0.16246512523936746,0.47493776761991935,0.39313347489321104,0.7928104183980856,-0.8187234606736334,-0.3190880891690777,-0.07619608335709589,1.2233767281610977,0.4334473894870923,-0.40111579855499446,-0.05249492653164427,-0.07234440734863862,0.1241963532500613,-0.3971953259890511,0.6848406511762319,0.30241913767914036,0.6324005661079534,-0.3989867985820972,-0.32996117652029355,0.5227248393609526,-0.4853224070600138,0.7798978258315105,-0.2592427206246835,0.44260639411057967,-0.011174906858314435,0.45581634826416545,0.29307116338245187,0.9544559297039684,-1.2024720187567401,0.22276938342757197,0.5590066305581642,1.3500223412497958,-0.0979592458894323,-0.7106448656675293,-0.10422644803356576,0.05969624388998717,0.9842551924476505,1.3164557822079275,0.699976745615126,0.4040423710539036,0.9446023816723661,-0.49458878163587017,0.7257209283628744,-0.49574214411891704,-0.554162891837137,1.5046498718836587,-0.08632440511193132,0
0.5612338061304362,0.11306922207725095,0.075607672192123,-1.6766472346271948,0.7075159822083819,0.8942134767598479,1.5107045300889053,-0.4918964492283402,-1.2036996464059917,-1.1359759524286108,1.3616629046742317,-0.9487542111097106,0.3249411369558027,-0.9010312680341815,-0.6880053842733654,-0.20975750639892124,-0.022943835945479284,2.026289645294866,0.7747205488393625,0.20501199315854943,0.4959039055737103,-0.020571007025404958,-0.2848368509043695,0.8577337838709422,1.8534145780930018,-0.3555688768498629,1.0311732726914165,0.14692276410605323,-1.5166429830101997,-0.11442529931954153,-1.6128479565019087,-0.5759904150966927,-1.1143299730519352,0.3342225598195516,-0.5301344042615868,-0.40690398118079063,-1.758602160162611,0.7693367578705773,-0.33580125256620114,-1.0019992053581803,-0.666727895262532,0.09069846185381988,0.41582771384948897,1.2374591551543859,0.43710401094952955,-1.6595678960841322,0.2721907426796453,1.6204944811981552,-0.06959409739925111,2.398780643423613,-0.8719495892987741,0.8612363048303968,-2.248303816131346,-0.1979447408302259,-1.488089440366467,-0.6047458611033963,0.7961856996219142,0.07191339118846903,-0.4866727485034944,1.0269877888053205,-0.2294091819457148,-0.7243286288854213,-0.9400782185499689,-0.43859597080923146,0.19184455642248424,0.6364181312192502,1.3877510507847481,0.10919113818320403,-0.7633688065787257,-1.3499706246842496,0.328848575195244,1
2.0641257496298766,0.04168626018011005,-0.5010106909421348,-1.1134046841956713,-0.8440206560223061,-0.5379090312376839,1.2165672660748834,-0.10099230315752958,-0.18786930591370746,1.3592041391130643,2.8070053292109645,-1.719198802551066,-0.8820782410788409,0.7740546096223679,-1.8095671648574683,0.47819145133771956,-0.3445460151248825,0.7638509054076167,0.18822479127746156,0.604964417409718,-0.8581935639158811,-1.5525155933901873,-1.8827784548177453,-1.9323263904823087,0.9761775087515944,0.44417851074879044,-0.10755805011106373,0.4884437921470993,-1.672503208417665,0.19746762243831428,-2.7932537164759164,-0.02226824986112477,-2.474821259466871,0.5987079904841907,0.034681950383875754,0.29817978996741273,-0.9695043997902513,0.218866982473113,2.5041185422407564,-0.40569916331308487,0.2516866275937717,-0.8831645810972569,0.3881165175119615,1.0104405965983152,0.8459706384583525,-1.5463387614989008,-0.656961495938201,0.050036590780405614,0.44072383440144186,0.875354525022439,0.629494016378711,0.42559723350780027,-1.188912116142738,0.78754728945033,-0.5369090144207995,0.032293137135915514,-0.15408690461058028,0.36583092262619243,0.45482794997175907,-0.3546486880100442,0.38840849432013524,-0.35101617369843063,-1.137234833052076,-0.32281053571734764,0.4078084656859279,-0.9663850861421421,0.7690338458785504,-0.2542460775528571,1.809562187505958,0.13093554293253343,0.2805308348958841,1
1.2837920463727788,0.10102490475803916,2.391738064636083,-0.14988435527082603,0.7349039617166274,-1.2774865223854606,-1.1756709343738185,0.34895937669320154,-0.9711594619038347,0.7767895956107459,0.04893812148811333,-1.049372936602898,-0.9763927885011574,0.12474870775965222,1.2764686556648468,-0.5984015715438159,-3.4027700756504498,0.008853649740880218,-1.6605809789126307,-0.06797378409191104,0.6622098386763913,-0.43437132962179276,0.40357840986890375,0.8054241472191186,1.5412287207569044,0.01890544313640639,0.4867124624127932,-0.4700565501092157,-0.7797506943227991,-0.8445782897147253,-0.9600438791538086,-0.7912917683794329,0.6908152840126359,-1.7330515001568698,-0.582732323026551,-1.7239812355192192,-0.9269999275426225,-0.747353781935284,0.9312147045392708,0.029457316874237888,0.9088853546560313,0.26429832735047476,-0.4127139121880984,2.5925304684964163,2.103469922832774,0.12165042344242034,-0.5635398728003586,-2.1061759516292495,0.7807611432731774,-0.20208879449472084,0.051538756625173494,1.0947151628089036,-0.6104226877860855,0.24386385617855497,0.1688662246730836,0.9371993706834947,-0.4523817346869458,-0.34923279012157676,0.024025703026742146,1.5542934361301575,1.8294792114993077,0.6638730249811466,1.8981566320646124,0.28311859134931233,0.27675689799011555,-0.9752278428549894,-0.13331304075335604,0.15342235806732804,-0.681242635361904,0.41683354934626843,-0.29076726391728513,0
-0.11073502700766168,1.2151411181018459,1.669288747779329,-0.12650547367257697,1.9564887710942902,1.008348273627205,-0.5560984015751679,-0.03748686168373491,-1.3419968926467778,0.09045094829899317,-0.7545066100403367,0.5327655697833299,0.5718137549322748,0.43064353148252543,0.2569695417127782,-0.4006358444808494,1.0742991728045395,-0.6182888224190695,0.34018729394504515,2.085233061367586,-0.5192842058199011,0.5436120114511194,0.42201016550782355,-0.90433207869916,-1.2500121690557637,-0.03809059082981248,-0.1969475857051904,0.9518194380201669,1.879842752047575,0.5050432147099236,-2.0770440887579116,0.9107165741305409,-0.032224423644864365,0.2846460562696153,0.24978519697110943,-1.7020974579118056,0.30757158439694243,-0.20417728733188611,0.10014725968561404,-0.7297332054581389,-0.36393990430138606,0.7877972279523909,-0.4689627158183857,0.6842728617599175,1.1469245172993938,1.0653670028368094,-0.02700812232999002,0.9904866552288387,-1.022885534808842,0.8618170410513588,-0.31895259047874785,-0.22482279337182937,-0.16192971870911838,0.7398943388759026,-0.3423271634858857,1.3864387839105392,-0.902258925760045,-0.1471611692279212,1.7212092591134311,0.6555725632830834,-0.9143665868502348,-0.10484818766768673,-0.7312838690825565,-1.59626365865543,1.3728176986314096,1.378232861652855,1.2384691513277264,0.6148792565541058,0.4648864365174452,-0.7477247682927098,-1.3410497301962816,1
0.6792444557001137,-0.8998829643853026,-0.2651140742936612,0.7684759644539266,1.3261423044062013,-1.7348763063003168,0.914299162074148,-0.07837935636066061,-1.6960926857113623,-0.542498952842783,-0.06306968275606986,2.3438547509535796,0.7786785600946787,0.01591750065413221,-0.7742053359584348,-0.28524758723107957,0.15218364864070036,0.1123174555225349,-1.333681314799111,-0.25907444854189665,0.8354398639990956,-1.28122229874469,0.669916434256362,0.8923030443676505,0.6624587547644308,0.38852252505208723,-0.6784589769189192,-0.4750569629281393,-0.4965266926983686,-1.441025498198278,-0.8012202310709444,-1.7237658981428041,0.8482099215772312,0.030219880742536797,-1.6548369041591078,-0.2364189811400787,0.31684029758986165,-1.9302522125967005,-0.916450418697091,0.7273212926814788,-0.7074335704612071,0.7321589149636086,0.13098435744086315,-1.057072136807681,0.4128634098343476,0.3500698723905356,0.5271326660005672,-0.3361332803402196,0.41417241101180957,-0.9087076829128105,-0.5229018815159377,0.6688019122000569,0.023251205846015158,0.07574917320726823,-1.0045689097885655,-0.5512105910435161,0.5294158384287072,-0.28403389918519967,-0.35063560782350106,1.928672337381003,-0.02692892748808854,1.293828210716381,-0.6139150688993857,-0.1967181993788903,-0.3617160027357177,-0.2486776142990191,-1.2001961011759419,-0.39178324193528913,-1.2007733219096792,-1.4603000793507297,-0.9771176111665769,1
0.46792892144625786,1.3787626866473277,-1.0810720993612482,0.3546193423015953,1.8278015540731805,-3.175892595542184,1.516470892957864,-0.8094400903401432,1.6094305967625526,-0.6212586329228903,0.5301418738755885,0.2237702020963864,-0.47826899959687064,0.9667038678698929,1.1001646367278257,0.24852829123927256,1.3327506864094074,-0.8478419705595743,0.3715572972011482,0.17817095880750855,1.3516289209127421,-1.69574356371858,1.4221123300018021,0.8443857917838739,0.928661866275347,0.5757689989475123,0.07082584389170377,0.4980380794048043,2.453251394101793,-1.5355127373157196,1.9653503143738251,0.9721055775015287,1.8576575796296821,-0.6082435624568479,0.005301208232713563,-1.1020449475034422,1.547682206882039,-1.4704555732237938,0.13022390896702965,-0.27911082054654435,-0.9585713455555321,-0.4410696404448105,-0.03783362574209184,1.692014943311935,0.012219043585575436,1.0088372789727307,1.5919251627324167,-0.11448980793060415,-0.13066784037489118,1.2616917051312986,0.8860269373706613,-0.33530001326323017,-0.6149984623901255,0.0850581952526826,1.6622814664198207,0.43350869306006756,0.07658008171622584,-0.878020626951034,-0.33867703434157004,0.6083204399944031,-0.009906203129773554,-0.8767193813999284,-0.06148145075539646,0.7228894165405366,0.20433860543477178,-0.33569948571445507,-0.9790849894978608,0.2980114821453693,-0.12275225229265502,1.3319654346108256,1.73124989363016,0
-1.2013086471272032,0.37633209421270086,-0.20698530032021167,-0.3366813823528825,-0.37638405826686105,0.26563250056585697,-0.09830240011546983,-0.033899284320326684,0.6924589576814022,0.10663486272283824,-0.009799631659018159,-0.8005618525146204,-1.158227102046295,0.5931379413106593,-0.3228470317053187,-1.734075317557528,-0.14059136945587608,0.7151510070535171,1.7972297698768556,1.6801056785032518,0.2552132514268771,1.2528919310816753,-1.1924558265429488,2.4253514520381128,1.0673889663624119,1.4753542350214337,0.36338531293217435,2.61698900508669,-0.778682778352425,0.45055626676539756,-0.17206673237963943,-0.06749397921095042,-1.5187378084700909,2.4591001145089515,0.5330908217955229,0.44610375690516985,0.7884402746901079,-1.3721393306737775,-0.5259212800518314,-0.7237498581808443,-0.19741878247742733,-0.04603840288337428,-0.4983362240066769,-0.2526318724023148,0.8101886577515174,0.39763932339138786,0.15441906370931863,1.0186241842600503,-0.26848773591035613,-0.49306602485179524,-0.8577011787849654,0.017131017303742984,-2.4510482373410523,-0.8162277848200192,1.16766347317793,0.47329072339652567,-0.04633856155566255,-1.4503779536849402,0.08302690171360053,1.5724459794999737,0.4759082276429933,0.4714655430671382,-0.6271102204624485,-0.35605605705003923,0.6604926851849408,-0.4494062291045301,2.5615736934086253,-0.3508674362074977,-0.31185869142670336,0.4662186755857193,-0.376183909949867,0
0.6818321874486756,-1.0987737081567261,0.19737955233812376,-0.09400835877071709,-1.1776666274195717,0.3356490439546932,-1.0387639292812436,0.3743222963955242,-1.1624641532798117,-1.149991359173103,-0.5463372219835071,0.23360400395493405,0.7161011308453812,1.2563010509410977,-1.5507757910193987,1.6274779839310078,0.5239995085929013,-0.7426158648404602,-1.0680624209155467,-0.987929932652711,0.28405157594319613,-0.38724950841356925,-0.19816514661104315,-0.45849735827956206,-0.5178192941944623,-0.8354949681033238,2.0648001274730428,0.8941056257133677,-1.806030515581451,-0.9901932025330464,1.4671884833847753,0.5339499562357958,0.44230586601056515,-2.178517013501082,0.9687825124770872,1.0170577476294558,-0.3841418559950694,1.1838331970247824,0.2013475802135532,0.6835976608236841,-0.07348167538377959,-0.38144317434864056,-0.9015388048586365,-0.8305434054091795,0.15093053316857152,0.8046944372906832,0.9399361742442072,-0.44605871714822953,-1.6188008250122377,0.4924361597535788,-1.0518946021950786,-1.9153372627710317,-0.37701443687907193,-0.8690532921657153,0.7331774690328148,-1.0268757648136908,0.549887069063413,0.03200687241539855,-0.7199388763247637,-1.529169541510153,1.152558813628364,-0.029095115730543013,1.2948216582306105,0.5102419121381543,-2.043587852451594,-0.6387607849227186,0.09542870664018732,0.42066945364225616,-0.7486881232468289,0.9017955072464076,-1.86280628684561,1
-1.3871164442886115,-0.6106167278355118,-0.2921706983137547,1.0264291492456283,-0.7284161306825474,1.9183568521436458,0.4286327568771399,0.745300643526121,0.7179154334026566,0.03325310499083867,-0.36079100688210614,-0.4331764000468939,0.13772061008581107,0.2819112922366354,-0.8878381860051975,0.9407822534076237,-0.5023686383776328,-0.2358281164256436,-0.8746620173541805,0.15745767916451406,1.1103337327878742,-1.2468407224018878,0.49893250232599506,-0.001405732180505838,-1.0546887715787765,-0.7773938676741868,1.181837565046379,0.6879947019778444,-0.29553758802021046,0.0035026091709052017,0.8890412535889043,0.3963436116550293,1.409868753077791,0.879703138880664,1.43643047006695,0.9249701766794715,0.38138968105762366,1.1429954182071307,-0.5912955749243421,-0.56641118070688,-1.8313088302508498,0.5408316176799846,2.180015713180247,0.5667700905597064,-0.1468345736303261,0.7767517719151418,0.2967659909088079,0.38763901819555985,0.05585849353258084,-0.0816060213255603,-0.11814949973585327,-0.12300011435631246,0.42401845389928544,-1.2195082050008157,-0.6163222512698817,1.142015067805294,0.09744132131559798,1.2360234141005966,-0.9114477316215929,-0.7068739881496657,1.1566425967190823,0.28578270099801645,-0.8032974854843827,0.7511148524963659,-0.22551936798206929,0.36516166463112304,1.1219429633723206,-0.9831617048859917,0.322824297865511,0.1200074660112615,-0.6557193589976354,1
-0.14185041816852634,0.5219757350257553,1.2254922450857004,0.549775653193014,0.5301868643360222,1.4309406187304445,-0.14325047102086916,-0.16822075112365711,-0.15174169626078807,-0.07748936614636191,0.6599440182974531,-0.7657208740314769,-0.14178492080005053,0.6981246164722492,0.2771051872337783,0.5527030735414096,-1.6812214976382485,1.2782075628720344,-0.11099438744765754,0.6224471288888089,0.9662260820515106,1.5201418605032586,-1.1219040463719347,-0.05075417586113195,-0.10519194506833625,-1.450982571588531,-0.5827602551148178,-0.8796738101172188,-1.2018330945919167,0.8689792850944573,0.9198603598753651,0.2882697756418358,1.3728094820075605,0.10496025591497224,1.2148627467053137,-1.8854917451620525,-0.11135271878422058,0.35185565071469277,0.05472541762007726,0.531685324331882,1.388143156652813,0.6013758715783756,-0.3106656855270755,0.06747600137164668,0.5658448521789337,-0.4776473637179773,-1.5495167060386295,0.5592271363201454,0.1101980747267966,0.2238519564482168,-0.558095344276735,0.7581468209852096,-0.5463756365236291,0.152398368997603,0.06202171124592209,0.2809459359298007,-0.11913122113574763,1.5548753367376804,-0.5470604311955675,0.3939441779841105,0.7372996961889128,-0.1912407103271869,1.0614455466723056,-1.4795782335279923,0.10510369190352473,-0.2666670443976566,0.9802499617155106,0.24856910624577788,-0.9922317074767588,-2.042535270926314,-0.8764632508236452,1
-0.8216720330652065,0.6156363991339211,0.6837237490744982,0.3176586201377237,-0.39782508211506235,0.8059117206939264,0.5306563765534873,1.2913016217074451,1.3065985660632877,-0.27361057672939576,1.104795134328321,-1.30883556747517,-0.6530372722292581,0.05909459604924624,-0.4181938687677624,-2.1404899035267007,-1.4002489952482444,-1.359142229690363,0.8504285155774318,-0.46675849032931144,0.6454555691032242,-0.2921830607302828,0.5064181030768232,-1.0098389146243165,0.09745389552466169,-0.6805205922965561,-0.3762444881273634,1.1490526507996184,-0.3495017356196144,-1.6568732648400903,-0.38563123199826804,-1.605174315983888,-1.4372911228696967,-0.16193541171294676,-0.7473335494511519,-1.245501883616574,0.621165734564472,1.4240260603634427,2.63445270120574,1.6173559657451775,1.9378306913519003,1.412939224977897,-1.6815555487874554,0.6102820067194094,-0.5422406911151374,-0.2514293477802529,-0.4866750226609906,1.1649953734947012,0.5167598445821905,1.094605437994667,-1.211516213034696,-2.220458216341072,-0.3760643293047392,1.8090326765483469,-2.4752128654240173,-0.22904518209453598,1.9325579587886352,1.1281482915666547,-0.2371763055649546,0.3187831986840552,1.0071015132226078,1.6411688434448828,0.723077915738684,-0.7243919611250741,1.070355687870839,-0.22725108740643818,-0.1986883034381753,-1.886684504772835,-0.29533485468097953,-0.1910068851324711,0.36982561762880056,0
-0.7619532202168328,1.0812810119736864,-1.9105952933090629,0.9657012709283961,-1.657723225927552,0.5568298485919465,0.0840353677339627,1.1081334917979382,0.6929642401615882,1.582405778408271,-0.9296726097197254,0.7232288133052104,-0.9512931088286698,-0.04286882163735662,-1.0536678716443972,1.227089931879739,-0.09406328777593477,0.2359529864165463,-0.20100058239158844,-0.42873474119732496,0.4508441348005239,-0.5102065899483035,-0.2863938188915505,-0.2876956542327024,-0.7892734752888088,-0.24197510728461735,-1.9635785377997144,0.393440080923615,-1.6385924056693009,-2.0524757610921758,-0.672473353391791,-0.6410022709857626,-1.236088174798329,0.7944490681545262,-0.4292583113951414,0.5948429471160733,0.5739441611854734,1.43213533768735,-0.5215743868191767,-0.14207231668920506,1.9023578043544735,0.8583170721212987,-0.21154398752675987,0.9638478410718101,-0.06641647708744461,-0.5992697759387862,-1.347004230349479,-0.6991978615052524,0.8150901738641402,-2.495641342375854,0.4463635323018233,1.9225584596389047,0.21585111695887782,-3.393821504400402,0.7327837696394527,0.33272582578858423,-1.8732625562581644,-0.3642671069532816,-1.3191569348172272,-1.5711459851546494,-1.0166599236595113,0.12304808504849718,0.6759919585447485,-0.7830012837008881,-1.9843283893441666,-1.2058117407244393,-1.4186197785360184,0.3054928538423369,1.605256120194136,0.12570143399258704,-1.0953209144323188,1
-2.124593341172177,0.9005172971161453,-0.8603794639433644,0.4264906007052584,-1.003261970007583,-0.4894060887885678,0.890726706991116,-0.2971056265196849,0.16669209444767155,-1.0450514812647735,0.23819184683930644,-1.639369536958821,-1.4662826200152221,-1.7298282097607063,-1.152386618971928,-3.3543461795760567,1.5852611586432865,2.2254897804043314,-0.12515313277383308,0.011868234280212844,-0.06565460960309791,1.166837198078155,-0.46172048000053506,-0.7493711494987475,0.30630732152730006,-0.10532006135108891,1.5293879507438253,-1.1073382784993198,0.4558760450516856,-0.6635288198319226,-0.8164377707746994,-0.7485346544927775,-0.9514917912968469,-0.6491980195940926,-0.47067226277649593,0.7391838219302437,1.2836859849839517,-0.8926531657548207,0.3256474592315721,-0.20584324053986527,-2.007533591656725,-1.3559295986417546,0.046587053177864574,-1.5605370929971338,-2.324250143949146,-0.8776497299247074,-0.6440636651815479,0.5037919471878768,-1.3146696769336872,-0.2668943428792314,-0.6734768313317253,-1.1145032839763924,0.6735745000978498,0.5200247098451278,0.30444206602826357,-1.4170253666905839,-0.256874157171467,-0.07458252649081196,0.13695937839248803,-1.8384222367192304,-0.2062576832479472,0.12823318686112128,-1.3717170451332346,0.915076384845522,0.17104707194940813,0.4107922033579127,0.1520498546756071,1.0845615280305636,1.0699002587215973,-1.0016308791034358,0.8969647427217652,0
-1.0574645342489848,-1.1070656936273902,-1.0527042654685101,0.7962546838821613,1.8929298137109334,0.9601316215266508,-0.034578053410777354,-1.6840395183697083,0.6661448264786458,0.22329790133922603,-0.43685321562748175,-0.6156578746695864,0.24536772001968726,0.2743762054254553,-0.4612448334019705,-2.0718631863857335,0.6275477452701146,-0.482822947844263,1.4419676772249184,2.1835995878262815,-0.18622192320353814,-0.05059975574746304,-1.253937992372418,-0.27323316704491635,0.545513674448987,0.6399713198178377,0.2738906092293078,-0.3956215196405853,-0.03781197893846726,-0.8457375144890096,-0.19290591657619188,1.0049135828304399,-1.0871447884727201,0.3894618651137811,0.5846084512779378,1.6731868301788348,0.09352814389658747,-1.3020676200560506,-0.6891850276189384,-1.1692311123370727,-0.19178759180619784,0.010747706671104093,1.6581309915277083,0.10828943205782358,-0.7700101197648923,0.18409751743683098,1.0616472598887563,1.5380091728472973,-1.3861222235723727,0.6115946676057936,0.08135360915543155,0.17947016970493887,0.0016767477061849125,-0.6577745833171245,1.8628296366223724,1.2807809845950995,0.2884769525235447,-1.8077641874568477,1.3868067587205435,0.7264820615821201,-0.38635370087622506,-0.03453987046714227,-1.865609533700342,-0.1770611764251311,-0.00672462968103558,1.1264166616247848,2.9151682653912445,0.3565575061479026,1.3109022287872978,0.025001038122776164,-0.6797050007000407,0
2.2658803157890595,0.015398433675539202,1.3671360404935804,0.745426571117898,0.9751879506896048,-0.694284681441547,0.5048409347766976,-0.27342621211409646,-0.24798433754875782,1.6415136059532036,-1.1652435028309553,-0.9755890649297863,0.23101596757392906,-0.03527504463464091,1.3798998831093063,1.249962221371131,0.49351912163096795,-0.19678834799994074,-0.789571473121673,-0.5684801692723889,0.2024964884739587,-0.6668502880569979,-1.4952048264661222,-1.7983546159553798,-0.9619320095250031,-0.26103570749690935,-0.6321803544430897,1.114849615343894,-0.05058906895810721,1.3296082472255915,-0.6257277165365499,2.0064269553850225,-0.6260234717401321,1.56147335789302,-0.18054010784809568,-0.6994666811857914,-1.5113508900175878,-3.541421565311798,0.9276827933460355,-0.2585443914333624,1.380122985642473,-0.050942494224345235,0.9398519985675503,-0.7227168959080441,0.3655802515199822,0.3092569497419419,0.7410056185524808,-0.7498362831597986,0.49128149879868044,0.324597473022022,1.5335189363126662,0.4477989502639074,-0.9717228647766755,2.9822201633735577,-0.12780227675552508,-0.9321070884891622,-0.16532753080222018,0.5700644541249773,0.3439859188533096,-0.1819096732108437,-0.2670008050718098,1.6794568250648994,0.8155170069577677,-0.34922969859684727,0.585372998764072,1.3313665895843536,0.1024550218078281,0.4771310635639393,0.07864992544136108,-0.789493028863779,0.38588222335080885,1
0.6942719445562194,-0.8337460346650996,0.3402488441228704,-0.23227422676588422,-1.1362429374032084,0.9954276402382274,-0.6983753972036161,0.7060756744338271,-0.5765819964660274,-0.35665613198844376,2.1610879756295893,-0.8045854755478191,-0.38050104152082115,-0.28842925817938403,0.4355575378689463,0.9337013557912748,0.08664363451492967,-1.6950980390466717,0.08790613515996741,0.11407938885618366,-1.134783800362402,-0.18190150700998878,-0.6579545833784717,1.2706565136836754,-0.8712571569666739,-0.3478262853439929,1.7801486506866515,0.4369427873747387,1.3150323791771028,-1.5275543408538963,0.039334518726001064,0.42916173985816103,-0.26097995552025005,0.666789579270857,-1.2688611411828385,-0.7011292809962004,1.0007080202429777,-0.15437679603521232,-0.26312331053824634,-0.3359209327875476,0.18492986233202885,1.284053309847013,1.2973341417958215,1.012485631525762,0.8629709118663499,0.6933357304141176,1.0373640641288608,-1.636905436273353,0.08059829043007902,-1.2519509808972498,0.006170775505535875,-0.5317658103674548,-0.028695653313272527,-1.5861780192280914,1.5316658935543126,-1.9607984955695128,1.3968136072482418,-0.798900635946051,0.28267074911247425,1.2486916003005286,-0.05181740972828542,-0.9017362288749563,0.3043338457917723,-1.2335337749702793,-0.742711408148484,0.5156027543260445,-0.39709224717626407,1.581383177925489,-0.3467862203940702,0.0019163410626626038,-0.31714977443287856,1
1.4840543522657839,-0.7695655951364867,0.10386124456373902,-1.7225780991627613,0.6706093794542869,-0.8753470180155514,-0.1296060288186412,1.5311028192063252,-1.393524744986589,2.279904621246654,-0.6629125236630737,0.036304358168836634,-1.7782602827934588,0.6951070539577583,2.3246265105254977,-0.06896623771205448,-0.5299910412497952,0.045454686912533564,-0.8008846321355385,1.8191647892552048,-0.12651172549894368,-0.5546732262343991,-2.5012832490374755,1.8737514341960138,0.6616804899375056,-0.547519670067878,-0.39610943539640425,0.22327397399900628,-0.7450791398964218,-0.00897826420947427,-0.08901614605592353,-0.5645030184316401,1.1793562703726184,-1.7449666671551787,-0.6097552154769225,1.089008846459869,-1.1627197897987056,0.6339405373821729,1.016001619764583,3.1187170124723216,-0.8747168371008464,0.05430334051287453,0.11128031980582614,0.9948597002154995,1.6222669959553964,1.133144658577146,0.5197102046387216,0.9195716833708122,-1.858530206686028,-1.2598392105248444,0.032950135741798545,1.2424034679125509,-0.39306122048941405,1.5408579485885605,0.45877783937551925,-1.9614476587550473,-0.14589221010093106,-0.8569226525399558,0.7472821921471873,-0.18890877832296749,-0.6313096017827442,0.32239677495720376,1.8666854391869634,-0.5678687852702515,0.009284971242115492,-2.122479910640431,0.5356041331447867,-1.1701197014298699,-0.6002764441154114,0.6308866403909028,1.157502013151919,0
0.5979950047100022,0.05116753930979386,-0.183216565146672,-0.6730745937232848,0.39747213716507945,0.5403401156940681,0.020996369747185144,-0.3532843504576593,-0.4504749418661891,0.6156189447153129,-1.2336313937696353,-0.6924383356701287,-0.2974749845352863,1.0968771602248133,0.5812509069079504,-0.4823957229362974,-0.3279299711312415,0.6522852009064676,-0.6636328427087027,-0.32572465498418246,-0.917484372710649,-0.8152191851209678,0.18963190054196746,0.828066544429575,1.02833340362434,-1.0856944652149607,-0.7351573501885845,-0.48809288436706916,-0.7618194286155668,0.5287597200587749,0.6299637091198995,0.8781184167562986,0.06679864086883114,0.5789152253098827,-1.0055680053314313,1.3708397599479603,-0.18655218748158345,-0.40653312245764894,0.19245504799686486,-1.5712273249738329,1.6756171314770487,0.549380425659,-0.5107003588572271,-1.0499520466605583,0.7150795919054642,-0.6972717104006804,0.29915975686205165,-0.9724270111314145,1.506119938762128,-0.9730230083817542,1.841473213953726,-0.33356452792768726,-2.2045623249768043,0.22804634374078514,0.819544736636595,0.7678355682739108,-0.5867881919039363,-0.36792162612279306,1.1238257019240696,-0.32232415806224396,0.6190573102337033,2.1273373332330445,1.1791947622734997,0.7955082618712637,0.274480391910215,0.5715064152358784,-0.4674722649270284,-0.0060166629030259265,1.1341582146026992,0.7886744451981141,-1.9526568133102056,1
1.2000950430489374,-0.23003925557279378,0.5712476405010009,0.11402284182784414,1.4190471357226222,-1.0145332869015173,0.3037307991307609,0.9608980974974549,-1.096575431567388,-0.7143753791477019,1.0969691600138953,0.5143811230942601,-0.5510168777228962,-0.6957328625517035,1.6025178212455264,0.08339159667939063,0.08995106057337171,-1.0722027481271321,0.6086302166524717,0.5135230853107285,1.1646316855684908,-0.08128598154327268,-0.8408513627322295,0.37457317823758807,0.48517912074917086,1.0004611696556873,0.601496718974661,-0.9439659001724786,1.9099758373445237,-1.8746481661341334,-0.7659765964382463,0.004094640203304058,1.5337235611308893,-1.20649401416869,-1.1951740277929035,-1.7959524805541218,0.5126786908166926,-0.21178059774696908,0.43018970407144536,-0.5540367615367601,-0.5972777170671849,0.935546520626792,1.3088054352488299,0.04568554472158563,0.49512068389860575,-0.44187742095167465,0.6581771498778027,-1.5651763787300443,3.059839537593641,0.7421439447255124,0.970309908081588,0.5502068842729493,-0.7143944711711762,-0.05985878698365947,1.0820800999692344,-0.6170370707739047,0.779374080722811,-1.0415070695411668,0.2785998258225833,1.2702503690317648,-0.03592048735879466,-1.9479539071616738,-0.015338963351022169,0.059358361944741096,-0.6652505605135499,1.1814811781683128,-0.9368703092081108,0.3529590526308956,0.12550305153593247,-1.6061939889475152,0.5086019026016657,1
-0.41627758102476076,-1.6899764549777119,-0.96929311511792,-0.12729162097253152,-0.193371728976485,1.9940999262908208,1.73845255588176,-0.5012749633257525,0.8156694635485289,1.7049541433717312,0.0856402915867533,0.9962345667002701,1.995497817572719,-1.1843876631945098,0.714599749081769,0.03567973148777931,0.15372861229980458,-0.579057423414668,0.13331464342152918,-1.1012655909784992,0.22179336267052532,-0.23759767182996425,0.569576134970533,-0.6479777623520241,-0.02827607168543997,-1.5871911209202296,-1.1534328595644003,0.49498496487312404,0.29095356629681357,1.0529332111543102,-0.2411482355215321,0.18938115554267332,0.41241119423387695,0.06959659367241182,0.8500995324445579,-0.012081484231152066,-0.3123261615829135,0.8369518628531226,-0.07552362242956348,0.27717813779527894,1.4982629311549633,-2.276827285226853,-0.9558984144692446,0.2758724273555844,-0.884751825923401,1.5002404546293107,1.437489629154427,0.4336315111916433,0.9288106684219046,0.8244352872094955,1.0993014423002243,-2.368445466421434,0.7326050559367883,-0.18468896332339996,1.671883724602062,0.18291124852075838,0.7373312220854205,2.138465627409658,-1.287051304849599,0.022296240022425917,-1.6904812784183827,-1.0140313313586433,-1.536778672359473,0.22229503131264325,1.6021379756417558,-1.278686403459506,-0.1877162427654368,-0.7090993472040715,-0.9885703390287799,0.3241493846909309,-0.04998531139312543,1
-1.7608488869143348,-0.5257249207727815,1.0904688835724057,-0.4265376347536976,-0.1900050904084272,-0.6630227986328305,0.11124234811648726,1.793107508920895,1.2518907126267027,-0.5653041507828527,0.5202645693947265,0.5317764904693368,-0.7439172437741429,-1.2875930994290485,0.06254863892213841,1.6783017620015221,-0.4258355331040661,-1.3446217399009468,0.9182806217076785,0.5620950888287586,1.1431076003425555,-1.5214100174716365,1.0207489278139856,-0.22278001168245912,1.9131567838230894,-1.0270665766125922,-0.1280978128867171,-0.8299252511372824,0.6879441050626715,-0.5424787840593537,-0.29921045353276665,-3.12241490676783,0.5364573646286187,2.13785009243061,-1.4770555427869194,-1.9172886799860631,0.029145962779462666,0.6308929369822853,-1.9441800926707153,0.8596373909445194,-0.8263908207123487,0.7027134662979855,0.5923853733978598,1.9253063813606803,1.870847999805975,-0.9291443413972891,1.3291342385066418,0.15473021315362298,0.9397206906230989,-1.6322351725141715,-1.1048905183546271,1.1458141926341414,0.8480745371655126,-1.3469664914914075,1.0647027152699993,1.6229244587566716,0.377527138518349,0.6059106024782481,1.5299358879259481,1.8220801001984281,0.5149519520987429,0.5941896410722883,-0.05126433227534815,0.6673906629058562,-0.08379754198863179,1.2368119846960668,1.1251257035520237,-0.6773663108809868,-1.0445701918608428,-1.6786384883031666,0.07735013157034072,1
-0.14830736718595802,-0.2889128186901311,-1.0189959139840925,-0.7602516264657925,1.3778292774776228,1.4894443561141586,0.7865298824563385,0.7059814143973749,0.2657699420191936,0.7377084980867846,-0.6517453600115366,0.18205704337510628,-0.07956611393935065,0.13970471764870074,0.20705450654886795,-1.1182633129576252,0.2804900035777498,-1.8047561040677358,0.763784818904039,-0.4187754961857267,0.7840860029420783,-1.439400421444028,0.7506692094872668,0.5005400085650867,-0.36732464655544866,0.4599578841800274,-2.5091224435262895,1.9774137206747353,0.6333075518369252,-0.7877362705544959,0.5495444205518896,0.2690809405566743,-0.14806864559700628,-0.02885339599937139,0.30792085579581874,0.2889817028618418,-0.7531160850386105,-0.060997550217450076,-0.4933899201328013,-0.015324310781527045,-1.6224699843534067,0.7027344442846374,-1.2964713820947293,-0.351074126613876,1.134166617723046,1.64018790336202,0.8651231062786029,2.7023596847421003,0.26921185850362234,0.0633526762434884,0.19077801330427918,-1.165531091213383,-1.8066522722921983,-0.2154781089663217,0.8317595987067029,-0.6157513249939657,1.2446678212980151,-0.27483618693252454,1.07601017410672,-0.1799088185496058,-0.5349265292978128,-0.43214699591679906,-1.41576493435119,-0.48739119393438723,1.613217839132797,-0.0006635318159575714,0.6199525599434118,-1.3136798894472423,-1.2144078975152084,-0.14286113332153638,-0.3081283381328034,0
1.4279116023149951,0.22732011246948838,0.918729200111358,0.03951287883491385,0.36790098566323304,0.8925387013245633,-0.5813843567011034,-1.9212143112756146,-1.8248371264651515,-1.8913535111373536,0.04627508113043139,-1.3617370464555327,-0.7253021582662728,-0.809453593594062,-1.3354113864335626,1.2495647449484475,-0.22651393362113598,-0.6080609393679691,0.5384916768819409,0.30791943117689724,-0.7712635556024985,-0.4636753830777474,0.6236858832718782,-1.01567523601018,-1.8505416481955534,-0.46455164514117087,0.019744539107275843,-0.39449902417127575,0.31478421483927865,-0.19742294319287423,-1.0444126477028501,0.6732256279858855,1.7111580253766774,0.3944082242380609,1.1769285270389955,-0.01985579169560098,1.0809991978486153,-0.08708127600311932,-0.19514568649252334,-1.7038504642008576,-0.5420014682640186,-0.17824349930346967,0.8973497469670187,0.8089122790901069,-0.2398002366458794,-1.3578537144585834,0.3752704228671342,0.08205331956985094,-1.4121620826079027,-0.8328532378880118,0.5204855183620742,-0.7541232073067705,0.2636371703883946,1.1009917372080853,0.5427947108764307,-1.1743127985440056,1.3320753964433216,-0.5390374446797895,0.2065128234326184,0.9964745146791139,0.06118911092945558,-0.571899241420584,-0.3267107268067959,-0.8994544844178269,-1.501619024549936,-0.058699232077595725,1.430191993403865,2.573343947824377,-0.6770884061342801,-0.07903632925603987,-0.9162647304194238,0
0.43873282727919194,-0.3857214415799579,-0.20173021883748754,0.7611543907382498,1.0130506332503422,0.029218103842311938,0.877201202759532,-2.1263663835117357,-0.6583961285402045,-0.7115030327264937,0.6587679921552001,-0.29065368777396644,-0.2721807603912881,0.5255039182314317,0.9840305498392379,0.3315230647811821,1.3139613169685602,-0.7210861277261633,-0.7879099809561158,-0.5923987277140317,0.15868277335338904,0.8427471898847366,-0.3779453578687066,0.7346830089161109,-1.1716071341558292,0.0431070007441108,0.42787388615366156,-1.2788787105276223,1.5173310347202924,-0.8480160526923818,0.24041160059578948,0.5313119456236737,-0.26936114019843227,-1.5042064017436276,-1.5009728070720882,-0.8816320658689774,0.925994244332679,-0.8056643423159815,-0.5009094094882277,0.6374519401445643,-1.4100045210175387,2.071850037978301,2.540052725347561,-0.9292185964669678,-1.310871365965426,-0.10889140206493376,0.22082805502431313,-1.764161678735358,-0.25841980283219534,-0.17947501695289012,0.2586389276134973,1.1176218012573902,-0.48597001709232696,-1.8981154047036912,-0.5390188659090912,-0.8044628699337202,-0.08662928784128324,-0.6573888677637244,0.295371492327449,0.416101886605262,-0.17955839504553628,0.9162447095703017,0.4399699936909095,0.05253351824817968,-0.4227738769498013,0.2966263355402599,1.0370572211212632,1.0203997951543922,0.06319954571107854,0.3695441336115401,1.2725510961995097,1
0.24015545708761588,-1.3644888686251369,-1.3810735849844207,-0.053721034699862696,-2.0916882461550674,-0.4885642732566696,-0.7904578426978255,1.388083980735322,0.34029678313926365,0.6257272969965844,1.3927150932152348,-1.2192991187903732,-1.237706635793905,-1.2757854413282637,-0.04112967274273103,0.9326667857838504,-0.6555231286989914,0.8234610833345682,0.31362171716343357,0.14418762439420674,-0.8814216041963681,-0.556502639772774,-1.1288399368995545,-1.553551224909791,0.14752518841317985,1.0510292406575834,1.3062081019924845,-0.4581579346239304,-1.9129587375352084,-0.08932588359481652,-1.7372642351374572,-0.5089169955322584,-0.2206954670741547,-0.6286625544734773,0.993304745446544,-0.5243658013242174,-0.5536539998499977,-0.17989847059974373,0.3098098717852948,-0.713744311374289,-0.15764052525275793,-0.7869542427948351,1.0453215394313713,1.313901389344235,-0.14475218540622561,-2.0870710891807733,-1.4342699761885944,1.868771084444143,-0.18117521211710952,1.297240471156366,-0.2514532635870157,0.23410505979172974,0.7975938749990499,-2.5602552742613605,0.7062405086936854,1.39759308167054,0.7392727241400465,0.14299346704853932,-0.218713158666365,-1.5723380231600421,0.5536920700100062,-0.5188956991983822,-1.0670284203659597,0.947429028852072,-1.8210740552560918,-1.574703160304078,-0.18367120991992353,-0.8072748004976059,1.635807303636513,-1.4853536642095033,1.122643667278548,1
1.1847667423533619,-0.3693427971625245,0.5843556822846762,-0.49561289341484943,1.3028289121194228,0.03691918652554314,1.5912374652571646,0.5808093340588738,0.48303202947789103,0.8577848987229865,-0.03594034633996022,-0.5311683568883055,0.8396973554182154,-0.7425756041236022,-0.5482246650533485,-1.2082360986283105,0.5040196343831855,-0.025993568456538524,-1.5781767564102185,0.8657730435289301,-1.139907965986579,-0.4725710680689585,-1.7016816894452615,1.142906275006773,0.036888083937149485,-0.11958446144006925,-0.6238257041555266,0.3619389045131053,0.7491913134089155,0.5074901527452065,-0.6419932128608374,0.9782908411241378,0.07704823032385924,0.7032650710233486,0.28994806457501837,-2.0374299812535863,-0.2343596215852582,-0.4815744446268314,-1.3394318738098494,-0.8096703614659972,-0.2207382892398709,1.523651306713052,1.1648053275146195,0.36735114985490613,1.9310596111404217,0.8636727676745874,-0.546384284934834,0.7867013687403236,0.25379809563706285,2.40734559512953,0.28075260260272755,0.9584649413062126,-0.5381286178327974,0.06295926984708496,0.4933582345071347,-0.22103173159651276,1.6786625581886223,0.5742126642847725,-0.3975604250800941,1.2129747630051497,-0.911766304252119,-1.1697014004477804,-0.7034835340900336,-1.487383634851772,0.5073355777126,1.5381161502490501,1.7423028753216023,-0.004038703837994167,-1.3866885225578895,-3.0739240359071784,-1.0595995756880656,0
-0.23508862129515826,0.5568804602537016,-0.06368691692556191,0.2374860310196726,2.195218778914442,0.5744974365901753,-1.300112369749996,-0.53874520333851,1.6845806197660798,-1.0035972959050148,0.538541098402999,-0.19544563338310111,0.8468828088622012,0.39350002017654195,0.2587045365347963,-0.4681793297313733,-1.1518874390405136,-0.47492691800194203,0.9141112642698377,1.7985440966536819,1.1876850834644133,-0.6806765098935991,-0.12465695243291744,0.4227922161757778,0.43011846033354734,0.24162004862655817,-1.8470915682424383,0.32287061996678584,1.1188733814071754,0.4760974430820608,-0.2361400238615418,1.5691647314554482,-0.8320442012672825,-0.022747926253560317,0.2711812404348234,-0.9753132426849837,-0.6797572381110535,-0.36345676502940205,-0.10045077491745771,-2.270781869139959,-1.2361365833515345,-0.36566690690818643,1.6103227223906416,1.8953028123923432,0.9916908459376539,-1.052526607877486,-0.8021957067100153,1.1345551749115783,1.5926491402360365,2.709741876776947,1.254364179926226,0.45824799782333825,-0.19131022522738803,1.2368713193467347,-2.09105293384978,1.259287221289248,-0.08732821396803236,-0.5380034203167314,1.632269102865026,0.20526348400372554,-2.1714350573605854,-0.541920206157253,-1.480297392218915,-0.23631226820337992,-0.2980514613985491,1.7380269938643595,1.7495019425662601,0.08278377419214178,0.748095015581286,-0.2530210916666683,0.011461385276231719,0
0.9245039875354227,-0.6422054509921283,1.3816316339471642,0.297625615974001,0.0447732923689279,-0.31825602149357907,-1.2307416262419506,-0.3173388061046568,-1.179081944179211,-0.9126573164569141,-0.8600570235434983,-0.5925115115003935,-0.5757957855042712,-0.1586589997757525,0.44115307121310465,0.3594778115507331,-1.3018416967275857,-0.8477762862425864,-0.8335375346988491,1.6061681581382672,0.025278687877386803,-0.7523494691778497,1.7226755438195698,1.9179304317793082,1.3595165100714501,0.05514751102320391,0.33950868716307464,-0.6420187694164562,0.5393574873759834,-0.5847767483857664,-0.23175420243400874,-1.6114827574671613,0.7479230292627759,1.0344606372197451,-0.7889528244340407,0.101509051867222,0.4931813339109635,0.17619317981359725,0.42449120815090197,0.06048645146431415,-0.6979690685140798,0.4447204379338744,-0.09354407892935868,-0.061008707756069015,0.9978871676205985,0.432189332669377,0.7241897770185052,-1.4570645628154397,0.3794371859635829,-0.34596855511332664,0.18097280471204383,0.5412178503823548,-1.0113352352601521,0.026310956063971012,-2.0717258143552097,-0.847542507094969,-0.4207866837529584,0.09166700498666393,-0.8309065703386627,1.6141097006264207,0.6398185075422301,-0.6307723011506831,0.2941319965198826,-0.4789930679097625,0.5303582430701976,-0.3404936411680077,-0.6027619689462973,-0.9616411738042422,-0.742171700576133,-1.7644804261346279,0.7461471427246246,0
-0.767560755755027,-0.07560660374687063,-0.5087172581697205,0.6520760890517536,-0.33449667905740044,1.2499229863181816,-0.17559914060938683,0.6104159754136493,1.8416087595892168,0.11866003521201865,1.8685829628927857,-0.7641030369766655,-0.342163876729054,-0.03817472893899649,0.6345971636582218,-1.9325473251517251,-0.6568827500880433,-0.6664555572164439,0.7333633624519,0.007214553218057069,0.17023218717658264,0.20743421464834633,-0.2570743552362635,-1.0643179342477596,-1.367229618706369,0.8203378799079202,0.954160476175703,-0.9037921232442114,0.9070286605118347,0.6633567904513504,0.12001662088346482,1.5189331658198622,0.506761042782047,0.40647758888975394,-0.09111956772678026,0.06553672739265237,0.8822580513481573,0.32959235507673845,0.6760456527875508,-1.9720264673489505,0.837320810808373,1.002022653445846,0.19365721910830522,0.11770012081586877,-0.14201524182324338,-0.41126654072305185,-1.5911025256175262,0.4810901243532234,-0.7247675342169662,-0.49493854492084716,0.69949556957753,-0.7886211803830779,0.2803002009974567,-0.9775375033560286,-0.3121281258828958,0.1736941155454986,1.2039689639660416,-0.7200645917213061,1.2935008071960155,-0.4160516945322845,-1.4474645299036006,-0.7464467382334202,-0.760953839851564,0.0841536942207594,-0.849830045621092,-0.4863924342294412,-0.8315187446398906,1.0010125503349738,0.5050754257720861,0.9137878302819412,-0.7989251893287148,0
-1.2529940757120388,0.9324412592612915,0.6540460623112603,-0.5448889322546843,0.9120946883720268,1.0020167316457413,1.2947182250668317,-0.9621638411893172,0.4260631047081877,0.5637701196559289,0.48636665101337534,-0.4187831070928476,-0.4057207449378736,1.2618678277602875,0.23800813907366045,0.03731942974739161,-0.08073143914345228,1.8234162986755995,-0.32543720572970375,-0.06556382066062058,0.8343483982332554,0.07517637376065633,0.08137851520816998,-1.4916436745306085,-0.8913020732807927,-1.6295551080973751,0.9850093242522548,1.3975344588179233,0.08692067488123512,-1.1121730638208327,-1.317346519563655,0.9331969598630111,1.2478305174911801,0.23610700198731774,-0.7209354979857788,-0.1191190665203997,1.221257333263565,0.6874739897167028,0.533116449531659,1.587270840151571,-0.5926082146826087,-0.31900042352473623,0.01634780453467587,0.6256337007872526,-0.6013364178533018,0.31580467877591634,-0.9596628240256511,0.9895800277155634,-0.30126627832548736,-0.5466462190983352,-0.4817160520359951,1.193937256575974,-0.44099299566203426,-0.10291764267484488,0.29143299390435395,-0.7572907614380565,-0.8046357143462625,1.7387974625552944,0.4478719258055557,1.1674510707438328,-0.7024611758671848,1.226084292795704,0.041817165970341484,-1.6172990700498475,-0.023790328854192733,0.9668841620720972,1.2620967275903692,0.843690799167805,0.13483659830035316,0.7353591377211046,-1.091090661562637,0
0.88199109747685,0.3842438537003447,0.08027203090900568,-1.64929901303818,-0.33701148557974625,0.6948300244085598,1.0395003485961103,-0.966458511393056,-2.529702289285145,0.3714328695503669,0.6127430570706002,-0.8601170216034604,-0.23277966102455272,-0.7705518358806304,-1.1074622347182517,-0.8259381905817521,0.45073479754920087,0.6026249175073366,0.7543477854257271,-0.1016056441765945,-0.08285146209567996,-0.034232200997826465,-0.381311948308411,0.23522243712539026,1.0041151959601042,-0.6076050870887449,1.3343149355379444,0.5458814235309367,-1.9171487025829175,0.885218798903189,-0.11401224277523521,-0.8931399714351852,-1.2025134291484012,0.8009913917936101,-0.24181363013533708,-0.40728549109338424,-1.317614769922677,0.7185074633526536,0.8888018621641133,0.9130138289193372,0.5744389706113204,-0.13483940157908797,0.2543900245348656,2.3529673323661697,0.5058966456330795,-0.5777303672492319,0.3073236156041907,0.5664325256575055,0.04578043440567886,0.61464219389551,-0.41990574231435523,0.35223080801710654,-2.1278861081129454,-1.7083813848461349,-1.41766031084747,-1.1911773899394307,-0.8914552567532705,-0.21880088829729297,-0.8438655913163822,-1.018506873378201,-1.2619864834427748,-0.4251058331488672,-0.06182502296256003,-0.42416903649365356,0.7982683544138415,-0.32576705644287246,-0.8899411259535824,0.3497817103185065,0.6651360431314293,-1.377347408333156,-0.5724028308899846,1
1.369594651571913,-0.30857280260847136,3.0014502876079914,0.6904216794749202,0.07927688933893765,-0.45233126570691945,0.8643270759568763,0.9462206670016411,-1.3607203363578575,0.647300883606165,1.3377870231230984,1.5221651930648645,-1.220622443062801,-1.4279046982893542,1.291126470964686,-0.6643536082719115,-1.3750645849344914,0.05917755167528995,-0.018900669060699576,0.14521407703957157,-0.11626140835732952,-1.210249486151272,2.9730169870525383,0.01216299863343726,0.2704096919831107,0.4502916226691018,0.43231175953195605,-0.6972362387923792,0.21152199076767245,0.991014545915384,-0.03712021614382352,-0.21159217484910742,1.1212560570612462,-0.4370789345875106,0.08444266121643243,-0.5073199056333447,1.9605700285395187,-1.0727382422971068,-0.3983354139449793,0.9618100702025211,0.7906914018742895,2.6577295252949256,0.0544480323524044,0.6834543896811417,2.0007360426501895,1.7173175032005805,-0.5192803213982702,-1.554251179125561,0.18468666204144402,-0.2519401618059623,0.061441798898135454,0.9986010385693823,-0.24481740268950022,0.49619134682386623,1.2294404281560893,1.3044485832992072,1.1852495793763098,0.9530766984456774,0.18028071858449052,1.1101676099844642,-0.16359774191450552,-1.70012339922126,-0.8196032238798631,-0.7091312320366281,0.11603551970187947,-2.073877571325577,-1.4076238827510874,-1.158289686634622,-1.6858893862439668,-1.9945076124041103,-0.2699546453904698,1
-0.26879229530086496,2.003243415502164,-0.3374093443018047,0.4557825300213152,0.05201147121737564,-1.3376394952080213,0.5074184009280387,0.3544205234953267,0.456914185301011,0.8242912229813015,0.4935105463019338,0.27758318273083715,-1.1489235184699578,-0.5974622211728788,1.1685401838488356,0.2593769608291165,0.06603002054273123,0.8951513695209781,0.4232390550664164,0.16068257992785306,-1.0589159667721726,0.5423469942533584,-0.5283293472713294,0.28866247495725983,0.4312097412854135,-0.8944091940504161,0.45927995276158956,-1.5408961621319806,0.7564720405713907,0.3982193788371661,0.15224802345662067,0.5542205997552876,-1.145843347237091,0.7033945666910687,0.32962207118436093,0.9356771075724898,-1.2940984081700848,1.0339343130328151,0.06354297024207041,-0.5689962106154706,-0.7737077650164828,1.512067860058405,2.02823993107151,0.0970104586674561,1.0954176268448916,0.9633805618698915,0.3675792753678087,-0.6127638418029826,1.1591428241253907,-0.5961656448900031,0.8327178218802953,-0.5064566936688984,1.0367449072569983,-0.2750940651586253,1.4086350862547725,1.3804897594099381,-1.2549560600584022,0.5852363856856367,0.09854508606080423,-0.9867768560012526,0.21074328780835405,-1.5965665416353376,0.21907051505146677,-0.6110910877215102,-0.49980482619324745,0.8589097148736129,1.3092511023608637,0.9384198778976213,0.4774673003799337,-0.879086708323927,1.31391875468033,1
-0.8330453369389043,-0.7293348484255996,-2.2122911890520145,1.9668439045303656,1.1008454327907558,0.16960540045670047,-0.4336936536060519,-1.112007722429793,-0.23460070304752828,-0.8205776908570589,-0.12338623185014533,1.580619555786804,-0.5442821039870905,-0.13603524942832698,0.7916858217593259,-2.659130775151776,0.274131129090401,1.2224033341044633,-0.10795998596189293,1.0114599038065255,-0.0016748258536211289,-1.2335676743553927,0.3978830255015431,1.540914219305332,0.9815513141711885,2.149759752441706,-2.440139342151371,1.4945347653007253,-0.17100927779171102,-2.3810036345065035,0.7290159242490677,1.3112545922254246,-1.6173027144947647,0.26846748484921296,-0.5476121180687954,-0.6295821019715837,1.5237568677061077,-0.8028696699585092,-1.5759160224515327,-1.0562538207628194,-0.4424228402727636,0.4887203265073762,1.2360279914511323,-1.0459437667143314,-2.063118956198853,0.021340254115642252,-0.4812701159429211,0.10628860116187476,1.0910047008773365,-0.31384015945595684,0.9602768548476891,0.6178099259916535,0.8783809060536132,-0.790212184693922,-0.08649241691494998,-0.2558947476940503,1.6685457771582493,-1.4793839217900207,-0.5929689808162404,-0.15142248361000013,0.7185274377630669,0.12186668351614083,-1.5696730634131317,0.3515767527975444,-0.8529298386983517,-1.4355945259558067,0.7137591805143116,-1.5471977467632372,-0.8606697531012534,0.1158194728696277,-0.14385073268704918,1
1.5626558696826554,0.3662549314533643,0.34017358140536014,-0.7867381328782439,0.21587080584548185,0.1414499590247385,0.6184961932144452,-1.562567700695634,-0.7224553303327974,-1.058748947690514,0.8407093910312587,0.49474659490595885,-1.4201998325552585,-2.500175332530081,0.29519329132315586,-0.7861688141819333,-2.100158100906839,1.620823625160863,0.480756167816012,-1.1244581070608843,0.6077781122565177,-1.5336005909188217,-0.11085716874352848,-1.010989522698607,0.8528789568835411,1.7861051077040193,0.14406378144317442,1.8829954180787805,-0.4141077515409391,0.2517458093743207,0.47540403494400546,1.3326449475505204,-0.19968933075303605,0.9882786406799249,0.5292457631300241,1.3862336111792337,-1.1131682505857503,-0.4233590490768119,1.2465574164731126,1.6342999828573446,-0.33311479004738537,1.6336817500371317,1.317384443321119,0.48554508491068193,-0.4806843292684811,-0.2555327798755859,-0.37341389428739735,-0.729396655702774,-0.35977041140141147,1.7441213411406071,-0.2735905514776525,-1.1929969102643514,-0.7175406486893782,0.5798562452725554,1.175081309230809,-0.6161994905832333,1.1252526222678345,-0.5860335283914881,0.43555112288284753,-0.6398882099583347,-0.5622382169920397,-0.23376539583735678,0.048974476444744425,-0.05097742642722043,-0.3096892774369555,0.9250574415424662,-0.4265562906869349,-1.6155254446613472,-0.9384325026949882,1.7421590323252987,0.4321377451851701,0
0.6101636375187228,1.0517078481831665,1.15412194104674,0.01944574091891028,-0.6620240817799853,1.4499941830383467,-0.6694263343243905,-0.4883777387814323,-0.09111022204150745,-1.3525826305815973,1.1613592698934128,0.8377140323294697,-1.003462943542522,-2.020359619303129,0.9193308080701923,0.07758079103791982,0.8928422028998464,-1.0535459568708339,1.2872826655634626,-1.47026182703035,0.05010453831028456,0.4583250865370557,-0.12523367044254013,-0.9469161892720042,-1.9416911363549294,0.5061137335129744,1.0232128729841086,-0.9110166239684843,1.152280513235669,2.392206947418437,-0.4837776284439332,1.1043844974107788,0.9858644320222605,1.1312794839342177,-0.8461856561314165,0.308771002703993,2.9556895407356154,1.2092899978930263,-0.19793688892242395,-0.9487957683063984,0.4408978026275348,1.0423281369844295,-0.38274193292814607,-0.48897132378164165,-2.380367372047949,-0.4707114084705799,-0.3711883181164063,-0.5172328988936448,0.18587447443387387,-0.45723007080253664,0.85902399233136,-0.8696216325399168,0.31157021779386224,0.8426626088381728,0.13165249582785363,-1.1043672570576557,1.703593174468703,0.08421526014492854,0.7352266050506762,0.3059569937636693,-1.2711821025913597,1.1639736102315035,-0.7736245230023496,0.8066250875087698,-0.8740362344528007,-0.9212162880614612,0.19813237009580775,0.02407872494616682,1.3129056503423024,-0.1614930648758235,-1.6766383845875432,0
1.0624582777025382,-0.7019328466360848,-2.8989718345712583,-0.7958511487758286,0.36782008713756864,0.1455652179479312,0.5065771752868488,-2.5792477493168864,1.0228876854777125,-1.5373636817546352,-0.028742759916532207,-1.0914224232930185,1.7636010734768233,1.470522020868371,-1.8686905853346634,0.717241795343669,0.9554573533229115,0.27460172746928674,1.0112555813938844,-1.151197014644415,-0.9922508158203719,-0.45669064923771724,1.1368608487271485,0.8606732823073275,-0.020647979448282262,1.42622117893983,-1.6182441604322193,-1.025071066799831,0.10089062364339009,-1.1509583744895109,-3.5712267167184497,-1.0547941343069596,1.6905535570507269,0.13949893030745739,-1.2900911760987948,-1.1639373608007453,0.04625366705486066,-0.8114522992153574,-1.2432191078040178,0.23073334945737725,-0.40261326460137803,-0.21141008476906548,-0.9778519727333201,-0.6333470069207575,0.6613267131514221,-2.157045840343996,-2.189170693935173,0.5809044414531405,0.7529716182514195,0.2374455768724886,0.2539432159184957,0.7622958837327414,1.2975242645205183,-0.029678413522651714,-0.4945469949859277,0.43854586519444033,1.2273600963221778,-0.6353132234845741,0.7514990007792336,1.637501139557418,-0.3628798690059189,1.559212600624235,-1.727323370081166,0.5713342419686802,-2.726440306463616,1.0631722234893697,-0.8514467205348604,1.344586887967128,0.40381612019944885,-1.3723857389907723,-0.365501765877058,0
0.33959825009079275,-0.11134416800660007,-1.7911861994658664,-0.28528016948576285,0.023113649727187477,1.5262911134690071,-0.5745829854154,-0.26952375268554396,0.6706763781453117,-0.14050221186380782,-0.6203598668065037,-0.48500232794195997,0.12443162941904021,0.06955088923511452,-0.9305582452647678,-1.235732050695288,-0.07914021038895329,0.23769789811878891,-0.3591118077545554,-1.898778828758523,-1.385593288443373,1.0965539856579092,0.6198463727169469,0.785485962971842,0.8571553278179588,0.39195868598918043,-0.34603029645912686,-0.6963301916415411,-0.08041106908332687,0.30470696123471774,-1.884383566255872,-0.3316678638984999,1.1411977733334273,0.3328858944587399,-0.8052688468445871,-0.32722004195176,0.4825571984472754,0.613430438265931,-1.0531538294783636,-1.3138427796254868,-0.28633533100709574,-0.589005404423458,-0.8891357827268993,0.7315142679002923,0.2528798719647032,-0.8503261949045086,-1.9272007128557875,0.5947127489783233,0.24190933290480815,0.2828105645138681,1.0371867759127875,-1.1292846943206645,1.79683174931696,-0.2609825422289624,-1.9299395588424375,-0.12225306558773384,0.991026499488521,0.29748882548667166,0.3834897663205245,0.3789450127606262,0.1507022386468751,0.8469370742663177,-1.4574841456338714,0.6616459519526753,-1.83255473881333,-0.16050778695845103,-0.12132071457510955,0.47258360425265933,1.17155055693508,-1.2635995385559515,0.15969671337507194,0
1.313111262810404,0.7615159271023524,-0.20816712317711591,0.25344038220918624,1.3040857017274987,1.056001932729548,-0.7684097098427012,-1.8954262642427808,-0.6373900229995232,-2.875046749690451,0.622903599617929,-1.035644173699129,-0.6366491075429831,0.4827542574935614,-1.3768496497714584,-1.264807030365968,0.3040434554149299,0.23014832188882356,0.8613503230390794,-0.40128365783787495,-0.6725196386100927,1.8402130383544497,0.8144230480375667,-1.8560060492184005,0.07042023090826094,0.7425519020034226,-0.6103094679837194,0.33758993052782343,0.7366009127637756,-0.5065016196883926,-1.7472016717528653,1.2567135071622089,2.802410409349593,1.8368354771843807,1.0982385089468079,-1.2970440160238763,-0.18101768257242717,-0.17917541881784277,1.203378791083372,-0.8315816791733424,-2.5701437559357823,1.3636140361911058,-0.39380394641005634,-0.4630190742986368,0.23186347456498407,0.023140057100818467,-1.563765195233097,0.1255965190118565,-1.5884985260905549,0.8760365360352927,0.5785361456960131,-1.5735472173235434,0.20135379255851454,2.3769473441214615,-0.6370210380200048,-0.9423670406171898,0.8128000325201128,-0.08785420097473011,-0.8314599516768169,-0.975111889706719,0.6027154825456505,0.05553220784776994,-1.0839565084365208,0.5673145728664479,0.8520703584004062,1.5524807146356694,1.3877121409030817,-0.034531677310601146,0.012644221845648116,-1.8904319327227554,-0.1463237085172684,0
-0.37588458024966165,2.1908167121099686,0.3686577345537766,0.35083689896888365,0.5215963535378526,0.910671598904004,-0.7158995851498462,-1.6718158402064265,-1.3408297873585773,-1.7939848926669322,0.23112105780693834,-0.07089770360218112,0.18888187088739095,-0.3139078458838533,-0.30792767519522585,0.2687268607947509,0.4899482183329939,1.0599524298871437,-1.1460094792126065,-0.1355806370342115,2.002528988533513,0.9866938999018503,0.9701828657199663,-0.2965680999555322,0.9787543132519649,-1.8974854920277975,-1.4632367726460018,-0.5626366918234895,-0.7972780427263569,-0.1360664994078215,-0.0827772909420858,-0.7318413152905177,-0.4185992987279934,-0.18382770484546238,-0.3756407024616573,1.37746036902466,1.205218953824872,0.06737406795438548,0.2732517345646429,1.899106016843552,-0.40859652189616563,0.03763598444524436,-0.8834840129999566,0.8959783749400891,-1.5654133417165623,-0.2548676402415184,-1.542255886764315,-0.9676013524189042,-1.4285655311152186,0.1988728915481103,-1.156945808305812,0.38334438554351474,1.6587908174600745,0.7768409505940893,0.5168929994978017,-1.0857437036573416,-2.3237769444095764,0.9657774820434383,-0.6044740804357758,-1.6759286512007858,-0.580693855882081,1.078993923748997,-0.20193971376634068,-0.8814872323369972,-0.6423418252411733,-0.7714911261644268,-0.9670306453781822,0.4567874344674104,0.44638940435086355,0.532359722704841,-0.42945641984192817,1
-0.26729647242741467,-0.21910488839841255,-0.9972171913844607,-0.3369891976180058,0.1624652217482658,-0.2862114115674272,-1.3816618106414853,0.15505813513346958,1.7754097472630102,0.07474883166688082,-0.2960258038427248,0.3920321484844545,-0.5467255812449642,1.5722390787100937,-0.06837960140233101,0.019111627960608873,1.4601321280385915,-0.013567657150309173,1.2058681066403947,-0.5851139135766831,0.5579431269010859,-0.513154047982186,-0.1302357055654965,0.07270134100000075,1.2905017362460711,0.35951681557174686,-1.5357738331042818,0.6274643748843879,0.5468023104037901,0.1845938236104689,0.16605923145820833,-0.04340809058172303,-0.6351773853671487,-0.09204014761150202,-1.2561923940585153,-0.45071105030777525,1.1213382141511756,0.40650970967810135,0.2937233804526238,-0.19275760191233463,-0.40313465669737997,0.8888461316652737,-0.5489859510289535,-0.8661482118501772,-1.0543384680014025,0.1591916121864412,0.6701650972535937,2.0237699235881657,0.883295404902094,-0.15581113669172894,0.4492193996352125,-0.6797691328113986,-1.1800753080935096,-0.49508484284359827,0.25763823907548566,0.5857122373650743,0.019226723985251305,0.5551187435020883,0.4963801427630914,0.9426231663445137,1.2991886289600947,0.6947594869007349,-0.4657406439857909,-0.12005920365720651,2.6073877390834794,0.03687542629842632,0.9399691254345647,-2.500273353320073,1.453379472833508,0.20969077444880882,0.46766426360451646,0
-0.16536298144680683,1.22641337523766,-0.6623658577208755,-1.6269084137541214,1.485610908185391,1.3640661577565079,-1.374284586150598,1.4660501073334284,-0.03157016131040936,1.450755717980867,-0.6817997108451417,0.2807622548611384,-1.0201992852850394,-0.8558952895416277,1.4221086008352672,-0.8391030724631374,0.602875027334301,0.2712947970801733,0.3782495462032446,-1.4504320381743574,-1.1317193025731136,-1.5949420426715808,0.046013062150592046,0.2511569665894779,0.1823161729185695,0.31770075765502787,-1.843865254086641,-0.2487541300867794,1.313875793650309,-1.6566496625783669,0.7451162103003344,0.45800090659138293,-1.8994822712649944,0.4260988267376698,-1.782458768396832,-2.1307341168323357,-1.6438970792760765,0.5997482831964454,-1.1143837756709143,-0.33605297671636036,0.4341027569611187,0.032791818229030725,-1.9954601029746084,0.0799194136727869,-0.7216913725838936,-0.039044979749549104,0.8378708059606694,1.1260815153972055,0.5702393040687179,0.9858575277261429,0.5688948912917069,-0.7682876383567758,-1.8856356884031875,-0.9543357783479691,0.23139834191909736,1.0107110786338587,0.9520488551538346,-1.1410005631742388,2.0859499818888474,1.8992890265225884,0.032831959964968876,1.5284619287157042,1.4752577149777506,0.04510455814208465,0.7082325467720045,0.6301822330656256,-0.2173259139993108,-1.0604075572079228,0.3173757659779905,0.08800938355169989,0.1474887751032927,0
1.5114556768319207,1.6276966063642286,0.2633868309321885,-0.400147029572398,-1.2719053207860604,1.0345377734614776,0.023632515740468044,-0.8068876305616369,-0.7586104993010828,1.3438514195107172,0.43010179065921883,-0.5362698166639547,-0.1770489765730937,0.7509524140101275,-0.9916638131341898,0.7417337197313105,0.7054301862116588,-0.7711162911465888,0.8335192471965441,-0.8495266938005229,0.17829708870243952,0.48694774811350655,-0.9409391287451506,0.2368437099419278,0.5971182545691913,-0.46510146632161725,0.3805542900242159,1.1732285514463734,-1.426155238702099,0.8379379801084478,-0.7050280478086084,0.37942582663253804,-0.3188669416894954,-1.3134043129495852,1.0609515019821725,0.8452543246559875,1.0332559106630164,1.242046348709655,1.2331430203129323,1.0364239658462522,0.8928835795197451,0.40779192717979024,0.11342226367952946,-0.1372628632482853,0.6693140422425442,0.6205981226077276,-0.9020089735715514,0.4324454564081754,1.2670397660075843,0.16761769653112618,-0.525787716962738,1.1531506230882755,-1.5904743627217055,-0.004415624019409804,-1.2237885370224526,0.652575964871314,-1.0204283504393823,0.14176198322104874,-0.5953941897131426,-1.529816435721815,-1.050076730483709,-1.5896392042622176,-0.5880398877592057,-0.10271058709678049,-0.06375229248519353,-0.6397563434533112,-0.24034596065245553,0.06331842617100338,1.4979905239061873,-0.6917318565710953,0.7240665286817443,1
-0.75519570854674,-0.19081042720154165,-1.4576830266878382,-0.887341663740214,-2.4089163311891384,1.79199984747686,1.4486774047254505,0.5035653152702988,0.2979458178641593,1.3277013642380513,1.7504904688321978,-2.879682206041425,-1.61349244920823,0.14471496000373776,-0.35907303065219504,0.6729936450135109,-0.3919634712627823,0.3451575971860393,0.6301376512957511,-0.7487536716903759,0.3902644823596501,-1.577521066327584,-1.0524431557389273,0.9991586759022393,-1.3118823572725367,-0.006593575070477826,-0.4395282115528128,0.403362401022746,0.3036340764010772,1.1755857612591807,0.13091288442675486,-0.14547406984366107,0.7161269350956084,-0.30635362979044983,0.5264779783054299,-0.7548986481413162,0.49067035514707136,0.9457293528579395,1.4911325044403374,1.0108497553004219,0.4702677384661563,-0.6307051751765265,0.47788050015081185,-0.46951859639028937,-0.4711747847864826,-0.003425966877158559,-0.3382127734751489,0.1160588620600416,-0.004633462116601152,-1.8085931099798822,2.243893032657933,-1.352803332267626,0.03877834118578375,-0.7734403756750092,-1.1739315183586996,0.8218240010222191,0.6931716573144114,1.2937874045544324,1.2291568592512534,-1.968276979347953,0.5019113526904186,1.6428801756809714,-0.15721449065034335,1.2249674947159046,1.974397550321576,-0.45664058600908625,0.46478138172862254,-0.7940004662222849,0.7931480650870933,0.4164207658161999,0.5045487752418791,1
-1.0709864393743533,0.8344623466410743,1.3561785188566644,-0.5585582866179878,-0.5831788519451885,-0.09368990240148355,-0.2560184285253331,-0.6482774812436468,-0.43249917142473704,0.29497305481126207,0.1351542232903089,-1.1620476668828574,-1.5244405011674802,-2.2804222949405206,1.3848153067247069,-0.6992715983553972,-1.043268806972164,-0.6070622966781719,-0.5665577968461957,-0.8019434877919551,0.7524422260978564,-0.5573400868355661,0.8688310011873733,-0.7545599975106776,-0.1879314165046185,-1.7531578399172414,-0.14714418740084845,-0.6872808753624724,1.2398661049545088,0.16280033068560382,0.8205473643272062,-0.925455523717648,-0.32126380837507695,-1.3062293363409252,-1.0953418405106583,-1.0997020255062149,-0.13341126489586105,2.4026659201110916,0.74499746146483,0.15560358185316747,0.7701668837326295,-0.0472534779835234,-2.139507686342803,1.1047320822892035,0.22639359366298015,0.2991747804433751,0.4171994859412651,-0.7116229821866631,-1.4761008028619085,-1.9038030865113373,0.03408049193320457,-1.2421870959551249,-0.6015251072507102,-0.1846107470496138,-1.3293079851260186,0.30665472604832017,-0.5452410651353677,0.41691394533035203,1.5289849044554207,-1.0232868995162578,0.12909661327375463,-0.9009118029460751,1.6461622027587084,0.4672952416930768,0.9362849832592547,0.28454876759176223,-0.6615028948792278,0.5524317252063736,-0.40712037747059177,0.018289762377830233,0.9335427589007341,0
-0.6874103158528825,1.2515226240629704,-1.1816314430149228,-0.4632238815415193,-0.5658339271883566,-0.3079511873410568,0.32617104884521186,-0.46683437736396355,-0.11699354695574025,-0.5324842840222019,0.4762758731008473,0.36063803482041673,-0.016276616924840746,0.4513656501732177,-0.9638781731911521,0.2599910749825905,-0.5702123379055645,-0.7275047377660443,1.0605818759847023,0.028028439784862597,0.3809426848822449,0.6788904253309038,-0.9028039631120115,-0.4251476534814269,-0.06589988004139428,0.013242127421126978,-1.027515746125798,1.0470377769642831,0.2467965663419445,-0.016297559102179678,0.17121795915208618,-0.9848628070345862,0.6738819235426989,-0.8729771840017116,1.103086993121504,-0.11748550794934534,0.138566929217086,1.037398913265959,1.1952095579098032,0.21969593435112073,1.0245641213486856,0.293284414211982,-1.0559480413117688,-1.7478723833144827,-0.17138907711115706,-0.06338045278832649,-0.631698094649313,1.6518787422660193,-1.4150184186869534,-0.6901014218565216,-0.5722690050274746,-1.3044573922577978,-0.19131517488176641,-1.9180468838744207,-0.5807046382228762,0.014909067251626712,-0.1546336699950094,-0.4409167520507489,0.05966907904926131,-0.06453859363640167,-0.7906114160777022,-0.4971035823621392,0.5639669057976107,-0.24445240836692353,0.6269121829429263,-0.08778604063471981,-0.42812525929968404,0.08676028647006757,-1.1488803354143335,0.6560420324410283,0.95948043352199,0
2.9828807182998425,-0.46361968691477895,0.8352485627642169,-1.218763413675034,0.9474300267840918,1.0064674468371193,-0.050279380708192795,0.34515720417368156,0.8178367549165868,1.5714752029276484,0.6398616178350197,1.3155721623106067,-0.4824499462367958,1.2704426574145442,0.1077607540089558,-0.43079502745800247,0.8354563776329155,-1.331478084939474,0.7713311795519775,-0.619704015249444,-3.745788112037766,-1.2300804864123491,-0.24191398076695436,-2.1863847269690866,-0.0012278238964792774,2.8011423494391345,-1.0245373971691898,-0.17272053314352967,0.3220279409306635,0.8353098909481266,-1.7323809301952504,1.4156901409424116,-0.4980917775202326,-0.9591170712588742,1.6386452068757218,0.40547052752142665,-0.38800729743696594,1.0829805934308947,0.7084617263281213,0.5099879802949671,0.403691189764836,-1.0397639669533503,0.1789698114619806,0.8564122544662659,0.7217376461259949,-0.07576994343799791,-0.10272130041271473,0.26164145898521207,-0.3548684445103912,1.9970167931476643,0.697221014012974,-0.5967809972466651,-1.4803488760779107,0.9056388188734489,0.021980154540106267,0.36738343633474047,0.4511290500599837,0.35448648968774193,0.5685999472749554,0.6700198502991391,-0.023211170911958106,-1.0902589480468436,-1.7201911532899976,-0.9299883264370867,2.497877068053592,0.8056395524200501,0.7592851107135217,-1.5414720481227482,-1.0904831074532544,-0.9373554974583005,-1.606094603164386,0
-0.7479287739972911,0.6589694708627961,-0.11026788227526008,0.17824158660037484,1.7311809500427837,-0.44475919137823955,-0.39375107978547247,-0.3175767461240818,0.5617956284541472,0.20683694158784433,0.5191319175461311,0.8426006731838313,-1.454266349849843,0.2056905208500127,1.6824474186131213,-1.6462874311450357,0.5966463917892231,0.26665295031671016,2.5899496973151015,0.5381620446077175,0.9821668162994746,0.7119643002483375,-0.8716950693259036,-0.10677296492328538,-0.11657463253066029,-0.08218977856903599,1.3134704046378827,0.25385520968516784,0.29309933394152166,-1.167341409582266,0.8624258886244821,1.6898193999635531,0.8807430336226153,-1.673566264867349,0.2401889014886813,0.6704904896021034,0.07402932787046632,-0.45259397371467236,0.7502101412176636,0.44283073815882795,-0.44105787419549564,0.5140622857369751,2.014960665912384,1.3975457156432625,-1.1529759912931639,0.3891380358040051,0.7832476367907945,1.0334087947749953,-1.8492262726627207,1.3317840461362214,0.4067681832637545,0.6245163117749222,-0.8243387315275131,-0.25081636763438875,-0.49034330506862334,0.3890571967299172,0.19633542922086933,-1.5155787684886681,0.029184556481965843,0.4614251055632196,1.1051084396254185,0.06662308260614459,0.1769800400640333,-0.3593433402021697,0.1671393337573199,-0.5262930605672316,1.3829301697974385,0.1122854594055138,0.24859815540910052,0.29751059319967493,0.9872296911315516,0
-0.539041862582347,-0.5835862506343622,-0.5007143106455606,-0.6531444873252439,-1.1183915333221062,-0.49015898607376596,0.4512108409816987,-0.8251307124613749,-0.852358386503389,-1.3099515556097499,-0.25223047115646297,0.2877534075317331,0.8118738440037246,0.7172877315249306,-0.0034274373122508903,0.7158866458363051,-0.05641424650258488,0.5805441545727817,1.3622563555148477,-0.36132147731355785,-1.7201944590735363,0.7778835766455094,-0.6058278415298789,1.3805086412798173,-0.8395499817682346,0.21585908398425874,0.8999483416141459,0.061768651061381345,0.8126826852314055,-0.7630586169331685,-0.11445330591835617,-0.8575868225273884,-0.03931213011486016,-0.04889398991498154,1.0512785102814632,1.2972424096132797,0.7427117020911914,-0.8308114876323591,-1.1623623461962074,0.8628432381328606,-2.25350899024171,0.16971883339566274,1.6018980280135597,-2.439115017989652,-0.4574285535161012,1.0234819677974867,0.47911914008165024,-0.25820671373174214,0.4949894973732299,0.19602221159804925,-0.9068702005994848,-0.5063110480038455,-0.09253074079744265,-0.6958755034933933,0.20492548233969277,-1.3095143576966952,0.15559461888332965,-0.4994971583290768,-0.4446364944422409,1.1303003818634276,-0.5177230277666098,-0.505458560823049,0.0008637199901425669,1.532182696392999,-0.0903392386520122,1.3955064928630232,-0.9457300282362143,0.19470237519024586,-1.162946041328184,-0.30650474923185067,0.8277012770000318,1
1.2345448297497568,-0.9155411968124895,0.7176026195727763,0.5611928289782437,-0.23315538048541806,0.7033249016425993,-0.047998994041458076,1.7491417903462063,-0.28313999435998305,-0.1444844985900678,0.7147270799598593,-0.39458150500034544,-0.7702449155457587,1.1959111283289108,-1.373679089361937,-0.25088805271051146,1.7250279017395729,-0.4100492015051842,-0.6726154572483072,-1.0343604814681964,-0.35944806516507066,-0.5547497368632665,1.1083529951983584,-0.17443352225004233,0.07057138097383443,-0.201932580103493,0.5462982255838708,-0.5986695118820559,-2.3750421744946353,-1.1703440968308572,0.4357424900299415,0.8154184704903578,0.6023597710138083,0.2354713675291412,0.7669133725589685,0.8108653860834175,0.727367045057991,1.4934954649062917,0.5899305696325181,0.510834694605338,1.6602597214180002,0.3126396051755658,-0.24579437968072862,-0.15003200990474239,-0.04849020397678951,2.129469362472117,0.7754030357492875,0.10109004981054821,-0.8451219192651995,0.12865395997287166,0.3346633256213419,-1.5445353304493303,-0.8505839493493866,0.8781733794752022,-0.21152489067292374,-0.5695347769024689,1.8409124932564034,0.11001490143023196,-0.680655095369371,-1.6352703117678702,2.1556578835203246,0.44427364147133913,0.3173920924592989,0.19737247141483724,-0.5256026879291906,-0.6516358445054633,1.6480723032186155,-0.32092903830242997,-1.4205952380774984,-1.2304487355143974,-1.7622870053122475,1
0.26677128219796853,-0.06196909183614738,-0.3278383873555684,-1.2469060679591333,-0.9011179359081737,0.9050932054831935,0.9143841503347018,-0.5840001250817152,-0.9135850517578095,-1.432721235546489,1.6165160043464257,-0.16703477296033017,0.3743196196341406,-0.90561897821962,-0.36811433777717273,0.9943375755735753,0.49407561009464873,0.6031320433617262,0.448175237832983,0.3674388514171147,1.215423950583005,1.5284628245733534,-0.3981666116177015,2.0137998932235246,-1.6149175588225482,0.4150425099215184,-0.41372014214464436,0.7302135025393673,0.31871117463699405,0.7286859640174366,-0.14237477702381746,-1.4089230274814237,-1.0917418363979645,0.4583793702683296,-0.7885929707752917,-0.7816041520219976,0.1902147683905781,-1.2495927899928891,-1.8647943172034598,0.6252222793941384,-1.6540526701029687,0.49842773751817054,-1.1364459945669123,1.5601385990458916,0.8873750385737063,-2.2081031459519616,-1.0449255808951383,-0.5322212564793976,2.6305976687774484,-0.856638536068262,-0.5194660322141657,1.2110964354585287,-1.7493166112939778,-0.033134622071183756,-0.1429838750311081,-1.451461666723334,-0.6023351968481715,-0.5289946036493821,-0.8988090516109204,1.1509690304075237,0.11382748434261936,-1.3802734215909247,0.18125202007066984,0.435524662321654,-1.211655818548685,0.5022163569808877,-0.05291671923311543,0.9713091885000432,-0.7533403093047566,-0.34076172914798925,0.9647463253568046,1
-0.745009127735178,-1.1037197328018007,-0.07694279981497702,1.4951730080042294,0.0694813183385218,-0.8754247443317038,-1.0855325557810263,0.44210483274555956,0.4273857433388668,0.5150163131934561,0.45716151877710764,1.2105985169032882,-1.385172017376194,0.05558680088506067,1.6249628032653674,0.06446405117357498,-0.6437158145743839,0.19526629447771962,0.6648089799466668,2.653321771259972,0.2130678136362283,0.39379336259136416,-0.7595098911928857,0.612205114032317,0.6725694656924828,0.5530024053491782,0.39442825538193305,0.32822139964241825,-0.030583583456190635,-0.1387341504337686,-0.8766435692504387,-0.3714070100831459,-0.02157228049316805,-0.10197923909290711,-0.27230839879460567,1.1003147070208072,0.1802185176776901,0.6295500921588917,2.168147673315209,1.2225018823864164,-0.7094388771226285,-1.8833444986403824,1.076505836712033,1.4088690999832711,-0.2003365908486642,1.5307380431435564,0.732925222190203,0.5504448360667628,-1.1670282036403499,-1.1345939089096941,0.7312061726777977,0.21882675182801917,0.10334703120054917,1.2735673667364427,1.151993630782084,-1.2958703143869066,-2.0283712135299012,-0.2532917012823598,-0.8203757885034466,-0.8514536284563072,-0.9398940593041771,0.5688798230486186,0.0924386901811952,-1.5872377247864569,1.9932878472628486,-1.779692892224227,-0.2209500691855289,-0.8324753792783782,-1.5326674263337356,1.0185199204533326,1.9759700063825063,0
1.6886588836080463,1.4603597465637912,1.2507008920421174,-1.9514640388461761,-0.49308728572955385,0.2132091693200041,-1.2878084604239721,-1.2859794502298265,-1.424577975522868,-0.9022899264479243,0.697294422308252,-1.6832307749730575,0.34337143508317364,-0.31430728558861243,0.4064942929068714,0.3456169752428197,0.11195267805542115,0.7204208530468764,-0.7101304349835544,0.3782825212929337,0.6005092848511825,-0.37732295525394116,-0.2788138532221072,0.34951877932853165,-0.15617919622738394,0.5983061001207106,-0.4020455640652477,0.7604204542494812,-0.27082383667445026,2.0040443390130047,-0.31726297098311756,0.6999156164591361,0.1917070090253362,-0.15762841261226543,0.48352504941472574,-0.4315920870875052,0.5111227143656873,-0.19580220512906468,0.7402200809186573,1.7244470621618642,0.25988520736200044,-0.5224268018342553,-0.6947986441364687,-0.31985431156423266,-0.861464126874139,-0.7654380052951617,-2.222668051376111,0.10011354016106956,1.2462175755135363,1.9624477268629814,-0.9780632180807729,0.8018207094350462,1.0701477148352665,-0.43950149228952207,3.0114718967423184,-2.5071923764050257,0.6508468807214732,0.7568718514735845,0.484862795043487,0.06078673210025849,-0.37156048153694976,-0.857348706229848,-0.568624205193545,-1.6227773612913425,-0.721538609945709,-1.904325473545493,-1.3494845460998692,0.37168513303173445,-0.3721843745402471,-0.6392711462981261,-1.469204700335405,1
-0.28260145892007293,0.6527870593026989,-1.267055179737673,0.9876682279098715,2.3838896235643934,0.058539852031679836,1.3802619966952334,-2.7670260107708033,0.7193433583926327,0.6232412023168282,0.965928156402014,0.03134917317322528,1.893233839555117,3.6797655438888572,-0.7096816541899699,-1.87662648975546,1.1832348039125258,-1.0933891965953904,-0.8872842294142798,1.1725842250198293,-0.42318861132691377,0.31888712300133937,1.862052871745106,-1.0150882549079985,-0.448486417429846,1.1161456925748143,0.07963549899575534,-1.093535845435721,-1.2542399140928273,0.7355096046420233,-0.9023197058645511,-0.6933030314323473,-4.224499335738099,0.861348652139853,-1.5174902377479444,0.18022277960979488,-1.9722819473688247,1.2090059681338834,1.6470222167935749,0.38266433173033354,0.4405304232611799,-1.045832558524852,-1.0818215849722124,1.4458371464673196,0.031457500006378446,-1.3425374713828264,-0.5339135843934427,1.355041442492903,0.6871191476870996,-0.7117854201947846,-0.27586722425845067,-1.053457225310939,-0.9602924495682215,-0.2673572651354631,0.16799332351735807,0.7009015564528343,-2.1425716668652486,0.6209957009721526,0.7879740220102796,0.35349750213065084,0.39536713163826664,1.462181570809807,-1.062614493859651,-1.2210822837890716,-0.23382991167540224,-0.5896317051678057,1.4636615825569816,1.3807835378691218,0.6277818020266537,1.354902033915983,-1.7950830650624527,0
-0.12230668633512219,-0.09345570591331272,-0.021858884163109698,0.11033226218470571,-0.40441023599256765,-0.8843691628298666,-0.6192856819602088,0.05214140618747379,-0.039807894788993985,-0.9463130752643307,-0.040971394515083095,-0.5175904979683602,-0.023388036253918155,0.13273096825280598,0.10081374397487088,0.34489427926612587,-0.39190860245655984,-0.680906234037139,-0.290408463571822,0.4168013538807578,1.560431577621115,-0.3906807650554699,0.07021504805152567,1.710930963349732,-1.1522200779640475,0.44330170189182033,0.5411057021167103,0.30618730719053927,2.055707609043732,-0.07806007122472094,1.1683551416369788,-0.6414500721732437,0.7523692251542545,-0.019351909328190114,-0.7611518802320167,-0.5168406106700477,0.8274428905461014,-0.577256398099129,1.2392239586662084,0.15989117547453396,-0.7645603972764288,-0.4818881386179129,-0.12023617301501512,0.30315652722655884,-0.8035562676956743,-0.2660434257569985,0.6309414282879505,0.16733694982480926,-0.6655467468048215,0.16626456387622127,1.1265004853300884,-1.3326502119946824,-0.08522092746469112,1.7709072507657888,-0.8875206017923697,-0.9404588254901745,0.4294630961645342,-0.5785837645797753,1.0766154235253442,0.32163395155197083,1.2404991296043004,-0.2814094403110884,1.1727433032149068,1.6795417717435517,1.371105469894925,-0.021172394064686642,-1.9133939651269158,-0.47706806142777225,0.41213985084434285,0.6784133009044127,2.3625130144574604,0
-0.744190455716672,0.9671810052699993,-0.8597796511103909,1.7353621173753815,-1.1103160747958056,-0.7297152175079178,-0.885302483254035,-0.672687256247313,2.1325800279703406,0.012522848691910043,-0.09855943373478941,-0.33708313974496457,0.7088747133396489,0.13716319799645657,-1.3560297227174043,-0.9263609027988479,0.13788736341231397,-0.37653282717304515,-0.30373340846778374,-0.2680869671772017,1.5258864555337066,0.5419458534384194,-0.2149890740938381,0.2547878182214747,-0.6135749075865151,0.8176624580867586,-0.678540176659293,0.7853255436281009,0.0867212156678984,0.1031920984714137,0.502112971126619,0.19950762380069936,-0.33733038927172593,0.7358790445729657,0.3851496179175427,-0.971103973807514,0.609060488671586,-1.5243340041029216,0.7579289442352563,0.8949188311543564,1.1112745223307767,0.9338214354105946,0.2878257071795031,-1.048595896832558,-0.12082972498747473,0.8105460309031153,-1.2617226507039374,1.0415568826956498,-0.17821691950267668,-1.5249977800480474,-0.3662443965795054,-1.3367385976738653,0.9207827086767469,-0.47736482092400073,0.22268575248324127,0.27411669105916797,0.11795418631390922,-0.4664753273615482,-0.08926399001825723,-0.7416187299648205,2.228331465688067,-0.5632415935995246,0.4996050680155406,0.051329986021658044,-0.09085610924428955,-0.434694527626664,-0.6320056381893164,1.1505615080108942,-0.9353476672495907,0.9282257380718422,-0.12258027639125983,0
-1.6425788708237805,0.9187001615621793,1.594619632509852,-1.2637676653877825,-2.218240930441439,-0.4024625675848074,-0.06607779482875291,-0.9281852058033867,0.8937606865265337,-1.7648386099045583,2.199880380169094,-1.6121054467387266,-0.008579397947739879,-1.7260147606275953,-1.8354009168830505,-0.3688554628811996,-0.8247625611036752,0.5178231793646128,0.8139056430125452,-1.2784150617020087,-0.8872516857541457,0.8057963519204441,1.3194703284278964,-0.7479719022664112,-2.65933192259407,-1.1674568153022664,2.2204727258190764,-0.31868609470770526,0.42692002528655865,-0.8368291767583408,-1.310350429718034,-0.021750358692985285,0.6361629596754674,0.2829390957136121,-1.3813694688051035,0.49892926968469264,0.7509553901017063,1.1041865777944007,1.2510986628611167,0.0252973689218506,0.48928224019101957,-0.06218866247205147,-1.808716897319615,-2.3683249961424773,-0.9202752889913153,-1.7047073635570165,-1.764223971693626,0.6649763893402314,-1.5874575361350447,0.3856259784169599,-0.3983751676705261,0.44911844746830565,0.5546722066616101,1.3420702758731937,-0.3344587700649827,-1.026539516842911,2.8184762948618207,0.8239307750268356,2.217804468336075,0.6099636749366288,-1.4187532575434676,0.6904474436935818,0.16109913411604074,-0.4367665854419135,0.04431641074152031,0.02982741971302465,-0.7429415905817028,2.279532795894969,-0.2714568939879251,-1.742643026851871,-1.169967271958128,0
0.298359515954381,-1.3408850621029973,-1.099167436973853,2.435970025726434,-0.3077058328415885,0.2360827886054714,0.25387201288957384,-0.5273225875075899,-0.056652301593546214,0.04447737054532654,-0.19629257265057343,3.0429457420576864,0.22104328761279024,0.5378337165985061,-0.13792505900658222,0.11030046166736014,-0.35318208280253965,1.5014432419314818,-0.6926756771113372,-0.36020264235411453,-1.008505358579002,-0.2423757752764851,0.3199351781770401,0.07585370613274955,0.06523961768392303,1.623643922906782,0.13855409542700436,0.026844580516526904,-0.6470156953657553,-1.3132146963226596,-0.870392457117697,0.7908601069999,-0.48434956830953685,1.8453331384721938,-0.14888190204925555,0.19711942464032248,0.8241787864406502,-1.0869326333901648,-0.9284770142219998,0.30692174631944424,-1.4689729691176172,-0.6908965512429744,1.60597633878554,-1.622950676592556,-0.23825399739383082,1.0939986327967044,-0.4252823486161399,-0.7712167221244521,0.10119808723925852,-0.3254320496811609,-0.22816400255107247,-0.0110555413260455,-0.1078974660565169,0.2839441589468451,-0.17998710761370776,-0.8230472880698867,0.0639069301413645,-0.6222124054913329,0.3656069160944752,-1.0538903138517766,0.9480296841142577,-0.056371683078102724,-1.2757502339756712,1.4080400782322307,-1.376564805428147,-1.1332837139020224,-1.881473676452261,-0.44509089626975185,-0.41942948565945243,-0.551586795804029,0.015478653886897951,1
0.5021766082373061,0.11781571442684771,-0.44335627288257223,-0.5352400485993164,0.14875637297549438,1.1343562413573285,0.07075954188196701,-0.44342260795270094,0.5328631593251862,-1.8598017054067135,-0.5367237007504251,-0.6240458725445881,1.1038472314996828,-0.2545354119977359,-1.3639494175538107,0.929741200966519,0.191556168516976,0.5509964428826291,1.6507722315920694,0.533494720147028,-1.0782066340887568,-0.10455885920661076,0.9287678872229195,0.3360756911804965,-0.47930711991683594,-0.023826636934914394,-0.868526307006684,-2.4004044317604896,0.8158847367384037,-0.05724209410054329,-1.8769536531792026,-0.670872853744562,-0.09874316679255839,1.6385091166744177,-0.2139184542177012,0.0842779051723655,0.8048832233115667,-1.000842281990817,-1.8050498831579673,-0.36159666312621647,-0.630532241104813,0.26798636687485977,-1.5500954336832935,-0.07765323075083999,0.645037552759466,-1.160112786193685,-0.598654211034793,0.4200627437588982,-0.5687241247015374,0.31267048919635293,0.7488651781788839,-0.28124551896577427,1.321655993956264,1.568983951945124,-0.7688804550646069,-0.6246032177796963,0.5127888485806932,0.18072051920653356,0.4659975016574345,1.1365546242137141,0.26632052760783964,0.18088037869195084,-0.8701020349435831,-0.494549377922762,-1.736282110197336,0.08033249240838616,-0.07896926553129309,1.7237804640144423,-0.12383722000335133,-0.16418070018887845,-1.8804396009584141,0
-1.0160037573578191,-0.17234284141976486,-0.8925908657837639,-1.2158248836883536,-0.8560638917955014,0.8068759111772298,1.7464995472557567,-1.1652716617800523,-1.3313564230015398,0.18994251164294007,0.31152245015928204,-2.0652639099999988,2.1047818021232443,1.1807890381475135,0.1919532041708771,1.2355459771604045,0.06012070769803787,-0.6376653655174366,-0.6600373210327525,0.466593066343867,-1.5355803843444351,-0.10895999947331941,0.4939654468941877,1.472322922331486,-1.7153817022904478,-0.795591068621052,0.9133338524864957,1.0128295102620504,-0.5994902405863705,-0.4167498878564346,0.14213513077418646,-1.4899322891607059,-0.15987637301180396,1.7897845725886083,-0.02490845954805068,-0.3949314137670712,-1.6662018459513148,0.8307162645592033,-0.28606765308149523,1.5412865487430794,-0.14057729919121312,-0.0021740702281460096,3.134801235549926,0.4352328074298958,-1.6765654404565908,-0.557815588559808,1.1627714989675808,-0.06628815929458834,-0.0021676630982408844,-1.4501688905084897,-1.5076284782179281,1.2652336813727065,1.9132675911679007,-1.2922776009120223,0.26765940531739624,-1.2983251360629882,1.1749204514556646,0.35395192100729844,-1.4734721680780163,1.5575638913537309,-0.014506560061086185,2.276286418493913,0.6178413192660211,1.178924876015574,0.3649023068006964,0.9700572105275337,0.41292080446004065,0.21697538971218708,0.6094872042688613,0.8637290370604224,-0.35081316654111366,1
2.5086200686765876,-0.2486942507404236,1.28460608415788,-1.729744062476127,1.1050612289311468,0.45748267510034185,-0.8884056978356802,-0.14361600788997686,1.5245697949702368,0.2640584833182449,0.7417194807133035,0.3968247149458975,1.075298220121925,1.8644822476666096,-0.0033084113538595175,-1.3924046187190025,0.5815770682952656,-2.3266000503205886,-0.19493297226543052,1.1058420320370483,-1.1937389906549167,-1.3282086821296755,-0.3221300875227859,0.14487109226171657,-0.3787318910637751,1.6640623351227555,-0.917849059959413,-0.23348891376223563,1.8039341116270897,0.5194936348783604,-0.4815327144689434,1.2890406158461631,-1.5625004877064776,-0.7318619067740488,1.3482448133885747,-1.0576748096886712,-0.7112015187859938,0.2310281722820808,0.9499474504791672,0.4280821211949971,0.5115411476581787,-1.7142422174634255,0.4075131016794228,0.7817109703485327,0.8155061681549307,-0.9093325783708197,0.27067504991516167,-0.40499627912460895,0.19712736155912874,3.8507566130227384,1.1107532858201243,-1.5168448646547803,-1.6736686659449336,0.3064131988568249,-0.24580671866602807,-0.0240379370383809,0.9548146619834692,-0.41621716484310295,1.2238203989226974,1.0182326439367908,0.7959818760627667,-2.808256827708774,-0.8090497705931136,0.4046362367392509,1.4481707263189265,0.9818424469043889,2.616740694305577,-0.2743320404906195,-1.7097324600417192,-0.577825419500264,-0.7644952129140247,0
-1.1558792853844952,-1.5018483677708574,0.06858979358441203,-0.6982808092196244,-0.3896911858811476,-1.021894666332607,-0.7115135964131932,1.5080298989476923,0.8966490681025673,-1.063427303589659,-0.6218546189304119,0.9321558733270604,1.2692274392485834,1.8999977568487374,-0.1683401144010271,-0.42117694846414655,1.7042136155519518,0.946606549883138,-1.2203564016838087,1.2126518305977299,-0.21569432574472197,1.3060224566597638,-1.0266348220966446,-0.32476874655408156,0.2799842755487121,-0.20583508618510024,0.801171379051573,-0.4064813793904213,0.008985395681448476,1.1151526997381882,-0.2021303328079127,-1.5730621735750943,-1.6763139924228037,-0.7653209346057437,-1.7915694650440999,0.7091743077720766,-0.3282787187409055,0.9859966779599403,-0.5074658184466271,1.3190703315054855,-1.526018760584869,1.0535333842514638,-1.1583928968692312,-1.018747312958567,-0.32677815379356917,-0.9068634783594078,-1.144748939071716,0.6972830635834608,-2.0005483558594306,0.29420721533031785,-0.6158143976317276,0.8893901822455611,1.3682159680317385,0.7148722498841873,0.2135431329000871,-1.1106736270722282,-1.2297535388721055,1.4148907147063785,-0.7692185181681465,0.24299335874566996,-1.08073363968852,0.9106271161590381,0.9822322479313151,0.2426692969672425,0.5095031405815149,1.1372922519043753,0.6831561790443278,-2.0726523618115924,-0.43478757731530154,-0.25160136056850857,0.35624439744038094,1
-1.877656309545486,0.5908261382284293,0.03841285341314746,0.81315547536103,0.376488337398649,-0.6861443751493972,0.6957253923917709,-0.7298317353867428,-0.4817587699563438,0.0714969446885945,-0.2327713622010036,-1.1167531611835586,0.15500695221727173,-0.6370516177476383,1.6552534998067812,-0.49957462876591735,-0.08725906529700844,0.04001535847319045,2.207839100244346,1.472335357516733,-1.4077948893126613,1.0302103192452847,-0.9508802482482447,0.7472610542909169,-0.4701313469993223,0.13839568967642069,1.2645774234952043,0.7115644487123123,0.41153235202330024,-1.7091066493228564,0.0450994064567811,0.7818510567240707,-0.5237257856634194,-0.8862964245135594,1.4033027629217296,0.43394742539078596,1.7168522030843782,-0.384393263387249,-1.2607688915482467,-1.6631776065319261,-0.12725239692723622,-0.010477669401010291,-0.4340965352594496,-0.7114839375885139,-0.19133243032785757,1.3497418825776444,1.0378189157738928,1.6546795498344218,-0.025637266681558402,-0.8465898785985125,-0.23042267961158636,0.7717588352892849,-0.562054583081417,0.9765194085501636,-1.228985989511835,1.9087989113539732,-0.043144127456813196,-0.47941836249478503,-0.7267803224346855,0.5154113565728731,-0.4490061640445511,-1.1029975434584345,-0.5435125945355345,0.007688680270129903,0.37582259177010024,1.9505661058816406,1.1936557231993787,0.9747092523086864,0.7776849835392019,-0.3392876507431232,-0.9102132160508154,0
0.251887263740333,0.26642707930032505,0.7274388267849791,0.33178709704200865,-0.3537533494269555,0.5142709976881382,-0.5334861786080843,-0.3972382547329492,-0.07502061399293596,0.7026644225849867,0.10966637126206843,-0.8186033180489677,0.1739257326522504,-0.09899453863900128,0.9965520600638385,1.779941690057956,-0.31883506211788165,-0.2060943066858036,-0.5751415284616929,-1.450764980466291,0.2430388387160312,-2.076202871505462,0.2655495539747889,-1.372599666978091,-1.4010516011450684,-2.006905041379135,0.028000022103883356,1.5896209843797864,-0.2895301241120624,0.4557750506698513,1.9478781478976104,2.086039739590971,-0.0804594493709143,-2.1535700608523665,0.9211105395883916,0.35057376118283684,-0.8820168024522927,-1.4645755902609605,-0.5919051293447604,-0.5980992892477885,-0.6581263658003772,-0.3181617677217149,0.7389485926606271,0.855126754550028,0.28650250804553407,1.2872289093045073,1.108582452979824,-0.392533983496241,0.4456594341788373,-0.7970513813185486,0.901816219633596,-0.08484150239039856,-0.6087399935703156,1.4190323470511068,0.03870311968427861,0.27570314981671556,-0.28331332884959426,1.2516050469253577,-0.36637953620360697,-1.134088051537077,-0.17169092930426771,0.8945552934457609,0.39800119958012975,1.1543474236741484,0.2662704689264777,1.8961150987386457,0.35074044977158014,-0.029320052273135014,0.3361309229246865,-0.23907979601902335,-0.33989647644083226,1
-2.0262503524303197,0.8180763007017471,-0.6342563704580726,-0.08909425504950429,1.901369935193534,-1.093159436656579,0.8281390977251445,-0.9462030775260721,0.7257808125596668,0.017108982671688887,-0.9594789898145356,-0.7872352675781416,-0.31658888580908573,0.4793092638068269,0.30852057071156835,-1.4207145216433965,0.48674147618209457,-0.39923929231459265,0.2773074514391008,-0.6836820938836133,0.19674186966966806,0.4115193141716974,1.7905045274380915,-0.47510790830874033,1.1384465300435498,0.7015295279793008,-0.38670490118435974,0.1890537288509799,-0.2914205425316733,-1.077621087147419,0.5973846764151007,-0.8532975259733372,-1.3147103575997015,-0.8789094021456861,-1.3809764562669766,0.659143246391639,-0.18255955032123622,1.2455907639092325,-0.6456417677841195,-0.5045045639721931,0.3441768971931253,-2.002694389645508,-2.6273930937279872,0.6098707427569079,-0.7979985444222577,-0.5476637956518583,0.02477902764557171,0.4980955808453186,-1.70457362425112,-0.33517880404562167,0.35827972945385694,-0.4937675464390834,1.06719296137414,-0.3059121290811969,-1.6904843526076594,-0.04276650549085684,0.101023585330469,0.3676378960641203,1.6605126545183075,1.5476045148538558,0.7308649974395427,1.2738007899196222,-0.4612749188393207,-0.4363946499297287,-1.3123634137936113,-0.3974180464326457,4.4937032089482954e-05,0.8706474928392648,0.1880488640687693,-0.19287668281110065,-1.1462298451221118,0
2.3950833168418812,0.4696884166680082,0.7849637978838303,1.6051305752287663,0.3896181292200232,1.4482175155431096,0.7287034987286732,-2.623986823544573,0.533426949471534,-0.3799390060543266,0.9290936367766071,0.8770022627355171,-0.5306421196878407,-1.0922049738566575,0.6245458917588439,0.6137034219253056,-0.5199225299450445,-2.1096335269199447,-0.5617367134853912,-0.378808854051029,1.0079217452733698,-0.190127770099855,0.4067762685133636,0.14566152984596006,-0.8740060319926962,1.2220991651936972,0.9383130572604295,-1.3748678976636957,1.7765361682510599,0.7863021696842639,-0.9446008870633742,0.5019200146585714,-0.10100595131279441,-0.45026066785699004,-2.0689791047476573,0.2809901255364712,0.9202929487521067,-0.5703079289364721,0.9463726727187785,0.4309007434086214,0.8233611370914785,1.8124092107117225,-0.15587283261785678,0.1064816709423528,-1.1027614139764113,-1.1674620236389437,0.6068120636260937,-2.518863245870494,1.3889885675533025,-0.6851142755935984,0.35632227493472296,0.5540644598284207,0.011774067455432548,1.1880368948239137,1.3509932344557325,-1.13857621469584,0.7240577299755709,-0.162805567086766,0.5349344207602329,0.9461521172584382,-1.905823121530362,0.40706886584732976,-0.8794123411231389,-0.9580615462099986,0.22122612262040967,-1.9106450926973697,0.5803724283832477,0.2134749517424697,1.0013648736615843,0.9218688167126541,1.0583941511953439,0
0.4799310630496547,0.4062919808004283,-2.5828228106778712,1.1217815561676001,-0.637419890781895,0.3041590491531939,1.2072117590636091,-2.498389489143443,-0.3607440199974359,0.5786894725946312,0.8621198887171948,-0.04134252828892434,1.2216708901875442,-1.4809512403777614,-1.5745933175668803,-0.13362713951634472,1.4119453669394426,0.38086662696545437,-1.8179206530138043,-1.089587501551617,0.43376210208505345,0.7225462625285747,-1.917015258648055,0.5331343094317251,-0.6430227504982612,-0.7200511472964171,-1.2016403963889706,-0.44600821576839317,-1.2684770501079308,-0.4689633942054409,-0.012976238782709083,-0.7023936407207396,-0.7094004964950223,-1.2144435110458067,-0.125389846607857,0.5819363240181886,0.027970946927059197,-1.0657738866543953,-0.27982243652730343,1.4185719804392851,1.1764267555754757,0.11852292146426847,-0.409932669997271,0.1888275751850243,-1.9406516890923444,0.1980551880409904,-0.26672728369998244,0.16091810459646802,0.4918036931159045,-1.0149095852341736,-1.0753648255185948,-0.8777657279860237,1.103827980588352,0.32274316750585935,-0.07658913399307278,-0.2775393359514361,0.05025270068426866,-0.4967576898142632,-1.5085991279549746,-0.7771833488002233,1.198714361322545,0.6193612668462474,-0.0020219252791497866,0.7375890155579332,-0.3210405837628934,-0.9155433805085621,-0.9990799413996377,0.6383424924513391,0.9565635700253783,-0.16291881666815586,0.27434641200442683,1
2.1754285280469077,0.5504982031257624,1.2660362489949286,3.398140248500547,-0.02455537341622297,0.621130750548438,-0.9687761963591605,-1.1683184954461907,1.570935385418837,0.1985168317012598,-0.6477515379265224,-1.1806810067748972,-1.4264052884187854,-0.34338539000501495,0.5256609021953006,-1.1413469094388526,-2.2484339297918363,-0.8323136695791183,-0.9997764422495404,0.036873886829355974,0.9324280072279901,-0.8684178125906991,-1.7502162800012677,-1.701646913093983,-1.3154824396344624,2.950393331046166,-0.0948141026163615,-0.7783545415776063,-0.6641178506190083,1.3085609373768312,-1.2083036085269323,1.3670881179126055,-0.8650792601951008,1.124993177648178,1.6719033000216577,-0.4327561971765799,0.6487863522687145,-1.5906025552534646,1.900551964872001,0.5389318057434554,2.049015273938479,0.259153598526411,1.1986252038834437,0.22246346753991295,-0.8912007490890763,-0.32952049165520875,-2.4429838853011483,-0.8510310397567097,-0.5380440950130972,0.7784054110882642,-1.5382133543525625,0.289729122128344,0.6883078787477911,1.0440701247090918,0.68718121865073,-1.092642905710855,-0.1369553513024993,-0.7733643005254195,-0.41684479667611146,-1.6244032876429402,-1.6231361942175095,1.0618355190370061,-0.3526863417920416,-2.420441274434438,-1.7935669880933438,-1.6863279363152874,-0.00310599726407843,0.6049097004243088,-1.7744936689778685,1.285724735767965,1.0743457410854873,0
-0.6549594904952117,1.5532109164043555,0.7345234214711216,1.238332729792817,-0.2778638899969052,-0.7413741344154253,-0.6537813959993414,0.4347487585431113,1.5029490879840046,0.8160007752622931,-0.29390511503320127,0.503865595765599,0.0988768667026084,-1.2723820146740183,1.353746620482743,-0.03541641617659723,-0.812179690067611,-0.5568652689561293,-1.4093413264238488,-0.14030896203168838,0.05696557270194973,-0.41465590694112286,-1.081190176856342,0.4901912878014065,-0.3017763347080824,-0.4311310671311443,0.01969175012160324,0.34111758024341565,0.5338504664121104,-0.02878021633957635,1.2207444528462392,0.8752015326487069,-0.6837594573787664,0.16303573787486506,1.2048231202835298,2.0622092899682265,0.8078650451117545,-0.6621988933830335,-0.5242142892172994,-1.3429667336221849,-0.8469292107622699,-0.3543387285885229,1.4993106922346053,0.8292000283895875,-0.9113602348033895,0.7759470974752618,0.3550373586781963,0.1603663429141042,-0.10019398531304684,0.3722923426327643,0.17390101392418805,0.46513983275176257,0.12176249505504508,1.3410813182133756,0.06800016851430095,0.45278601418419223,-0.6892971984735012,0.3756112135219995,-1.0175697528568621,0.028683043146911086,-0.60226327786789,-0.6897326407490851,0.012728643032669188,1.1060929279974383,1.6730925057978598,0.2926868736256786,-0.6004605978572685,-0.4883009619858636,-0.08338447188090115,0.2055424007741182,-0.11686189323693624,1
-0.18783661521129244,0.6270748119713022,0.5157051773015667,0.7638798778270036,-1.0748057290816513,-0.6684053275581542,-1.9232684153203405,0.039577404907064656,0.7747419906706732,-0.07779646237242506,-1.0162030147291221,1.1060048210059035,0.8310463996494483,0.1356724260675868,-1.1718745881550836,-0.15001376661200222,-0.49600194291832966,-2.133776785050623,-0.1937884515741747,-0.40547212853804687,0.26080908653777635,1.0440825155892226,0.5028860792271378,-0.9646781810418572,-0.3579031356196895,-0.6802830544519002,0.0679994687524898,2.027637681706915,0.14496394802556395,0.6622996309179872,-0.620360131960426,-0.624378389993228,-0.919678849363372,-1.9029536141811212,-0.9947221859793806,-1.400093741199499,0.49489417998917534,0.7268097243798608,1.7974003244009538,-0.2906991192377535,1.5381027919939165,0.035860311674628255,-1.1813045133297329,0.004659215872839605,0.46205945345854943,0.37272235021490263,-0.6950103963803952,1.5397900735666679,0.18716134748153557,-0.6136138176891734,0.2748865336214434,-1.2469423884534483,-0.08636831894842337,-0.7301484813448487,0.5259617708186644,-1.3217438703967168,-0.7247758344695746,0.5232618445575831,-0.48151028082497094,-0.6682766953783956,1.9634210455291772,-0.03149251223136262,0.7908403152930431,-0.7937827109007036,0.5383123515507131,-0.16214832587067615,-0.9452623446755165,0.3472624188490714,-0.03385479935782585,-0.2836352100321298,0.5326580275184729,0
-1.102938468503705,0.2655310136042902,2.050495819377763,-1.4737589189429228,-0.6514145473495344,-1.2491922265990911,0.7747300210219447,0.7399695634154982,0.25742591693446654,-1.0505291845707954,-1.1280459107846372,-1.4333373998832206,-0.7938328436419578,-1.5933026984672447,0.6189181473619584,1.62509322374735,-0.04792718002673442,-1.5497601543511406,2.023462979112014,0.49479731155174916,-0.7377523002853771,-1.277215110618419,0.6486815358479473,0.40550681762677254,1.186232148126349,0.6797202786234683,2.3564284548772987,-1.185122458871577,1.4058397513480267,0.4357239706593779,-0.5397540361135491,-2.9579549594885606,0.11293298206435923,0.7637645000451233,0.16214334481209666,-1.5385214685195492,0.5421463290083187,1.813612054018165,-0.8746717255527674,1.6787374138408995,-1.194134998365564,0.5314812749225155,1.0355481339089332,-0.42134829279603503,0.5001972641756968,-0.27326450688835663,1.9061418785948498,0.8054825103981561,-0.36721408849083775,1.334131483069398,-1.1765332028126634,-0.713372472360597,-0.031746023716905394,-1.9471128632753711,0.9306217246864478,1.3704038620978585,1.2168893911426177,1.1378702844147592,1.5597445054538046,2.272391503658274,-0.2572987332757739,0.24000983438347867,0.27071178459901196,0.9156418353233685,0.17928614437671803,1.2709661348357852,0.9845633874511325,-0.834882350366796,-1.024073662032886,-2.225556740505932,-0.76407770946319,1
0.9565449764700877,0.05180723083840142,0.4292564253083325,0.48526607209040057,0.22994442548672342,-0.5423756992066475,-1.4561453960148962,1.0437875943547517,0.31429050769309047,-1.2254315111931278,1.4426553846535406,-0.6158013947672897,0.3759567590519655,0.2267280277758701,0.18137062874986018,0.34249691255108633,0.3506029625198613,0.27275597545230357,-0.6733616978955468,1.0406649422612368,1.011511642039343,-0.8154910709191092,1.324569559659108,0.5414735428580171,0.31114967911219116,0.11951029922909297,0.8201320420563322,-2.1766997605531864,-0.19900751500775402,0.3016074336529263,0.3508827092581515,0.4699818457095788,1.8093203450411008,-0.7188355015201517,0.4785111210735743,0.02714542952179784,-0.17633768862971444,-0.7347099079430814,0.8714627404945817,-0.7226430574370382,-0.6278929408299808,0.20228719477294668,0.36231316170785877,0.1681514580224917,-0.2202166802181362,0.7688981240047077,0.372552899941278,0.8208825007941075,0.3243229787156797,0.512165702528449,-0.33823918933697783,0.3035725768018602,-0.6641954079912461,1.2542772210984368,-1.47994470462295,0.48343536070891785,-0.003448215232620096,-0.5898550455559801,-1.36234639810236,-0.7105527463787765,1.7742036135682142,-0.11185176650211472,-0.0441614424578346,0.44088187223372605,0.7671001195170161,-0.21502869966796062,0.14993245557090784,-0.2731819123207745,-0.1603121871633714,0.6577403965471488,0.31355887664772014,0
-1.732540053048323,0.2836857326340352,-0.43179013775312775,-0.21549607385394853,-1.6663381122599763,0.28648458718084274,-1.0237721176872603,-0.9858553508682866,-0.5184035572356037,-0.5284017858962186,0.1306598833443594,0.5121903992431821,-0.06849735612642904,-0.21658743639416123,-0.1101480878659757,1.254867133796762,-1.186623320498924,-2.5121846161224544,0.4283947806535315,0.3262499571061608,-0.9228265670086933,-0.33331303457482836,-2.268848879740914,1.30504482028079,-0.3350079332243246,-0.6436417800091193,1.7540038897233499,1.6397656855516827,0.5469989283843582,0.07514652858741479,0.4745738435786532,-1.255057646022262,-0.9781674777601496,0.4402110733131652,-0.6661841602974646,0.3407909381739941,-0.7491040055924417,2.304071197012438,-0.2988346197287048,-0.0545457493090498,-0.9121835189459776,-0.44543039930745687,0.8885228374226054,0.5286888490976734,0.2156881634659824,-0.45500232362135073,0.965911324144342,-0.9784188682961985,-0.9077063062182955,-1.6678081629507708,-1.1869339070697873,0.15102973713332868,1.9958099266197717,-2.2676918583813084,-0.8567901201896412,-0.8880074128172519,-0.011651897398947753,-0.5582934149561368,1.0304678446974458,0.19664494808820426,-0.7247840404326487,1.8299397452038646,0.31029477041567505,-0.11539833325170952,0.0895643521415346,-0.6790971915277211,0.00898163916820665,0.5333787436345239,-0.28358961548620604,0.3348303837146968,-0.3560760957090203,1
0.08727573605698974,-0.82181197022494,-1.2596161069233456,-0.6720293074554997,-2.1188886801656373,-1.0245374569587211,1.049467801169674,0.38001544449444424,-0.6835249204177835,0.6768069195006674,-0.09263004219117921,-0.5782740036731358,-1.0288339364443733,-0.7117527305801291,-0.48706674145131373,0.7679703037736136,1.2215283397688266,-0.16756313780019663,0.8087992985008101,-0.4212295490436544,-0.2747086524032339,0.904995122104117,-0.72336376732399,-0.32873838810499306,0.23732600215695082,-2.3822271691057466,0.8048610066406423,0.9920469469036715,-0.7141257525245545,-1.7534631717149705,-1.443846967585735,-1.8450808188945684,-0.18698359405604906,-1.0168725546989885,-1.50323710725778,0.8982953561618382,-1.1529286403743144,-0.5853968746871292,1.3782356577084311,0.5329539615280554,0.8450812825257616,1.0219034757889742,-0.3560487260876871,0.9894731486365576,0.8732614388172931,-1.7887748461525714,1.939691435117723,-0.295977420664529,-0.4177339568268211,-2.5152661152070253,0.34245613528737373,-1.2980704520092639,-0.2693884138407198,-0.01751570479190173,-0.08660644172389018,-0.5115634432091775,-0.3472986001678068,0.37117130582601415,-1.172540154146643,-1.0209095294823003,-0.20505761618887694,-0.3355344554054192,1.0200224232367854,-0.1392685562351877,1.261696446712735,-0.53192943798902,-0.3157004061410023,0.5584738951112492,1.2576961156225914,-0.5880726220785027,1.387642675256405,1
0.09150956825421895,-1.3584362921316533,0.5001591501127058,0.36183999736079275,-0.03444984197352015,-1.9594643532075564,-0.49505935319047983,0.6350425605935693,0.6322199872901947,-0.9094402044415867,-0.08485475685211152,-0.7905542500499861,-1.9304008580156433,0.5558665396552919,2.011441771408469,-0.3382682043127466,-0.24510483169284744,1.0566167910365096,0.48447962076703655,0.7962019581417299,0.5772499589648667,-0.9475283757825895,-0.786303927369703,-0.03658075508323842,-0.11840985241149951,0.7686413275400683,1.8021472802089362,-1.8775381859556712,0.668832202815531,0.4888838416841284,1.059644676544739,0.5831650154965502,2.107415860478163,-0.12560607814920266,-0.2380820704817103,-0.5067678012069192,1.7968396201583257,0.49227436706308964,0.08322948532037029,-1.0505444937843265,-1.1625590604546978,-0.4600235753941289,0.5094375261404617,0.8896024048056398,-1.414985879930487,-1.1848412839909905,0.5069564695039752,-0.9680943539893385,-0.34356678368481813,-0.7506351100383267,1.1392102838328266,1.4006403607281592,0.19790689159393754,1.5065448828501515,-0.5382440148680631,-0.16787781821457945,0.17180078687489245,-0.22748699780150455,-1.3605110929351065,0.016940059401501235,-1.4559257262299168,0.5025776997328456,0.9822103284417877,1.1908992674560572,-0.2977558101174478,-0.9627853930287881,0.8145094685947876,-0.9287367471904328,0.7568504818409035,1.7583722359147629,0.7414170227821341,0
0.5577549835158148,0.5196963083415708,1.3339407361930256,-0.8209876869155043,-0.8325869014453271,1.0366675090676605,-1.2963854395634495,1.0285921892525247,0.4127499645989971,1.3941091713592422,-2.2673587450771473,-0.23478836270224307,-0.6055348824354351,-2.0263237784037487,0.5540972319180766,-1.863979715914707,0.0732463431412786,-2.463976529857492,1.3575864301364253,0.7274140164971734,0.4483947767855641,-0.7189470537495661,1.3049080527974595,1.5066135119972397,-1.648282636592783,-1.4046956327575724,1.1482436443672785,0.17596408205075909,1.1084733175535504,-1.5535662449124514,-0.3232058600015085,0.9749025451435204,0.3717645051361491,-0.05393228028227647,-1.9249371700635234,-0.5531709942774742,-2.1441488422950745,-0.5141172644841587,1.1791725376760767,0.5497523537436912,2.016819524854615,1.3702085871466114,-1.2567169726124863,0.6534935825429319,2.2893226973973975,0.11134169470716263,2.247147172806641,-0.18117197866854445,-1.42251748225705,-1.62363657626927,-0.3007866447041023,0.12852354142283576,-1.4223548893258033,0.47660317027277577,-0.387610572770616,-1.417604538372886,1.510651134493466,-2.589580508474207,1.633890935614117,-1.6711124318892185,0.29103716987956035,-1.1608368638368491,1.2834494316220917,-2.0191194677347952,0.278265402545575,-1.977279280072811,-0.28368582353078664,2.8321854592660833,0.1966876463090127,0.6374575696455145,-1.2803627020651047,0
-1.3564018746088442,0.45227319504132074,0.306507869953959,-0.5431504937170882,0.4345091268445028,-0.41043603514480315,0.6250488751408134,-0.5819995973859714,0.7981404197276633,0.34596307627628026,-0.4382134140791045,0.3889466044173066,-0.7752518279615855,0.6579733313544027,0.07950429655478958,0.8659397989592122,-0.5091820203679398,1.9697778666886918,-0.7227448516161864,0.5789248830236458,0.03763587444929916,0.8245245809582612,-0.5710969788244248,-1.1365651826113998,-0.6783880934277127,-0.5589331853333647,-0.8803294224049497,1.5396915256677477,0.7445583667265111,-0.1981793972391715,1.0172760369109026,1.903123127992022,2.496425432275517,-0.8953560122724151,1.5300787568491525,0.7995891067381592,0.5516348904567943,0.6300302472937185,-0.031482193065859324,-0.12229685845695304,-0.7348699174087117,-2.420471332465455,-0.572016488633182,-0.7103886973099486,-0.795057830345851,-0.022422960970013527,-0.42671841586363485,-1.279582261770261,0.8563438036143133,-0.18851673113261722,1.3170289335441212,0.39651625832930737,0.9999304533352459,0.9641215306435104,0.8162542301909926,-0.19419545122377077,-0.4016906023113909,1.0463698078878318,0.5483616044859478,0.5424990456657414,0.9299448457972689,-0.24025791862309437,0.6955670726259566,0.10339234779657178,0.8653060761295794,-0.45931212607533023,0.7859446787743712,0.2687557549753508,-0.44511812984242244,1.0707461953220052,-1.2793514364609244,0
-1.1287352718066377,0.7454547260045927,0.08548931137591165,-0.8072248587517011,-0.8209717155933263,-1.1456105454829577,-0.24664965980688616,0.22463523762296708,0.9731775375030753,-1.813075046111086,-0.6693723467648789,0.050515550431039,1.576616329841273,-0.03332860146752901,0.7052818537938809,1.6930983972810312,-0.226027424657363,-0.04747587666082911,1.1327090932484132,-0.568336518855101,0.2623718513497464,0.6448853873400864,1.658485976839747,1.7807237143554384,0.02356922915163862,-0.02288067147366089,0.3721838384903395,0.694078306836275,0.7331604028911931,-1.0392324421977772,-0.7187771635251571,-1.0934935185867112,-0.047891128787072364,-0.12412470764960742,-0.40025404995451863,-0.9667872101733138,-0.5006322783782767,0.5867846765437877,-0.7026106976430521,0.5086510928277573,-0.9692975644122825,0.1333802130660292,1.3554524465158475,-0.8097274260752763,-0.4856729013634929,-0.05244359133484173,0.7662036074368416,0.3145716822924353,1.2787902620858818,1.096693328856956,-0.6574076408739981,-0.3437612655644334,0.8418793630061855,-0.516828153149927,-1.1259473412862504,-0.3649221060220449,1.0062659687430415,0.40306288270873575,-0.37012758018709996,1.1182697610768035,0.0322705657134001,0.0833592081642221,0.4262638508195006,1.7281501048591055,-0.550251356254081,1.4326077080888477,0.07227579194667505,-0.003835143210450948,-0.30298527043198364,-0.2614282634724859,0.1132390145463469,1
2.290404725727101,-0.4423357028947193,1.1122593543521557,1.3484937732388267,0.05900004138330212,-2.0058048112472284,1.3110024787942138,0.9660516500082785,-1.770378238830634,1.5485591794131912,0.8576211291087792,1.5117196053904438,-0.9297885078016102,1.9778888804603587,-0.18869314041486285,-0.1846431159518281,0.04555997570540291,1.415022590484217,-0.5769975033118655,-1.4660578070821513,1.1813808389817289,-1.0091673023213343,1.0793681773041628,-1.0182098880405692,0.2759881626872745,-1.26298582823797,1.0869229676319752,-0.7128944062328108,-2.201075192503119,0.1588475736803392,0.7049412088048272,1.040343095861867,-0.18461102232872686,0.46058031465444693,0.25489506466217654,-1.1157009935921594,-0.15276490209242727,-0.5397203266211571,1.2348099817218148,0.6253519525114654,1.4349173126741208,1.0291650850009846,0.8937878059425001,-0.21570460262741256,1.028740616346241,1.5349100615203157,1.365554148895807,-1.9268681740668814,0.2366363444038528,-0.818376808807135,0.5415326200524077,-1.197362304914272,-0.061459174672907645,1.2036924947523067,0.028365983997859466,1.0438114574256425,0.7210693683279797,1.5264858570224833,-0.9780598163204057,-1.4624615026255943,-0.5410872450865235,-1.3590912028431965,0.10969564260964593,0.08269162723693257,-1.723499848175046,-2.3365616894250842,1.8715792191787928,-0.1267023874444568,1.2844129818616217,-0.5544176252651353,0.11902664926263741,1
-0.18037161839062196,-1.1660478982238884,-2.4275704961114064,0.04181626550431356,-0.9005711799748771,1.3512034995089597,2.6661228741337144,-0.2725806126464608,2.527455198409729,1.1190781345299168,-1.7957709734549907,0.4731030160800341,0.21776126575215854,-0.27374939983848856,0.5775779374728957,-0.6797271162078015,0.7079794882323608,-1.306045499758213,0.4422072681152811,-0.09313417617953644,-0.09942316492306226,-0.9230747256315472,-0.450447452620014,-0.6315763265697278,-1.0724141543292125,0.6529780915526614,0.0968941290648529,0.7245388537358737,1.9463467562271306,0.22684779422776732,-1.1814741444932082,0.1619356893183462,1.2573399797395222,-0.9168177539525042,0.3347877698959595,-0.3073547409655777,-0.24603534027939508,0.3064395544648623,0.4612593525334871,-0.057093197683819985,-0.6114516743584589,-0.7505508545098546,0.8206491232901573,-0.5819515362961973,-0.9475793153232456,-0.9119310884979548,1.9254630700206812,0.39573827308326387,-1.1146651844372009,-0.8422187580399054,0.041761503287940156,-1.7067168920509366,-0.5450760216814186,-0.999358086752773,-0.24143724273945982,-0.3951603859570342,0.41666443847607915,-0.1254173433904212,-1.1312477871462578,-1.3849690697245172,-0.08271943503739064,0.03584219427352885,-1.263131259773886,1.2639736903124577,1.1213578237166695,-0.06904965859591426,1.2363828847663902,-0.7600527926469607,0.950648844089643,2.9361626629735524,0.91491187481969,1
-0.07362125153265796,-0.9301939268447221,0.13388005773270087,0.789284905502432,-1.0623947336563444,0.6942797236512838,0.06739215391173681,-1.4596481375175558,1.4722641019379732,-1.345897563793599,0.01804430202517258,0.19471141455935562,-0.699322428749413,-1.0934444245105388,-0.6647452150517141,-0.1228855227086874,-0.9046806308973977,1.956770016565171,0.21484561912278893,0.30636060653509883,-1.1152567782410276,1.0305924879891117,0.28530281845366706,0.19021506634983912,-0.8734275516441937,0.6262261058636354,0.2990244640878344,0.6958332374703211,0.7454161193040588,1.866451729467604,-0.2167668153663785,2.3245761059887102,-0.31001358505343746,0.4160944589858609,-0.9158127809067103,-0.887713591187422,1.0350047198065957,-0.5797730366343733,0.1595377099915949,-0.9273428886915439,-0.5292510685927929,0.37465806274694213,-1.314212200821237,-2.1602581179618636,0.10864455126444868,-0.10048127403917502,-1.1116148309178582,-0.4348077221491705,-1.4843109842924889,0.559166593525405,1.5299714492665843,-0.7817473903026554,-0.5716026698053934,2.079396450303389,-0.17594850355901726,-0.8161996304865632,1.144391928014323,0.5460535000329917,1.496354839765203,-1.8380354224655377,-0.7468232968986077,1.454651849678165,-0.2556864663977075,-0.1683723544814414,-0.0007034979568100703,-0.8961771934994924,1.0004068219104698,-0.12347037710961556,0.6025153368626099,0.49289541069232334,-0.4292945665470255,0
1.0569683119183306,-0.8634212501740126,0.9791169506892017,-2.712422846596777,0.6326029010326197,1.0757293743115668,0.9447363058390981,0.5933303029818496,0.849225897068686,1.5836309442622,-0.2273944878851203,-1.0656796025851323,0.10659433621662173,1.2871596945797417,0.7009335388810622,-1.0523596619827138,1.2131694981196712,-2.4461987650764594,0.9095611800040736,-0.6593330792537105,-2.9667019281980456,1.0447250429334267,-1.1481637028799465,0.3581643392027972,0.5840235955313409,0.7699474049650614,-0.11821247503075985,0.1497722435184307,0.4938151086269139,0.9819310663770336,-0.17952600719931178,-0.11753653041062119,-2.073215773260561,-0.9386719132693971,0.7836563580480592,0.48516611680281624,-0.17241804020080953,0.738652328609322,-1.013208861992993,1.1791548937742435,-0.41428287175893724,-0.6228195969332271,1.3636468572490663,0.6414460960945838,0.7116976456041021,-0.8026182668222291,0.9562124287947976,-0.4347086542156776,-2.3710060926747465,2.2972928720115786,-0.4546140498538341,-0.9204237328400761,-0.5986134398048926,-0.13273604347017218,-1.6032880902928608,0.1466918971127166,1.732175210811933,-0.15932756209766868,1.876453596282352,1.9903221942515634,0.5585749227463385,-0.6288619985923427,-0.6119674406031024,0.8838832707771911,-0.11512298795948138,0.7029318667883181,3.0569332285278508,-0.2723623021836014,0.19216299613754995,0.3615728296362918,-0.6858315175589652,0
-1.563995048455043,-0.4785052920629652,-0.6147768919970747,1.1529282286605003,1.801373134287807,2.737424360323871,1.5681121724754938,-0.8864609346671076,-1.8290962503314387,0.025007049117199927,-1.5990088586731355,1.0689100359805412,1.6398011067354317,-0.616448757785332,-0.46821369302506516,-1.8508377202531734,0.8391647313528459,0.05331318920212243,0.832971606917121,1.5570710176882767,-0.7616768875493367,0.46984486823831917,0.2214973073732984,-0.5271839060826776,0.35474119680109756,0.14182950424660865,-0.6904856463435938,1.0652435735323804,0.20463233338577394,0.2126645166641297,-1.6870110630230275,0.4650053845797501,-1.4199268573925827,2.1457224293435884,-0.11525684398044046,0.45310187974339966,0.6847589408167015,0.3743335691163103,-1.6647663223046336,-3.01774781169071,0.25028844288711477,0.9539137797014721,-0.3960989539721487,-0.4757617478852252,-0.06166859332979002,0.407037010890696,0.025112235376529787,1.5621918933778112,-0.9365035663701738,-0.06519661377385882,-0.06352980405547069,1.141040139335224,0.27333040609306825,-0.14711938152217585,1.4114421874617498,1.1238434804825457,-0.6219376895010825,-0.44800713433826916,0.20754370066014294,-0.381862083771383,0.22126004118186388,0.1836663056749621,-2.642722914355524,-1.3816270341483612,1.0676574443295488,0.8728502609004057,-0.027471674076477024,0.021939502806177392,0.39303497254310654,-0.010793532608622697,-1.3089129746971133,0
-0.2261285192707074,-0.9914830122323947,1.5604535694116757,2.4045890764080085,1.9480005469675608,-1.3420563219753048,-0.30501393474410793,0.4236359620328123,0.9713559805997698,0.7164144571629866,-0.9299175670842511,-0.6596034955066851,-0.8662165872850244,1.266153273469169,0.236339268313151,-2.0156335825792886,0.02657481489945044,0.23057279735044844,-1.1717416408737884,0.2713374532414184,1.7180278782772032,0.130832636753969,1.3195780569664053,-0.7816104738024425,0.7937739985003428,1.7589151195258625,1.213004259125685,-0.41669125782588795,-0.1343500812235782,-0.5954064839209003,-0.36234874806452905,0.1394962297350245,0.610398947536043,-1.0467832879479204,-0.5803428943552364,-1.4310449885335172,0.6849171753887077,-0.8205237075995939,1.010498271462678,-0.9294458833639822,-0.4048052263548053,-1.4984282762377832,-0.09735938179856057,1.6756188144678388,0.40329226208019636,-0.37593904733873257,-0.6986212184016762,-0.7857998858329361,-1.031725018114584,1.6298297756844928,-0.973160762677977,0.7657983833368578,-0.811538787080078,1.974976797227812,-1.3641422960595473,1.564013192313372,-0.5069961571448203,-0.11544511830542163,0.8031426064516317,0.9507028714381216,-1.3689262665206656,-0.019275416676990537,-0.6953548726649298,-0.9370677255520732,-0.16480372643596955,-1.0845941017878522,-1.4408849501347059,-0.12057503374517642,0.34163459684338443,-0.8095386670249493,1.0596931955446725,0
0.5021628776486946,-1.083894320198671,0.2682760601983666,-1.2255855081482179,0.031822361136498827,-1.5267684990369348,0.3806855376128186,0.07327438223454275,1.084193683911588,1.6000596936177944,-0.5540939818010939,0.3041192777328615,2.193324218874405,0.9359482312786284,1.3095093866408876,0.840100354784179,-0.6345935886993628,-0.8677704720287218,0.8260518128683465,-2.171654618603483,0.7900960182296879,0.7396806359004384,0.5784970132415331,1.4165769222733964,-1.001123397090382,-0.34818178026471674,0.48875533786375935,0.32639015896863105,0.5205937311888047,1.3497828145922135,-0.9664586594889645,0.48301226781408063,-1.062273723634237,-1.9121400842615452,-1.6266578031135257,1.345914253496146,-1.8042621061085307,-0.2224386603970225,0.4280854121591456,-1.0315313483351545,-1.0061406938856843,0.6464339614585757,1.1449387649388483,-1.5185397591517955,1.3680230102151252,0.9471240844010338,0.3433475074686144,-0.9876767849086044,0.6044906906859899,1.4786911188289698,2.2335578555558677,0.07463676097290893,-1.071237551713887,-0.5361342840900316,-0.20755621595614465,-0.0057514393132243125,0.2554366933748562,1.0629109927774818,0.45880237444633964,2.5208587203337847,1.7419137440536123,-0.8863283978037642,-0.06996075770740147,0.5859171906188211,-0.647050972888011,-0.3884248576467004,-0.9746498408381726,0.4999317005485119,0.940062693442236,0.08767273257774978,0.03243563342927219,1
-1.7528052137451662,-0.15891955714313116,0.3296155354090535,-0.07962618355246454,-0.7890411533969338,0.5481115345232692,-0.09257062446620544,0.5919826469105893,-1.009003596383705,0.6909702550890703,1.378140668390353,-0.7147928859595688,-0.23114566186254257,-0.07788135349861469,-0.8468117914815668,0.8457667860974929,0.8390453185718661,1.2306061566276951,-0.651884802600019,-0.5141989522242739,0.16781118298231595,2.189900334101283,-0.3271470394939112,0.4427456623121142,-0.08408288058085114,0.6028393568941235,-0.6970860215122378,0.8873189983598033,-1.6926983121719381,-1.2620046110614487,0.8174860918717396,-0.5178206004210834,-1.4611646623783408,-0.5505594446956827,0.4450925051181577,0.8449397968613364,0.26680951551140636,2.9355756135199287,0.9204618763582935,2.2463803699908094,1.0704588141979658,-0.9473546252291299,0.4237120395859858,-0.8306587056724174,-2.4576249046136094,0.8078153078568131,-1.0035976314519481,-0.26546949905914324,0.7350523751672869,0.20983697861007009,0.31547192364213383,1.4221786925240483,0.5161402203853541,0.23129162227772443,0.5608977103955144,1.1856005676214576,-0.6267854498104884,0.7144110938938848,-0.4794015189883085,-0.6932285769917682,1.342199017921748,0.09014606349437304,1.3972358748244686,0.26299541752393746,1.6863300745127865,0.8662760163679224,0.47726695566942734,-1.4024365053330805,-0.3147839388592933,0.016147728800461933,1.2865884860362138,1
0.9797123041090331,-0.13867649217516007,-0.8178512782392149,0.9917438763830655,0.2296207947466356,0.29035096471070465,-1.6510378553806138,0.2796663285541715,0.9563382973950799,0.6017934970446145,-0.12820268206066124,1.3164598593236543,0.6896254692633002,-0.3157595781471595,-0.033554657435247,-1.1131858111170372,-0.0886431246354466,-1.1831703956180524,-0.6038447125278842,1.7079980301285675,0.013395311356667087,-0.24289116783454726,-0.6195347868717528,-0.8691714739475,-0.8150804705743658,1.0885247893366945,-0.5069932361447396,-0.07338288683922708,-0.15382188806993735,-0.57033543206747,-0.9306499624028883,0.6292402584869199,-0.09360290802541296,-0.30182845591217905,0.0907857273115194,0.29345798939285467,-1.5068624658071392,-0.6396354231097748,1.507096437457533,0.04618467107441283,1.3929851143479315,-0.09524103648663848,-0.4056950686717616,-1.6032610988259854,-0.8131696457784404,0.7145324564645296,-0.3687733874635654,1.3022835276542308,0.9284028433855267,0.9138525814412253,-0.8214916484195106,0.2153030652214394,-0.31023732884366706,-0.8574649141030715,-0.052601891346615824,-1.4434119163480672,0.46277794397397254,-1.5094749161850143,-0.8052986683647919,-0.24502774249136705,1.8076602328854787,-0.5085088758315142,-0.5740355494450043,-0.9997483321973817,-0.14709647370011358,-0.6403362233841496,-0.044987235719181916,-0.8291259137140456,0.03945958481022447,-1.4631950409949037,0.6025590555249787,0
-0.49792585978352344,-0.2836090547585384,-0.7320797893745279,0.11400576465522645,0.6763486061825392,0.8920494112641264,0.381779372559974,-1.0064541125944828,0.8692195144289167,-0.6506891201718166,1.6215856853381623,-0.5203338431784142,-0.948029053207657,-0.8239097232496978,-0.041485430226778856,-0.3303626234304472,-0.32428061880023096,1.3063537816121678,0.8168124007915433,1.3505833907004805,-1.5912835484294374,-0.35940117848213937,-0.6832964945099418,0.3540320970360141,0.0521718679283255,1.4331579082942163,-0.07774322535051105,0.8799647894078643,0.3068485708065777,-0.456751879789295,0.7065784332832935,1.857850294544133,-0.27736650524538903,1.3859069099580794,0.5143287346261952,0.11033472905657238,-0.32908037147294483,0.09488835447320018,-0.8924089846690563,-1.096424294584215,-0.024555045742918634,1.0366142153931364,-0.07314892919717375,0.5916457496203922,-0.30706315245311,-0.3333403087409526,-0.6889396469109321,0.578553180749787,-0.47900052970849033,1.6080667186718738,0.21273893033845606,1.5739666155752041,0.04577657480909681,1.1297880871779442,-1.4729117034217345,1.6938231325071775,1.7471778766574224,-1.458289944286793,1.035486061984524,0.41935045448380404,-1.8331130986152664,0.9445960805511213,-0.1524641192334078,0.027683782650513303,0.6030648977603961,0.36101531913506507,1.322803319858567,-1.210129885403562,-0.6496028938242823,0.14122293566203187,1.2583149988024134,0
0.5101015808006757,1.8635137587542654,2.3424691096449934,-1.2296066491204514,1.2853143896922377,0.40232477909859155,0.19585717486939064,0.9478561472090528,-1.3271075147214955,1.6260836791319178,-1.957569941803844,-1.3416854449830051,-1.0942000245160468,0.9215083948686683,1.9515507036005129,0.22335037916416497,1.725420226378542,-1.1871790988115554,1.4283641755017453,2.0917151553614346,-1.583195878784315,1.6387386273579767,-0.6665388308767782,1.1600192757229146,-0.12324148136373832,1.4436867506072968,0.01890206164588215,1.2471040098916393,0.9439892732690888,1.4683776132555082,-1.1270239887507385,0.5255837156782961,0.17953040084091604,0.6349010482659678,1.668756196407319,-1.3650580943246127,-0.039749221765826334,-1.2798480711844704,-1.6411125291368234,-0.548601716470136,-0.19845977224348263,-0.40233645377126187,-1.439173403578665,0.026268637090082498,2.043766933988942,1.0018735021952108,1.160718357509948,-0.41185248230606397,0.6113056993322479,-0.20294115356190973,-1.7127868375304793,1.5646918332605746,-1.1992723888693944,1.811489893660244,-0.627325809096959,1.957364345035459,-0.0402919421113974,-1.9955722956285085,2.0956848141035334,1.6010390576991815,-0.5897246172002697,0.4397567504399902,0.07116809245610115,0.3739055099308398,0.5381704387267806,-0.6715220064015631,2.4930270696948145,0.7014722467447084,0.4568755694889623,-0.21693134765321814,-0.6611715832367177,0
-0.013010414332539312,-0.509849536937424,0.3333392875531729,0.2953897990536165,-0.6242055690783441,-0.4467432188928292,-0.49897338902308835,-0.815128172709426,1.0512362046799284,0.08801577002747413,1.153482985876497,-0.4374839495218714,0.06821461181152513,-0.5501993434106343,1.2767958464135822,0.48637978632878104,-0.3713703157121734,-0.3754519008937958,-0.0840203195431202,-0.6771474532532141,-0.7986906788118947,0.3417736619419108,0.4124852247975686,-0.6351322033006185,-0.36915175426813884,-0.8458248617042226,0.7652935781786796,1.0719840625536194,0.43263419382349444,0.5829283623438756,1.3184066030447164,2.044269617298517,1.6588808894294078,-2.128173986473784,0.8539377716752838,-0.41553633870053497,-0.27338291047865076,-0.825212355510681,0.07132827579679228,-1.5420040842001108,1.1884677180120589,-1.139718752486537,0.623632914065644,0.5731522407974011,-0.6050970323034356,0.12695019430563959,1.5032996030394252,-0.10315007168268812,-1.1042079265112474,-1.1028454065195656,-0.21686441867872416,-0.6149093910211567,1.1787323694312812,0.9440150519603129,-0.16638855121693302,0.06426998532992742,1.6041689702514836,0.3124477499449167,-0.41987555781654073,-0.39336786317774763,-0.6212066716358579,-0.5703445267454503,-0.3968589577188757,-0.06772507416962349,1.3835311514674773,0.3306733125427857,1.4029520059413416,0.7993922217357395,0.050710282168306184,1.0864431146796596,0.6684291340061246,1
-0.48252654672012235,-1.2915607018383244,-0.5584797055061667,-0.9781216037385457,-1.707954841049802,0.9469640161673295,-0.14788670345156235,-1.0714564985930783,-0.5877682675894281,-0.7794395641763892,2.9424710485767305,-0.07840726753495883,0.356665922681584,-1.2135685248797923,0.5273593227198672,0.22585650846891775,-0.8246334090762847,-0.3546695680310489,-0.2667013296520689,-0.5166837890635657,-1.8421649666480384,-0.3250921281205689,-1.2238164600018773,0.19520069968358816,-1.9635180943228925,-0.3385589488274071,-0.02600648433600552,1.301323188797635,0.32160907063225463,-0.2382374154851485,0.46787887307548964,0.7239133618282628,-0.6760858576000305,-0.1884773297912718,-0.12146716583936122,0.8916734301332063,0.8608134390082475,1.567760074734113,-1.0465669492368128,0.169738614066771,-0.8985255335387242,0.9905336863582289,0.9019354594398058,0.14373431321903574,-1.4433551925817996,1.4421393792960617,-0.6867367743147883,-1.8609584644945107,-0.32690216518644394,-0.21158138845780156,-1.6049041062214984,0.8799105930347637,1.836119206829939,-0.8014492381417835,-1.3856391603351415,-1.7610917797654695,2.2051735770154357,-1.266019774690728,-0.0656100599065723,0.3233209823417932,0.18722082269922433,0.7219849650060478,-0.13468862757146258,1.1572114114044434,-1.2461255256723218,-0.29418494819978164,-0.6910622537025997,-0.7668893598908358,0.11706131702238232,1.4161855058623745,0.25500528063269284,1
0.9429860830223742,0.3004649028208692,-0.382510229998549,-0.7183317076948305,0.3442373017147264,0.25225692329402105,1.0770072029033628,1.5381137072764361,-1.0367109505044676,-1.115068094883426,0.7066723137846405,-1.0131012043316612,-2.4592071565945113,1.0986514674811036,0.7859996203700933,1.030135069387011,0.015143954074888768,-1.3794644185385712,0.46787617719337365,0.5913443875041602,-1.3548258595462115,-1.0146244777361868,-0.1689351678548242,-0.6407630168997003,1.615370575780703,2.1686292175156754,0.8855903369888346,-0.14051989123991632,0.6858331857592576,0.679547995058799,1.662759107562629,-1.659370865871527,1.6388285712276482,0.8006014365598098,1.5152757164453974,1.0644762057855928,0.74173314220712,1.8921462782583436,0.7838280085067849,0.7177139252094318,-2.973378315017967,-0.25248296592920305,0.1297044147629002,1.443268368531713,0.17299168153556108,-0.4995506503654763,0.863261082642932,0.22801739064938664,0.5122418121111281,-0.7116821315122307,0.4178248648834498,-1.1800930023530285,-1.0206008568655847,0.18823324452705284,0.32187632132690974,-1.147852274115521,-1.3630951217270963,1.4343344615549252,-1.7562743340898437,-0.4217173737605525,-0.49045905871046797,0.14589971888517392,-0.6213479085348693,0.2971522181554635,2.1479454378089833,2.1068475543034673,-0.40537152253455094,-3.127094927516602,0.001264136547294912,-0.653362373006054,0.4963657844799661,0
-0.5409932225746065,-0.22544486612225825,-0.6774829141169864,0.34123004470914253,-1.5874126180160617,-0.9302573428208613,-0.4444641856596356,-0.08853730037910797,1.113759077434251,-0.17332177152853098,-0.13245367022117316,0.07127219605779782,-1.893293981876817,-0.1726687781789266,-1.3985638181422841,-1.6393640770390183,-0.3018338753970885,1.2166535224961674,0.4357475774621406,0.6083280859549778,-0.8162872883167296,-0.4453527110460984,-1.0169116378341092,-1.0427977142445692,0.19374262703295794,1.3382238715511408,-0.8292153370247306,1.1619362909574893,-0.05683682625184578,0.7496096463043099,0.1116271843241999,-0.286475733176111,0.2623281085039178,-1.2302184453841316,1.998919171864953,-0.2546640636510153,2.2745738390787045,0.0689787622948688,0.1859081571718807,0.44880704939276406,-0.6997860453379932,-0.3315454104440265,-0.6775001016943786,0.39749509095944,0.14691493883845613,0.09815435882140269,-2.0625679401366757,0.4304677093777429,-0.5276073160426008,-0.0036221679554440714,0.43017187186644207,-1.242816815133117,0.08112226926594553,-0.31671114947009454,0.49870024264506896,0.8562355795478157,-0.40094397339482024,-0.09326693265275278,-0.5494158669292101,-1.0108871981827081,0.16765256016656885,-0.804089951507313,-0.0316230192991068,1.3636539166800288,0.23533393161892052,-0.962281776077314,-0.4858075152511193,-1.6215250533909367,-0.9056414097719739,-0.4489254008267093,0.3815291193716483,0
-0.8278890839247498,-1.231277901890987,0.43947073418106225,1.2287508162767549,0.24168689545890884,0.3039414345475846,-1.9257450686430688,1.5596966377647248,-0.6993554485332745,0.19018036411786338,-0.7893523197349204,-1.0190842487465863,1.1290859571380034,1.3866825249868668,-0.8283241180786537,0.5961720406753332,0.30043517830383504,-0.8688061000874949,-1.1061855951275739,1.343499174025794,1.5998102499273106,-0.45714850225967507,0.2480699322240511,0.6007304561463674,0.571455483872205,-0.28033736469955756,1.3015573165694874,-0.7384491512243434,-1.1967657774504115,-0.7417898879825143,0.6419004556381994,-1.1674263232271098,-0.29877999355793267,2.539343549471531,0.3048360831782584,-0.416519080095604,-0.31240655786397137,-0.7520187881118552,0.11592933076086105,-0.3394879472027422,-1.1447322251331753,-2.320501014294979,-0.05129218649496314,0.8588209300952837,-0.3295727438151662,0.6420375073882381,1.0385625896810917,0.18437370247813056,1.9792623282902746,-0.012645090225724227,0.5470749637700352,0.16681992867132342,-0.0969481087437674,0.45442536030915376,-0.8583730809293619,0.5677230482386195,-1.1710379143819916,-0.03768550778140479,-1.4384369359636728,0.8021579774016608,1.1650017260799426,1.1969425659549409,0.7955500990726934,1.3176899354670348,0.08161550479176778,-1.5804441593818888,-0.1394050881825116,0.00728971623718621,-0.2957769933680803,0.7108767344413255,-0.6441984718781261,0
-0.7009612035898164,-0.0324510053150358,0.14076261542081778,1.365706919053625,1.7881493143184148,0.6421526505383239,0.36376574318957094,-0.016940831079650828,-0.6812472678284424,0.7922532480995788,0.6035095655982365,-0.056617889844406154,-1.1936957050234573,-0.2914240530387149,0.7314203072979026,0.36816389119060206,1.249401528626089,1.018374841399664,-0.03272089062993607,1.2742696501256738,-0.36138110701859283,0.8159280276029164,-1.1279601554702015,-0.9821705770366522,-1.172365124495585,0.950400059164745,-0.0603303410002518,0.2341233762258006,0.1575997983219655,-0.1965244480108892,1.1182533993808483,1.1109882356626601,1.368215951667889,-0.7990132433433537,1.3380137159754806,-1.3431558334869198,-0.06468668518247163,0.8960538956833165,-0.20997641096723266,1.0566821587286632,-0.9723969861858955,0.7654221599166412,1.7885168318999474,0.11378301632833132,-1.4152734523189516,0.6496720719547173,-0.2247562807605212,1.1143692504873732,0.8235462188963788,0.9596224056717813,-1.5489760862297566,0.8928146230376535,0.7738075224425809,1.37450459872535,0.5645878044154025,1.8682496588406579,1.1979185172331162,-0.2964539699522052,0.37976373001493485,1.3139941514135234,0.36305315858315357,0.36537840089152007,0.4799980187934595,-1.2421667774972731,-0.0021609566153724924,-0.6868032894306868,0.7128577750246574,-1.1415677446011419,-0.50206995134184,-0.8186877681268604,1.5091139565822909,0
-0.36230287129565075,-0.15190669854626934,0.7568652021561069,0.3205663757606385,-0.5400339859999513,-0.7066178385239403,-2.1592355597885367,2.4366859671954395,-0.650658542269491,-0.07329040676558399,1.7793308268289167,1.2639556152511375,0.017724971377617083,1.769004264674474,-0.12717788922961407,-0.18273765653201696,0.48201040698219705,0.9778889016387594,-0.4444372382374171,-0.21190927867387427,0.9545833025456602,0.18150024312563223,0.1649805563730924,-0.41650104235881497,0.7054866786733984,-0.3962896017936198,1.1224708455547001,-0.45427120731873777,-0.5978151665285846,0.30104185092762964,1.2192590844353146,-0.7205447409070161,-1.6617785800245994,0.21304484551428127,-0.871331173045492,0.5204283054981578,-1.023189801737514,-0.5497617795804741,0.7933727767138395,1.5863721239328803,-0.17673493942254873,0.5149964079364864,-0.8557220122566115,0.35358600091363296,-0.38003065523563717,1.5634712737092988,0.6462333402192464,-1.7898661341107993,1.8327027996524967,-1.470107213337766,-0.7895691145957657,-0.7033237331159281,1.9437794082788982,1.5394834702920615,1.5905070453966799,0.5393166740242838,-1.3432744107976238,0.5071959279009587,-1.2787128689198621,0.3717566863051928,0.5255912503338392,1.3040159884972853,1.2529536384029933,-0.22947456901237298,0.9009293225903369,-0.3235164796454477,0.5980728729505866,-1.408945727475564,-0.11284183999696626,2.3202761337410807,1.038423453041094,1
-0.6713838043193661,0.593170412463404,0.223569788045376,-0.3090903588914026,0.29865183484341334,0.1832757053003019,-0.6546127587954105,0.8601926940178876,0.0037954903877224877,-0.01901079289047511,0.5953058401496734,-1.1401024363412926,-1.9966355523793573,1.5382419004029846,0.7036177143155794,-0.9959879246304176,1.5893016389915318,0.6342994009514246,0.932628633070837,1.5565121978939498,0.0988092047837048,0.8470625452845367,0.7672945666307494,0.05386417141404903,0.18279247652451502,0.9057229419454251,1.0872893328080409,1.4394313032259618,-0.06111730863385363,-1.0305542246401178,0.00789579910442721,0.8084433826178511,-0.571233511279757,0.02902438411460323,0.0342995200422775,0.40012818895687047,0.18380741626267394,-0.34142481897532123,0.7437663532370901,0.04770176420761436,-0.23529170970146596,1.05392883768295,-0.5914033747679728,-0.36925186444049457,-0.020713370460679326,-0.6586065455680998,-0.08079094260433216,1.231288694644714,-0.05152909489785793,0.19078032418111934,-0.962215938001403,0.21035116288399708,-0.9142332798473193,-1.2647083307115936,-0.7327045504038451,0.7759691966137211,0.15197222867784724,-0.05390289276741487,0.5646306125999052,0.27968527153184686,-0.4037577062587264,-0.6567512842758894,-0.6426128554834191,-2.384995576798459,0.6382870007428839,-0.813421629354685,2.38185368321642,-0.4261021932330844,0.1912343269060077,-0.31531775011949614,0.686756068752367,0
-0.23497470891946448,0.14227936840139135,-1.3673587834100447,0.10497442190723658,1.7631927596151553,0.34599339640551835,-0.061846807108011485,-1.4433563840544923,0.10324138652596145,-0.2393336804804299,1.4870264893528677,0.04653564732089301,0.6399875744440455,2.2917771831316407,0.35253525134346625,-1.0553756520002624,2.137335486334234,-0.029954169463786196,0.7242268296257036,0.8541899563883517,-1.3581831500128623,1.8676684524256426,0.05171659574017539,1.164930952028375,-0.16816077757331968,1.2469878415905253,-0.699359006050113,-0.009589137130457179,-1.5666475695455016,-0.08185003182003525,0.16566299610876822,0.9195188611335368,-1.3485761970764178,-2.1079313323934485,-0.14484761070300745,-0.12846145339449194,-1.3293839463565322,-0.10304308614185384,-0.7075412936842527,-0.11968431629194659,1.1468281634711468,0.19725979104975536,-0.9393257518481827,0.7795849241608805,0.45710028820789145,-0.9559185762912663,-0.5818669230149248,2.344832304319605,0.3741458497862899,-0.34541173217757676,-1.045460150354583,0.06038379926098358,-0.20843150899065643,0.12377284062322622,-0.8978286239191124,1.1677323264144908,0.6615923815410649,-1.1458998674650092,1.4829398275870544,-0.1693739469565301,0.8101783092124332,0.8211271379830763,-0.8069886466824041,-1.427681958426994,0.19275547579366614,-0.4557428546423556,2.025475361159472,1.2106140111660502,-0.7593883380581904,-0.6507027437175381,-1.4002522617781497,0
0.5587423067812577,-0.7984942454813511,-0.09318480777160287,0.1920951748329421,1.6147937346952514,-0.8423211537459225,0.035108414421035856,0.6505032396861682,-0.4798266658873798,0.2290877184427037,-1.2602001443094069,0.9739452506484605,-0.26596596588004257,0.033268953633893816,-0.018065846874512667,0.35052542377593404,0.30095235652170227,0.28215043835740283,-1.154017625740513,1.308911285787242,-1.3823024721314403,1.5512709307627754,-0.14212666165637167,-0.3647854231640037,0.7750595810668153,-1.0189416549402777,-0.8973823148346511,-1.3519814724411674,0.14897791246890824,-0.24822230240613244,1.0117019141147778,-0.4997394570832568,1.8533244519207122,-1.048064209900914,0.43184392723071724,-0.006315320473098916,0.6762131202948103,0.2679169425315981,-0.3791165049559929,-0.09365679409079192,1.0764572010172087,-0.04398978659898342,-0.9833711793265606,0.4154301930507335,0.04127651230069384,0.7301139465944181,0.8383420482068884,0.30345164888475157,-0.8727772766451906,0.4368694303608367,-0.8487811366580279,-0.5770075801888106,-0.0912966601903761,0.8343543890427955,1.742367675212241,0.5392195701940447,-0.5043711737098683,-0.8522945981851551,-0.6335738487923196,0.9085544284859159,-0.1121979448254832,0.06904405244161645,1.69764986966212,-0.7153184625821104,-0.6430743845276307,0.39569765766856846,0.20217714180972216,-0.5526514216034177,0.6758620919672261,0.6164625840666031,1.3305150922549955,1
0.5312232241241953,1.5880001976514704,-0.04522462361799438,-0.3852176870671516,-1.4700585943534819,-0.39426600812720614,0.65311577170286,1.5107844222118163,-1.374150755866995,0.31717860784987817,1.2924532166850053,-0.13469640886241896,0.8842972579096849,-0.5160388231475443,-0.44871851669308793,1.682417612277,0.16117974088879847,1.2489201669092707,-2.022247332150945,0.07373036071522561,0.6900348231071,-0.35844724603604944,-0.8608852341775715,-0.8030435429743269,0.300643991164525,-0.585161990545043,1.0946618605725473,-0.5933335455780606,-1.323506045903554,-0.7547545170376777,-2.4226881257134494,-1.6015649084954575,-1.0869861376089525,-0.6292299248368642,-1.1079802273753296,-1.8032493672143173,-0.4822217972773051,0.31964844745750903,0.49231881136901323,-0.2845210772095352,0.9233573097468701,0.6396587992163921,0.37312382543463346,-0.8987814314592529,-1.4868462968382783,-0.7826492377507729,-0.14948845834022015,1.039197982297028,-0.11552418861055529,-0.7827473156924933,-1.137373267396612,1.3311743802739775,-0.25262940154849806,-1.907677607608335,-0.4958863136952573,-0.8460639700486486,-0.1458470136487338,0.5478284231137746,-1.5296275616355626,0.23812407716179665,-2.240029201606354,0.3430962239790973,0.7849928198184384,1.7653398167884005,0.03482853093328031,-0.22489723411819126,-0.14411653339006336,-0.30563230465601104,1.6091952947290051,-0.3973722284867036,-0.3145372946967496,1
0.39208056567261396,1.3126832869036904,-1.310619021343409,0.4672010338028106,1.0768809865978912,1.3703455488619989,0.2848161355915487,-0.9635160463744705,-0.448533076665041,-0.9962207468449741,-0.021167807401240708,-0.7137326857135247,1.0598705707524207,-0.3915409879096774,0.8898660101984318,0.9687209349279018,1.878805150199527,0.1577380665909699,-1.151644238188399,-1.5578990692047585,0.2300502160363116,0.7055175544798772,-0.23141221833815892,0.6705907219476844,0.0669996291553378,-0.35595316082147715,-0.31015902643294413,-1.5422926656998277,1.4095522230247037,-1.5779674338977843,-1.0145212574272464,1.2570630601598023,1.8375535493847124,-2.396573741495746,-1.1382257431922742,0.11557759200696381,1.433110206314997,-0.6934570657998458,-1.3400951228829663,-1.556376196645691,-2.0059003556041044,-0.15145781995717444,0.2847390351917989,-2.419310673386076,-3.1774134379410075,-0.33583965155505885,0.49047997433413426,-0.13800156559153037,-1.4932960725562727,0.4392890708104003,0.28585783854149444,0.6647180995176039,1.918497051804688,0.9656183990541385,-0.9807813057020145,-1.6037366169808551,1.4038295045864138,0.9457412748596414,-0.35832657244685456,0.479752749835808,-1.012650405537349,0.8409601211954232,-2.228428260951197,0.4129718438356888,0.3678244042947151,-0.15001024282352157,-0.20644106007613836,0.5746178159545493,2.9788098536856964,-0.8637842327642945,-1.4756852238023066,0
-0.21087441395723786,-0.32098070612665,-1.6886837932609748,0.5824608315226156,-0.0995769213083493,1.1620333473592046,0.9261871368143846,-0.41006935338806644,0.4786846084236089,0.31296502310648044,0.21913189060015603,1.7588377437239373,1.4325307076948044,-0.8360753851558267,-0.9941621293402388,0.07969513197166549,-0.04390479549272717,0.17765855096715488,1.1388142684234301,-1.9126101667312958,1.6107776786256043,1.4836476205955875,-1.0887139561556203,0.39456269502583824,1.8918471751775618,-0.49718675933059187,0.6519565821165194,0.804124877252204,-1.6577047432141971,0.27430690387963363,-0.1656598531671885,-0.29589906146927325,-1.0630036741703008,0.7620425032712701,-2.0259950188495512,0.1232460188649329,0.34988978248862335,1.0708240983488448,-1.0800727190056814,0.5357864925118311,-0.39343905707398935,1.497091102297829,-1.301666296572476,1.6890710470489574,1.4260343789715104,-0.717170401051036,-1.6461489452408344,0.6806542722912738,1.5443185119436842,-0.49856949120402533,1.2129763483056564,1.625951424033991,-0.08509071175548483,0.14651649195522135,0.1767667268787663,0.4323309662880805,-1.3823211567142304,1.1108261700194715,-2.0084788807729215,-0.9224141438336261,-0.2169380170119335,-0.4961222188715782,-0.46612106166513506,-0.521842056814407,-2.0546138544761385,-0.24774128820311236,-1.460895763749402,0.22048673625086743,1.0860327930576714,0.6252579662023647,-0.6960160166872235,1
1.442067147745511,-2.102672318304404,1.36798348711346,0.6534998527583616,-0.13985332623268923,-1.4123112134181157,-1.700575784433469,0.7767867412419586,-0.8202599260170043,-0.910700083138213,-0.3117741099891856,1.3701050018626946,0.6195948025478517,0.6635687559936767,-1.4315857604560547,1.1972305478515126,0.6122292042049756,0.5911287105441416,-0.46393967825834737,-0.8607955818590413,-0.6887619925901656,-0.22269685902194103,0.9027223145376563,-1.770447925870768,0.235208110596137,-0.5084273664806374,2.2579785622596997,-2.284022002066776,-1.570622469589764,0.11720021052228252,0.4262364699220973,0.39914048915770284,0.6804489181282968,-1.7200419546799142,-0.7369609592075071,-0.22178235353586126,-0.15380981497327312,0.07642178763722998,0.13285107310700678,-0.3922734361014961,0.7023928102103358,-0.1625105638149518,-0.7756226629344624,-1.452537500883862,-0.15720423379102308,0.555587735225761,1.613507331541929,-0.7466578790261923,-0.2872003476922702,-0.22531546944053663,-1.1054351928716355,-0.40648739321435273,-0.43823189797909157,1.0933035877037098,-0.6872675891596256,0.21546673071872277,0.3193204066660169,-0.08676303489829387,-0.8529192264600167,0.03420853321424641,2.0561160343573053,0.743949109278679,1.0169379454984622,-0.6563279273511511,-1.5287349401287325,0.020915436204437567,0.5624972592813364,0.3836674305734957,0.8803407926865778,1.0103023253645813,-1.3343641891976108,1
-0.7304507617701937,-0.2577604216882364,1.0623376383267775,-0.15352920641286302,-0.08909467520159373,-1.5927443752284962,0.8317346690622532,0.892330774450068,0.7703883492490873,0.006741986271615606,1.7136065186782334,-0.3260814002322505,0.12995401088604988,-0.14660565957269267,0.6057310468961181,0.3097722551685781,-0.1398312926594179,0.40371168531687507,0.9716534791877764,0.058503447786251085,0.45552241280946815,-1.1570119571650161,-0.4054687351706143,-1.5791380107777946,-0.4558602443813568,-2.0481656836325275,0.10935457394917229,0.7313702465296901,0.5496952795754619,0.030101468337032516,1.379605115530763,1.1744382416984775,1.3296687071367708,1.4777306343778587,0.8468405241294893,-0.8674224087907626,0.7812421324032601,-1.8445388042057198,0.3968195645197243,-0.8605012878652272,1.50075991761859,-0.6229763230373638,1.794039086060258,1.3743847376431504,-0.2461963238744387,0.7032399193167054,1.402447410581031,-0.9707148492065774,1.5954584546470851,0.2041065556703891,0.10181325193153164,0.34441963143569637,0.033560719832590125,0.9815612058446077,0.34288938482869297,0.5025442783871902,0.28094679912858533,0.09322705055414704,-0.6116126207583954,-0.08105776113314946,0.35848139467607437,0.6674126651021721,0.40426193552166056,0.36855574254343376,1.3645468994103567,2.258981576704266,-0.2975303554862979,0.3145962038337914,0.2053708882901701,0.5911862268078182,-0.04753274950490082,1
1.116010494825267,-1.4605731635499544,0.5980658537108746,0.7075334338107552,0.9846912807402346,0.7700453945638865,0.02312504821968766,-0.24501089512547314,-1.8427499225371022,-0.15317778662907255,2.1835833745295306,-2.0350354411906455,0.567436085269434,2.1091419827441165,1.3761256548519527,1.1097435848088781,-1.7331038640993013,-1.3586262116494654,0.13054201933398887,-0.9501967675068699,1.3500016624709659,-0.16908644572450457,-0.9743907651158537,-0.16362553192376136,1.8093832927220017,0.34698935687356225,1.9559519005216703,-0.4551886517999654,-3.0544127824707754,-0.6893528452031513,-0.597026808577081,-1.047847278905722,0.6400174031452391,1.4857885319317947,0.645032150340601,0.3733677069776732,-0.25118599861155794,-0.27506927954323795,0.9084921807483088,1.1095529502706911,-1.2206030074953125,-0.7675204239739678,0.3813511536799713,1.1179621968556446,1.013141292308159,-0.037287161230942265,-0.48759586047422654,0.2950856067971028,-0.5239324219171698,-0.20162972538063476,-0.591884208128364,0.7103483159892385,-1.3201384169390367,1.668503839285445,1.1395138714653823,1.0706225264795475,-0.35093406197915356,0.6653782897725737,-1.2308937424831925,0.6702864684884573,-1.1580142968511626,1.8764795740694098,-0.02986590828185473,1.3740751552185781,-1.5334126344276051,-0.24194270055236214,0.05516778282212138,-0.20028514093708744,-1.0726305439893102,1.0280517346188847,-0.31863339513704114,0
-2.263520020160732,-0.8689330770995115,-0.2506413051704102,1.8578979765776475,-1.274263543002618,1.4131348556716696,0.3191734628865161,0.1685807567740325,-1.0077469090652011,-1.0455314700597422,0.5719036453980443,1.0110392635940797,0.6212392124103817,0.05048613731854562,1.1692239238356283,-0.5054375772374626,-2.47128183168446,0.4931766460900977,0.309705888612145,0.8972390786068984,-1.0220854135297406,0.4826194049627135,0.19914029793753094,1.6988055117563359,-1.0611905842735945,-0.19127412031728455,1.3256088687645318,2.313891785757087,-0.5306780214669238,-0.8892088479331078,1.2362926706728614,0.11164958213597118,-0.596788709463743,-1.3900530614178161,1.2533925197688875,0.231798277928561,-0.04256195822768931,-0.07935842614471755,-1.1007797007107305,-0.8292200320763773,-0.2643099730518773,0.025757375382082656,1.0909403670212432,-0.6889429545132804,0.30233057229928734,0.24072707108067715,-0.2653038046209415,0.3617969728910723,-0.5707929748520202,-0.2820094114304594,-2.0994388778669912,-0.6081028159746728,1.6150374492363226,0.3407169046594214,-0.2190866759095922,-0.3421738882603842,1.7732282546387461,0.13558672972681476,0.13054590046688805,-0.8268843539026184,2.392998879407832,-0.1383427183188963,-0.9465174740782573,-0.010854257255986552,-0.7665841923099115,-0.5107283867993081,-1.2730525029399575,-0.3304609722796422,-1.9492721658609544,-0.9290994504846662,0.8966736042583348,1
1.9479086381670494,-0.6013050085627145,-0.02311691401752043,-0.8673087805723939,0.2084944379932527,-1.9732810394862141,-0.07403816478598367,0.05917878655251602,-0.7179314799146274,-0.23292823800728285,1.152221334456987,-0.5904623125708319,0.6476400747596406,0.8949814792023213,1.353984888176344,0.019059921359619852,-0.7717364869100627,-0.6171368825914,-0.9052531310305171,-1.1376523578600426,1.3389425937716146,-0.5641236015263859,-0.9809942519959188,1.6619669333511615,1.0851869034836625,1.060203773798305,0.5599518954723235,-1.6044765700589394,0.08948991192326618,1.152374086522764,0.37482123388723304,-1.339679837964299,1.1895072499062413,1.6083343568162374,-0.3011948460185133,-0.604367258532821,1.3054550132528213,-1.6286354261663891,0.2123258278667691,1.31531412774945,-0.39124544589690335,-0.11052465840309102,-0.10042624803305682,0.4925930467357692,-0.05335088095772215,-1.0763903891736115,-1.0563262625741303,-0.19239628824565688,1.3022233748246463,0.21744191254827183,1.724210313402144,0.7586448311052225,0.078798473882631,-0.19197355347755327,-0.7590958411519076,0.34989381275456305,-0.708718770883394,1.1941382213021232,-2.0617700463129562,1.0323996089752534,0.28735560428239987,-0.1420600245960524,0.255142133192133,1.2483116724769094,0.08398273180459769,0.41131251909321903,-0.20655692336613454,-0.8073163623732607,-0.27361164062226745,0.6056410560716479,0.7485808019117784,0
-0.3922954224519118,-1.244298443279453,-0.12802704294602013,-0.2313067628516087,0.1801748630876623,-0.29491151589961045,-0.8366450734153316,-0.31474780667090296,-0.5575452675453871,-1.4638914857821763,1.7008728347097308,0.46290033123620883,0.8148199031962698,-1.0161284996241526,-0.04267078106006043,-0.11537621598294168,0.6060502033921678,-0.4821644244906112,-0.7802250694384714,0.27217493392152736,-0.33958476242222974,-0.21735337321948184,0.5206594277068459,0.49358995374209935,-0.21224750407831616,0.9711524891843397,0.7974711720894491,0.6901400084076998,0.6562575961971131,-1.4583360833168613,-2.5168107288245105,-0.24739252620623414,-0.40013513652547567,-0.0527224570963803,-2.193997300279927,-0.2802552702070393,0.6764892591153092,1.6495569488365296,0.05323469082964595,0.11444903182612001,-2.001074050969503,0.28808839187691854,-0.21908312852327103,-1.129476397275478,-0.6936866135380997,2.011453455525724,-0.4764479105102097,-0.23943928880729023,-0.6542898974717909,0.8478721928720109,-0.790778176979297,0.3422125802986091,0.6343770194280482,-0.7043295047850665,-0.8199364856708524,-1.4360557358438806,1.3004684343273496,-0.6977727863690104,0.2204681620587185,1.3990866251331917,1.1216463922246125,1.1825906411700295,-0.9678832384308305,-0.4223398236310023,-1.2068944230677074,0.059479440597956616,-0.05119345004159383,-0.3482685769650946,-0.757495831402364,-0.018766946291041017,-0.47981834682986574,1
-0.7087467598183423,0.8285194285551514,0.17887294359666775,0.49401955347494325,-0.056421015303311624,-0.15286901280419313,0.18302584493874643,0.25106060919697715,1.778495691726661,-0.6531066795432333,-1.7942852609666486,-0.6977586676480941,-0.607706960397054,-0.25241414446613786,-1.2378848466664742,0.3308055860102766,1.7889959797807702,-0.10576095554689709,-0.5259244448862882,-0.6978870533483017,-0.1905360804108345,0.34439468686034547,0.45432545000182284,-1.2239112548811681,0.6267973008418274,-0.9447979927112318,1.0488732177736964,0.6925011734640516,-1.692817306218305,-1.1913546877547754,0.778617698981226,0.5262116861012895,-0.3810804926740675,1.5822837064863915,-0.519229856399529,2.2250790337893975,0.20387845265070742,1.786539714996063,-0.11618789513585034,-1.264607245389543,1.8854755957874099,0.4432734227931891,-1.8602737527788527,0.5187026245108538,-0.5621948721630966,-1.1658202803491446,0.4417444264852462,1.1839317999222359,0.19400484715961278,0.7323124081914191,-0.023950874515543858,-0.5532945766254794,-0.9458856416642787,0.5146701349332918,-0.8278325612433937,-0.17725773855288407,0.33569456018047317,0.7720677988091513,-0.26165030925721955,-0.6800353922630545,0.24547089553054724,0.8559440408424982,0.9289998250691262,-0.8039475005244419,-0.5046255143645266,0.6841686212907853,0.2914230311390227,0.1281724406047936,0.22986923047228897,-1.6529311934423265,-2.1673616204646278,1
-0.8608506965916691,-0.37318471578722606,-1.4703482910547143,-0.8802537242483305,-0.5360426398719014,-0.39356800093467137,-2.268325166697895,-0.42315714838396346,1.8341677242048335,-1.1245011529550184,-0.4251888479244777,0.9757372284778244,1.9878238124930447,0.1901446202322998,-0.5260379013580689,0.011152065723169334,1.5644031374373153,-0.006593057348759907,-0.3620122318571854,0.7984690001664458,-0.5902948357156845,-0.5054374268096484,-0.9505205348722039,1.1272238858377905,0.7954944397073259,-1.2269558663356368,-0.10898759608461366,-0.6333609780434513,0.3517872962926979,0.29823775380895484,0.2773717175655973,-0.7992675684563215,-1.0497520785548293,-1.1723072524561402,-1.950513648564628,0.403337189154501,-1.1867944233783108,1.493274065538272,-0.14498142617652376,0.7389256172686626,0.26680610944454164,-0.6337091049788692,0.1400999144200553,0.013586392670810684,-1.3659290903083132,-0.7678973697653143,0.7769900791664681,0.08069847900793618,0.25167886169831294,0.22334223070453912,-0.2524077351523719,-0.6704236671978338,1.2827406399260777,-0.3119056712376439,-0.596859347071701,-0.814866435123224,-0.49169720839257963,-0.12403522073520167,-1.3740545046166626,1.2560559465939924,0.002880891598397983,1.8133245382223462,1.1016785765998696,-0.28452461517477423,0.07861860349345655,1.0540029067838372,0.26200366680079573,-0.47606974550207143,-0.21232897635949638,0.7919931180088488,-1.012874397673936,1
-0.08188838622812004,-0.16103993092027608,-1.235051344116925,-1.9190226206041945,-1.1068898347740013,0.38774124668113935,0.4500897526271121,0.45269041399147736,-0.5069741884669108,-0.8582884586087695,2.8057962513289025,0.23214515906166613,2.0301381384682764,-0.9620538006062007,-0.7710292917286617,2.0287249797145583,-0.04680648312637957,-1.0628135544802044,-0.8657425067796848,0.6766740317335738,0.04143849906891149,-1.3958540254192926,-0.40339338784226675,0.9592135532698084,-1.8645272567629712,-0.565884100240373,-0.4232577708473557,2.324472955333236,0.8609899020798815,-1.0695117425697587,-1.9546143411604429,-0.09008986067836616,1.2649208919384762,0.18815339988685484,-0.38066800304844267,0.7198107817949037,-0.9647498012825002,0.3155135720833628,-0.748232533595929,-0.27930530679687293,-0.04210886469893506,1.6074968642872838,0.037363778601756395,-0.40194923904100216,0.6737111398050839,1.045839005863609,-0.38965928427326413,-0.022447496443047516,0.567870648589391,-0.2321662017086267,0.029321512551778832,0.3602691447110164,2.7091182776189893,-1.7545239661286245,-0.5178577637327749,-0.6381633494125206,2.621291995634197,-0.4431291515432634,0.208776380509159,1.871025896733094,-0.6375595569304754,0.1821027359809464,-0.6772162937077727,0.4294238338345705,-0.932028318702396,0.7701435594428603,0.476331269315489,0.10847664366970254,-1.243770871001761,-0.34854221432356663,-1.0173994900930647,1
1.1700328550104508,0.42656787034172416,1.363609075629068,-0.9484301940567345,0.8623055937000907,-0.3037392281815856,-0.6009915695195015,0.5926294836800854,-2.8817144599248903,0.788617134774771,0.4799082323472712,-1.2172491423357015,1.0140973393865853,1.3534498894326206,-1.3332762733478005,-1.1749338680306844,0.022104632517826434,-1.0664586030887093,-0.8663016935703888,0.640593870499903,-0.1613203419909272,-0.040435459965601404,0.8631701038163597,0.2609718521527658,0.3917783471527042,0.47710159261545787,-0.17376854336805161,-2.301312972336831,-1.2443363290510785,0.3369449457738262,0.22986421137867433,-1.7432680041328363,-0.7917084242324609,0.44096937569908573,1.3060779014751744,-0.10944360936649598,-1.7742526996279857,-1.3380913591267813,0.28528726912241387,1.2444371015446132,-0.6950513462404798,-0.7352662873995436,0.24637089410610571,0.38736659138939,2.055361942721473,0.6272509444698492,-0.8505593075871151,-0.049162270687231696,0.717380207086483,-0.5199818117084993,-1.1128388127748456,1.6773210078254974,-1.1318686364115806,-0.43958249984809167,0.31072377527259587,0.41227351535962514,-1.898509438427189,-1.8588505508260127,0.25973478502068026,-0.3237171509055137,0.31276693190590804,-1.3037972030735951,0.6037226305481702,0.6311400635238182,0.08180592379822511,-0.026604336775233616,-1.2574235085828225,1.9733617365409808,-1.7232715454937995,0.24492419396673532,0.1915822640196652,0
-1.08616787447559,0.3414848686556287,2.1987762112291858,-0.3992129401514045,0.5153137573844722,0.7577436111044562,1.3632039643014902,0.8431598262305342,-0.6039344547220624,0.9926894863391046,-0.7848340847622882,-2.610237785811749,-0.14034766999730786,0.6146843612579779,0.2836925060137082,0.8620984276855542,-0.019562050376831605,-1.4533268752557282,1.0352806574993947,2.3260950013033046,0.1528887516794915,0.5431376415818289,-0.4941572583108156,-0.3837335958540026,-1.4847747107164668,-0.830668149354,0.9153522211254038,0.8738778119028139,1.267787844301611,0.5404807776232405,0.2905351926333637,-0.24625588551558256,-0.3809444204128475,-1.831772729513961,1.6980153033314673,-0.30570239126300003,-0.5440635344509633,0.11794059980843417,0.29447433268473644,-0.4065114160473173,-0.693753360599777,0.27055952624983814,1.1696543855940789,0.8771398156851226,1.1300369023943915,0.7466049645684181,1.5790664668735284,-1.0182878438377443,-0.7500679946832977,0.9424745855487578,-0.737490355397183,-0.1403528706602187,-0.020176128876749497,1.130292222392932,-0.6084250601560668,0.9352296073662915,0.35135573492765937,-0.06287956797460463,1.6715577933954686,1.7552077062397522,1.2609112307549846,-0.6092574431896646,0.6714369774234129,0.1703636922410839,0.6689439164136,-0.22675487371066164,0.735804367759037,0.5963295056913809,0.5276072971290627,-0.18767385976713358,-0.12759876467861833,0
-1.0751344150539024,-1.5329292777627805,-0.10594872585517796,-0.9038433690085149,-0.7525108005531473,0.27380179153725226,0.6441561664965866,0.7992408978338716,-0.4539966031362176,0.6210228020211226,-0.38255661705073013,-1.451384543743054,0.7178913726075283,-0.5776089054711131,0.7501435848394922,0.8148865894719748,-1.7490913166191404,-1.151130255392851,0.8789059831709946,0.480650651475484,-1.1454341870850202,-1.0206453613344622,-0.19620154176062138,0.12083389375840053,-0.26943532677265575,0.24293855459236358,1.397710137785943,1.1801848477571688,0.18647676682452902,-0.7084135978485463,0.19068753765716767,-0.8866886995784319,-0.8765489008408229,2.0399041972678433,0.2615733338840389,-0.24830967795777148,-1.8315776056123865,0.8923040746971126,-0.22446633137495065,-0.1870337610518949,0.1571064581331267,-1.0984665936473939,0.36249061265205323,0.29680942945237065,0.10640079281312137,0.42256697183072384,1.655810589455019,0.32234318168971016,0.7306088355240213,0.19469276257899637,-0.6302505230976005,0.22644114085831588,1.3113214851100343,-0.901343274784983,0.1994238756789087,-0.4500672930347734,1.309337428468782,0.05874185522461188,0.26995182990538447,0.6931498780459922,0.7149484375971003,0.25735607483047807,-0.077447736416438,0.2026223408710305,0.04409439139305084,1.1066492897969338,-0.005247625271357531,-0.560666371219096,0.2801370200897365,0.42769125183448764,0.8430641912833151,1
-0.9208615973408648,-1.0714046335400045,0.5337177691963573,0.3952383099994943,1.3248820122107758,-0.9572523373337057,0.8262340984299619,0.23517844862135381,-0.496597286997456,1.0974248446486021,-0.5806769036088412,0.6098659031697501,0.32207680154150775,-1.8766295127371584,0.3933037887100191,0.854373058542111,0.956437166341165,-0.00495746887753735,0.8537583722118129,-1.6202599575549934,-0.31214713519305615,0.17715190938874117,2.014210377560558,-2.003029957625682,-1.8163406120900278,-1.726595047680381,-1.2658322120595866,0.9234272395764674,-1.3583876356673383,0.24650004598515063,1.621364764027619,1.0065980438245523,0.972316857873753,-0.09718851308980161,0.42735864285560987,0.8773040686846585,-0.6686959136854397,-1.0154328284980785,-1.0214079259091922,-1.1841081979290724,1.5041847814156841,-1.5128233146412815,0.27121200247000676,2.386287567041127,-0.5097719907352409,0.6124739115560313,1.4171477202130376,-0.9008056531943445,1.460314806891671,0.22974484266137676,1.1538850830095628,0.018718062581288327,0.25269082168491014,1.2245313628090406,0.30245129476567467,1.1223835416614374,0.2978103921292523,0.5448793732610603,-1.1434023059356946,1.0232924148895632,-1.7288720084872633,1.9247700759706272,0.3162497807123967,-1.0807475977217131,-0.9734159747010616,0.23393085811990902,-1.3994001905860876,0.9155304359662688,0.1562621036305971,-0.6925535798414847,-1.6232874648089466,1
-2.2087647129368038,-0.37178112336551816,-0.03641356732949782,-0.2510930286392995,-0.24826665080472035,0.22316225930582925,-0.4138048324337328,2.0506421178516785,1.0605254670713111,1.212560531637764,0.7396489558222128,-0.9355374447713474,-0.013478579352734015,-0.3841291786633976,0.013614716352799684,-0.21845980635083884,0.0889159948636661,1.135776840370361,-0.41495497596867004,0.4204980165907647,-0.9238540359264765,0.9834482208648283,0.8476507921476991,-0.3995935443719815,0.18718488849118184,-1.7711954812445008,0.008919239180928198,-0.6344616108743057,0.08767480690386961,-0.3721531029203396,0.04986306785624329,0.3884157398555286,0.29745833646408837,-0.7489565718490377,-0.7554059257955732,1.0802548179538425,-0.18758525641030355,2.3163689915751315,0.9444851339018168,-0.36200123730260697,0.7987048912334981,-0.24521530009534873,0.4095846401265105,-0.7221282574614517,-0.3743980632425011,0.8224323734544928,-0.37335048065407794,-0.16950023836697106,-0.05268408619452374,-0.36664738170676053,1.3175067125804725,-0.07188374145336868,1.9595275133124166,0.4709462116271328,-1.1798175668591753,1.7382237552747066,-0.1540188641246115,1.7824038471685946,-0.11018583010322636,0.3138422616517436,-1.5331897185588936,0.49042430179890184,0.4376613873469561,-1.859789270451788,0.18804027504601498,1.0854130016634842,0.7944509476294257,-0.04840352939268942,1.1108537409770418,0.5007475812533511,-0.2114501282758612,1
0.5499308466266032,-0.44076319388718793,2.072576973132357,1.8466480014000834,-0.7047942611621533,0.7957214798813886,-0.5702134506842185,-0.6133614516399976,0.5667051032188092,-0.3292228778002531,0.16450389068317606,-1.4683489620232548,-4.572919671717332,-1.5511835521354256,0.29794502405469664,-0.5444428544222096,-1.4896787837087369,2.0088994907375555,-0.26167182364112235,-1.0725473437469872,0.7612072957811872,-0.7207510720950774,-1.2351121587908884,-2.519428324787179,0.046062438252676044,2.1616560978423314,1.0753187737674528,-1.0507273384203404,-0.9208615886560021,0.040496712466107115,0.5768856251362044,1.5971422401813045,1.2288231689049787,0.1365282584931119,1.2186034227764078,0.7895354306402822,2.104477498334727,0.27305201804670515,1.8204983596209454,1.1551264881992738,0.5346864161535996,0.47106937959739137,3.0179549640909618,-1.6675051783987125,-2.9938022364877104,-0.39881978164088644,-1.191876413817146,-1.410529246329802,-0.649955728273056,0.7459377300599637,-1.2734210132069979,0.6696329085895275,-1.4095249324149008,-1.7383423824916737,0.7533525845447271,-1.453146827196955,0.43544628205237135,0.26908232461372167,0.6370833062946473,-1.1635557091112452,-1.579540103801222,0.7136537100533882,-0.11094700072177706,-2.3780708521463825,0.41443758821610155,-0.6942899100184378,0.20906978132544088,-1.19135427863856,-0.8796431610994158,-0.548787247383533,0.5193432883141911,0
-0.9535849413952846,0.7426780766987893,0.06426658466849833,0.7341274242275222,0.5212961222023609,0.17083212606049863,-0.8980781181751858,-0.5325547356743815,0.6287830367143454,0.053291366128972555,-2.025060975455844,-0.7946340444571449,-0.9906154106473657,0.0750249996088372,0.024034528225163453,0.3217793713877294,0.025804523921369532,0.619747692098414,0.8974755189234774,-1.6085159325800151,0.11231801620454049,-0.3887512989530852,1.0233529930155838,-1.1790668148217736,0.47745449935234,0.49630138096221604,-2.9851587596865876,0.3112835608662028,-1.326839033145913,0.37077128284133565,1.9514984750700346,-0.5002916180339393,-0.3043417611746168,0.053336367752649334,3.5099703390959798,0.032892355050469106,0.32550739162057385,-0.28042872249046213,-2.0540500751606543,0.20511976420291742,-0.1951102116085657,-0.8040067603738678,-0.8207889368666681,0.3769584859434772,-0.05015583690307333,1.2531371634497621,-0.040034276381310935,2.504170061586519,1.5179234345130208,-0.5107508874053208,-1.843527190536396,-2.1529748669639615,-0.9537200935243074,-0.46122752568646236,-1.1080557713121517,2.1438899105299365,-0.6258051567137141,0.31277127943065114,0.17135931629242554,-0.031176829450076785,0.42646772013664647,-0.8093048150269105,0.1695558375986867,0.49235467448134673,0.09612592161107955,0.7855564648207366,0.38734035200439804,-0.5812372775280402,-2.5203368516443914,-0.43599158631249146,0.08511118418139746,0
-0.3774586947197712,-1.247010743125594,-0.7076039738025514,0.805830608280622,0.9657222721360105,0.4274791581058782,0.36828086788811415,-2.4820911029779573,0.8100673522294013,-0.37604869959790843,-0.7611759813931028,0.03317086843067786,-0.10466569445867926,-0.9951682483739486,-0.1404846075104013,-0.11013060713018179,0.44282555449334454,-0.011874167246934702,0.006508767765008474,0.32586036924602557,0.9123206272664921,-0.7449962954984883,1.5041284926795724,-0.7480765573729751,-0.015305968294975048,-1.0764613696121272,-0.9440925895543576,-0.851404317653043,0.12971702494393392,-0.11426808480848075,0.6666756340570488,0.43608381289395565,1.9572068459953609,0.044705256651687515,0.5193940640343842,2.201478350018259,0.4643082294115985,-0.10077334615329683,0.24499286568805492,-1.0089083171806985,0.7544659907312431,-2.614081729661081,0.05157909401720797,1.38508826033526,-0.8625684225464298,-0.5864902515775661,1.526479974571076,-0.8408743841306382,0.4783369093740642,-0.44333279902561173,-0.2845513509565364,-0.7080305136523313,-1.4807723766171983,0.1498126060672661,-0.06887124473072978,0.5756321391890168,-1.6839649325679016,-0.5440692219346972,-0.5456162755727653,-0.5190105346989689,0.12555662653351815,-0.3873457507284347,-1.218058195391266,-1.3337665556192577,0.16545839269946466,1.2667425902707665,-0.4289278683901729,1.0155247562803837,0.28478404733022045,0.7966557146736226,0.26304094806501216,1
0.4456395983183262,-0.2204876955116445,1.10495871361367,-0.6903884111142325,-0.17857945423005836,-0.8588829997387658,-0.3984215753037091,-0.009543012296822745,0.02343609592293553,1.6749767315062862,-0.44388945227914556,-0.17289373546208514,1.2519170202110765,0.3482551727535425,0.6189827619306496,1.3882578633171427,1.175384192369384,-0.280738533036917,-1.2092594409140176,-0.426280266340251,-0.4853423967943008,0.3144546136133415,-0.7982961908201027,-0.9711719877365117,-1.3203074419264995,-2.287820714551699,0.12926737751597506,1.8203904858218474,-0.6486850700821158,1.2184536518000095,0.9620164841079217,1.9421084322933428,0.277364340118356,-0.6817803817964035,-0.05647924341638857,0.014961964952199166,-1.2150785843644005,-1.0449653143940167,0.46332625490129015,-0.4971399612524566,1.134807317015875,-1.1776585555559087,0.8820604427127253,0.122395991780909,0.28858419401764657,0.8645269959824011,0.597238303957276,-1.1713828036043072,-1.4024722049876204,0.47937313135245113,1.4418711618839843,0.8790802206194255,-1.3795354202744754,0.8397299801781716,0.5224039039376739,-0.5284797854820352,-0.5330203372877975,0.20429703272385893,-0.5481443745627588,0.21524382220030477,-0.18708175023050466,1.2658376504569837,2.042595236868898,1.0902984270926814,0.2120732539303628,0.5815400069974438,-0.7548015417692495,0.8336808950677744,0.18429814477458026,-0.47258267009571653,-0.972086394951581,1
0.4548882163822175,-0.48972085632833906,1.3681942880085665,0.5605092771451368,0.858725739851781,-0.8221085234251064,-0.9226384330481573,-0.42418437571006656,-1.6751009356641107,0.1535285293678687,-0.9889134475235859,-1.6154693429023614,0.09219143032246326,0.5486139620325943,1.1249208856094723,-0.5711866585764795,-1.3144634978195322,-1.3059934819844097,-1.4888670664532404,1.2216759300725462,1.0426285778584603,-2.1308762056508765,1.1239585533381258,1.6375605701097282,0.4589015093986546,-1.332451390601212,1.7410725533381792,-0.4595525011947213,-0.2752089800790343,-1.5522487585008269,1.0975509516180848,-0.5024411730102365,0.9699349923486492,-0.3824040637981441,-0.8473810010114414,-0.4434407170662029,-1.4038211656875998,-1.1728922190798374,0.5322864594592749,-0.08561247688105303,0.033794817451163764,0.2872029623645806,0.22069816063140674,0.6587428977072979,0.9458000453628488,0.4171544504266723,1.980550893308514,-0.5885786961482441,-0.1584216985529036,-1.081458336959674,-0.5801714833431454,1.1299162109890937,-0.31591111207189176,1.3517153018031687,-0.7152456028296786,0.33466375061539244,0.7220233073740533,-0.9404986304659619,0.09157340639103329,0.5893585010687203,1.6079261252744201,0.9267209385000477,1.2592070146081393,0.6087367473832602,0.10887470849113394,-0.4822652291853249,0.41220421207571667,0.363624227370081,-0.19446245741255802,-0.13093277749025314,0.6535873151838153,0
-2.2951432757957866,1.1398586131893067,1.0299739061540132,1.1892353164886673,0.4467680848101145,-2.1099493020706626,1.349723477865174,1.0548753841250358,-0.26849834777208914,1.5386053531627284,-2.1549551792034087,-0.40831622926153255,-2.0298307918660115,0.5013072633769308,1.3284689403476357,-0.8994331357615418,0.031397997596823615,0.6628784906468801,1.5442828858390985,1.1721323477270036,0.03654947907423342,2.3910234403587354,1.0153932848615408,-0.7316622069391175,-0.23472061950427248,0.40062376917265935,1.1922531440865167,1.7946465580898803,-0.3253636152616263,-0.48082288116937516,-0.012355561978099582,-0.2944456962350391,-0.23526237678779152,-0.8226319046540469,0.6795602620361035,0.21588494246942783,0.7974221444600621,-1.0522794627029142,-0.2990099309781528,-0.9257427655618914,-0.48244265732680697,1.1038979342506965,0.045333870130902384,0.48053062678076175,0.9514297927376584,1.2867230215596046,0.4763492539015936,0.06479712119466649,2.45294672084025,-1.9319604363127838,-0.8222758981504344,1.4154357953147352,-0.4967442987858418,-0.7698121903987252,-0.7305746613527024,1.5919906785780575,-1.7952903220145728,-0.19076002033612888,-0.4462270411824464,0.2976298699031435,0.841350468573448,-0.048637330924482525,0.3610575748465922,-0.5839361548449828,0.03637828539820617,-0.5711643520713161,0.5858406589361511,0.28265664187959144,1.7450195482845432,-0.05609747325490271,0.3530648071909856,0
0.9584139725952061,-1.3454489449237848,-0.5763878973139039,-0.4129961897872186,0.6696764490911544,-0.6445758973943942,2.112780688060089,-0.3977724532889453,-0.6641468668155538,-0.18836477802704468,-0.14653675516346168,0.6859591252090111,1.0874659845142305,-1.5487551272591538,0.4225094821054078,-0.34194420700349315,-0.17536415017229506,-0.6261866251508799,-0.04833618874981453,-0.07771485596983115,-1.08348667673967,-2.4890808234178023,1.6323483833459242,0.6093741911417634,-0.4408239029341912,0.8233353262812457,-1.4905772889551037,-0.18657805495754967,0.35207816907699463,0.3167754784132509,-0.6977946435120008,-1.0003064507588735,0.19466280901784105,-1.417860648553491,-0.6044692412219441,-0.05009450671421032,0.17755311461100962,-1.4049749994692777,-1.521536142025129,1.4932212552031705,-0.3521437931843946,1.1315628968171694,0.11527613553663417,-0.7373650962200292,0.3574565930316424,1.1224571106295504,0.3564876234007522,-0.35323890436302885,0.3213031379809549,0.17558098736197209,0.4959030522095923,0.3580776014776404,1.284529371164708,0.37707915328340225,0.18017280310588382,-0.3863410948418479,1.8026073320845561,0.6955705714622675,-0.8845250021832513,1.0969491323176794,-2.815801467520151,1.617728926943275,-1.6168642596116507,-0.050266560288727447,-1.212313033412634,0.8692143347065451,-0.121920971693109,-1.4433197557538298,-0.8375394604590217,-1.3653376631189527,-1.1466952293129034,1
-1.4032765353567562,0.517801994169036,-1.5344980672862436,0.918647024799452,1.1137781636628366,0.81947202721937,0.9818605747471993,0.09349154955340784,-1.2700418177712147,0.44040084689523445,0.09019213438827242,0.08394238101751154,-0.02427495058079297,0.22600962961393387,0.6548956661971884,-0.1968571892540773,1.431536745531207,-1.2390303010161945,1.297514531069015,0.48432311339761785,-1.409040963495594,1.3353232543215405,1.5234147256987178,-0.6778120272141256,-0.7998135680770719,1.1212118147647372,-0.6946887760560777,1.051843357248571,-0.05609749588450165,-1.750816840021735,0.6575064433278793,-0.17549225135793134,-0.012387726617379921,-1.5189099101064805,0.8443302412241728,-0.9695138587678679,-0.8095176543955203,0.5094789396249231,-0.38078273351706643,0.6752572942069102,-1.4436571590742424,1.3703713623394937,0.7157087462891997,-0.049516024154435234,-0.6772027047496219,1.472756991427127,0.5668257751428815,1.0897153440322946,0.799091552503353,-0.8138720596465334,-2.2448904165255,1.2385043004392984,0.2867198449792453,-1.6510894011388018,1.4019558930045164,1.2177825787256156,-0.4970681325498587,-0.8841712869770384,-1.612246795450896,-1.0600773483116646,-2.9346302253773815,0.9488638324584022,-1.0069803991557396,-1.2481554517685323,0.7881991129284646,0.46032895445319616,-0.2637716399414958,-0.8154554318655924,1.2778404466873359,0.29148860335478566,0.5434567036566306,0
1.4563644049958204,0.34835159535075116,1.7957493731666603,-0.3242628488967457,1.0088703260001148,0.969152856672281,0.9123557875946532,-0.15726008762878144,1.2402002020374372,2.8447293222536545,-0.2157233177809735,-0.5789737830795378,2.2684355991342646,1.9060329443758777,-0.7801511328789268,-0.2499949106496638,0.7046064241797945,-1.5627439758428523,-1.532299986760385,-0.7412249575884977,-2.795676140231995,-0.7546342110019932,0.9007488401693211,-1.0901599493123981,-1.991695098374503,-0.3207463668852195,-1.1438976583611666,-1.177211618371105,0.0310053583147416,1.1719474494363997,-0.8739873046180896,1.1168638150665302,-2.420845820846556,0.3700440056790502,0.09216611350363617,-1.4630822136895252,-1.4811657326301817,1.0543639090838128,-0.37371027298975684,-0.29452065693094703,0.27769266420049415,-1.1184126946584452,1.2652117876790714,1.1759344076271092,1.5816575332047615,0.8576237542408094,-0.3138285977511765,-0.6998283858222344,-1.377708771251635,0.7210682925882915,0.3944087893756057,1.0643007664074118,-0.9686972825058665,1.7073713860278819,2.3246905733033274,-0.5700889145448158,0.24150534517973368,1.0136659011671112,1.0714639400187802,1.3359763873265975,0.6275483652289818,-0.7077256868617027,-0.3034021508633268,-0.13166831208141197,0.5954824181253459,0.5492397190114812,-0.3193377640751456,1.7691292455336987,-0.06828509891954439,-1.5245215643366363,-2.946260269968484,0
1.6589611374923214,-0.5638377126674389,-0.017889218261968293,-0.4845449978878547,-0.7870993819235406,-1.6798597239691422,-0.7171462616066154,0.4324255444671638,0.7565243264117331,-0.19721881321118526,0.953599483775929,1.5928706605791418,0.17947158186001796,0.672390175941198,-0.5483191613063855,0.19404173626972504,0.742544735854052,0.820960752498555,1.6233200383462107,-1.0010856479578047,-0.06248006640000396,-0.7290237615559197,0.25149753232961214,-0.31723247727536713,0.7383770122738104,-0.17579659842239434,-0.7074550947909418,-0.4490823171120416,-0.1291650122118063,1.5710168446253283,1.2637015349974787,0.6563111619764037,-0.5112825428865132,0.8495231182166354,0.48310519523244816,0.46543708524436056,-0.6018748374759009,-1.111785064250125,-0.051068715268665514,0.15736966900542856,0.8829465533288356,0.3067152159935356,-0.3077436716076726,0.5487445331352914,0.30639355062876067,1.2833888738376182,1.9186952765565797,-2.535103517328986,-1.0684988686130934,-0.28948060274330917,-0.573187528801188,-1.1981875053289714,0.8005962170449163,1.3440321332323093,1.3229767223125768,0.1969887859966318,-0.1677023850658485,0.06862077301972379,-1.9176510981648702,-0.01607019026800371,-1.1811512563629507,-1.025072478062274,-0.6140739132883801,-0.7266574974699233,0.6862191341625261,0.18025900322517613,0.6985117828679155,-1.0416768270867427,1.2028682811313882,1.126803833151492,0.04437329092012471,1
0.5229453995808296,-0.103313730473332,-0.18119468071526787,1.1471075746674448,-0.6573281325471637,0.06969432172274498,0.27412101326291627,-0.11899802331947286,1.3784313435807327,0.019910567728021605,1.5214928120493763,-2.2890507418421033,0.030519351475195095,0.1671444474669679,-0.08900648968862832,2.0900473171941094,-0.30223967502390914,-0.06047760356813886,0.756006935783953,-0.2694963735505946,-0.27082837777586005,0.18669393454669966,0.6705509849495732,-0.5907568124130693,-1.3170611850622338,0.7618398256123852,1.0718611936805449,-1.1442028067625927,-0.562711498949584,0.2878733517026254,-0.3021510031159208,-0.35575539081774227,-0.6670429769519621,-0.04596699309917587,0.4381067439815727,0.546599066973989,-1.6798361575584997,0.9850677990681206,1.4286569729966982,0.12627739367515328,-1.2891075573301036,1.3631888714504083,2.2022159835463007,1.3583518961904755,0.09363624990714504,0.6013646757406887,0.31928805728842435,-0.035480431629043345,-0.47896785681992154,0.09410058757345537,-0.30529211531207295,-1.214184746435477,-0.35651046503103745,1.0893990178315076,0.9621839703631483,-0.18555518382176084,0.2456286551690081,1.2028749052350072,-1.242479963600166,1.3421549342310377,-0.2980950015004701,-0.5237208870638118,0.24180530235146536,-0.45616294758975756,0.0002470033190289256,0.12970091679376042,-1.3527630879609127,-0.15382949090793713,0.5549830444411659,-1.0724669620506,0.26718704963010215,0
0.30663719444727616,-0.30711481141988106,-0.8695323952460994,-0.24919000358032997,1.6167896018227077,0.5347480447045758,0.6115725922130181,-0.8102907457865457,0.751630543697493,0.8799933897397101,0.7427286265037137,0.1404605002896515,-0.5864948053388577,0.6987192627516475,0.4569887282563068,-2.412351161421634,-0.5619306074592729,-0.3967744136233225,0.6229109963080328,1.1588367603296148,0.28711105914435125,-1.7799161899672755,0.09596826980024913,-0.44811152794557396,-1.346798649525741,0.9318569387663859,-0.9205867534703364,-0.2592054581680733,1.1728709396130979,-0.37298989582330905,-0.2625065524695257,0.9896729138649524,0.00029375908059307333,-1.5643088513084387,-0.3740032898624632,0.897774488576436,-1.0915490352259962,1.008992002271454,2.238599234934863,0.12672805978632548,-0.4008022547035248,0.5511665636626445,2.1855230208965963,1.4248502079845589,-0.984604294307191,0.3226447194065596,0.03101021714140602,-0.803607468154795,0.9456800236524561,1.8390765923755539,0.16241966853852774,0.3584268816059388,-0.7917982458682619,-0.36303095739342994,-0.18695115567378795,-0.2680003020740924,0.012437975286011507,-1.3912842360727524,0.7304214802123444,0.1512039375166124,-0.08828125830440997,0.40350666107938693,-1.1421197826025464,-0.7964197533320081,1.1888439470394747,0.3544373388920381,-0.5729529793182772,-1.6434242113902302,1.974992513233191,0.25694697114354104,0.7178569332630653,0
1.5931982291845554,-1.9148030237924467,-0.2743147628166118,-1.0634522573498746,-0.5373305335297238,-1.3336523203728412,-1.8471643064456797,0.022169112123868295,0.08600638191883074,-0.9376561698855632,0.11031969017352042,0.8255629753107873,-0.415945858972107,1.051437865302951,-0.8561935364130003,0.37331249851431886,0.2090404786630719,0.27153564532932356,1.1256325737364818,-0.6712817674198316,-0.7164825477889265,-1.0635269958264384,-0.9154589389208737,-0.6506277117470713,1.2327444473081082,0.12382895158049616,0.23666645777490283,-0.25365423025576045,-0.5130499404843436,1.3201484693783112,0.15986046953943905,-0.18254903570334544,0.11897689760539866,0.10493016057570032,-2.0621448604097146,-0.6375754297236111,-0.14738146402107327,1.4303109686071886,1.5854299388358646,1.336827677248889,0.2724000634736343,0.40439681862214427,0.2747075828346099,0.179076535268696,0.34552269713460276,-0.6967571714840216,0.4755025181830936,-0.3682404479878562,-0.5521958574749207,-0.9060289554094518,0.7233898504326539,-0.811035442766992,-0.06731054783372888,0.4175878360674074,0.21855893964329978,-1.6444273386162804,-0.4541581588831509,0.7623891213183165,-0.7278324094188695,-0.34201443084800354,0.07626024375916811,1.2700854029296247,0.6487597601581362,-2.151859627567138,0.1727347645380961,1.4041197745840182,0.017429108711439635,-1.1845948116475957,1.0301177807451225,0.8144882637597924,-0.9181934915404569,1
-2.137205009935158,-0.9297436210674316,0.7537475745700043,1.2408732958512676,0.22115101053054395,1.1386525790516577,0.6594246909686273,-1.3363035612666672,1.0127808657797825,-1.013704423375528,-1.4983470152863099,-0.1280481153281243,1.5668492159468144,0.6169496622520628,0.47892469618601025,2.318241799370946,-1.9077193255665965,1.0339106017107236,-0.033446748311668155,1.143720638221864,0.6073607490849496,-1.0199618890933495,0.17954615784183778,1.1884200003142467,0.18277922064234295,-0.8210416936598549,1.4249669558580662,-0.23466542493099804,-0.09036500880859093,-1.119633866246855,-0.12771467313092794,0.0859644593399484,-0.89662047656323,0.4283351216594828,-0.03811899433574034,1.4844978149822583,-0.1705193795635827,-0.7313470683026426,-1.274901074570134,-0.1752107698801704,-0.07117174454526509,-0.6557220793758515,0.5589409991175616,-0.42994707025758055,-0.2767097804513299,0.5706565845758469,1.3686193356401346,-0.7449873747468687,-1.8689184288361576,0.8367714828758839,0.5272736555998013,0.706689533955194,-0.1549440550856454,0.26641952182418505,-1.5062059783179922,1.225313334459669,-1.1099662703254127,0.915466058132063,1.0813452292233456,0.6952996448242484,-0.24197135031446496,2.870070374901506,0.57926928398085,1.0935919848432378,0.9388707158275282,1.2877471684982458,0.4653841586482291,-0.0923522252572448,-0.9927295622795286,0.9456333359689996,-1.8836678823099107,1
-1.746278998872495,-0.5665908491127007,-0.5700270788404816,1.109247762622799,-0.3317987047144054,-1.3638966690508296,1.3393778138548973,-0.24208287698360992,0.8113345174127017,-0.16287362902819352,1.235570679883335,0.3198446803330691,-0.5167095584786786,-1.7750751470252017,-1.0051824444834176,0.3433634632759201,-0.4826078900217826,0.10353339795846112,-1.5150404462921998,-1.419935653079364,-0.18508962553604738,0.6892408459715996,-1.5197661095160966,0.4452730593487191,0.0030815182616009996,-0.48523796863440843,-0.6299685216689687,0.07490837168625736,-0.6468833806949565,-0.4682406604358444,-0.5960007362398344,-0.7746916337125686,1.0163650656284402,1.408171995283843,-0.1603546452593374,0.5965668050593249,2.926829678303646,0.9884459597829158,-1.0392028210928685,-1.3083842409951283,-0.6386142801172554,-2.6785880855895106,0.22871372738276308,0.7958655195012498,-0.5122334546440566,-0.6370816450302886,-0.5450221768138038,0.8332895789218169,-1.8004378118547528,-1.2759824584095991,-0.669466011685168,-0.5524642384454858,1.197715288444898,1.3207807181686857,-1.4864256885929519,0.37658288353412406,0.669530577756853,0.6478579519778094,1.146478141926233,-0.2117263009552615,-0.3839324530082265,1.1897658504921726,-1.204818645144238,-0.40322031016896676,-0.5373649598773179,-0.15650891950423,-0.34810072772976525,1.6277402035638235,-0.319595719083281,0.5532197313292123,-1.1293247976032923,0
1.0000616446837098,-0.44316036052643215,0.9948237417868476,0.040109375980868354,-0.2698243484455309,0.3220600551954389,-0.01559297878217155,0.10910896247440217,1.482253262430625,-1.7960460607463922,0.16496992425428592,1.1381952480623223,-0.03587681174083726,-0.20616905246764983,-0.1333222232002322,1.047897337433687,1.8147338220182754,0.945848500216352,0.09815715807162967,-1.465417860632262,-0.7011509033588549,0.8002787162607542,-0.11921693468638635,-1.5985453345973717,1.3934711447061836,0.6888103624644307,-0.20106972871276513,1.0420916535792233,-0.9439122804465343,0.3862945163482638,-0.5855654379905891,1.766968778825431,-1.5308878783036486,1.5091103530956882,-0.45873851371416025,0.48807877224196666,1.5420218053038361,-0.559231925775403,-1.5169814058439421,-1.1817978130855735,1.2785898133817557,0.7885288923806959,-1.0018620741107283,-0.23505851188421314,0.002410936036084161,-1.0301688072698643,-0.6572858575341767,-0.21666664245852077,0.16985421065778475,1.6543077458746098,-0.36318388089765913,0.5463453232616539,-2.003884403875995,0.6684396110222364,2.0069039009358227,-0.2936656075265044,-0.08361169736061062,-0.12670673278434041,0.24060881005040555,-1.5545310997794726,1.0807723561956963,0.4903883515905098,-0.10506489911405353,0.2491852751914213,-0.43379525880046255,1.997023951134903,0.7249885108618569,-0.3313334416204825,-1.2026429806349415,0.5208401923453929,-0.9186788877783284,1
-1.0645661607594956,2.2367454992216547,2.4466436331863397,-0.06898144130197337,1.1437067946917436,-0.6624141126628994,0.2509259678035203,0.6729522085958403,-0.358925751402202,1.9334422219708787,-1.737681519056416,1.4165284717257318,-1.1371034442275147,0.11944520819540615,0.7928906075555016,-0.402118596704988,-0.599277968179705,0.1356485470568118,1.8866141970319592,0.1301313251587942,-0.15355879690662835,0.3760986499365301,0.09334497679229226,-0.9697272863349795,1.6519607284329136,-0.1785631635786071,-0.15774771277503064,1.9572937515391324,-0.35169830774200106,1.675262504816653,-1.0535325626081922,-0.29687338645492634,-0.9128886748039172,0.8180365074272197,1.2537302197188045,1.3695768573640745,1.146474820533345,-0.7141065812284609,-0.5218229605132085,0.24630140895300673,-0.22602711289398797,-0.5472816857672683,1.0522794600050713,1.3607288514789422,1.0886923874693546,1.8477481010301982,0.22347254167729516,1.0820479434662629,1.0084229662784219,0.08176108557438229,0.9957747574562958,0.5739003587401705,0.40844145633086093,0.8921462654496919,-1.0871502883231554,1.3766601756411414,-1.6154197387120663,1.4220299670184278,1.6139853905545287,1.4012032327518793,0.17322545390867083,0.3348767768282977,-1.1838586845631074,0.3409432261530063,1.8342156130221958,0.18165654014617946,0.8458217866516091,-0.872761356343299,0.10059293025047168,-2.030956353724438,-0.9963640302326624,0
0.7084756479331512,0.9617285824823101,0.560209901797856,-3.2195222128558436,-1.452435610792673,-0.7697518624517823,0.46316748509596667,1.945222772803091,-1.405890393948844,0.5774413450582236,0.9754736622192053,-0.9401611220372682,-0.8506294449305492,1.1836951284348154,0.14458628322818132,-0.3808202636144674,0.9142101208214966,-0.872573482414604,1.750415841279398,-0.09229931893427512,-1.3162177234795729,2.1498815863320915,-1.9223841995277167,-1.5874506160314559,-0.3349385729455384,0.74744956832953,0.2340493561084884,-0.29330949670074546,1.1972023275715484,2.297496430483732,-0.5369740182391837,-1.8618266485660353,0.11567180760650737,0.6766095037035991,1.0956296961362568,-0.8105251117703561,-0.7069336232461757,1.5491782031275863,2.95728790747181,1.9858580821620926,0.0034067896553507133,-0.9313944319191941,-0.5398053655338965,0.3250020063839867,-0.029148497723606354,-0.40099833435452614,-0.8200702432092868,-1.1003021545071001,-0.9621685276511708,-0.6906119919735693,1.5478262926332678,-0.5015145615169643,-0.7563558344770757,-1.3276757007283881,0.2635099397157143,-2.282235517409095,-2.7722470635947998,-0.07079145053793016,-1.9985010771097744,-0.7283538391330402,-0.18179275292034872,-0.6010945845966725,2.4079497468955267,0.8243510962722208,3.3717600924430804,0.15330399708786996,-1.705154961011757,-0.04187969403314792,-1.3618878775949481,2.0257978355760087,1.3444173187408464,0
-0.04496494321432441,0.20980618039025095,-1.5335705558735226,-0.5318210791645497,0.5125369562195665,0.9042441564484747,0.8770854524495801,-0.0016192120782382846,0.4054754546211721,-0.3221365306015492,0.447737077007924,0.45154655227266427,-0.6041551633054163,-0.10710940595718559,-0.8280540754343582,-0.8021446305711432,1.98510359442921,0.8801168287870403,0.5533837224013166,-0.1668967146562121,-1.103962370135473,0.6135245932177453,0.4142376785254121,-1.3702740826217217,0.25728627305696833,0.7737617429572986,-0.4647993520765489,-1.6484445090110802,0.21017244904091106,0.5127253515157082,-0.4237197123222746,-0.20474304381890102,-0.5792414560674432,1.1330428514300932,-0.416452014644474,0.5147841485122864,0.9525762558805154,-0.50867288273653,-0.2849514151254984,1.3117448779640295,-1.2428144320916308,-0.35763578305159066,-0.9512910509433206,0.4292585880560562,-0.25426246222063087,-0.3513249565555901,-1.2416023012107742,1.5609147493331228,0.38933392917320137,0.007796390685107067,0.5144983598470068,-0.786528977178064,-1.1839629984307085,-0.16328094420001563,-0.29549085016332644,-0.32345327514205163,-1.5288612142182931,-1.144944730213276,1.1402513788922595,-1.851334631644354,-2.3372069946888807,1.122337921471547,0.06569091987515403,0.9971059989412171,-0.7383799612697879,-0.10012718823045592,-1.2087625395079435,0.6827768062363904,-0.19399027203667799,2.0567518899379724,0.2992326213306649,0
-0.7333025004891981,-1.4079732099623734,-0.9241358820549281,0.9935898610853601,1.0756857319483226,1.0241921446988203,0.5715220664019306,-2.5527680434537907,-0.33780915810417583,-0.4100338900087205,-0.07709734754518868,-0.4329483305458602,0.6505204788051916,-0.9418596485074001,1.5478164030745427,0.2944177187144433,-0.5479226991806131,0.5400242663459607,-1.1953053036923038,0.4063841864734328,0.32104919989678804,-0.6144086592792388,1.6454862741783478,-0.1229959026813649,0.26074277649768135,-0.5781482901693665,-0.09688539535914327,0.6545073470620628,-0.9780819825676819,-0.4017128730217545,0.597778575487279,0.6649719913822504,-0.13157278014088064,0.8867250046161612,0.14601039343032912,3.239786745767797,0.5375991229651091,-0.8558598489911967,-0.6232723967831962,-0.9914222854400665,0.13187443281980374,-1.181214864696403,0.8513374819598682,0.3119755914411278,-2.0318168061072135,-0.4224788223481184,1.0832744512387082,0.3923488655227758,1.6927251000856542,0.604207741717403,0.548467466184987,-2.053877225727586,0.24417397911768263,0.15281113358826168,0.2790159354030375,0.7026231111076734,0.8161264085380515,1.0224991892111874,0.7099002761674119,1.0231406714423523,1.588396969368927,0.5716240048238742,-1.6854117081317577,1.0522397149563976,-1.2905671991732335,0.2771817002773356,0.3833123129881104,-0.8648878693462523,1.2348198875627052,-0.35289559987929076,-0.9055824474578313,1
-0.5753416306888076,-1.120640582004661,-1.0561903436903306,0.6566058883595252,0.11592060265621269,-0.37994630378572497,-0.6798231967622766,-1.0465066426119887,1.0538327033798194,-0.8546379902151516,-0.1876828260722179,-0.09077673214020252,-0.0028027834400313847,-0.9391937055634847,0.28314367981250427,-0.32784874456003343,-0.7548642862137586,0.4862124518057145,0.06507988308748938,1.0482319171304488,-1.4749745976647368,-0.5534479613630909,-0.8530734936171211,1.4937213637982525,0.012294619374655515,2.3721740397360667,-0.9500989928616598,-0.5872844253333159,0.39495237559740276,-0.7936291741380873,-1.40873568465242,0.23697898487420374,-0.6317125274720409,-0.13200306478622217,-0.4087064545098939,-0.5616667305165528,1.0919728267123001,1.101741548411281,-1.3032542396069833,-0.6591174862031898,-1.8546266513164236,-0.8239203372888939,0.9489595287711102,-0.6869262537806424,-0.7531681464290743,0.15516304038836798,-1.1529001547203876,-0.7793256392399945,-0.8505131559880911,1.5463180546137607,-0.7832950941678356,1.3167473938658105,0.8438859031299117,-0.2538159293835939,-1.020229947672476,0.12240015024306368,0.9311406478483644,-1.2270983203858523,0.7672784686948164,0.5022493061555389,-0.27647243295303253,1.079329084013015,-1.5102402986699532,0.07291478842944372,-1.8313181713225648,-0.2328658788880887,-0.3850303406923722,-0.776439897301632,1.057418483141227,-0.5974312509678319,-1.2657654893294152,1
0.5990344182431442,2.5625233240929837,0.7400967128969743,-1.2439314215731927,1.0832414419336565,1.3724921995168051,0.2687731987014141,-0.7871040275533199,-0.3258347303868371,-0.689595345612768,0.8902681773107209,2.012025716287554,0.32476592685660266,0.6867373261853235,0.6713972371258068,0.32026436292447913,-0.28048967336712305,0.5614955598381767,1.081854908575659,-0.11976360146233951,-2.4739577800458776,0.40904688263985756,0.24169418651082739,-0.6037662036004058,3.2047550570355328,-0.05046805591849345,0.6862069634569444,0.8400470870230169,0.863506822671344,1.9768538187004614,-0.8284263074828304,0.6915099221231849,-1.502477041773133,-0.8293109623309859,-0.8002108189716445,0.20474521743701302,1.050858856473898,-0.42216401335806175,-1.2671790394187619,-0.5235083304329392,-1.1890735955060483,1.0283783001881959,0.3005452658698,0.41119264417631557,0.22651806276242004,0.0024404842090294666,-0.06002042373750876,0.9322272561809253,-3.118794492660086,0.5249913116384288,0.04643268991774944,1.2168446964392308,0.23538849314450339,0.07403480073306108,-1.6033648012276112,-0.5350156432844778,-1.1108813002086462,1.2415390642144892,0.623502610602295,0.9335167172606145,1.3867357478885418,1.4152250321144981,-1.9099003524790314,-0.046672616735197285,2.0993337770033937,1.4841453987542295,1.255730128149104,-1.1510800774689967,1.278202929177896,0.7251744665148179,-0.887175922779527,0
1.7110448420145805,0.6190284934480874,0.31764079168645787,-1.658729469279877,-0.7686631639656064,0.3729382568130125,-0.2761016479776315,0.14386152992684548,-1.5932703400818626,-0.5966652358725341,0.5077415109706713,1.054095020030751,0.3838967644584723,1.761661451325178,-0.6966377831462266,-0.5986728916942843,0.6880028524627759,0.7997984041752425,0.18678864493231712,-1.4086907146815844,-0.455220483092773,1.3987921164670305,-0.25357788487201316,-0.6787013911271134,0.9467204653812882,-0.9516658979370636,-0.9555628348501299,0.2611638338382804,-0.402688016063414,1.561493260135217,1.577702696911761,-0.06593608762953376,-1.3933558072161294,-0.6821689886103042,0.2214769164205162,-2.2535456960589753,-0.14093766983222916,0.9755386318273828,0.25164978138039396,0.39523241777176876,0.4644696319075771,0.7433660676931902,-2.62883650815609,-0.47051945547196017,0.792774179698284,-2.407118450597797,-0.9948776343908186,0.6186270240026795,-1.0485085290107845,0.11235192352638453,-0.020820748476737986,-1.149153838124037,-1.0275517780739214,0.2376584409082957,1.9762406836826978,-1.0013386148140297,-0.31717575831556216,1.767027632874499,-1.0860215329630913,-1.5924147657607715,-0.13706512881856742,-3.3251936316210284,0.6992733546831323,-0.5146070439189727,1.4040120502302602,-1.1558463687399483,-0.1828996820758528,-0.3275318851592442,-0.3506241108945567,0.09713886006380079,0.22892622722580416,1
-0.8820898095067762,-1.6781494830602286,-0.5223445091269122,-1.6147659277737727,-1.7082711539445103,-0.7112542303692777,1.7190572642231543,0.9109322952700435,1.023725634109556,1.489474218630651,-1.6364562458851133,-0.6074076862609975,0.9887521385553482,-0.5683846758752281,-1.353276349627679,0.2741821503955829,-1.2061116573235378,0.7725216779728704,1.4950404300840259,-0.8826539209817057,-2.004761655235852,0.5370864618451682,-0.20315298855504807,0.49216388694392443,-1.2022891443657102,0.4061969707208622,-0.6338974283230981,1.0503297045847333,-1.4997633558833716,-0.23848403597359372,-0.6448246144469661,-1.2886542023030558,-0.8062940333460353,-0.6410966480004737,1.2881033765809824,-0.9256422074555115,-1.673670674676964,-0.2279500667400489,-2.424215745242684,2.2091467220329135,-1.5475530682706073,-0.3802029472679205,0.8117089385176971,-0.12058004827014167,1.8711072542804497,1.1147080836916021,-0.556954933248197,-0.1160107376795834,-0.26769330784522727,0.39011938096422727,-1.1546265648292842,1.1305120765286092,1.2007159635181328,-0.7405281057380941,-0.6335151228616869,-0.6524924549621238,1.792072280044331,-0.0676464867028179,-0.39692643235476394,0.8904129321662947,-0.08291173848955723,-0.16753085100723789,0.3212810389226695,1.7269516125721716,-2.761195083361129,-0.39100401535554724,-0.014036353920647646,0.17729865318106633,-0.19916868037186575,-1.0359965739342505,-1.304082582642728,1
0.9243542218757257,-0.1239466947779092,0.7980588077151161,-1.318607463869027,-0.843683854827359,0.4503375608243341,-1.8840203951981642,0.6308960969795625,-0.776147461308701,-1.670424205616988,0.5145648618578621,-2.0360761830893503,0.40167741538827734,0.5589260668474624,0.45295454647108296,-0.10198338632200558,-0.9084710022826442,-1.4555125444986377,-1.386977211269351,0.7678416573159884,0.88537420226116,-0.14365943412019458,-0.3952467127638687,0.2220755832929143,0.8176660986473478,1.5464481516245756,0.8884991954532748,0.9065464426599995,1.0353992271787105,-0.49804221635757323,-0.9184507449619969,-0.40263839522885975,1.2690150963787028,0.3813730238090125,-0.6365742766145931,-1.1046313909955048,-0.15751558183305187,1.08980926601539,2.0917788469341856,-0.2753314931180644,-0.22639302989540155,0.08096514250632754,-0.8915295529063176,-0.48580784297786794,-0.06853265986178302,-0.7901805675432485,-1.311249140150503,-0.6331038620733374,0.09250856799427849,-0.014308791847997644,0.970210051662092,0.4681151432329085,-0.5068124449765684,-0.7566931803214334,-1.2462821037763352,-2.2175654955268387,-0.19959349772764168,-0.6142768418919323,-0.584256707627563,-0.5240032996883065,-0.3436259861199214,-0.5916698731357188,1.2575251032729606,1.4758994897323245,1.7148021612246833,1.229818658310964,-1.414327390586514,-0.7186969665153284,-1.007384990930929,0.9457349643041262,-0.06713594169791484,0
0.19565067243696826,0.6345041095132548,0.5664474059926234,-1.127480685873491,1.3761981213170986,-0.020177290327942743,1.2123957726423604,1.2018366094978463,-1.4386221465040454,0.4418313138139312,0.10847746885550709,0.4209470992581889,0.8874922338196742,0.18930073937947883,0.033447078983178204,0.6075851738873743,0.15893591080068872,-0.3097746972444502,-0.738502064146356,-0.03195934389691766,0.3961522042408536,0.1855371661095961,1.2751137973156372,-0.5590517233658233,-0.35736673557199095,-1.4648910251567773,-0.846195829633125,-0.2883607489736529,0.201203944199656,1.3438815951508618,0.7855715962704324,-0.2622709077472782,1.3402822993304335,0.021490411770984676,1.0492912596722008,1.6283057031935841,-0.6699375533701877,0.4616200593734021,0.8665087937502807,-0.5957059079582606,0.4683190743744247,-1.3243203949071385,-0.903984677555944,-0.30958456404964013,-0.07182629654191693,0.540609526706243,-0.22597146060900575,0.5887244572031615,0.42344505853433567,2.5737968629089605,1.21114893243712,0.3340852086473266,-0.3623631437449885,0.4822848818179946,0.18796028192287034,0.3217391202263968,-1.1447266949726582,1.3983895587843138,-0.4412337972317219,-0.3192875971391379,-0.8967422514579756,-0.08043241407248708,-0.471355871771724,-0.4684677687396915,1.10230529188246,1.14981384917465,-0.9876270237758071,-0.8960179939392695,0.05735662723891848,-1.621791628054276,1.575005509016134,1
-0.5157838798970825,-0.1646325770397736,1.0512855059689339,-0.2231837194316999,-0.5116621377117634,-0.3657175185776343,1.0326843395716714,1.4287486875899433,-0.2986158236266867,0.6517885122330582,1.1284527767637638,-0.7794058032790383,0.07485222965502784,-0.840643042561735,1.0193486072301143,0.8374274309957405,0.6026583836412703,-2.4227731858115593,-0.985479673450923,0.1549848217162285,1.557905827344818,-0.4545109841173247,-0.1900387558686302,1.2243517779280024,-0.3671217958949463,-1.2198936476420792,0.8832652558114837,0.10934048845974625,1.142887026806188,0.21358649344759387,1.3552304940744748,-0.8489819747516686,0.6062713115870773,1.01128483647642,-0.0641568510473799,0.18784517496705516,1.5558316897904976,1.2116928261000766,0.674542794451989,-1.276026797120143,0.06426770575494474,-1.1605750661685355,-0.19322977581122874,1.267078288235624,-0.42706421583934084,-0.31927647076728866,1.8006858004031072,-1.0893518111747866,-0.10254707994074165,0.6358744626003389,0.5585741569623252,0.3985495478405991,-1.6858753870624945,0.19674346841854393,-0.3183604365207251,1.4199455087990243,-0.6951670386198977,1.1398228312606957,-1.1742465178615111,-0.212860704995451,-1.8215516404463683,-0.9483332993923603,-0.3780812461339159,0.6120978173980747,2.4166250592072394,0.7463983892319773,-0.2866672617891613,-1.015362054319703,1.6323872416251772,-0.5365089182839351,0.6430452338507158,1
1.0114998137783477,-0.8738711666473251,-0.4919318656702707,-0.5128656932401124,0.5404779347902191,-1.2866491457255824,-0.19411442587042915,0.3438875836610482,0.3446678236635478,-0.7651853061590534,-0.7582501605959057,-0.49527087346970566,-0.849598817103164,1.0445367729066952,0.5777171437360062,-0.3306205177446971,-1.576140719445406,-1.0169362233406478,0.11923308139079945,1.259716001104596,0.49750490584880164,-1.0483660393214018,-0.37683150132450366,1.5400465832417018,2.6851404906378358,1.2950224743325296,1.2328719252690399,-1.2846043191473926,0.6413489578762204,-0.025842565016360182,0.30216855030404227,-1.503312574602994,2.127097507863813,1.2583125091568983,-0.34685648041033507,0.23611802723672193,1.0090550627457036,-0.03025308351931417,0.24841089697472074,-0.3740193629288884,-0.8201033410805038,-0.9009116683585882,-0.30882995102940297,0.6436621961449911,-0.4053826314890974,-0.6512189236288355,1.0448521915803588,-0.1093275270439297,0.56308285893476,-0.07930024559858641,1.7595336825211165,0.6552011658733302,0.8496191641606341,-0.4361565670825348,0.9396590301426179,-1.4413033497136092,0.3780985420478488,-0.007468844737826475,-1.3278687921730983,1.594060447029567,0.041009616099985206,0.2152584138160645,-0.3225148943831847,1.508249952050391,0.5922503930844494,-1.0388696043990704,1.1456050636689386,-1.8631245120440418,0.8023620002594882,0.20922641803465353,0.8625778650466085,0
-0.12936299524249165,0.23568665226907368,-1.1646641476980755,-0.5709747414928219,-0.8762375192658154,0.02336654604139424,-0.15761311705764391,-0.4156034318594511,2.422389647810025,-0.33689495874921993,1.1002116554824004,0.5952808004319491,1.1348411621780228,0.7645649390724844,0.2987014205461178,1.4852801134532858,-0.4891601883005057,-1.3926820738024812,-0.002381725957232534,-0.38621133282694703,0.31172956754280606,-0.30400059871465085,-2.2564637060182005,0.6569444965027148,-0.2907419728363429,-0.7776511187254671,-1.1287313725111532,1.4480850576585875,0.5765772858674023,-0.004295004231753095,0.16223539229359638,0.7863363576175192,0.8370953436604107,-0.8378413782549923,0.47313702584271056,0.012451971097114588,-0.18013535933799235,-0.022222659526130614,-1.85582954787644,-0.2077350963369885,-1.4850357913679038,1.3822301989677455,1.6611775205858028,1.1469500513007156,2.062461210543136,-0.30120010459613505,-0.9577916659514487,-1.418090283889372,0.6837266461379614,-1.0951296578733367,-0.09489993854560716,0.9819050435681059,1.0132356202854103,-0.8319593557946384,0.2609890056139129,0.3129306512328026,0.22218369272305832,-0.6245830667102606,-0.1780880752678347,0.2799752438266382,-1.7991695495419697,-0.36116210004273624,0.24653447701274947,1.9974552025487244,-1.821569222081609,1.2456330796854003,0.7286271740098316,0.6467702330703733,-0.5877287244813876,0.8924359847797041,-1.4746156895470417,1
-0.48405070714856335,1.1661932377034177,-0.2894955239057247,-0.8673741347934106,-2.199865198511234,2.4242466255374664,-1.443988510683314,0.26139332754312555,-0.15332931470684844,-1.959109303893246,1.1503840024500833,-0.23184423586517658,-0.9453755178074458,-1.0910434329409433,-0.33217351054279354,-0.8575814088268331,-0.5214605645866783,1.804447876487144,1.6253333608232776,0.6853405018966444,-0.0512486984777692,-0.6394382949409443,-0.48830251996631796,-0.6699774793435185,-0.9180101325540458,-0.4658536481098249,-0.6845363620820264,-0.6549930268088461,0.42681001379222755,0.9739750456827988,0.599802059046422,1.3914956773874534,-0.2992904155314268,-1.0789244282566532,1.2488496867463086,0.3598290925843635,1.6812112364296439,0.07986837048516997,0.7657548582002697,0.10816961122447542,-0.6407827441998969,-1.2184806405067208,-0.7337853853444648,-1.900519527768677,-3.0498408481330173,0.04036762379409926,-0.5041347614612026,-0.5026135788687409,0.18338984631029487,0.42148940771216337,1.0753358163456628,-1.7161122889256812,0.2971486954729689,0.8650901296032548,-0.3660354791175167,-2.5385155702516857,0.7618451249364099,-0.4587768660924104,-0.046373016226509196,-2.8394109468370727,0.2180603375008102,0.9154396521161264,-0.26883308056871064,2.484122538990238,0.5223543666056968,-2.0615816849481616,-0.0787847568010058,-0.8508562957057823,1.1590649810533145,1.7057685047554676,-1.7737276325010707,0
-0.29196124993755335,-1.5053782713193216,0.9182553143432581,-1.1843682575606762,0.9827881994649287,-0.6643833241397499,0.15332273751488393,0.619405005717762,-0.48348327261266005,-2.0563107001597754,0.8972212633325848,-0.9143841102607297,0.29379130122288166,0.2534388269584788,-0.3418832002636273,-1.969652692394197,-1.7363337003797508,-2.3200881151552197,0.6139150345538512,0.2568365981699871,0.6150830190028043,0.42888585216764197,1.3962890111621236,-0.3471288132825362,1.768266613306425,0.26584047605695255,0.6089367446848466,0.6910428215595525,-0.2235656495327159,-0.8001647597646332,1.1847653176530772,-0.807253389349463,1.855871449172135,0.8461683552135638,0.12797296785939563,-1.1314054932785977,-0.6875709021109967,-0.19782471416235248,0.3680582496195115,-0.20138513624974946,-1.3998717927479536,0.15968210820877385,0.16732611126525834,0.7652089957677065,1.173934919419264,0.12368673103430834,0.611677002954339,-0.9914016261752908,-1.2113492901649145,0.17474432986089045,-0.3382499859363924,0.26946772432688787,0.0959882764379107,-0.46906484941203463,-2.0499822495075217,-1.4180602423099218,1.5869334630570875,-1.1964892302412076,-0.8938402993313751,-0.014401695077800331,0.2929095525163591,0.6917507173496512,-0.009337343248037418,1.5643802664130164,-0.0585745859800004,0.8406619158169439,1.3537585386995021,-0.254976643892236,-0.9048459344204911,1.3704185367481136,-1.0387825131154835,0
0.40998087135134004,0.9896989065578018,0.7805867475444297,0.7515623995299262,-0.21850541874006119,-0.4188730890836925,-0.3543560082779922,0.9146516597326889,0.43958153095331615,-0.5480743354622009,0.15436761613860764,1.3407246436881548,-0.1001069987872989,0.409371277168652,-0.4096122026729895,0.006075991757205075,-0.23523126346932774,1.6573322918034288,-1.1955557067646432,-1.1165959901258826,-0.652449984439236,-0.47321337847728717,0.6550558195942314,-0.8338554489470941,0.7129478459227394,-1.6493907167219983,0.09513299551190246,-0.3496656526074757,-1.3175904512746202,-0.9603154283409113,-0.385572073975404,0.07003515795258496,-1.0744283391496428,-0.5144213829666863,-0.3144715585243237,1.224198385476388,-0.1376902243400178,1.2764117592694302,0.5697150711552208,0.036048513653587175,0.7791413675540454,0.9609030196004609,0.07061328071566245,-0.702850764868681,-1.0417892953730674,0.5801966285406098,0.6631229641883183,-0.2592087139947061,0.4760096292531583,0.7734273848024061,-1.2668744419836775,-1.8198564329788192,0.9369654393302419,1.2328657372229166,0.506609454687633,-0.9179818126233626,0.6695254461848006,2.6414339676428864,-1.7115849156166563,0.5534128732031722,0.8548786305485162,0.4287385349517651,-0.30027504160369795,-2.0289584608250917,0.37745576343827264,0.11257844109025188,1.0174823715258154,-1.3007181958322993,0.08839850415794873,-1.6097042604469112,-1.6271463322670408,1
1.0338265030932121,-0.5449155252097536,0.8750260261405055,1.195452092591288,-0.2000789529301752,-0.4279888474631968,-1.0778866657767392,0.9146006246652335,2.101113730662148,-1.2094419663967397,-0.669882571761034,0.8573970098820122,0.6277662939234521,0.999718820807801,-1.1803286428003155,0.07602140428668057,0.1418691300239938,1.0376683706209135,-1.2278624166762626,-0.5541542945654461,0.7077331886577412,0.9249804373128191,0.3615957236522925,0.08518093038278568,1.246290174292134,-0.3904472015178974,0.9842529485602486,-0.29006423013544785,-1.427753483998443,0.9409431294079466,0.66817340682184,1.5178131816966356,0.24820696052302543,-0.7419021626821048,-0.9309381640427582,0.33951061312499536,-0.190565824786143,-0.5545881660747447,-0.6552083667684647,-0.7553077513371085,0.8503065584935664,1.942036626626266,-1.4995656003956337,-0.688138854815643,1.7659398595857287,0.12275908601381945,-0.4731309658223954,-0.8754774413195435,0.6085762766250549,0.11990320080104189,-1.223956532131456,-0.43633345883381736,0.4620303483866639,2.687297114881095,0.8301488871489031,0.05831605446503562,0.9344424179393167,0.2201762330683275,-0.08856125402273902,-0.8263952227679604,-1.6311582937141522,0.4158266821323692,0.6962564933940902,-0.8513396750241541,-2.3224576132899317,-0.40597134921987105,1.2085048862578984,0.2958495723907347,0.11280937712029279,1.059243451542355,-1.6082523644270788,1
2.3645898738117954,0.8322580445913601,0.8231417124246808,0.16983898223254204,1.2714011983361642,0.03423871202601095,-0.03028412645979231,0.6443153224923032,0.1606614460127492,-0.4777782179107922,-1.3225971059642359,1.0155286371830996,-1.0203397763189643,1.8504098290371345,-0.8827374266501408,-0.21240914916738265,0.510424218741575,0.5790137421730219,-0.8700785045046446,0.2789559527281847,0.7696683181303591,-0.699702237736008,0.9819051050789981,0.4930456014132553,1.3464751176529586,-0.9602940570095635,-0.7402201426796151,-0.9903711681553482,-0.32385879181398297,0.8557316769108888,0.6223012691669281,0.4983886040385264,0.6657295889451121,-0.6118911854711877,0.8369806165149138,0.5706707284566611,0.13669345133938934,-0.7112208952276418,-1.0183624641996714,-0.23315001596915963,-0.11752990622238257,1.6998265116629196,-0.7765847119463417,0.8136408397651917,1.698516009401691,0.8267253945514103,0.9793404058123995,-1.0735392965188972,1.478117380024475,0.6790658981574301,-1.274394279778615,-0.9230742624975364,-0.09999772546209737,1.8726673262002558,0.5442038052177047,0.5335348723794563,0.16925331581896105,-0.3499015754059979,0.023975646471219948,-0.21749061613775864,0.5015687430193256,-0.6593698016668439,-0.17783073490486162,-0.12212758739919691,-1.7350144163148444,-0.7305272288973281,3.3395395367961096,-0.8037338380167854,0.610438215217068,0.16104721334691177,0.917551835570999,1
-0.06522420773545837,-1.001966673950636,0.6681626525977538,0.0481908307780221,-0.2625808688646682,-0.5039503160841702,-1.0647288018005547,2.0164600565798096,0.6477017818401055,0.09330169521157727,-0.35774252274842944,0.13078908658499966,-0.2902407994320815,-0.20246816304767953,-1.2201547730178186,1.8314956381258878,-0.2882293050106996,1.0494244475689845,-0.3522899654455259,0.18164930823627048,-0.4817327792940719,-0.8166591497057033,0.263903430420495,-0.8144779571676507,1.3467640875775642,-1.3083172547833588,0.46685595175823313,-1.6124241383477331,0.13824447587944866,0.1728375957874365,1.1993320504593272,-1.0317073543320967,-1.2249206787104379,0.2861627386080595,-1.971829454843754,-0.7617796013205588,-1.494062014581362,0.6159249486264509,0.15922572508903093,0.14680548861105425,0.03752679236149957,0.006075116401159829,-0.6613241236137067,-0.8331166210891854,-0.03475497050184913,0.34911166787762554,2.5482598009465516,0.15645544173010936,0.6856416794934608,-0.9561648237444286,-0.8060867054777977,-0.9518466297449686,0.52345473942971,1.9747578282701017,-1.5217306781535054,-0.6710276994483654,0.4197160589095948,1.049574340808041,0.750523015650875,1.3784093185958852,-0.829353364063305,0.9541299918157565,1.4306529671392927,-1.50362936208299,0.7544725864736593,0.7186540478454208,0.596342811498784,-1.0091554176942021,1.3319566301812809,0.7268049204260448,1.0117602593874755,1
0.050879270497669465,0.3397962320741519,2.3198116668371336,0.5519964126085277,1.5473501510058028,0.5445268211342298,0.6857724389436606,-0.6765146367293375,-1.8948268306637341,0.07817775604659978,-0.19320651172670236,-1.708831450084153,0.1530055897736961,-0.07010970160231392,0.2680447052167315,-0.9371566673311886,-0.9946223426850462,1.2974848566821826,-0.8049464582803236,0.10466291177277055,1.860859344784887,0.7467813140498692,-0.5841449237032545,-1.8205227868169838,-1.0506095078198674,-0.31440084271434926,-0.11286592053025457,1.0840803566074966,-1.529714559237357,-0.22075158087838767,-1.268734681001308,0.9275884554583217,-1.1357063372650344,1.5204824400320591,0.6145206728857724,0.9593455421821686,-0.9167895562034339,-2.4721573607401046,1.0869879280162356,0.2282970779628852,1.6272976355238198,0.45805316190155637,1.7169814439351492,-0.2549758994967593,-0.933029954099431,0.8866747151615177,-0.8941515761414783,-1.6278053943406487,-0.6009273529706749,1.255280825133827,0.9634813730895404,-0.3748209957354235,0.03940841664082288,1.001496191193022,0.6848706166172653,-1.1143863038299004,0.23168155140251295,-0.0728814841058282,1.1614393950303383,1.1373428795650453,0.5696170842019297,1.7298075472084076,1.0228095686822454,0.8456605396044042,-0.9825274968535799,0.998796612584127,0.5904493240341763,0.9364490337550294,-1.1094470860072707,-1.0715314797022704,-1.4826563382279692,1
-0.6363889818299598,1.7929501881775576,0.8140552028065986,1.4270176902693303,-0.48570407205672267,-0.9424825154419157,-0.2979961322801969,-1.413875558269045,1.6177917999643543,-0.686746226854212,-1.9894395997319314,-0.04512419188800401,-1.2862769013842144,-1.6421686256032666,0.14752009900707833,-0.04679524623509263,-0.18093219705155247,0.05183585826068936,-0.750625219284537,-1.3233475920368802,0.6656312433612005,0.33703007343724267,1.4789515491307523,-0.7427729965687949,-1.4602742032346676,0.0712622100619222,0.3482171686774753,-0.20206286698788267,1.1381189328710217,1.8351980262650602,0.8290034572625162,0.17059561555256433,-0.04425873719647492,1.2269534950643974,0.9371601080070314,2.3371497826215992,0.5030510414058783,0.008108281085045455,0.39073001866057955,-0.10956920130354351,-1.235991941371062,-0.5318667259290635,-0.3873484805223915,-0.729635096896369,-0.728452253503607,-0.37475205579762844,-0.34775384967075285,0.3829788370253947,-1.9275689728138679,-0.014480042566575913,0.029787258329582657,-2.357981561421882,0.3251758306887853,1.6037006683114159,-0.316291360432655,0.4187189112596411,-1.2157827690489222,1.8171577846068077,0.5127730389968471,-1.244742224684304,-0.11132011292212614,-0.6284362519408578,-0.5090059874482271,-0.5868840893003942,-0.18286998229888526,1.004420989526334,0.48003238076605903,0.40264929658238485,-0.33799252609011066,-0.9362545598482499,1.5440764085271903,1
0.04305983535751186,-0.33489678522819105,-0.02078883533311122,-0.6137603860732792,-2.775727254529552,0.8836157981595877,-0.29949536873923016,-0.6987130343974876,-1.4995711025554306,-0.3441009780362227,-0.7221835502246728,1.43351424866858,-0.4532920104033766,-0.11083784645183543,-0.2484549808190394,0.19266160551248984,0.22032297232029802,-0.005925954132177921,1.2027747755868368,-0.26519318236330675,-2.5486145037247363,-0.4754629740496046,-0.7594751348712206,-0.0064502806662953705,-2.038828983988276,0.01627293994451273,-0.2438610494730924,0.9502256751254773,-0.09466731571297411,-0.17429976598019847,-0.9284681832165759,-0.33015153963243504,-1.4720356707011133,-0.033012554279804235,1.6086926185253378,1.8062482138677465,0.9963097297132406,-1.2666070375969918,-1.8711359125980873,0.27078221423814175,-0.29547927194999407,0.40280743271402253,0.3543627289039646,-0.760453128100439,0.15723576163020334,-0.8058269102389285,-0.23093404703637013,-0.9879996060738151,0.012239976238885703,-1.6432689100826834,-0.7375439768732487,0.6805634198798263,0.11148337580510982,-1.2917984504158009,0.7806116727986507,-0.3669398450052187,-0.5767447617296186,-1.1297214575491532,0.047485788760115784,-1.8923065364740292,-0.8208281100611142,-0.5869882367908291,-0.607536010409856,1.6648336151679508,0.42848224423365594,0.033486641990370394,-0.24107486075389412,0.16921501736531552,-0.9699709894974814,-0.4515960362992084,-0.11688250438607485,1
0.2674351148285193,0.4125872299731476,0.18944980440028064,0.37368642159691623,0.38878508370156967,1.7606733652302644,0.6861237859179231,-1.0018890626037003,-0.2454468612256493,0.42445398572636295,1.074006565204869,0.18768486804667026,1.4152521445648851,-0.28356188276164646,-0.6871878450699391,1.2260684972418352,-0.9937163378270597,-0.8527678799152751,-0.5629972536249364,0.6802895378571434,1.865178829912831,-0.41611780939751236,-1.4388730059527508,-0.5884022518525797,0.23402259255722016,-1.1784045558472975,-1.0705450871002127,0.2898125389420976,-0.6820426102473395,1.295937241453269,-1.5735904984043667,-0.45157566781555347,-0.5175133859017526,0.27421705474369634,0.2274142632965246,0.11026706827806226,0.3929056605327212,-0.5931275800942674,0.0067150347293524525,0.49434809072652425,-0.5629983918123973,-0.47164185086331983,0.03148424432812546,-0.0610080751064611,1.6922821280742253,0.5191462440057393,-1.485207418010564,0.47134578983809494,-0.0868194258404829,0.6537466549384868,-1.7773063374647582,0.7487761834653096,-1.4167371212975597,-0.18276204242314467,-0.6008518464964068,0.18574005482576975,-1.4182421274292403,-0.31175776491069385,1.6680869017775786,-0.3436734681000949,-0.17142867339948528,0.34015536971537647,-1.1924251989868748,-0.23338627836878556,-2.010115594390327,-0.29307228045006667,-1.2923319517442828,1.0757084776698278,-0.08160192455127642,0.3002441271948185,-0.4697525436235274,1
0.33027221368219517,0.20876002899658316,0.9698351559445577,0.589835720904275,-0.11960513447799685,-0.9056144329292847,-0.8968926115789082,-0.44722984674987143,-1.0879042199072084,-0.2753906712466077,-3.011139286332987,-0.8778293503597376,-0.3416659769206996,-0.056999848354650946,-0.8595464755500598,-0.8623898697088501,-0.8473557203311061,-1.936910122695193,-0.7344446421639271,-1.8938338073533114,0.9238999190947218,-1.0747884511549053,0.4349693435102241,-1.283212061658895,-0.5390846735359441,-0.011207468873507782,1.090090991895439,0.7957237044053208,1.663854597831894,-0.4002038638697258,-0.9712041006995181,-1.4093102524533032,0.5615280628784013,-0.12922133832788618,-0.33893105056547,-0.9437443995853948,0.26611323148679983,-0.39452130057906,0.5427757852623342,-1.9561010155716736,1.2603903796574898,-0.5083845901417676,-3.1163934504437205,0.7570920730372904,0.5844967993971673,0.22645699560517354,0.34393907089461195,-0.08901393492394345,-0.19065999410549228,-0.4435169475548657,-0.44755236413539645,-1.5281181635746426,0.8237523914493634,-0.6058939231122527,0.12019018477441781,-0.4719855499550018,-0.855736110387722,0.07705667548689592,0.5864548250635332,-0.0907502658516166,-0.45237983149042804,-0.40481164425313515,0.031915182645989956,-0.7482041090670708,1.0429641006311414,1.4517113292403026,-1.8454056923347826,0.6739054674564756,-0.14767687882596345,-1.159167405881855,2.286813766522114,0
-0.2853336260138273,0.011227052653777683,-0.5402467006416333,-1.0841498050333225,-1.6530098449575372,-0.4955198551909535,-1.2069522279988993,-0.3910882615224926,1.1051807620784964,-1.05989554091003,-0.7696735150107108,-0.2035550774852249,1.259680636403693,-0.16468877414222843,-1.307125387139429,0.6432501968674618,2.1965838571390446,-0.23764983930429098,-0.29913774126895276,-0.6654511209681243,-0.6391030136700412,0.06854136832049541,0.1537069738817682,-0.2910103314961856,1.3724602111099302,-0.7696221357551926,1.24579451794408,-1.2452807558762815,0.5049733495795143,0.6309632135591812,0.9557278161296704,-0.5275933253423436,-1.523653631489806,-0.7491718892534918,-1.191842213181447,0.3027992213188953,-0.525195683319723,1.298772302961201,-0.8602587310569166,2.0925417413063077,-0.6942740823094649,0.8530670109402153,-1.6541714904032643,-1.3143944205785338,-0.05388020485075985,-0.17888977142795912,-0.1392403891992818,-0.27032592450569126,-1.1729103783651205,0.2061941135498832,-0.2917894463382115,-0.3540372405294204,2.613331461790512,-0.4034143777695287,-0.015770785600052854,-0.08319941889048542,-0.18613543270709,0.6720157008842593,0.3876156022544425,-1.7627242254409716,0.16148469091381332,-0.6621220974309395,0.8658096951795426,0.883344058044319,-1.074912296366577,-0.13725902541117738,0.01450545763446819,0.2628341228409548,0.21280413669900486,0.8534133526131864,-0.13440069290006634,1
1.3471699156417691,0.44889466141030376,0.8991682678050714,0.2539269730528545,0.9520095758511593,-1.4346131822541441,1.2224388000446373,1.242335851465544,-0.33674744760219477,0.15882084001801441,-0.14164085450280545,-0.12299384858386347,-0.12695112601115344,-1.1578582117475404,1.0756400403722246,0.3638023736164774,-0.3732424754969223,-1.2247196008023566,0.28705703112919717,-0.49233907728513937,-0.394204488422496,0.7736389184522483,-0.5252591331685774,-1.0205379441508569,0.46641501211395253,-0.3227897039253435,-0.2550022214289253,0.8617478527840091,0.17351267428240408,-0.43826661375884435,0.0795577037488535,-0.12479857130604542,-0.3728032044039747,-1.4554739550247497,0.16047621698090125,-0.21215298893306925,-1.2614517110165238,-1.1321784033782956,0.8503397414218636,-1.1611051319123245,1.305983723647036,-0.6891837616986577,-1.1262525301698874,1.1181239318557008,1.1586696735902127,0.2790790371360418,1.086142434715848,-0.6120192146372312,0.1760587392688704,1.1442707333438593,0.4807485994210945,-0.9339260706990252,-1.0059320815112105,2.5523263777639764,-0.8503192344643229,-1.9816804598759639,0.2548937309408198,-0.3106281458481598,-1.128749092892337,0.4512514606296232,-0.743033162308087,-0.39563885726357106,1.1580171197317175,-0.6585663294625088,0.04403707145734494,0.5098352666482471,-1.9418959123494115,0.7955202649443054,-1.8028596461146031,-0.7392543127445017,1.4889593746828316,1
1.5481706577704835,-0.9908626550269269,0.486746525816498,-0.9890280419162689,-0.1839871106174038,-1.2888257110459758,-1.3274462441359574,-1.479758962640005,-0.5008165635686062,-0.5717555758706859,-0.1742562670804363,0.3135066223134369,0.5688849041692071,-0.062057162985626475,-0.558322939943391,0.32685211033047556,0.672829017186401,0.6955126297702681,2.1804310405746667,-0.09646114627853204,-1.6547266020673579,-0.8506901688860047,0.26007900722420174,-0.6591724203959912,0.4337030620024567,-1.1176496104723876,1.2700100894067634,-2.92857434927355,0.22286669133828427,1.4715321852687175,-0.6704633142991976,0.9605284497865502,1.0003027683829984,-1.3906280882345472,0.44811556429406274,-0.011856365850071672,-0.2722173083404614,-0.25210935330116563,-0.28942395965023465,-0.01581960912568787,1.0273570049234508,0.11241329444048907,0.5559434092709241,-0.36388608597842503,0.42831340530380274,1.9886960293861764,1.4471759292160893,-1.5248430861811937,-0.43529610684853326,0.278060117405008,0.20088272975879126,-0.28282063971224664,1.072219665730373,0.08319127078126547,0.8013791322640984,1.0018909416791544,0.13144194174271606,-1.8478986784522065,0.09039776539566097,0.03638516925151149,0.43987585022306,0.125495086015681,0.6301487674472119,0.6004311470883698,-1.7696184996177065,-0.251140341957533,1.0652153072329134,1.6962900832929746,0.29271877383092915,1.6819870205644174,0.07701181943189037,1
1.1229515602976254,0.29771152805147616,2.0491598872882486,-1.3783617242163162,-0.9913062583394073,1.499554762170983,-0.3835120441699225,0.4740906749668594,-1.091213178685193,-0.8994305566412543,0.519057208409123,-0.04003177464226145,0.25064909916292494,-0.054205154367702964,-0.7918310970357982,1.0488338675440325,-1.6467410733344359,0.6218359140016166,-0.8918851770726753,0.4999730385719533,2.4281817235145553,-1.4614180305213889,0.6318317992527432,-0.5608318154373788,1.2173925465935385,0.5011072500481613,0.9288450069221446,0.6640941969627012,-1.1159123869028484,2.283737811455326,-1.051792543557941,-0.6067968688732983,-1.0258574282669906,0.7139462790673162,-0.027219146874976723,1.250220572851807,-0.24806385423354918,-0.7655622197444468,0.14104252753359686,0.7070565669899505,-0.9511772132151773,-1.9081399874445009,-0.8046438631738608,0.2390701499466988,1.093951890780579,-1.2402834924005586,-1.6305872751701376,-1.3666262181298925,1.0930131169107473,1.273335384524826,-0.3504179613940791,1.78798230159417,-0.884102508310505,-1.2415649714306263,1.511385429199656,-2.5706537731220966,-1.8133487300762552,1.2310841294169927,0.729512727671864,-0.8430625136391464,-0.6892204577093193,-0.795185828342553,-1.8446324419363782,-0.2407320140739262,-1.2875923723455882,-0.37027012690046995,-0.7126675739849355,-0.15966584347417376,-0.4704333186578967,-0.6208300627398918,-1.049949626120024,1
2.151320786922122,0.8653185054318868,-0.25878237340735255,-0.8554065778470591,-0.7853938714664005,-0.739233181238786,-0.7442931546637623,0.12813972258524878,0.6447269613585934,-0.6261567361942812,0.17604346722463837,0.018486316416852118,-0.6337494360396169,1.189466916088423,-0.6886267537757479,-0.04839454695094316,-0.2935139470739582,0.4300320833226714,-0.3534058198003794,0.5675458235096206,-1.5259251228349817,-0.8272632657901609,0.265588440690244,-1.2430731240770925,0.09255225842971053,0.4764832628334271,-0.13730879280617367,-0.3824843754725428,0.35285138733865345,-0.41995888853521207,-0.36204986974563214,1.0089153901740522,0.6401542770352714,1.0776898837978386,0.8447298727296924,-0.5347136285148333,-0.7151051800041743,-0.16072768964534595,1.0085493171728952,0.8333586371215284,-0.11179480765278513,1.0149628568219133,-0.7941827705656107,-1.321813740867179,0.022738639913770873,-0.11130461325288529,-1.0914633305657648,0.0144075520230588,0.7407965517347983,1.713038363515112,-1.0696815387500354,0.8456969912371075,1.3681427156771344,-1.0535150863489755,1.2462896867474187,-2.289241705488303,0.9316610096201794,0.22902200173813578,-0.8131803941462068,-1.5444795254417905,0.5410375700734228,-1.3548604151611394,-0.636374702318191,-1.3283064772193114,-0.03967566227725016,-1.3518520758729824,0.4297185930396892,-0.939965128537292,0.6688935649854042,-1.1794483024726046,0.6890729136570568,0
0.2796335805717851,0.3094973448027666,0.5896197909556604,1.6381972279781993,-0.5116361856385075,-0.5869376433508693,-0.6090172702239759,0.42506185171447747,-0.390765965767107,-0.46545147426646694,-0.7002978540990842,-1.176242485841906,-1.340919462211217,1.9537636011882717,0.742128190072232,1.5421320038379858,0.8719071321702504,-0.7223022216967088,-0.8806915403444023,-0.6186514468962098,1.2161417495500273,-0.17048553277243636,-0.1509323045546676,1.9877762897625573,-0.5897313605437199,0.6417693134156981,1.6060520761089363,0.3835948341454923,0.7988428974067942,-1.0219402464167202,0.7283979144712338,-1.395415029482394,-0.33612426926828354,-0.1661740079858136,-0.7327074879982094,-0.27299804944483946,1.9437974717090107,0.7182629818533919,1.5011564565573958,-0.19373327089466455,-0.16086712268009323,-0.6177991108460471,-0.5862929781340591,1.786010090013568,-0.7485055857086631,-0.6653563324108299,1.2841230659825835,-1.1505201559707707,0.8087459208658841,-0.4720899540594344,0.8574189610913783,-2.1814892066621177,-2.2947869872645517,1.2774298506364148,-0.5116176038229274,0.23339658632766713,-1.9242212660360585,1.5574945484263527,-1.3853554396440906,1.1493865739057219,-0.26243967893946263,0.5883298172995187,1.5328258928571403,-0.3806129798676571,2.321616404252001,0.3411173747325432,-1.8696073798762571,-0.9843568411408135,0.033390006494583076,-0.8151461455483198,1.137294651125615,0
0.7534484017687503,0.4562508919586939,0.800926451240778,0.13078503903500643,-0.0006580594329575483,-0.02583901716580676,0.09791338290050991,0.7524682421630331,1.9637787495825958,1.6553746878495714,-1.4802293531470112,-0.4054619886627103,0.6385294395557348,-0.4268213208176055,0.5308078536553735,-0.47512709182967416,1.1954733595620117,-0.4237802884208143,-0.37597727569193506,1.2967807946640069,0.16512647517188028,-1.6140892979737052,0.9038209702444973,-0.37132090839556386,-1.2541352549697111,0.6482833329933922,0.07483820341092016,0.049728189370111676,2.457175644555269,1.6542151071556606,-1.2443397991731082,1.1577732539101635,0.2521326073527003,0.3856584202043764,0.0025983366139732335,-1.0797049717228249,-1.5990593929643715,-0.7499608173679232,0.06319905350000354,-1.0015824927814228,-1.6060731311721184,0.380131796544773,1.0115482171185364,0.27689641281703786,1.5836098283235216,1.3418325894565926,1.0422143006749176,-1.424206372494787,-1.140887065333422,0.31149151161421773,0.1040593691247934,-0.2598616506715747,-0.2762839508213082,1.606230078170013,1.7378454668943037,0.39497971265510984,0.09340578673568337,-0.07457255108381644,0.4006740335503254,0.9458848695155424,0.2687317492044427,-1.863249584464385,-0.9875535931498693,0.5554991070617668,0.7323523058839914,0.15916844640362698,-0.5175529843921852,-0.1257692360657408,1.0994920032484503,-1.0848764582649275,-0.5766625108705509,0
0.5748340096891755,-2.4119972167650303,-1.1790790243845704,-1.8942137327852284,0.5150390267828058,-0.2745753406217332,0.9212860566231923,-1.5525266716356543,-1.3869604858059783,-0.2748454302003228,0.7437931125464164,-0.4999876691724633,0.9681422383545132,0.035352288076999513,-1.1689302701725603,0.09441870594355285,0.5959835568099829,-1.8468797822803236,1.3943441077718268,0.11267917018429255,-1.335134234289539,-0.5414423982697225,0.015613788026400626,1.2395134427586816,-1.195977836224282,0.0843747091455291,0.9309342891170428,-0.27150596448991754,0.2776948834525941,-0.7117370998775241,-1.4951229633093364,-1.2958588224813328,0.16366943031275713,-0.874386219239485,-1.2275353606499657,0.41392959878957897,-1.837519648064486,0.0427635107394635,0.3096617751516136,0.335285472184175,-0.5072436665370947,-1.2877179914515076,0.9734259859256221,0.3840641832501201,0.15006270607539193,-0.8297976963718287,1.85095794794427,-1.015312994104696,1.7897759606047376,1.0274232486491794,-0.09293703241785568,0.10246497724077439,-0.18593663689544693,-1.6645740462459675,-0.3648644702222436,-0.655925038777557,1.2001754032940302,-1.4386241787778673,0.25877756747874847,2.2211501643545115,0.40178626760260766,1.7140502287381503,-1.0786917708749504,-1.094515835886172,-0.7596338511043749,0.5228300406333432,1.0576295242487455,1.1130755377206687,0.48369467014357326,-0.42130595871425525,0.3584851365212913,1
0.26484696448690304,0.48865940851571665,-0.5699579041649783,0.20344560903899434,0.06027305282457009,-0.17593496216691468,-0.6593131887164608,0.650888765276618,-0.6306076128433006,0.93297942086177,-0.37397268400597383,0.8348713043904187,-0.3284768211738649,0.654141256041823,-0.9401626590117432,0.10312325947896174,-0.8361301127593675,0.008521427916209958,-0.07560490908900787,-0.014520894931316896,1.018052032905971,-0.5654592025869623,-1.1312893862109104,1.3119181373427242,-0.8640849268492716,0.3654828953171857,0.666120016793835,-0.9892847645317085,0.009073580721703533,0.4551572129183916,0.4200180481517256,-0.5341240505496542,1.6171209862375628,1.1962947354833915,0.662815530199971,-0.590782322510601,0.2821288542267527,-0.7348883299409184,0.4744960577431772,0.7567955753426023,0.1602290466965591,-1.6836615185781072,-0.45280419169619374,0.0920077365891449,0.09814898914851951,-0.12982755391163428,-0.49262415295621065,0.6419781984122278,-1.0324538414822493,-0.3062906564959841,1.157454223540469,0.2803320999246598,-0.2459635546891479,-0.4139848178849552,-1.1932431960710035,1.1352243851120718,-1.1058127785265701,-0.5062643221396259,-0.37198751167765276,0.31301209480093,1.7613368254220834,0.9956118137367048,0.7780146199708408,0.03280055639070473,-0.4388254034233754,-1.0641405388401257,0.07253077542464387,0.6039503699352837,-0.1869729986566164,0.7092674877233229,0.9208114139897798,0
1.006520821926223,-0.4983205318842175,0.46374256185128704,-2.095764798672642,-1.3768321840079154,-0.18911376140047956,0.45357155616046957,0.49030874342453423,-0.7240890170674202,0.006077545850625833,1.4877121341002542,-2.01305390263577,0.037530913113498675,-1.111970261580434,1.6204206709505875,1.8144934113393174,-0.9848196646458427,0.8273569596612307,-0.02488729486814451,1.1522929556059875,0.6401308559703796,-0.04293655996447155,-2.1832730473733046,0.43934365648263257,-0.5908915193074521,-0.6951159780804061,0.7059691388942936,-0.9807023565752976,0.4669786227580983,1.632005103613497,-2.2988888541327026,-0.5091218658192903,0.26669767267486405,2.627264434827992,0.4036652520615777,-0.5136902692302998,-1.1254053089197689,-0.7656345942539985,0.400168988577272,0.2956840870616752,-0.9129159124403818,-0.9144234835970447,-0.9261259216360979,-0.8604213384078744,1.0982937820926189,-1.81438805463921,-0.9915698284088601,0.07235799739812732,-0.40392330188888265,1.864277254223957,-1.0608546036892677,1.071261244238423,0.270305053498273,-0.6635475699520421,-1.2226587844494123,-0.3827152067572334,-0.07130661891407336,1.1610633295327975,0.6611377956894902,-0.6696272019813205,-2.5046908151919616,-1.3175956989146675,-1.0368318299665369,-1.2551271998793925,-0.7848608309317929,-0.9972694511770267,0.6329884653210883,0.6192400975834436,0.4151339628708823,-0.7924713389529383,1.209099125434586,1
0.6108126231555127,1.0153733316982176,-0.19616825729786547,0.8884822008920077,1.322016411655667,1.0681233457297985,-0.15905515475286125,-0.045078344129388014,0.1076995786895568,0.9905880588965026,-1.0920558485762681,-0.7670092059953958,-1.1033286551405996,-0.34545591524851976,0.6034460474060059,0.8334771865564217,1.1467104354117865,0.9350518324776722,-1.5272366090206837,-0.5508439943173112,-0.5571885425988637,0.44669253400465025,1.5221473666115026,-0.6238969358314607,0.08622313872356639,1.50777970054982,-0.5228217439495313,-1.298754725268875,1.0988151977759686,1.5651173740648239,-0.020993068289999414,1.911871382958689,0.34998946709223194,-0.6760194869878098,-1.4699769400068252,0.5985387060488387,0.2881173173636353,-0.8155256757381072,0.027387964438649732,-1.460299422643606,-0.7591500114575119,0.42782035863681706,-0.020167572314124485,-1.5609071271989445,-0.701406956253611,0.21933058638095063,-0.7829942862212774,-0.32063314044988356,0.481831018406773,-0.882618381175997,2.021269210285269,0.8141819687713395,-0.36340828667118025,0.26641170100043543,-0.38749046903213963,0.2401259893342788,-1.3162319176702355,0.23988906103134297,1.8384623021375965,-0.49144979255365717,-1.048107548585493,1.7079278930387223,-0.31702093058696557,-1.2078952627817305,0.2367959517039639,-0.3075625333139715,-1.019632465889063,0.49908427028649155,1.940707488627458,1.421220172018791,0.038582062688017185,0
-1.761613955753468,-0.07195242614075059,-0.509540824702152,-0.3814760352813079,-1.6628933564299513,0.18753625041781596,1.1597760962125976,0.9590355108842847,0.9100678342071665,2.224344545135316,-0.5337233421266543,1.4584140820032978,-0.03988133096658124,0.9191143453607473,0.24096136329728446,0.17554183926525574,0.752965645699007,-1.2235169148742504,1.7999785424743966,0.9982439323161768,-1.333995891847061,-0.9512066004839961,1.3273072845518186,-0.1906078876674215,-2.8678753060319897,-1.278784243092722,0.5076720887491939,0.7236230327596656,1.3543211479124413,1.1942069732464073,1.154835799961413,0.13147128450829124,0.5906864559107086,0.47470389511689987,1.8622131260760597,0.842063221683225,1.2165964431924738,0.6242959949313382,0.4361880736043123,-0.4421130497960607,0.4331082830514452,-3.804757737742447,0.7205037283267619,-0.43681360328580665,-0.6919892552883984,0.08896986381321674,2.4190589818100636,-1.210335559716445,-1.632196605479598,-1.3299772224081883,1.0685060434043179,-1.2042836443444775,-1.1423808751584077,-1.0700429017594344,0.01581825169169001,1.8467513127300828,-1.3243881851805834,0.7096830835975673,-1.293667806127713,0.11615426185749235,-0.39893554167891987,-0.21883027074052377,-1.0054047406055722,0.5926633722798678,0.37367878635073887,-0.2520932364270996,1.040030772437583,0.22962392004998222,1.8723033997763967,1.1428858160262252,-0.2684410588033415,1
-1.1314077963379396,-1.1342012547495999,0.5811049074043536,-0.4507809406003562,-0.06283023025543025,-0.2689126571728228,-1.438279333004033,0.5063727512377273,-0.4916783582445419,-0.8430317142657039,-0.3015863010673487,0.7989581713692719,-0.35881513586899655,-1.457144041720797,0.2007282597514009,1.3005780501221145,2.0508621480575013,0.3339163592853333,-0.35732749527830393,0.9269400523745441,-0.7821081378552351,1.9416740381800297,0.04521940491207024,-1.5006075986598126,1.8025129722332434,0.14500054217947736,1.0677489216239098,0.4570908406565168,0.03528357962047509,-0.6998196638282108,1.2140990939609495,-0.30934571630989693,0.057698887351741814,0.10242030510799463,-1.3907930233958066,0.4854653054920459,0.0337981486905537,0.9849266016442075,0.1299351480124843,1.1381464009267666,1.8387799218763223,-0.8742339023000931,-0.5177755956920129,-0.016985546189719904,-1.6864560253666754,-0.4907357674493612,1.4320062170262826,-0.5064737263405621,0.37565805761846766,-0.554099522567601,-0.6968354096646355,-0.15011226044222353,0.27006048250627784,-0.41408747859790745,2.2550533836735283,-0.08056943737191202,-0.8402556024458496,-1.2554684063703465,0.9234832142846741,-0.13054528265932555,-1.1622330531962852,0.5763859095329592,2.2437071217614966,0.05727943936771875,0.6289830113964503,2.0026992073008087,-0.7168904887243692,-0.4264081185335384,0.038206618249629315,1.475390772778522,0.6885253066565793,1
0.16887035616970186,1.7689434309195728,1.2626690239216145,-1.3943983140144138,0.2561171287589784,0.3704271421042336,0.4027941145339063,2.1182564296332487,0.9263926542945987,3.2304750192316654,-1.9108907320280255,-0.14792937667524012,-1.8153739651331458,0.29404307853321654,0.0696993704129343,-0.42155737020253,2.493689273049192,0.40493058716350294,0.9490170327872887,1.2388988577116515,-0.11302222767620351,0.2590859432080253,-0.6292056042174352,-0.7344942244758996,-0.22311623324674532,1.2381354999867789,-0.5204313186185057,1.6852396317894196,0.2660712922301778,1.671523625013445,-0.7171849197945723,1.1221293356823845,0.3909234089217396,2.0720638509111304,1.6661969077852805,1.0174309198788993,-1.2142653599320006,-0.08651997347341032,-0.024932232940071502,0.7039479419621,-0.8667135913532417,-0.2954535032032991,2.209791520852764,0.3291862740243269,0.5420698617522316,0.7011761493483014,0.9934570688613283,0.18527558279549874,-0.48206838801931345,0.1274738970641674,-0.4106889096445468,0.58653475146006,-0.1533779388879099,0.7264316525667317,-1.313422812956241,0.38199793567774837,0.6032662552484013,-0.8484885226391948,2.1297343299859572,1.37234514242945,0.9301825354673784,-1.6515063861018466,-0.5194504511910095,0.48334787874789836,1.1819479193711206,-1.8981258543862176,1.3881380853348966,-0.5487672908760134,0.8747178306315145,-0.9338161980576568,-0.8006087045706366,0
0.12236623411377502,1.3684334444061037,0.9925204452124755,1.5627150231397349,2.0571702021644804,0.8268337478661042,-0.730774954455341,-1.373016609654379,0.013845569227695139,-0.532089682839714,-2.115448402576162,-0.19551062650773554,-0.4799848287983772,-0.805799411087906,-0.5434502157965108,-1.1242367720758433,0.588220374171754,0.32935202519864915,0.932718785632299,0.7143028259419115,1.1418397999852534,-0.7532510988980399,0.6023504318249505,-1.0614439209194744,-0.16599348446769718,0.7290657154788749,-0.05793422562851333,-0.19276995359650373,1.7848636773420976,0.21040010442770848,-1.0719713837034213,1.2773917683308316,-0.9480513564876912,-2.223998965951817,-0.3459541350172555,-0.2713079932419629,1.336076821265227,-1.4581475711793666,-0.4486667468323885,-1.1657114825891808,-0.7286743779134776,1.1090631036047085,0.6607428846735549,-0.5891242712715958,-0.9210908136093431,1.0450857643094156,0.11771146631938,1.2718103363322275,0.5320156395878839,0.9939844898398388,1.0106025708268225,-0.024763097938441413,0.30949280143733204,0.7818038195828895,-0.2123006696341216,-0.3127773091567319,-0.3309738005657793,0.20869228501710266,1.3078612636459408,0.9195096020034661,-1.0879561115123701,-0.6280754231342509,-1.7687828075676717,-1.6650202213646388,-0.06072982350623538,1.5511330293481844,1.4967733648501418,0.40038667818429163,1.0045636396394249,-1.7964546645730828,0.30761598950228686,0
0.9204739599031173,0.7989367290269281,-3.0748516976351468,0.5257328187736493,0.27145768290416444,-1.3060345345828663,0.01484060565463599,-0.6164709290364784,0.5806765134659176,-0.2805036556595388,-0.5768333124636699,1.4424659821489243,0.03507298664913656,-0.8556494131555666,-0.8601448228042018,-0.13348002852519897,2.419059566403878,-0.512647989298764,-2.617589837829931,-1.2261507192375618,-0.3356050395209914,0.1933978901442051,-1.058191724449588,1.8146177592556076,1.6900406126631502,1.6639900562199574,-1.0938062760708605,0.570681211389537,0.07552345468407015,-0.1495582373933515,0.5609788497070581,-0.37292917073795745,1.8350385082420375,0.6532921466627405,-1.1711866411003167,-1.3265299228317406,1.5421397636988277,0.3763431067802702,-0.8215893791778773,0.041161314776222854,-0.9964120370993855,-0.4821458268713693,0.4271783191495173,-0.4434607115531739,-1.8315030642722894,-2.0452137943107,-0.49139992807991334,2.043202182925311,1.3105853395266982,-0.21645146281245942,0.424445158275931,-0.6374497510375768,1.1699776488442513,-0.5538554143661031,0.3037064368493806,-0.20496050576732186,1.3541767967915503,0.16710831651816221,-1.1226451128000192,-0.23727653463697915,-0.5648804934152449,0.6618763719288465,-0.8448721775728593,0.7525919401629655,-0.018728390715716366,-1.1608924817850779,-0.40112305300270973,-1.05239638111987,1.1640135508508809,-0.6576202186924471,-0.2827790245096059,0
0.39384122457249504,-0.33062285665382896,-0.8157040138823125,0.2562453436539629,0.2899443159850223,1.4541791019348933,0.5446695011014532,-2.4706294560008857,-0.682541277843759,-1.75787900672132,0.4636875802015502,-1.7684488648516687,0.43241288356087215,0.14852678752699863,0.16159758230600552,0.961655684253411,-0.3779492026617161,0.487490160242002,0.21601635608657233,-0.20151536036343637,0.11209643819845778,-0.31125522952456314,0.6673628029928886,-0.1779153861581778,0.2268546943568453,-0.5491684010417435,-0.19426498139038856,-0.3228503192901248,-1.0146470117510078,-0.5186169984414887,-0.14036602957131156,1.1580749858107957,1.26309787606557,1.251439960476647,0.800592571300872,0.37476837153564524,0.8053635964780403,-0.8955135520034397,-0.8271206486248256,-0.9657650451597716,-0.24985597946041163,-1.0050692146181484,0.5660295512785942,-0.11270388112298356,-1.1399714171457789,-0.49699245273767095,0.2746884086059742,0.056420808867814747,0.6614547922671538,-0.495628187836683,0.3421470524081524,-0.6584829372875064,0.5680544966172747,0.007455040416137935,0.7657897573153083,-1.617617370917616,1.3463212570044518,-0.10036699846516953,0.25419032556747956,-0.7187496249732342,0.02346868009548214,0.8153501504834976,-1.113065486406124,1.2086664819016737,-1.7080974088742191,-0.7686981039090774,0.6073239231352736,1.6152140702963869,0.19603712760542988,0.6661284853878676,-2.0514493098075803,0
-0.08217322770171821,-0.34933648185469685,-1.1078958616295058,0.0867023679613288,-0.5240906859285308,-0.32757864897958705,0.2213168885941524,-1.5902185959778332,0.28276986197498677,-0.33059130112280466,0.2912281624266313,0.6937499986101123,0.31455407846712236,-1.0314733254504416,-1.8440670818057359,0.22507144604666354,-0.586587240392056,-0.3517234538874089,0.05223361787303845,-0.9909830096600692,-0.6544180447997597,-0.25590783719200066,-0.54509213742903,0.3551978635717089,-0.8838120869136836,-0.5968766624046736,-0.08423260118538949,0.13299783119432482,-0.1309051362905342,-1.9320913190594813,-0.08612917701410276,0.37927903858258244,1.311238587458533,-0.3634318831878986,0.02923462609279964,0.414894967692547,1.9626318911999272,0.3296295659701484,-0.04586448454580369,0.16804035945275103,0.5310131031202591,-0.3839275682998852,-0.02407571313317371,-0.7493678097990063,-1.2503711434964593,-0.5086891152497857,0.10168411202085921,1.3846150696251336,0.009777920689344495,-0.23148946930082345,0.2045523139246254,-0.34855850205830047,0.4502485983109272,0.22512695352743378,-1.5423605425307467,0.20664938431466315,2.0137455162295383,-0.96122827501905,0.4020161166613631,0.39466836821736456,0.5685584745769298,0.2553617626235217,0.38101171856998745,0.286307665653003,-0.7942121823793028,-1.337452567321444,0.05642008622414698,1.31766228431734,0.12786767333549875,2.043633705637379,-0.5117191791896232,0
0.7560760331240183,0.6293448324826546,-1.1002995422379427,0.15952995117096555,-1.5613742869691833,-0.3660382824929191,-1.2898290200142621,-0.11335530963839502,0.2455038469836243,-0.394452492372645,-0.4643941349703441,0.28742139516117365,-0.03374872375034311,0.13207300359609653,-1.0283165051048477,-1.2427496111244376,-0.686053246426565,-0.08535500639245447,1.2915347468977556,0.27991923985276046,-0.007527740408718067,-0.4586952871154212,1.198512741607009,-0.3071880864094314,-0.7593210432573798,0.8224569425474176,-0.7965755646105014,0.875015865697415,-0.6673241418699333,-1.3571791224130505,-0.7407649719302823,0.8399984156456869,0.21976245483051418,0.3705141060821005,1.3059463551551227,0.6505144051917573,-1.6291205558791944,-1.2923098748979895,2.239369694142189,0.9047956756729781,-0.21170131904667241,0.8332856260015225,0.2283061381404864,-3.391477647848765,0.6942512022786329,1.2295454564225452,-0.03348748968555332,1.3887843769298247,-0.7726414587268216,-1.07603109387772,-1.6333249993929988,-1.1552557707482767,-1.5047678222622685,-0.6723499843208984,-0.8574092587754303,-0.9920113255346696,0.21117437634055014,-2.062586226289437,-0.5436367350198833,-3.2745642729855695,-0.3886994464211466,-1.4462818664445127,-0.449080831626405,-0.45229790933579384,-0.005753475392693366,-0.2893552305135154,-0.22192505785586214,0.6178979638330594,-0.2008598148085029,1.4310934416920467,0.2836200123341055,0
0.5983528906568338,-0.9280387390889963,0.9856736070306229,0.40993548945038477,-0.9369968537860021,0.11448335538965627,-0.13432097711844695,-1.2824858230977498,-0.22961311001550577,-0.344268774263106,-0.059424569625559205,0.23466771129872252,-0.3439624994369638,-1.6952393641892338,0.13924992670368413,-0.9901702492081769,-0.9749545937186115,1.5235076462803863,-1.4089871195964316,-1.7020184831005822,1.3376375744865003,-0.734189557483029,0.9707381048723295,-0.6955606912017204,-0.7309363357358234,0.8488424357235308,0.10693278252499502,0.737075593887946,-0.5967804244573124,-0.648880052070091,-0.1539455087885791,0.8305208506962883,-0.5567849216863655,1.804005669196435,0.28402901559906546,-0.09217598405870195,0.1869721102887008,-0.0981094694984636,0.5470092080362384,0.6615838222303461,0.9205177061834862,0.5021631483135393,1.932096894662268,-0.5270499260200291,-2.5280910518396094,-0.2561712028827786,-0.06776028044430299,-0.6110797408230348,-1.5738537690714134,0.9992974535087096,-1.5240810853716145,0.20238794125724216,-0.6667890532102856,-0.7205477263891277,1.1620304791591496,-0.07945402702167449,1.137544971293222,-0.47666902144333884,-0.4070884685120664,-1.1763838408615126,1.401685782108832,-1.2902451836750826,-0.02823736032751145,1.0426254945308984,0.3360308450693373,0.8061749798251875,0.8543702039165486,-1.1943005663629904,-0.10861445537135818,1.309236446728848,2.0790955715977435,0
0.43346031758407827,-0.20362742808446505,-1.044770177844903,-1.8705867158171163,-0.06174500283290297,-1.5922038165576942,-0.14776864643946533,0.9286594365908399,-1.3833627707454688,0.2228318079539646,0.8559028838088216,2.688648692706911,0.1381766086607536,-0.639330451076706,1.826491882893847,0.5811275431304925,-1.238486725851828,0.004545846984215499,-0.9391821830829835,2.2370309643909043,-0.7630600687786989,-0.9621461511350975,-1.0898274566917834,1.3419504582964497,-0.031847452617991295,-0.195219322890399,0.1713936133073871,0.9871343609926521,1.2474062591817765,-0.41097789070130625,0.2730375000072194,-0.49835050333098674,1.1424638874684256,0.6603625042611352,-0.5433008745175314,0.32493412343051953,0.7325834382278923,-0.2725272547903257,0.3168056970111953,1.6696888097343783,-1.3649277592575007,-0.405287344441533,-1.189896195876618,-1.3352336555896382,-0.2874467280019734,0.7330051757290992,0.47021454149553676,2.0003271937082543,-0.7918767098722659,0.27619006059976037,0.28208922333489106,0.2418367282443473,-0.2543067828696823,-0.17471640066796337,-1.335980376321127,-0.5831388719279444,0.4318441703021065,-1.0168992503356051,0.31658211950552567,0.2942348625890571,0.38988905199857626,0.18687019600070248,1.0076790052818156,1.9326530489694498,-0.2328356020331359,-0.9284243962789412,0.14672613837429288,-2.2170058491649822,0.6941200670220591,2.050700337104644,1.6539941401642755,0
1.4640845061839285,0.42059199105390216,1.0759128959995992,-1.233045566056244,-0.2463282094911261,-0.961283355970677,0.9795746694469849,-0.30601248991158986,0.22825323216031235,-0.5294130680489977,-0.7454764748890895,1.877792082386009,-0.2008590179621083,-0.9340970405777487,-0.6356252871179584,1.9067758589465047,-1.2134000346981082,0.473780472858857,-0.5952242257753436,-1.0823241858333144,-0.5609026323861414,-0.9814679095040266,0.5221462244712547,0.8921649519817927,0.3021454605066099,0.6171829289007544,-1.0921228720246856,-0.5861736772892798,0.07813107576294068,0.17803136166448494,-0.4543747590995073,-0.11290352761625257,0.8504986915131025,-0.5724279248165677,1.1109125037514114,0.24893265811851628,0.013827395049656169,-1.6376675482374148,-3.0956203557704964,1.4984370628839037,-1.0453669716858867,0.8930680613845063,-1.1375097448596363,0.24077477257431606,2.527188258868354,-0.15371787827302189,-0.8384887089218858,-1.3105562210849908,0.7451620550798599,1.0018137161967602,-0.3038943123272509,2.081140558276673,0.88840586725991,-0.4935112712925573,-0.6484108984007215,1.1489134559070826,0.20250959635789573,0.1648389567592348,1.3066953505890693,-0.7065512550708596,-0.26509205041322964,-0.4549771653404977,-0.4377279724241462,0.9371742351097598,-0.9135608255458821,-0.17378507740103552,1.3163509387622963,0.050341412806793544,-1.5284587140070673,-0.8038219722931217,-1.1589674316678238,1
-0.8739883024802837,-1.3840895305970748,-1.2576929224951252,1.653550386003605,-0.36282881678737744,0.8863833443475697,1.0573320304640301,-1.0975918872076071,1.58641880867564,1.3353020688136632,-0.2597658459806582,1.0883776416139757,0.010207199111228459,-1.5135383439114518,0.3182129264756594,-1.0633873386859896,0.39545816958380503,0.23966326366050864,-0.12702113565312634,-0.2844546057101758,-0.47357836770313244,0.18272595599509397,-0.6246364164047733,-1.746612777686233,-0.5907064595841124,0.13197659343042303,0.10915015814741057,-0.7022363119600289,-0.6637196298776582,1.60638481042221,0.3733704564620307,0.010956171333264247,0.5012919492435712,-1.0789531307810916,0.966060546561817,1.8536320871262775,-0.48911227369760285,0.649592009860764,-0.14712458763112757,-0.8392930364972134,1.1202974437301056,-1.430713383678332,0.4034146027002621,0.3513096967234722,-1.5658379837123766,-0.6965225964266681,0.45628445855317146,0.6903748195907694,0.5706117245863014,-0.6548772442277094,-1.05397297965951,-1.104421887805878,0.4433569724110399,0.18454638342950067,-0.380326560232806,0.6437319622211463,0.1813633432629724,0.36909643971096456,-0.7858463568370464,-0.03275168370809555,1.1177778891737977,-0.5575825021442282,-1.4474076818077268,-0.26442213835582956,0.532753418234376,-0.9862642831571987,-0.9317013299854131,-0.6250047282498052,-0.3299316201479971,-0.687310726785557,0.7938121414476416,1
-0.3952343632622972,0.22278513308265235,-1.86059322943182,-0.17967948142216134,0.18805810360410977,-0.4932027930456396,-0.4004974423885743,-0.5941270027746518,0.6909568210648335,0.5017392611308454,0.13465629836622747,1.4830817127369134,1.2726878881416648,0.06896134475105342,-0.1667880408077008,0.12309519067940186,1.3443889322017328,0.4216985981339925,-1.096193244373695,-1.2084564178456625,-0.9112440243143749,0.4110882005790302,-0.9116930709140367,0.5666719492626489,-0.21730506873769947,-0.016978237442859166,-0.22955385104392134,-0.1421308899567919,1.1628909347806482,0.4113186887808836,-1.153119292219586,0.5673323056353591,2.525702316788546,0.02888099798199046,-0.07417496086401776,-0.464306724438105,0.9497452593517082,0.7014983305777018,-1.0047354502966928,0.015474054543864297,-1.476901931458257,-1.5612074152224562,-0.24586274391179333,-0.8320976765281526,-0.5078931928661756,1.1879728012270658,-0.6708205589871515,0.37745214186166065,-0.44755905429291337,0.03866718974473777,-0.3669200996471991,-0.8038497910433872,2.2465718567484387,0.23157915630076212,0.22883453579680035,1.4327542125369093,0.02193548050539901,0.5724619214370079,0.16995965340841035,0.29791626289121936,-0.066933880838789,0.5587966339162864,-1.6107898080323555,0.5730964689092476,-0.45795077175559423,1.0000539125933234,-0.19773859557039644,0.039609008632792736,1.7596074272631235,-0.4952728795463021,-0.7936563024774473,0
0.9412276708077203,1.2206362114410367,-0.761464780105233,-1.0099226493456868,-0.15085488539773206,0.6051446426205473,-0.7829512984092325,-1.0351603787129307,-1.263432706044075,-0.08355859747671983,0.23299597473233125,0.2715490562435899,-0.1975000062683427,-1.3480435428667474,0.2251867134176286,0.027031063093344947,1.395015915560883,0.7946744024075035,-0.05335927487008083,-2.110739684099338,0.17918235321276477,0.5048303535384682,0.10816522224891753,0.6783008984192699,0.5603563773849027,-0.6196481800609548,-0.9898405636940835,-0.7862932282416248,-0.7626732931067758,-1.4900675274528747,-1.145833476975499,-0.21566245327435715,-1.3592653002940167,1.2116245537852808,-2.0320938391721217,0.3357479576056628,-0.13568668300516917,1.2144215867381243,0.3014724227270601,1.7218820439405227,0.6449386498911657,0.7100321959351387,0.24874245876692352,0.806020943425637,-1.930957882549459,-1.0047682831606481,-0.5331378023315986,0.11338391203020468,0.3260368255273919,-0.21275143983124759,1.006475262839334,0.9081776656702589,0.13871699741181057,-0.13107519876079102,0.6878248096847612,-0.918157886872206,-0.4760358753408598,-0.36152970501279075,-0.5929915355965885,-1.1517018790078508,-0.8259764890871525,0.30368933588506714,0.9357095192594715,0.1768171871378434,-0.03321064353141416,-0.2744264423868222,-0.4373156003352304,0.5133047255643054,0.6207733456666948,0.6674981360273047,0.6315047095575494,1
1.1120508379340994,0.7450906918131464,0.2954700527342833,0.4419909297584548,1.0017228809768244,1.9306433339184685,0.15182531677188207,0.5566297194601029,-0.31824335270091086,-0.12538108952227042,-0.40952014314654744,0.9058154711891656,0.21829533364062276,0.21305916522641738,0.06291253089058309,-0.6511060123400854,1.4580614445747693,-0.3135275215493764,0.2380871756867172,-1.28134826502326,-0.47133020372309536,0.7211030239379616,0.7523744025928616,-1.0558190046189948,-1.7893264344579352,0.2097048678966136,-1.4891577495905666,-1.8831453593160579,0.31778776619401206,2.4107395656478072,0.34323995464574153,1.1673879069761004,1.38445034132715,-1.486021041422858,1.2930338321425234,-0.6969259665224952,1.009400273128087,-0.28163255498757145,-0.8109688346557312,-0.9801099769012604,1.0447826740672457,-0.013984468481221434,0.49391956603713344,0.18016742866511426,-0.819468031531168,-0.5689763729269646,-0.6983837547676691,1.5032124572506333,0.4051312286409554,-0.6941922755420804,1.0300066506872743,-0.9280006822269258,-0.11816720846341985,1.9204051146907177,0.003986908789677164,0.17043201692048976,0.3957529892310874,-0.44880555143566836,0.3521036641574263,-1.5059810157669453,-0.04865228490136123,0.17060611836749376,-0.1836486200745929,1.0584257888718276,-0.14357852072452124,0.6156796009199917,0.6280473694334319,1.0219810379682164,-0.7631917263043173,0.7113786563701363,0.08760059410828212,0
-1.1490365407124699,0.618721267790369,0.7043700980879757,1.7060883364890402,-0.10439836461759067,1.6248213644350566,0.46064441661954947,1.2015042484027596,1.056723416840313,0.41004778891596966,-2.5659656408995195,1.5168904340213372,0.17608614313721813,-0.21604220130233695,1.405691090084875,-0.27012262190068026,-0.4262891103278165,-0.1515621961662332,-0.24816394254735338,-0.23527195360779876,2.6990510971376933,0.20979864435824133,-0.1384151216325552,-2.137486378418955,1.6093899116069512,-0.896905728248274,0.4804940681529811,0.7258835764187714,-2.1132126554372443,0.20291597831975777,-2.2719407345586036,-1.5494216364127023,0.926991684576148,0.8522379946936942,-0.783695287122393,0.6051811113256217,2.748619682371433,0.47589278576225735,-0.24635997577786156,0.4002955477949445,1.8000942215826168,-0.3317542774744702,-1.0555508383018641,0.5136782385810903,-1.1133906803869118,-1.9621220303544877,-1.2590247367263363,2.5254472944085933,1.0256226040623428,-0.22572392509465727,-1.8307642602218286,0.25209960108495266,0.18451690935282825,-0.006433992179408846,0.782393731323017,-0.5630538612509425,-0.5267972252753341,2.166665122081002,0.014501151138388246,-0.5685324518589986,-0.6128653147372324,1.1494759084649846,-1.5121989583089,0.43344897005464517,-1.6883566602726046,-1.4961122709879289,-1.8748451920301443,-1.4827047658299846,1.4812740061343863,-1.726650329253489,-2.5334638043605398,1
-0.022479816009171615,2.014363639458133,-0.9792577770719594,1.2765356083340944,-0.368090095631455,1.5874784501737524,0.43692664520821717,-0.13766757006867963,-0.49801526804216206,-0.11906113352738151,1.476047602669259,0.2769123858920199,0.12903429969249064,-0.5853498178286946,0.1474560774399273,0.5737425255768721,0.32865420272623214,-0.07174687939306129,0.42217082253351085,0.5738642629114514,0.7118031774611178,0.8636441977746775,-2.3434116992764484,-0.8549940175869223,1.0224528666056372,1.2507109315549936,0.5417854702540468,0.5929583160553895,-0.9043198272017852,-0.10058569105398064,0.6386809537555519,0.19909712479180064,-0.26960798057749774,-0.10109922446220083,0.44912231985167533,-1.024880181237882,2.01553928761722,-0.12041680998925688,0.010740609396059751,0.87441859403473,1.1179982721527684,0.9054624209980219,-0.5305495506043068,-0.2816830256969097,-1.4091601964495395,-0.8112786177999972,-1.3005695716205754,1.9207563954799436,0.38369956506761876,-1.2594189852588829,-0.7120004289646894,0.48710972838638833,0.0007504523965666711,-0.29001079323260615,-0.17335895112728292,-0.3218031524484182,-0.14030376514738582,-0.052832211463694455,-0.7856971901959064,-0.7190237223531758,0.6081883307927808,-0.34694847589794064,-0.008305715606017169,0.38957685265456066,-0.382237054025288,-0.8551704103223012,-1.7820407797676332,-0.1359312591503733,0.8255074032334958,0.6174059620063571,-1.699321388234824,1
-0.3746896254609163,-1.239247212348121,0.5336517770384115,-0.18638374950881492,-1.7217855602186674,-1.8341260579418361,-0.42426174128234273,0.28274427158661786,0.5467391132568239,0.6776960119834325,-0.20937281821892495,0.603941986020074,-1.0581430060411738,1.0040597444257209,0.034219739134340454,0.47217035318791595,-0.6542384011424051,0.910271594146769,0.32724675869426256,-1.1140878671085928,-1.0030650790661264,1.8953336515306478,0.21929872641849965,0.1431748265170969,-0.2438145900703807,-0.24924404855874113,-0.289659594650451,-1.128326489277256,-1.3456832729297938,1.166446609676284,0.8822201110661423,-0.9134833943585678,-1.0302073799621145,2.2363207937389773,-0.09702327193738366,1.7396895211128163,0.45490915471261895,1.2077458088064656,-0.08440523653489343,0.957031968328975,1.006771356031817,-0.054396703924830966,-0.22246514483991792,-1.1747383835595313,-0.041477027149590055,0.6129638214207106,0.22442965103888074,-0.6801627810012264,1.2303146884749838,-2.456868845067612,-0.7539068194157329,-0.23374365053847884,0.6190122630439172,-0.10920000313950452,0.5094916730422556,-0.25356408623643484,-0.624612801471211,0.7534005026490105,0.7118492620015677,-1.0185163165285054,-0.2275549767420643,-0.9722953209676514,0.553306674053927,0.0315121693318652,-0.07779152010857035,0.31496869273098205,1.3320993408061452,-0.513890692610039,1.5853864856020363,-0.1283215257397826,0.9494650051107688,1
-0.32456272977164924,1.0433176803972373,2.019226142454449,-0.9271483663365225,-0.41028571251123824,-1.023356220274055,-0.6287526477995804,0.2823585867883389,0.4647891556312144,0.13771596805707753,0.5231270357524483,-0.8794231889721653,-1.6691494048167754,-0.8142101170491186,0.4077023234474468,-0.20750516388556323,-1.4724183343924921,0.1882546250137906,-0.46567956047715714,-0.11458541349463298,1.2183427388965073,0.12708698606503369,0.48810375186914334,-1.1621339605573322,-0.10962076414108118,0.09008975485426286,0.15658153392343252,0.34803048870938885,-0.09210948469673942,0.46586828929657226,1.107330380662474,-0.6691789488558113,-0.2545641582995016,1.3520360212545668,0.6141148265335118,-0.013973422473927657,0.3585298339880837,-0.6350507669380303,0.7051163873536771,1.6272521816964451,1.072728981896476,-0.4567051847126028,0.4976605420196841,1.8424601894709414,-0.7762483960492005,-1.0297948969692143,-0.6613697814307333,-1.3160065597666755,0.7038025339171665,0.7360198512875151,-0.5272975430995606,-0.2756541513447018,0.4517685342957438,-1.365668129257555,0.39671810615997666,-0.013949248208627415,-0.06020723846160304,0.2625772461733476,1.0639445144250448,1.136397125133372,0.7790357645539335,-0.26415900499182965,1.2795422005399137,0.576962656376854,-0.5289235165000287,-0.2915771201793867,0.45833984690632074,-0.26997288037082784,0.12282744447048147,0.118817818881808,0.265028516068834,0
-0.1590968436459667,0.9763609891753564,-0.5184456506669481,-1.6574225217852223,0.6189318732830349,-0.25029508662888383,0.08989154021549692,0.14870672826430187,-0.6155777885503515,0.5990410689606501,-1.1004151094613466,-0.228745873658356,0.6756055476998531,0.5382198992678383,0.7475886682540261,-1.0690705751408933,0.3874413123422432,-0.49958798192828463,1.1292451826767234,-0.516617399805271,0.5175689756441748,-1.1125553655315361,0.731417895194532,1.8209845299251513,-0.7828449700388145,0.5268627241061543,-1.7110916501625917,0.0619936708556582,2.009726949794225,-0.3550968219499384,1.106495445396244,0.48778703828424774,0.6435147492740875,-0.03762925132629093,1.827842142877823,0.7807326171525635,-0.3576031666520227,-1.6084641961567643,-1.5780563994168686,-0.3030959214345522,-1.6766273230753732,-0.3859375755146913,1.053738082893061,-0.45038844410173096,1.2450457233125596,1.7996662388214544,0.6206861197000502,-0.04882870240425152,0.167831001679171,-0.38812050616391963,-0.6370831064774423,0.047351583158905954,-0.6809819932293856,-1.6870601272028958,-0.7153601506680926,0.2085058148914923,-0.7237594353170759,-2.351327322973499,1.162342787123399,-0.01084788280571048,1.4480823948426416,-3.0222101996541095,-0.7362933159602233,0.6937535742797697,0.13346276053067005,1.378480265736777,-1.3875354868015948,1.7522235275499738,-1.1377251079343043,1.8070197912145485,0.6419331675199466,0
-0.5953411214146499,-0.10698624622090357,-1.3697382712037074,-0.08897188995627336,0.8338292361723049,0.8566686836789152,1.463144929760531,0.3061708235009042,0.32305792925049526,0.620008407819887,-1.071798567621751,-1.2930720365976558,0.0039379904833439046,0.5553098143101947,-0.9885611043717805,-1.3893560759102974,-0.469865841870953,0.37168995468492616,0.8906162927414043,0.8088529091087304,0.03456925533748928,0.4007171840790972,-0.054631527040549126,-0.9694495129643615,-0.09678081626498851,0.8103650752692593,-1.1319488014262158,-2.0907051132382066,0.18391498475717621,-0.28845444551129296,-1.2664776016262067,-1.4530085351389286,-0.33129932682237595,0.24092937037613016,0.9877191769016835,1.0395899011975611,-1.4765274067642076,-1.1813268717076642,-0.13289071857313906,-0.7739294928988585,-0.12206632592873651,-1.2522918807450591,-0.12482193915666435,0.3795713099637505,0.5721796775588605,-1.8836639717464485,-0.5646606581008601,0.2522747254866426,-1.9347164858385486,-0.6664417100491724,0.32337336784201676,-0.4963550215888829,0.5909838085073823,-0.16591659706196288,0.4975043968683337,0.2859480813883687,-1.0983901840917487,-1.066596917362972,0.9282142768368575,0.28261166252046166,0.253669550333107,-0.7466203496690854,-0.6634764771590618,0.23564296016860548,-0.7074023528640844,0.12226770422656459,-0.5573729179162361,1.7040623938340793,-0.18916868251025737,0.8980524671948102,0.6759091118771404,0
-0.05149391077031344,-0.6003451141265073,-0.6080920401702302,0.26078685393622547,0.3081385288106305,-1.455610109744145,-0.0878708594167568,-0.36322436099624544,-0.12356008777330305,-0.3620818916245761,-0.5905195976286318,1.7837709937763546,1.6121124605730608,0.9257806711877059,1.0938210286228354,0.47678376448775855,1.1365440168537388,-0.08172457895714609,-0.04845002412907818,-1.8201451957818988,1.7517959568489987,0.056519191206774136,0.9405034356066732,0.23948069394450464,0.040200532458836105,-0.27314489896637445,-0.8039090212892381,0.9671724912680961,-0.01113489183365909,-1.7874234219287473,-0.5268569303152125,0.3502313876231494,-0.2976291393664032,-0.34947570769700254,-1.855187824384042,-1.0148745964547692,-0.7530529250714525,-1.3959813099441585,-0.6355354282614902,-0.03991131810137844,0.039787726663671606,0.6815743036708485,1.5874555506786265,-1.3094607853461575,-0.9112923054040969,-0.7406694327873294,1.1802275768279908,-0.7351835516350329,1.740864041271455,-1.3160304405174317,0.49937712328382494,0.6752420976636846,0.5962299453148363,-0.7662735604793129,-0.23422702511885038,-0.38613473699565065,0.5342460275152917,-0.11461305338884616,-0.5522184206742142,0.12415643197507036,-0.11156581447457972,-0.05890312612518897,0.07093780458881077,1.2317779692419355,-0.1603597137261811,0.5004987514895235,0.42017676702063184,0.5500948487599863,0.032569810430999255,1.1205463905507818,-0.21938452925787885,1
-0.3231827486912544,0.8788660652238338,-0.5119310154633928,-0.26733850499153466,0.22333188176427393,-0.7759072450327099,0.14850866934333037,-0.0010035748985256976,0.6259746595200631,0.10132555474248922,-1.1183295048519184,0.9123619680984681,-1.2366239269393875,0.43782458985191214,-0.8814644045255212,-0.7391945118019698,-0.30404660792800886,1.2187182275879764,1.4117024763304544,0.4267581559369966,-1.9788450491109315,-1.272512040660186,0.585580388221774,-0.08142035166025685,0.6315697080046074,2.8842659945696028,-0.13099120102291872,-0.9331703690562451,-0.2531607570048393,-0.7441587669726476,0.7010741299198192,-0.9395498629709536,-1.4752195893274627,0.16213307868637544,0.09592102372689795,-0.5892342005953233,0.07603102624735167,-0.1947864606747874,-1.5826809470078078,1.1844412417458043,0.33163901812692864,-1.2036503028779837,-1.5609337445098452,0.4000815200300334,-0.8897054322121501,-0.6002199513198861,0.30911321669297015,-0.26928341418403196,-0.7998551707160186,-0.2645785841221006,-1.5261274308210688,1.0397886424728684,0.6282848363797359,-0.7865824562279646,-0.8254113114919887,-0.10842272968998938,0.0951828528797648,-1.124979239596668,0.6392295937071476,1.4450992388364354,0.629716548366267,1.255659610940516,-0.31635033868599394,-0.415928512878022,-0.4636433556537371,-0.7111423722914054,-0.4011186385307078,-0.84081535816656,0.8570567623741013,0.06364104305839532,-1.471475989364507,1
-0.4649278449805168,0.5567181309184869,1.4425476409197775,0.9028710092068924,0.7945044258149329,-0.153052033572122,-1.300829202341828,-0.2505489074563963,-0.3600487160626844,0.7696422413139927,-0.09050531935346104,-1.028048004809439,0.06667742219006106,-0.3799685502412883,1.9593933187685344,0.6689870629615933,-0.2795541474113644,0.12370088576710739,0.3309347229778822,0.18510571214313992,-1.7740856189285008,1.6169527910947428,-0.8601606073747312,0.46120205964195027,-0.24230533267798532,-0.9925531422946147,0.36975949396642666,1.1842941423218254,0.4472039054593458,-0.8944981525697899,-0.6781896807678003,2.30864384318092,0.35266292124150855,0.31136646935604123,1.0337840994354341,-0.9846503039979833,0.44315948961802265,-0.6669959975900175,-0.6009433457004734,-2.2648120460634518,-1.0384531751639872,0.6482080048241159,1.1169812682626676,-0.7105575242298054,1.1761623396438483,2.1422684255209576,0.09242498541517682,1.31753072257346,0.009994154930312476,0.5336046239406196,0.9248566428373155,0.2563746528332344,-0.9042904697956162,0.9663377775170803,1.3861516987228135,1.1981449909781767,0.4718789957574918,0.8598762055613066,0.04563722993020865,1.1301785132017266,1.81467734549173,-0.9395085575255355,0.10933493548486958,-0.978129858226114,1.579424137906902,0.5656428516448635,0.7204882391654722,1.2135615003495384,-0.8513450086613549,-2.1887782546089545,-1.2105367246484333,0
1.1061293712321127,1.0402703924497425,-0.3391290758627804,-1.3029031221376923,-1.070181233482316,0.06651983779105498,1.3957787607571959,0.4490463209401672,-1.3740123511202995,1.5733326614848744,0.38946581923275936,-0.08902772498458529,-0.6827939015679841,1.176464094852434,-0.9830215975679809,0.5783877693787012,0.6848508471891765,1.3951396175653754,-0.3612874437032986,-0.654934620340427,-0.9118159256935525,-0.4344529673823751,-1.0421384741527795,-0.6374641050271858,0.16459199878182273,-0.19732747672374432,-0.10086936807367941,1.5910174643312036,-1.8616729191730996,0.4223951139139123,-1.1860870354225481,-1.0812576134755063,-1.3649015582252948,1.032338707763314,-0.6966146968887852,-0.6651745895140737,0.013908148138246743,0.6957684534120469,0.3922896342567465,1.0803747424795804,1.3640164899314804,0.48497766860843156,-0.8831378777622461,0.317304850583452,0.6374569649998348,-0.7325505660427913,-0.6710035954540182,1.3887243047503277,-0.7494981320971064,-1.8035765657075338,-0.5876692446335403,0.3617218744847337,-1.8415633474749622,-0.7921586691634321,0.772288463195091,-1.0936097790177586,-0.5675619035326287,1.0060965803449475,-0.25737708596735587,0.452178895946271,0.5546555625030651,0.041611056065483924,0.5405336029686699,-0.35392004195090343,0.2115736218371559,0.3690137593526109,-0.4967430250406842,-0.5623796307276483,0.8513623139224091,-1.4704388810974678,-0.5513015769466114,1
-1.2570293552229135,0.400459373234145,0.16431136308845432,-0.7677545237113975,-0.8888441507366509,-0.7072775698113666,-0.9860226659375616,1.5453617215775366,1.876537069147524,0.5601413724647614,-0.3215111110316978,0.9301351039867573,1.7591218987174475,-0.1824863918384614,-0.5834242938406051,-1.1631269640529693,1.3035517690230476,-0.9600528773297435,0.47429489115587664,0.18851016330285233,0.815045979593146,1.6232207199555746,0.09187279531318868,1.0037226020624699,-0.892541110057832,-0.5784586996148507,-1.3709993760118457,0.9609784049765135,-0.6089714870252211,0.13303544773922407,1.4063805583712863,-0.1718906477566524,-1.0800263066600002,0.7247683020426127,0.5591083353532724,-1.0848085251076518,0.33011432508667476,0.717831690196925,-0.515028709311088,0.7582843502706083,2.019452561899093,0.5011931631395319,-0.48731996412318,-0.8777729197229875,-0.1245573050657612,-0.09463592713060362,-0.5068405739375756,3.009539557356264,0.3997592096010237,0.6596246022424151,-1.1367750844717641,0.021257857691703987,-0.7669091810862456,-1.10603468854666,-0.4940509657240101,0.8205594341362198,1.1165204819671426,-0.32540584767540115,-0.5327307098181182,-0.2782722631036873,-0.2644140731623951,-2.623655187872027,0.8030198895286274,0.07740513288482796,0.04491169751361213,0.3306398533277165,1.128233243978327,0.11043984086220239,-0.5154816165474969,-0.4881276088786444,-0.6689412533027957,0
1.6487958073206053,-1.2432101375784967,0.4353619377952106,-0.7856412274101855,0.571201861359173,-0.28897573515754826,-0.10343679471900917,0.2864360834040517,0.12326766034957645,-0.7457020183764406,1.323933346340609,1.3886561910382318,-0.012108769501101898,2.177136709339888,0.5069092897541627,0.10202948187747693,-0.18149467784551543,-1.9624730304480145,1.0651407770323822,0.7930941632370372,-1.3418041426929224,1.0671233712262833,-0.5326550227115507,-0.44227192726386916,0.12986694757458075,1.714339066267175,-0.03463415223596224,0.5497619075326061,0.4023215498332375,0.7508139736112418,-1.6332335392434827,0.031158821168016434,0.12103685555435646,2.3758051232282766,-0.02917439026971642,-0.18707914219474459,0.8036718346355859,0.4443780837054263,1.5827247238179771,0.4947174266694173,0.3364804382913518,0.5457900376516595,-0.27188696688063135,1.4920114551652095,1.9105650768888045,-1.7126684307082127,-1.1160770060469398,-0.06893750555017979,-0.2942802015275798,1.6403390744456816,-0.0836415519218236,0.006613133834284623,-1.0412998357052943,-0.28114234469923877,0.2029635612137767,0.600506866554257,-1.1430599856019872,0.1565568419138265,0.6007345172439026,-1.2307458701687166,-0.016129145812996893,-0.025758417999084994,-1.2329251697596457,-1.881972811840093,1.3183954340568445,1.1175627562479562,0.33182322581264867,-0.9875796809320134,0.5473963736194272,0.3869927112958361,-0.5594045053798332,0
-1.1866171539825232,-0.7529868651822496,1.4686603923521664,-0.8766353626445942,-0.3356127056990118,-1.2592315090237478,-0.0972161639112801,1.0099400149792417,-1.0485259806457172,-1.4709625342298314,-0.33232741093163887,1.055784384747886,0.07542824880937858,-1.7572069476827978,0.755539736265958,1.1160713985621598,0.1275613779276879,0.5188973412435789,0.6481027779226007,-0.3409695049052472,-0.004066557357924044,-1.3856594607808723,1.8580404939775073,1.855482586485129,-0.3185575276069988,0.49642407161628066,0.40770599418082615,-0.41306318271463366,0.4369713263363186,-0.07576121014197514,-0.5085788198898259,-0.9150364659020961,-0.6932034313047105,-0.6355184135991374,-0.7211190352782717,0.16544480044888954,1.2601284776376669,0.13155124144515787,-2.7907463280912577,-0.31423050823344717,-2.2098494511207285,-0.220439543297757,-0.46957997853998235,-1.510633932973792,-0.02790669294954278,1.1612606732122326,1.2689301185985014,0.5467055321691425,1.1804909845408833,0.34639738864416425,-0.11242182988214737,0.42346893161148397,0.33144126744357827,-0.03921031770468789,-1.283288329679286,0.5108186828004947,1.6414759589385934,0.39301723014421547,1.6877840316348416,1.0121685844916701,-1.823729662720414,0.5635635922716437,-1.037019321634653,1.186166154916043,-0.6556137141305395,-0.20878875555377444,1.1482057076743148,-0.4732650721207702,-1.178436342531989,-0.8689150563292323,-1.5255328651131779,1
1.0203727631572643,0.5013599865362424,-1.0937003336380162,1.2830531437464912,0.2791838245777533,1.8999890133584227,0.707404433593924,-1.456883830610025,-1.8529386947053894,-1.0970972584513696,0.6114952726692028,-1.5705121168092768,-0.10074933619905617,0.08335676165953507,-0.9532676547202716,-1.1960681149435382,1.6066665627220371,-0.6935787938288401,-1.3323525168155623,-0.8347292912934866,-0.12912725770203548,0.8308724130614309,1.3891156191737848,-0.3730538083480515,-2.047447460713187,1.490147081753814,0.5361384532157557,-0.18085267833484292,0.6393745422266235,-1.1054486759574447,0.2187754272653991,1.445278707841143,2.1647614415945426,0.5497261163926057,0.14429085940983216,-1.2085904767346576,0.2467828708833792,0.7955826160255959,2.071945597000864,-0.8515469261105236,0.3336407990001746,0.2988600699506856,1.5520204093540542,-1.4360404438377856,-3.2630467084684964,-1.3161294310224723,-0.02775840329950757,0.8063013514407036,-1.0219342278042467,-0.880608051962511,0.6871374338781153,-1.1344634591048302,0.8494844369098413,1.1714085902969382,0.5921031579358728,-1.8543352683493397,2.5043462566288865,-0.634982939441144,-0.2967315442130752,-2.2057518162923393,-1.1059851761422814,-0.4824490647122025,-0.7107772935305159,0.5665811248718815,1.5138669983210873,-0.3010132870473182,-0.3553640785669155,0.8492241108870586,0.981307729940976,0.07822482579347158,1.0306534165263117,0
0.14954012987250992,-0.26539076263773215,-0.45922989624578614,-0.8671024728059861,-1.487378617658293,1.5005730179909509,-0.7389679113251079,1.3230300358642721,0.8484538442891186,0.0046010314991709435,2.106446366906289,-0.6366870229861477,1.0230005625744405,0.8491773455608115,-1.5581111875595282,-0.8106605522724271,-0.36056708733913007,-1.3335629120982164,-0.4669057122195875,1.346875683195463,0.2275641159413337,0.5372963163327932,1.50138294421295,2.118951427805704,-0.20174322223758484,-0.33143063182756516,-2.056221051086837,1.361942388748382,-0.9649256544796968,-0.49573651452339335,0.14783403391821334,-0.5728493982145962,-0.1641034112256341,2.071112506067396,-0.3011345353329496,-0.5909117490771817,-0.6467053084060143,0.8614441314050988,2.1332417251206466,1.8696289790809502,0.058228247147392824,0.5024179413499564,0.5562317397046727,-0.8507671452136433,0.9834991767100811,0.5114903322899829,-0.3335275809497337,0.8314642817081473,-0.243734145934029,-0.9305450247342171,-1.0453440079930034,-1.0384004131221771,-1.0960831003154208,0.8599414864490494,-0.5988853993337309,-1.54791076258236,1.8683046367560592,-0.5637331058344637,-0.11630233772792455,-0.8893780974340503,1.0495526640547705,-0.518596683397075,-0.04358757480654537,-0.0771770914227625,1.1357165799606026,-1.5176259473264238,0.12103074167883685,-0.5678788699695739,-0.08799918680685331,0.9974845680890548,-1.229676527643345,0
1.442451032186022,0.5324758663105215,0.142231415826905,-0.14378484755804952,0.43740876714208293,-0.020558313120126813,-0.801157490847528,-0.35982704735537485,0.5896187708044449,-1.7382190002261384,-1.10441715085748,0.8793304019764565,0.5785670332147006,-1.7790610399205653,-0.9271913046012006,1.2078487083709282,1.4587382106515607,0.9424943068898995,-1.6561178992080008,-0.08395393332574344,-0.5513842087086239,-0.7442938044596301,-0.4243179954263908,-1.8740177830104687,1.3941352130106743,-1.2601360107957886,1.4555825241279707,-2.6913520885090665,0.011670664427656368,0.003717817020364708,-0.2219663061182696,0.22568652267605158,0.5665228946185037,0.044260874273971566,-0.5805931883053026,0.19155810494453218,-0.8763162068740354,0.3931181065324041,-0.7089723197818456,0.46264459036899586,0.5144213950733335,1.4762980688410205,-0.8139269383979627,0.612592573670157,-0.8906074130089873,-1.0335494178124867,0.8963078105285184,0.3393717363417252,-0.9920558607968258,1.9115049539092628,-1.0965242030080118,-1.1019099326450492,1.168665502964111,-0.08174478727926046,-0.5309637017351577,0.05099420614723275,-0.15688993699934242,0.5324868043810073,-0.9422388304579195,-0.68317051983562,-0.48832923302782827,0.5733073758416788,1.0763465614321521,-0.6105895500431733,-0.7757366853069212,0.7862209553917142,0.8352241675448991,-0.025897775285403605,0.23427999699375995,0.17027260824262175,-1.5245279573967168,1
0.7663849201232965,0.05348034024641939,1.7670736309371928,-0.6775397891816411,-0.022884494981457455,-0.6913430347931779,-1.6541398510475211,-0.07934045263116113,0.41787738251071704,0.0142066026609045,-1.0753429431680679,-0.27425020646488574,-0.12451679002009323,0.07318305098986609,-1.3653652663525686,-0.026751903144710733,0.20409445289084044,-0.739176299195353,-0.9972664269296948,-0.27262139970519783,0.40588727158453847,0.5711805937265569,0.47925415095790397,-1.05111044458865,0.23557105360791528,-0.35643957091287953,0.42374678409408395,0.8971345338416974,-0.05974486818293253,1.0869792061329702,1.725330735985231,0.032699954143751396,0.09042325550258384,0.6564683469573789,0.6281683772092675,0.5378908048826544,-0.0939795993331308,-0.9634387832406299,-0.130373150697373,0.6602070344456599,0.931618561127821,0.6407802651762239,-1.8175872187608728,0.9137874953202858,0.07407883997653995,0.4608428530395607,-0.08202614253068674,0.2770326340136417,0.46592910146079086,1.3317270698386274,-0.13340406626921175,-0.2254560513693995,0.7832778056950234,0.03680749959835871,0.0336632639022812,-0.31234444866139593,0.399245346179426,0.5618222931776273,0.18168458695485293,1.1043361742720637,0.49673265509707054,-1.0568630279250344,1.0010324721977057,0.0011483274029233338,1.005611577162091,-0.24601946306829126,0.8826375273978373,-1.0431575863577829,-0.03970491179355362,-1.3652639969665736,0.6946278972380299,0
0.8745128017750861,1.635609624434275,1.7949579607165644,-1.6618039976303536,-0.66711055492436,1.377405251776158,-1.5377778200130472,0.2621713564293733,-1.7046341786508505,-1.0412608798119667,1.0134177493211478,0.33252601776029017,0.015080437788440742,-1.5067062181421609,-1.8093572637238713,3.7076673930774904,1.0043630636116785,0.5746667980057114,-0.6202363875673084,0.2525965549816511,-0.827706765580864,1.1547063193360714,-0.19024659656694667,-0.8381659299963189,1.1903757387018432,-0.9555652676613211,0.3740091730796313,1.0880553166640459,-1.0120962769409962,-1.3239818220127422,0.25799957738879,0.2112963868105853,-1.4307046417769234,0.5434068743913191,0.3476366023034686,-0.33750757139975124,-0.8223462873232185,0.74222837263449,-0.8575922012262225,1.1686443056013784,1.9315492781348764,0.6409092812335397,0.7614719080010349,0.3583051462249889,-0.4939259865958664,-2.0186324357419605,0.2106591812310255,0.438950076315701,-0.6162788293226623,1.848666642548246,-1.4628958557487683,1.7472672898855084,-0.2238601256922844,-1.1655799439645973,0.23812240786164904,0.8586453100958473,0.29748710470597844,-0.6330163018476465,1.3512741955932575,0.15511578027533737,-0.958944330866177,-1.4269574851555034,1.7953486578039608,-0.31316945762130544,-0.4808886670865898,2.1915483515837724,1.9571019333872315,0.5284876463177032,-0.19993061207572702,-0.6141381530613199,1.165974634769225,1
-1.0865007344556623,-0.9415825968168157,-0.8940325888392144,-0.07831495791095276,-1.2938615134559364,0.4805630022937759,0.4426753321233252,-1.2090497919436412,0.6789033172675077,-0.31505482485058256,-0.8163942308994949,0.2542059345184749,0.7616413618790546,1.9171361151322988,-1.6480270226361757,0.8392090641556826,0.001414299308505835,0.6645339645419047,1.6281114450323952,0.23118942145591673,-0.41873902208398606,0.422340916013398,1.6429001347776353,0.6813703153900607,-0.671140523100623,-1.0734649891771002,1.003955518709281,-0.1668884575812839,-0.7521919561069302,0.012559178837096854,-1.4335438857942262,-0.4165868645724319,1.4931392996616422,-0.05321075705305132,1.4899251699619531,1.8794180790120683,-0.8576889047241898,2.113689914681429,1.3967917473436118,0.4083138684403519,0.3055635799790174,-0.9773554777651694,0.3035461197345341,-0.8547969984639908,1.473157637095289,0.12518475320741332,-0.48059645303924475,0.3639485072783844,0.6140334767844089,1.0083044128413454,0.024306272500553675,-1.4290952516278341,-0.302779815973344,-1.3126807221913144,-1.3747246392701833,1.7050178675350887,-0.7819901064271335,0.22857779678934723,0.49576682709542896,-0.9459137661682601,-0.12674903149635972,-0.6349221493854327,-0.09568571060613178,-0.5383155666607694,-0.4220210979279941,-1.8927891829612453,-1.0680299345955109,1.3786240728310628,-2.2654858686401123,0.1468884850236797,0.668162394803475,1
-0.17739913076104788,0.035363110339726105,0.6764325170695383,-0.47672463851986524,0.09116729154514241,-0.7883236190092342,-0.5299988746655753,0.4019624034976562,0.32469189752257094,1.2689464090445384,-2.304870974503301,0.6637411163024919,0.2034069415995381,-0.33974376677431806,0.003438492414121839,-0.20202735001680938,1.7674071643609286,0.6189242783126998,-0.14600119940320633,-0.16673526493464283,-2.3909502867611336,0.6054194761772805,-0.20879858266841186,-0.2915786955493099,0.6484227728842689,-0.6716195090567026,0.3107411870808863,-0.497626902826383,0.1628719469691221,1.9400285924564067,1.4915380681552985,0.9973342625964317,-0.670293481560126,-0.16028527730001774,0.07427893467229281,0.9367076740165579,-0.5141787167857786,0.23856649337760993,-1.022672532962617,-0.8953147653943054,1.4075013335097377,-0.5273933507078961,0.8833704242085594,-1.6886488953504006,-0.3868495641673627,0.7884959368237092,1.7390733411566401,-0.28581942356973067,-1.5282761737280155,-0.5610946656972786,-0.0617213762737157,-0.6204846049986882,0.25045835827352325,-0.17108291576280427,-0.8742098781557706,0.05687196252401477,-0.0554216734249459,-0.2663386613149589,0.3483884563016144,1.0481276781895308,0.4055274878855882,0.0009543019964927614,1.0520117397043909,-1.0883302432952462,0.06919321778697524,0.43869835478878527,0.5263562330312799,0.9126756397079775,-0.23985557173022914,0.8256441725014022,-0.780718111111945,1
0.275202761117981,0.3065180777835951,-0.4480094395112531,0.6128006673281673,0.956311031118614,0.5580281835027501,1.1523098718857083,0.49901213121478377,1.056338614520336,0.03128249272950602,-1.2743098532278223,-0.2960223773235124,0.38625641221977236,1.392874313362922,-0.6517601193417464,0.9388768191398331,0.6580655123237915,0.5087008805630263,-0.3787701289394594,0.6491759314828675,-0.18311867114140348,0.06909834361083529,-0.1418047054925369,0.07679788231504237,-0.5501086400159294,-0.411025042738279,-0.8687122351043098,-0.9074102964601233,0.805851755895932,0.04120705239827287,0.13347714994684154,1.1086240650124422,1.2479455191805722,-1.2169869496103385,0.64127302077797,-1.4045733218812497,0.9994916008376907,-0.7815214964610789,-1.3977362727631821,-2.3130551818665217,0.1808612589450511,-0.16071654261517032,-0.10758950010172445,-0.24487067362265372,0.6792565659628045,-1.5170680919348298,-0.17557116424625543,0.5171477948091365,2.091838854604115,-0.03467102975580699,1.42149584038145,0.5539283267060215,-0.46555425554561475,0.5090978019190256,-0.8063553738561074,0.5638505727962447,0.13828046489068174,0.2241667600149397,-0.09562311024386372,0.6349932573108453,0.35355819183340886,-0.33518021977021767,0.34673379529839393,-0.3144442882341712,-0.7793182504252778,-0.5160363922238791,0.8257817569525557,1.6557625615249323,-0.3687186610288288,0.8529948656130073,-0.842580449798229,0
1.841156048906563,1.4454358760935284,1.3216033791742068,-0.6890011987677754,-0.838811079770678,-1.1320369445455285,-0.5458016024258247,0.8377085737279448,-1.9601370055735199,0.7770980503263711,1.2997228856835263,1.4566807417776424,0.005700551493576102,1.009380830097192,-0.7020948059771434,-0.8681329570597383,-1.554066130640924,-1.4029130029030323,-1.3278107372776506,0.6201575373474872,0.06528813311469332,-1.1561119974934981,-0.8704712276557494,-2.0682539408738205,1.126121889080833,-0.4430411561488994,0.3334243587159191,0.9285716074837466,-0.17471920195434643,1.9201749909773127,-1.7862245823745633,-0.5528946919267642,-0.6862351116102083,-1.4331924205250344,-0.021371307919559816,0.4184049516904226,-0.15299189209475225,-0.00705993013915114,2.977897601448972,0.15044459685530442,-0.0871687733608817,0.10108662683848503,-0.6649711949589129,-0.3353207801111522,2.6400541600512732,-0.8555590140502228,-2.1390764117688654,-1.5952359710956872,0.585606405710304,0.3305125210110885,0.01911254655877757,-0.09916793229963973,0.5709750027385097,-0.13162402938982104,0.11053572659181815,-0.0005975356900426222,-1.9736227153271253,1.0020548263364788,0.9843677071955723,-2.152048638554383,-0.11671414642896141,-0.9579453761404112,-1.2611426140634325,-0.589614705667112,0.13683520749706066,-1.3385153900128601,-2.229859591473705,-0.33579956057180943,1.2567417506295127,-0.48290704842033594,-0.9534542975094443,1
0.890118121803342,-0.5609578577542438,-0.5557322712061323,0.39146606077584356,0.5217536965874237,-1.1690608481926932,0.12388040355825664,0.7581825840911713,0.867231241494521,-1.2739667535973402,0.5568542965652543,2.2713294327600284,0.5911678795993561,1.4848283619876157,1.3364310940261657,0.4266442233422411,-0.13254113675844237,0.13329151786839127,-0.283966335046074,0.5738518879346713,-0.3466053913405006,-0.26302489163030707,-0.14705472389902532,0.38117286826656116,1.554483205101088,-0.3041165061333107,-0.06001582792973717,-0.5186420103796389,0.757873642652954,0.9883045668565698,0.7034576980028122,0.7065202235071193,-0.011301409150235303,1.4572503898853209,-1.0654594686151357,-0.6806070177765529,0.6232191648067987,-0.6677869796263247,-0.41646264078323836,-0.16463040862819653,-0.8824233652672381,0.4745706012326299,-0.7029223487259012,-0.48917665883769623,1.7016851783392846,0.7370850179949843,0.4065172265417084,-1.3596236148451766,-0.6815254495222097,0.0917458171668502,-0.20469166925934637,-0.9899814034890145,-0.3340071821327929,1.0847995758037259,-1.8705586829079994,-0.3712589889582254,-1.0579950036653125,0.12750183745743013,-0.11603652765661095,-1.7032583017893463,1.2248768330612732,0.9504087827712552,-0.212216808321905,0.30662647277875227,-1.4529789993171112,1.0558078047620705,0.021306074091789483,-0.7902140719358987,0.8546475335570592,1.5841531783089258,-0.5383907610935958,1
-1.5092775183852132,-2.8494165594390353,-2.034880440157983,-1.5182844110549556,-0.39548273011740154,1.713018451968506,0.3021179635934764,0.3922947105658775,-1.035315153258836,0.09644070344870871,0.08561117470517508,1.0582784258679074,1.901214967864618,-0.9653021632053572,0.42004840889831446,-0.5939379297806332,-0.22376062350327078,-2.3652114242388995,0.14080821230756907,0.2651732807423509,-0.026010552278434972,-1.1763055419901034,-0.44258889703359944,1.6798636445019488,0.9263191647137963,0.2918265051641986,0.8692834208458023,1.6881858416788544,1.1813795453571103,-0.15688843737476463,-1.7187226980984711,-1.9701941955626059,-0.9790660210346024,-0.8523348765641616,-2.7338324695216203,1.7563981655829695,-1.1795696658397739,0.27764239196966994,-0.37654444466284664,-0.07298755039127644,-2.720722426619878,-2.797716719906738,-0.10469414891694583,-1.5546211928439255,0.5932006988461213,0.8251315967358646,1.2518236397820321,0.48626804206694785,-0.2015895094262866,-0.7858202455204215,1.201008244504397,-0.6246489715718961,-0.4155850586353707,-2.344613274806183,0.32296292233907686,-2.9810972700310674,-0.37848550627941135,-0.44493515633107084,1.2618583930906335,0.5111794953976558,1.2540315033931795,1.4057485286784057,-2.5081053702108815,0.9284580907104936,0.22323623267014642,1.5855474935710347,-1.5828393067082274,-0.4402839981183278,-0.7277697188644466,-0.15129174623366878,0.258895582741216,1
1.2605383237474255,-0.8350844698457598,1.0252969137106063,0.15383960631889207,-0.8641849909273731,0.21810934860355163,-1.3240399571286923,-0.9007678146349916,-0.5779142380816642,0.6405098902048161,0.11070774506740469,-0.8130151445087165,0.645432014500684,-0.0751083194147421,0.8567227715069948,0.07828583724250567,0.11157908445671463,-0.6121861639344104,1.1172758197378008,-0.8133629235197426,0.3988194778547889,-0.8919216211383603,-0.09850129944807366,0.3657651094904246,0.5263231431518693,-0.5417633438967863,1.3736006585639167,-0.38389417869418063,-0.18295179909878093,0.08547418749083797,-1.1309291676821176,0.48797638880714805,-0.7268566987103758,-0.32168596914649666,-0.37993119677956727,0.5455326411569388,-0.3843784143128218,-2.0970551015001893,0.9294089626287433,-0.132628692158334,0.5703620179292447,-1.2389676524295805,-0.7541644427021372,0.4208538241889148,0.9860783686801934,-0.7663151372172533,1.1313729713310219,-1.1831742389029303,-2.721197534214112,-0.3612945395683984,0.8856544629020577,-0.2299235291839505,-1.0064330685075515,2.0246432663816614,-0.9673738523973362,1.132026007226241,-0.9039105323250033,0.5703799560979906,-0.38610371582427744,-0.3870120166560644,-1.0469237199888042,-0.7221803790268189,-0.7943999007465827,-0.6689275490299557,1.5791989183428525,-0.6802320037264986,-0.9361114376103278,1.3112544503857049,-0.07012653292826186,0.42646047810790194,-0.5768240801332334,1
-0.25192362007913094,1.3247244918663033,0.28078468500142806,0.03449597703081629,0.07738861507626989,-1.5448720863189491,0.05287499283785064,-0.24270522971381936,-0.14531455971831822,-0.9222308878577817,0.961019955180339,-0.7221435785640185,-0.5713249570840574,-0.14583629057490427,0.3242212534111607,-0.37006054590595117,-0.1276208120193519,-0.2473522310689129,1.9717090358088132,0.1954708913622393,-0.49507704324270135,1.0463300682086045,-0.6467952854799595,0.09401167207233055,0.6243037447272696,0.5336639214843385,0.3537138770631954,1.6488302077794001,0.07132908965011152,-0.22455535666236676,-0.4059583898861368,-0.2277486384582796,-0.7863428083542476,0.6902742579930469,0.18013638805083723,-1.3476582909124502,-0.19083905161583614,0.5397677398554436,0.03527037301261943,-0.7119613687579545,-1.074860358845829,2.369990695210403,-0.9395175864720012,1.6720467851883551,2.02817248011925,0.3521966173139111,-1.4009631675780874,-0.005078836515110301,-0.23644201173501994,0.7562837232836852,-0.30032640726475707,1.327255771599479,-0.34236850276727804,0.7807549066206787,-0.0773518876414314,1.1365556122664588,-0.5129128651181296,-0.20907027291598287,-1.4065786233567423,0.11311889962816452,0.08832049396561498,-0.37984234933151056,0.4098839439885803,-0.43969557060071685,0.3133855107602023,0.524275006351686,-0.8631059022207613,-0.37003707638816147,-0.5665787879544482,-1.6129292392118637,0.6771658752812956,0
-1.1460731119906316,-0.8942901858738335,-0.2323853418876298,0.7854166610717638,-0.5941632865693476,0.030879475753520316,-0.246194026759638,0.34865392907418724,0.13771163495869093,0.2945412303529675,-0.4543388611094281,0.6106234989675353,-0.035767512877374806,0.22002915097179232,-0.28996685941750727,0.540882063425966,0.9786981827967296,-0.8898562646684659,0.17652837796127133,-1.5145676763989289,0.3419029745767218,-0.5054594609937746,0.5818578441443223,0.36740691083714366,-0.2854359373333882,-0.4850372430099542,0.02332225323556642,0.8978430451928162,-1.4199261701958865,-0.4315938351762376,0.15545612825865918,-0.5336832954832704,1.1899783099732761,0.48258974579531144,-0.2439999146482446,0.8178615334866423,0.7073278355667065,1.220854854506103,-0.21624157415982523,-0.16406350564626315,-0.04702221695473049,-1.2054657325870126,1.4144850600876682,2.0245041008682425,-0.11435351129125398,-0.44320636941719216,-0.0018206817718401556,-1.6217896505037344,1.5506483466322798,-0.6390130821090627,1.2334293550410969,0.19844907211086013,0.013318333620447506,0.12486955433672187,0.26912934791899246,1.192727009924113,-0.3900521731639988,0.18144581451311795,-0.9340512766610207,0.02244091395811545,-1.2500953520500186,2.432303353582251,0.38619759062937353,1.356424489114515,-0.3126190451681977,-1.0554800529964197,-2.315753674824009,-0.06759552187549123,-0.8558477120205653,-0.5507057105366308,-1.9059862650163473,1
0.3732492593412916,0.14959388364894036,-0.7972518996317598,-0.25644403792814635,1.2148548805349142,0.06958461812775282,-1.0467235810937152,-0.2075895220204605,0.6081114967314984,-1.2245242600545687,-1.5437408405778281,1.7689088070714132,0.7110411231162803,1.5750594877286306,0.01162882687045767,-0.11656036666864363,0.545349098304005,-0.292021388075207,-1.87179455745566,1.0480560839303708,-0.7737168986530687,-1.1069299835236746,-0.31478122601187947,-0.1501440894042886,1.1627801955544887,0.20971896218934194,-0.11544444014990048,-1.2166267563646713,1.0069480116249268,1.1899171343598984,0.4502481514017106,-1.1263130067468634,-0.7566967047378983,0.6553479414334971,-1.5335462630715724,0.09534127747961389,-0.37214781619055093,0.6293108996020764,-1.034683400075076,0.8802541452422449,-1.5986012536185021,1.010840669508237,0.12130952571336863,0.6229833997298743,0.10940972631150035,-0.0704326458441162,0.2293649087503349,0.5584646884080977,-1.4621654929913184,-1.3417591244708897,-0.25874553546056944,-0.8370602912298764,0.3705606354845605,-1.4410919733261045,2.3154212132245315,-1.715267032923008,-2.2589846002512752,0.27058979465936456,-0.5422166914254875,0.6539047037562052,-0.6643340115226426,1.8419861018526624,0.8343359752142664,-0.05312112302542794,-0.14009911909126646,2.3135171264585717,1.0028316218765871,-1.1087480394602127,-0.5497880226174964,1.3430956376659031,-1.1466933885631825,1
-1.105013514954868,-0.3209925640661899,-1.5401867022545777,0.7437348704572346,1.0447116560234595,-0.5101915265765167,0.13771606048085502,-0.06999402132216809,1.3965707486549905,0.17317585856024073,-1.4385781701305866,-0.2657830329596182,0.5946945218221305,0.23698231568315772,0.4149372304637248,-1.780532272326114,0.757161545080636,0.25314555026889446,-0.36058612870573464,0.21181631890026234,0.48211991194963494,-0.7669287734679997,0.3666702306398527,-1.0477153927857943,0.9597204671585101,-0.3842706416192283,-0.36977010689238166,-0.20565551969068846,-0.19631093774334643,0.9719498289252286,-0.35819919260388633,-0.4338123596193537,-0.8299796364497876,-0.29802911533331183,-0.7483382136797204,1.234166868413885,-0.6392276993581708,-0.34632264242669025,-1.2122314894484327,-1.710373256040185,-1.1398690098756241,-0.6430776456779208,0.011650393282756143,0.3981456597535305,-0.013108341317423448,-0.33008438130646955,-0.4886569325309385,0.954347462991622,0.6201307305251051,-1.1118445044156156,1.7457303967073083,-0.3403078878673998,1.5161843745812948,-0.2833834911237026,0.519092024317997,-0.5927004980716094,-1.0083579416252515,1.455634726801003,-1.5931907060199644,0.8346042506531404,-0.07319396926910046,0.3055726389478067,-1.5174054295851438,0.06878662230482079,-1.8490822224478551,1.3976598021029294,1.1660330178688445,-0.05151300209559167,-0.19034705180551512,-1.5393838657570196,-0.2801420602340264,0
0.38673559330400437,0.11507843340422176,-0.3666328714593655,-0.34318249899260106,-0.8490730875567548,1.4897068437425625,-0.6374629205322441,-0.2299223918269749,-0.46265534639878475,-0.663460277507225,1.1962788014943715,-0.9530238747362769,-1.9587440715658828,0.35114185493973066,-0.3867482563849426,1.1620746559978878,-1.8039140492360792,-0.6164502198055867,1.0909246706269733,-0.8318934902451627,-0.2837523869793757,-0.7094682360417589,0.40777507923930373,0.1002920082574182,-0.46012934756800905,-0.34049810147282183,-0.1554612320107188,0.2568873157722412,-1.149055536789783,0.8296435871085286,1.5341884511894819,-0.18541502814432126,2.154593999185524,-0.8510564693973055,1.9960422182656063,1.7200996809971905,0.24879903502677314,0.6235115292161092,0.9384779943749364,0.6855985543530204,0.9789583976809919,-1.0564879551680233,-0.000837073080499776,1.2420502955644421,-0.10136933739569369,0.13057318022186334,-0.34080342526311835,-0.205681168374764,0.3591885375734551,-0.5386436585845134,1.6521965239608278,-1.6520081221879523,-0.17804323286572876,-0.004758067947500612,0.6576732869837689,0.26341667199920266,0.1815401219396091,0.28205216531018296,-0.0015952510399790862,-0.9363025090854724,0.234907475014578,1.98287496964771,0.4264450019727848,1.2823195748062928,-0.39467328470645496,0.6884566437776164,0.8340067961964636,-1.048222095947014,-0.5658196133671708,-1.0296028491040774,1.0953775954540543,1
-0.18743076434565095,1.4497011925196537,-0.43370923687530544,0.11672556699765994,1.1909031979882858,-0.7563134264418585,0.4958444969387285,0.44842831966403074,-0.34027987997199927,-0.06170756963768668,-2.1146435937991597,-0.5586590678590025,-1.101906036192691,-0.8504914302380226,-0.7918318537916681,-1.7764849206485387,0.9638794246419025,-1.069312776291018,-0.2402193089505683,-0.4574085684518384,-0.44262024775244196,0.5085763586318915,-0.7696697238127655,-0.014077076248606882,0.41573930685891974,0.06209822906919092,-0.9279312965922699,-0.8032665721460502,0.5435742489812062,-1.3049748986523846,0.02327688466748397,-0.8492035740067353,1.0458405925359173,-0.985719617401709,1.3386112322333785,-0.6931344280437651,0.87339012482242,1.0189569205305966,-0.5986924622799941,-1.4742767727937058,-0.43916697413953215,-0.9814669411436082,-0.014714620727933916,1.4195223646159278,-1.0771427273746912,-1.488195995344753,0.916916801317359,1.4734572542578623,-1.2037822918397185,-0.09014010752875222,0.5014767828013031,-1.5203427911527676,1.3646192821860166,0.8603516910058979,-0.28460141734263406,0.12110999405244308,1.0530877070576514,-0.4293546870126591,-0.721554455591484,0.18636100491364513,0.2513212666928485,-0.9388656715420362,0.12133773950621718,0.4443745077896015,0.6810121047428139,-1.0901129690031726,1.4453325696775965,1.0776680890027184,-0.348857610724335,0.046508079698496387,-0.524253723632551,0
0.1818514226341806,0.8655844561843125,0.5417964743764827,-1.9372595944126083,-0.18495488404315555,-0.30476247722107463,1.873361340277683,0.633687582118017,-1.029522208334846,0.09542913692432174,0.43530166403040704,0.7279759632329916,0.5509741111373957,-0.7979120803622292,0.18702182685388385,0.31547848543200646,1.1420848046216998,-0.7404331449851151,1.5864950492573937,-0.3869699703368717,1.4653527417338383,1.2298619922604976,-0.16529964535152117,-0.44002844457008494,1.4617461595884635,-2.298709017126448,0.5801533845305631,0.4768046831736232,-0.6103135933929549,-0.2660111783279552,-0.7438749902433669,-2.0168476508994315,-1.119259978367649,1.4612724931501737,-1.3966343355974191,0.3974242507253533,-0.9923006375127796,0.21522915722392125,0.7260833551586873,1.599537653017348,-0.8005074980228192,0.7302347426504383,0.3744602900352042,2.095139740591555,0.588415751610866,-0.9282245555020838,2.358087618743293,0.44403131009067387,0.2081606444615534,-0.9495484751808397,-1.0255347571441527,0.009657484903752076,-1.6798186436006144,0.442197587705242,0.5586372329731762,-1.9362803312775907,-1.1751355113535227,0.27200057055663196,-1.227612312143277,-0.41099576301635316,-0.24674134929397765,-1.1464468900883114,0.3764356042344202,0.579191032022179,1.660815497089166,-0.10603697282118957,-0.25849451524112027,0.5322887859055537,1.1321768048905865,1.221269144726898,-0.5030041483250208,1
-0.012183167014807457,-0.3519044916920246,-0.5286612191392004,-0.5959712784024251,0.22658179991765848,0.7141503601207805,-0.9215017087946716,0.23821796458319675,-0.23169667186979173,-0.4383154044946018,0.008464854275724246,0.9806495098759092,1.1575368420582453,-1.18790582477264,-0.5734548801040492,0.8645311597871085,-0.3094998340988336,0.5580769977170953,0.3251216876653959,-0.7294280779723737,-0.9539648759467961,0.19853095803644596,-1.516287658167838,-0.11360027113638332,-0.9985792296199888,-0.5311008090535141,-2.443211117055569,-0.997312513448642,0.5678855639214859,1.5686744131495387,-1.3720542508829991,0.44032114141744916,1.3340512059225704,-1.6967898451779726,0.3937742502908358,-0.7935522276989377,0.2959933324028658,-0.5846525006413433,-1.7808608196588747,-1.452164426313783,-1.7610516777628231,-0.44558692996467253,-0.14591044061778774,-0.20756318599184606,0.42911203195432246,-0.7678738939277229,-1.7150714012931174,0.9208352971155765,-0.01633912861663611,0.4523399021043427,1.2823356332005345,1.2778718294519098,1.472354784016471,1.7519498829435685,1.3935718377461386,0.9165340073660904,-0.09069632849106353,0.3631808598856811,0.37683425466410553,-0.5230822925089412,1.115970174882855,1.3941133746082166,-0.9907053463578632,0.4128546882821108,0.6689762831331967,0.5942879723365426,-0.5079807188741824,0.15928211072679405,0.34425421686598945,-0.4554169186753327,-1.3387171579030395,0
0.014122492568941906,0.5590153663632318,-1.961892242575861,1.6286426916728942,0.06862401082179538,1.291162103958837,-0.9015730764428417,-1.5748068099795431,-0.21728166315955286,-1.1589519079997226,0.20482469363236408,-0.9674944077228979,0.31308639605103405,-1.6710523058021378,0.3563002055958211,-0.21941033480536876,0.7526347117385221,0.05532373447442437,-0.6777723357786418,-0.4488381176418698,1.4253580337091623,-0.5448178694335617,-0.599138155924418,-0.2058383128963119,0.25511795859958697,0.4665049095330823,0.06393689959662531,-0.6972796017653142,0.6208847208499279,-1.015613631178098,0.38166949654651167,1.653803823115688,0.2512033075997453,-0.46800890952914714,0.4194566939516968,0.260314792722909,0.09173679674863755,-0.13323174341721555,0.768619102435962,-1.0935659071281505,-2.3659478122738578,-0.6141475041614682,1.0621505176766555,-1.6984316317236012,-2.782406195896745,0.24312065442731948,0.4802607125286336,1.0571990072753945,0.0719841421842675,1.0809782603119442,-0.07203820977841886,-1.5260051079054677,0.5072741242916237,-0.20285263129401487,-0.8862696808355215,-0.9589705252916134,0.26676732563433164,0.21562806110998103,-0.6179920879929272,-2.9650099028918393,1.0168326324372934,-1.0553713185338525,-2.2736949950674235,0.1625797348281573,0.6467927249744727,-0.49694279962662347,-0.8197457097963499,-0.09398671496630422,2.129089229196925,-0.061115438394155196,-0.23098936471924908,0
1.223369630128682,-0.5435542976994242,1.474593420318676,-1.213093999335238,-0.3735377855536877,0.851895748044598,-0.08856497494115617,-0.36025331208404526,0.46247573546850157,-0.3715316799562078,-0.13199637448796772,-1.6521284497844453,-0.0840359522700498,1.2503718170686853,0.006889616875044713,0.7749780297851735,0.7261860660002946,0.00414081823632649,0.41652676042608444,0.7374811268447983,0.4092728609508099,0.791293745766328,-0.38402514843466967,0.4532334754933933,-0.21506945475046757,0.9831488790654583,1.424773952986022,0.6429059359849462,1.100965032762506,-0.37532968488853813,-1.2446523691550877,0.47901882961936443,-0.15673858291517834,-1.2843552430547371,0.4709544495084555,-1.7488968056000342,0.8650025825612939,0.12858182774131008,-0.5550621686153666,0.33384717778062617,-0.24616863658039728,-0.10639323568341152,-0.6749442994395869,0.035141933726640116,0.5965192153035002,-1.0218422439977588,0.03949549563791684,-0.7850329635258871,-0.4894744844727735,1.5626538271470543,-1.130623981643873,0.783463670307303,-1.5929216215487512,0.3284584590366584,-0.7371587147875699,0.49950516096162906,0.7958395468404552,-0.7170138494698342,0.7211448346222403,1.6080124030907472,-0.3000905522597285,-2.644780332045013,0.399007355412339,0.8669905528977517,-1.1749754385411477,0.6586885973678521,2.7038788618255674,0.4252030797030989,0.11717739145560534,0.6683047045440598,1.6993732387246017,0
0.8708485439693427,0.5571278245944584,-0.9354767360068911,-1.4976682079957349,-1.8152764308340559,0.6214102540571257,-0.40612224888686754,0.7272161443072679,0.6456488284814637,1.9660252486708258,0.9558479589372323,-0.6214631131182142,0.034581560669501965,-0.16588414885866498,-0.6750371387419851,0.39461104869354496,-0.2821727042319422,-0.2747252956787028,-0.05336703811805327,-0.03899530503441731,-0.37041401236378485,-0.61584744780377,-0.43288126667511917,0.019758838763980133,-0.19229139600151565,-0.6691564929657607,0.6467001307394505,0.481953834004442,1.2209170371203613,-0.48181063146183006,0.14615527116943186,0.4512753282107585,-0.3117657156824763,-0.6936368087874468,-1.5977717795973503,-1.6313727633633373,-1.3829356776800077,0.08980228396471103,2.129275403797287,0.6644666491836935,1.1931418555825413,0.06945168260765949,-0.3949234122785623,-1.7020597844510448,-0.5431012522356576,-0.3124470387956638,1.0835791871501168,0.4167845842434927,-0.9175467655896464,-0.8389177061019115,1.8102954933623012,-0.9542427209830595,-0.292172019983513,-1.3134778613341958,2.3877428232816342,-1.6748064312130115,1.62403154677854,0.6317058507982121,0.5820211544484203,0.7402675730655431,-0.7281377076784911,-1.5784642732390075,0.7617314435326232,0.3269427481667393,1.8550375059946393,-1.3631104389568385,-0.30136508158078146,-0.2662657960847129,2.556836301510373,-0.26960433652883814,0.45274061338854027,0
-2.763283073422793,-0.017098376912977713,-1.0664831821698153,0.2631740177606898,-0.3824404706175271,0.2248904554418965,-1.2210843975854613,-0.42859907229643207,1.7128213919910147,-0.6092736283266773,-0.5304558875845887,0.36559670499609165,2.0455698026702476,-2.5484196472356033,-1.010414046073787,0.7788503202731021,0.384466585079359,0.37481900084654673,-0.4916855637430653,-0.19794221511070065,-0.4601323854167076,2.3752329399006484,-0.9463479211682777,0.7731441050523505,0.9808940079922099,-1.2032527430988469,-0.17603876760216666,-0.3806768245763416,0.1406464868344362,0.011184354324646926,0.5950843046279479,0.0610808192120341,-1.2501597249058682,0.4958900112683528,-1.563231095718284,1.508847534787242,-1.3289169394383213,2.7754836571716277,-0.8602411527489661,-1.2023567941154372,0.273987689888456,-0.7373157496046863,-0.6362452535195435,-1.9353673629440216,-1.4071301925302822,1.1764276129516869,0.09386369993896825,-0.2787405753917797,0.7404658371871045,0.5837803494970617,-0.5349894651086542,0.5219420149564854,1.862908428474856,0.5649350791101471,-1.7164138601418417,0.4038009801919826,-0.23477966935225436,-0.8865819856177883,0.28226439181091567,0.21861574325829727,1.0413093637128028,1.2317760054769162,1.1794769403776595,-0.049141394728071844,-0.859177533902036,1.4053790552809189,-0.6119637199533695,0.7010254235258293,0.5755562939566694,1.3981920721536678,0.4074681605381106,1
1.9239308704783198,-1.1498674737742016,1.0204352737335913,-0.39650848011290807,0.8238015023074956,-0.6060736348621399,-0.5600154499329305,0.9785387594546965,0.4342295450157387,-1.8061591592257291,-0.03795828419548143,1.5923089441756775,-0.36548279210845974,0.7124429353707663,-0.1364648899177442,0.2691334709200426,0.887561462332988,1.0452733549471915,0.6280721444851127,0.4126932931964132,-1.0741636954140554,-0.3983605822850945,-0.7868656806567684,-1.1206429734347927,1.593878061167206,0.6034332442923945,1.244148761229431,-0.9315419870752543,1.0167525565417923,1.161898072337963,-0.3286368267845852,0.2129667875172273,-0.16931183937044228,-0.20333142174421115,-1.1634523748387415,0.06321083018247084,0.16014572562372736,-0.6027208892226179,-0.3112901078032503,-0.32295071100281403,-0.38902845420498977,1.8588349761581329,-0.5525652543504931,-1.2133875073400735,0.5035923979873898,0.42063833747204166,1.696447237525154,0.31811984346314937,0.7097964712170824,0.9206889454768284,-1.5275889761112884,-1.6833103659632194,-0.9338109598912729,1.7012263248892514,0.5371328023666128,-1.6550454374901258,0.6326353197463854,0.26657098936867446,0.3703833541923345,1.581795892513774,-1.3082052206436245,-0.15038789028954916,-0.33037916041458154,-1.6839957386878532,0.6623030245891491,2.6438248447791755,1.329993314670827,-1.7730627765605462,-0.014400159303459007,-0.5464274469914298,0.3053708529184051,1
0.31562765307485696,0.2204420079276059,1.2871216435811443,1.5069636424546653,2.1957876777085374,1.3013989888230435,0.6606158692613988,-0.27767151174384663,-1.2902381018668025,-0.044615439734362834,-1.3137586583854177,-1.0020226550140414,0.5448391872167694,0.18123665590547738,0.4370962863019569,0.70251591003332,-1.1678360548605444,-2.0058508952700844,-1.707350928995681,0.10584945990528383,0.5655224388759132,-1.7518807690351983,0.4495063377332683,0.061327486764539335,-0.6369218070903526,-0.005219442804008097,-1.858317681058045,0.6451435047860146,-0.1297152345988196,-1.5060528674598022,1.190047772901117,0.7276568522520505,-0.8875540645488993,0.5594887931737906,1.5183324474108464,1.3138306621538614,0.48808693158972954,-0.13651839542619285,-0.9072577508678901,-2.0978877887487766,0.37019205292760665,-0.1153030571608018,0.6106338388994685,1.1871595328326454,-0.8703414061668949,1.3891509350128992,1.673590177000384,-1.3058128837570724,1.8712483563564373,0.443471907577209,1.05365015545533,-0.04827514095816028,-0.10087830660157777,1.7674590451300574,0.8735260726724757,0.350101183652794,0.22220182152258167,0.07539604673252505,-0.4078227334104708,0.7212842066048605,-0.7152597847918211,1.226415064141434,0.00026062498499962835,0.6244401956093227,0.9657714831182119,1.280902947657357,1.0007863555052046,-0.6670522823151445,-0.47621122986390974,0.6704090354124451,-1.8216138021836412,1
0.30699521581079464,-0.5308277107601961,-1.3843297599027782,-0.7622402042559884,1.0632077519279184,0.339255362548586,0.03252951864323046,0.3960013222156248,0.3631969083058057,1.2380658316840698,2.3779955548496017,-0.06257261871144815,0.5609549078561589,0.8813144880828061,0.5687909590137922,-1.487568962197178,0.33438374018329375,-1.7191056502371402,-0.42685225960711987,0.981477553217208,-1.115374465077946,-0.0355025052043525,-1.5630953257171067,0.831964920043501,1.683029389274719,0.1859511631300522,0.4010191389846181,1.6905155478322704,-0.42357300982632334,0.08310095973313557,0.68089089067408,0.6842853529978281,0.437259678022843,-2.300889469933834,0.07174728182610852,0.7577524867893477,-2.031893552055468,1.6896076748925113,0.8277908625163874,-0.2544378971970631,-2.0373208338017177,0.17989856539796165,0.523040107006166,1.6027884186836063,2.386004536243508,-0.7933778478425771,-1.2772636131383952,0.07662224861795723,1.2865359642256373,1.6485012149832727,0.5477720106603883,1.2306709025256535,-0.06210571457720204,0.6887284944202184,0.5691956730106233,1.5910655872771295,0.36215992817630394,0.3427825714756139,-1.315106442875127,0.7007996959894401,-0.5802279648616273,-0.7962468531843816,-1.1539049307169897,-1.056859318116909,0.2690566292298045,-0.5439146576205353,-0.24281072386620176,-1.2145810017820033,-0.7425381212669729,-1.1748161579165468,0.07835391036078289,0
0.4673681230313237,0.08673132483643377,0.986484159942542,0.5838087710470118,-0.012724816285890136,-0.17889808680957392,-0.6564652026864595,0.15330572929664438,-1.1493290965291698,-0.6338398308208466,-0.3780513889961734,-0.1348025539262114,-1.1302638743763433,-1.5071822762205347,-0.7051344173058666,0.15416697079872038,2.480075894138492,0.4654769519122041,-0.4852908243456905,-0.8604359186292924,-0.9097651832708482,0.37934244304832054,0.24105433333022921,-0.9219851025678264,0.2005345625856913,-0.678299015978644,0.6641090272464606,-0.5916814698890567,-1.7226223163053285,-1.4439720072236661,0.6365354374421822,0.8096723359845771,0.5061517579240047,-0.22336702611084885,0.5650778706231168,1.1784430419189245,0.8051988062968718,1.4318783165390807,0.8997563234632754,0.5014097359655159,2.959770797350626,-0.23994719904765202,0.4627414463414258,0.024942684149862514,-2.805945401983455,0.9441261628695709,1.5009929803967332,-0.5051535408792279,0.6445800090770912,1.5756606993032203,0.05949715311570722,-1.6992494458621816,0.03673447951327154,0.751896912841145,0.35251937096888264,-0.09710714880622755,1.4573048545207725,-0.600365920025355,-0.5876696913541974,-0.953841391651122,-0.04663163973578712,1.3467007797819839,1.5954618345001232,0.016695446578896125,0.3386175411521921,-0.6524718059956472,0.028113322439769176,-0.1762688096127246,-0.7809090297389204,-1.2835069674474233,-1.1794290207718008,1
-0.5295044166133671,2.193660528245018,-0.07402868914727903,1.668562851558981,2.050959832444719,-0.2632147598312507,1.2953835274460652,-1.8511110858166047,0.014666406634805338,0.9307802763200866,-1.3503932912005463,-0.722283250689457,0.11010706053104061,0.27433706744306635,-0.8335943345442176,-1.0249176518494978,0.6826993324745754,-0.18428884319034872,-1.7105192891432024,1.213097640689415,-1.0526508307538671,-0.6172799353129835,0.9213653128944342,-0.11297214933612813,-1.2965585542087246,-0.10974481297613854,0.3475779960719924,-0.17100801035085816,1.1416303777504355,-0.7409086892305342,0.8881408085137177,1.1672248613065124,-1.2214842208929866,-0.49265442927422,0.5795349533752575,-0.04176778863802897,-0.8037965717624161,0.17709680590084143,0.01256401633279822,-0.5742822747236234,-0.8777029169572604,0.6273677204694632,1.2885681304176964,0.46868302923440985,-0.2823524506864002,1.0943188592567894,0.7230317539865442,0.8929054605975953,1.1770733212079687,0.5124517818300057,0.20076087905366707,-0.7317096735948214,1.1468417887754465,0.36945400351349755,1.2511522810496616,0.5729923593484488,-0.07613942811045041,0.9901305310201198,0.879256046690785,0.269312562653558,-0.5372317706931158,-0.6235184235543935,-0.799079335020089,-1.7139571860076965,0.7576274211775038,0.6135352199472941,1.3131042361186425,1.1194518228593642,1.0447024578207682,-2.113680100021892,-0.9475390041258683,0
-0.11506580260021726,-0.745367697903996,-0.4414376885785722,2.0844206324213648,-0.32109427054149214,0.276601392516824,0.6968784990074433,-0.007995530510783652,1.0357631301502688,1.1952596528925126,-0.6373226305752361,-0.0841224588351229,0.37523261242080164,-0.2197845868519057,0.21673546477086275,0.10620678089251546,-0.27310441676933916,-0.5066607296946903,-0.3122796869599355,-0.8698750625672639,1.0512236164144764,-1.4625251131909511,-0.5150404040464706,-1.040361722456903,-0.8223377428838812,0.2900736504701571,-0.1604760826555524,0.3393865097481199,-0.7880456318504961,-0.7661404732853515,0.3906250137272813,0.5643092483216456,-0.18619783668654866,0.7276016445932125,1.4508423773709065,-0.0876673838614604,-0.8297206478458747,-0.8545410621957944,0.04014055946917822,-0.19442757882923206,-0.028831026580274945,-0.488319158772206,1.7380913575213,1.3532800233739015,0.3960379810799661,0.35911822476877686,0.5998024122981157,-0.36932540613374043,0.16823263787265394,-0.6646422596417618,-0.2064490603100642,-0.5167493088291865,-0.7184437683827916,0.6409588480116291,2.0060201817871532,1.2501260910682892,-0.5904380225090922,-0.15258207802945992,-1.1112985642101454,-1.4699504046617733,-1.5256279554966599,-0.4934177588107223,0.011400474388404275,1.0005858158616543,0.10671565523113138,0.20575175731489548,-1.3379523016883925,0.34348752401246957,-1.0994704588407813,0.6960740199364582,-0.25542398147124146,1
-0.9394959803851561,0.28509513851505836,0.13112809868008987,0.41748336082211446,0.5773110394940152,-0.8490392316962523,-1.309764072062876,-0.5468687863588808,0.3004253925229285,-1.15453172225682,-1.0576021006414273,0.8771845579896739,0.0228217507696692,1.0170365056988424,0.6903515021346622,1.3303562731499035,0.21437343488251023,0.5325164365971478,-0.7997873165224815,-0.37752108505610826,0.22091653711976192,0.6545250414293421,0.004100350762615124,-0.15218202371578812,1.1821616176947338,-0.3536839599632674,0.1794557539549722,0.9618307306433836,-0.6679967580138687,-0.346978488827526,-0.8131259360139971,-0.23871182998181367,-0.7019795979876949,0.31213849596514465,-1.9636271567422912,1.582839299210637,-0.39793443478165574,1.9370686581481036,0.4049341234140504,-0.5989816806584667,-0.318684809569426,-0.47450683270700733,-0.9762257838389682,-1.248992499678737,-0.516093257905368,-0.26578693958995425,0.1331184965608637,-0.48741807813812354,1.1993638340086985,-0.7136968571460592,-1.0758512814036763,0.40912305544886984,-0.3946218805132558,0.45262899246526744,1.3073740503803575,-0.17898294848960256,-1.9935706393891452,0.6929961434822356,-0.06392924402575023,0.4383644364353342,1.9119945109735776,2.7384235222244095,0.5649881899790069,-1.7809902062668557,-0.4307851830931596,1.8454464992881128,0.5531360147935757,-0.5077356388802908,0.2063214842061652,0.9723462972118097,-0.3109925621957343,1
-1.2087338991121024,-0.4874821916236168,-0.324187618627533,0.3475780546269807,-1.0135748807753797,-1.176362616559947,-2.082219024691357,1.1464326702615646,0.39826096969366614,0.7733476858573914,0.06094398434920858,0.6988843602788947,0.10345002964092218,0.49300651697874953,0.4108094021111183,-1.5189368064532245,0.666647729744297,0.9876437404155416,0.7474002658374904,1.544701607937593,0.35129245368650414,-0.7609623753077793,0.48076650856428205,0.5150848803931389,-1.3090896592263177,0.4423849820041065,0.7586097016834388,-0.948577226602967,1.0191646041097127,0.8003697145549151,0.32086516643227325,-0.5224234536876187,-0.9156330166171434,-0.07766413976695648,-0.320045457243891,0.6220686237498001,0.12081499556503604,-1.0991653739761051,1.2394661358518944,0.9547035656302559,-0.1525767401911352,-1.56234504981356,-0.4081604653573273,0.2601218606885049,-0.3065535160224846,0.6029190410000158,-0.9751244558208603,-0.36019937818652376,-0.6655440734901584,0.39370729481443184,1.2135545521652107,-0.12522150351813593,0.2468037471857541,0.15735273965830635,2.376477297385057,0.9942365416204056,-2.2590140785655906,-0.5175381795620452,-0.20094682382478504,-0.24831770505327827,-0.48373497313505054,-0.27537704125434836,0.41952675443966225,0.18707979533092653,0.42010299977638554,-0.7522955207599045,-2.985979708619194,-0.43491674220993337,-0.10235134729380672,-0.30405723772669285,1.7562655386383856,0
1.3456499620715783,0.5635728514599438,-0.6003490370889998,-0.0692738473440389,1.5798743010365623,1.1997045427764008,-0.4669506013124176,0.3232237592000563,-0.13831463432362892,-1.4275669310490964,0.026249172342716783,-0.6889611667092086,-0.5746432330977106,0.47561799139239763,-0.9972490769596811,-0.6101282003908396,0.5690149609300413,-0.24460999178725787,0.36543678998393364,0.09474080623691716,-0.612952400800494,1.249709741215985,1.1211470942164168,-0.30823908473120903,-0.475226951703582,1.2498037490618343,-0.5217489223517204,-2.46106426153632,0.9453317010885365,0.13711239917218648,-0.4272706141330268,0.5397922137528853,2.0292280991217675,-0.9220499901778058,-0.6532625619628221,-0.9547787499564242,-0.05435095567896093,0.437674365117433,0.14145573346637688,-1.4883003434904682,-0.34336886189427024,1.8329341475078074,-0.5273702194045801,-0.2839720761629489,0.16202719221858264,-2.2492282009200726,-1.520991510817302,1.1330498606089683,-0.8963778492784529,-0.005704828353086718,1.6185271494895956,0.2100599247237714,0.3343356304234654,1.2633047529093824,-0.25278654447838866,-0.009731562435610852,1.1428657859396312,-0.8567130652707543,0.7921482608211797,0.021239599345239685,-0.000566378257756435,-0.194647028580371,0.0889067358544839,-0.39170534052185835,-0.9192684483130121,0.43526333131943196,0.7046693405156796,0.8499497484414908,0.8872950522258828,-0.28390674986316217,0.42789514077044966,0
0.9054482446364843,-1.5265687438108198,2.0472766112033356,-0.022629647757620087,-1.3589984158340471,0.464648991030124,0.13152792435204533,-0.3426451453538159,-1.037784828309115,0.40903779297149667,0.12083280522799698,-1.6347722634828687,-0.25710298683550925,-0.7037704606138863,0.23070721615330467,-1.2638990799668142,-2.42444086928466,-1.7569065429131592,0.33986947303561016,-1.1073789982892368,0.765461248529321,-0.3315635507593046,-1.298932592213131,-1.6217386276493566,-1.1411283463395774,0.7078265664368937,1.08452293058438,1.1172740038187177,-0.2321129830917665,0.9649315884431274,0.44302524298000073,-0.3252007829662218,-1.4043041771459748,0.040709323229169904,0.9984059400795907,-0.4757832342446417,0.1446935276806287,-0.37696625658757676,1.598199206521965,0.5650507542448127,2.432580153980906,-0.18646124059161828,-1.3458234465514227,-1.2598492813372673,-0.03819898614024546,-0.827216727814298,-0.9220791992081679,-1.5079724295624266,-0.9267707498245796,1.2166503577268521,-1.1154219741232954,-0.1912762667354549,-0.5012332291363987,-0.8125091512918667,-0.4142193689952792,-0.7387155449108116,0.7469802596417465,0.6934865964719453,-0.31988576618095604,-0.3849227234387828,-1.4561602498264614,-1.362684603968989,-0.1073876394605329,-1.6755449460820944,-0.4833142828670943,0.2953346981719042,-0.43167784989858826,-0.27902162845678735,-0.983548532488179,-0.22547418371106212,1.5630043167077308,0
0.14289233460518702,0.6530657608166376,2.112995082517814,-2.3999153670290423,-1.1315975680073114,-0.10679440068331053,-0.5389817549383075,0.41571725226595974,-0.7383144271053015,-0.34710139824832154,-0.1093116399426681,0.7583003228474671,0.4515903043231567,-1.4235003489761917,0.5123148829376092,0.725217782985255,-0.6895618075540584,-1.4039773822646815,0.6104622474376519,-0.8068483975815538,-1.3545565296369817,0.30177598983451964,-0.341065710581909,-0.20819567739263728,-0.9286693190799711,-0.7095808428238046,1.6763129824052707,-0.4627753343931147,1.4267369413494446,1.4342347323809774,-0.42942398806080834,-0.40254547912381183,-0.1256847970698694,0.19868105068133332,-0.23248045969855555,0.16337938873510402,-0.2456173470796024,0.6001566051180635,-0.8757764280048341,0.2444353073216328,-0.4173953710360515,0.05092843110334946,-0.1695123760599982,0.034648883817455796,0.8770841140825465,0.7176303203702139,0.7913393182492766,-1.2137110919852157,0.4189523029914828,-0.15832433341248386,-0.3137518485389461,-0.2759889604478434,0.1543211209711372,-1.5646644493256014,2.023626287815694,-1.5235044494275516,0.0819568520039763,-0.4663313139286867,1.560364768925791,0.5687478890457702,-0.8859155981324325,-0.3623547192961228,0.7701874704515492,1.2474798073812996,0.1186593537245756,0.889887243138553,-0.25174361246089483,1.3546338175167796,-0.2632554380646079,0.2794396179534742,-1.8915335435121219,1
0.32745844340516267,-1.8437632434110744,-0.06784064999263174,2.4021005007908056,-0.139417496960974,0.818771003522082,-0.2788695615111691,-1.1704917720870043,-0.642825602088164,-2.454088737184261,-1.7835647352177932,-0.3502868140832322,2.151438014528081,1.2979501288165245,0.26586366405739453,2.61388816897832,-1.9644236867684053,-1.4020215183209077,-0.6676872260841639,1.1252290419196185,1.8532868353042784,-2.591682056898036,-1.334478333950284,0.30798541470330826,0.18593583234268043,-1.3893281518475593,1.0727669477744946,-1.3055209141099764,1.3848051701647885,-2.1384211422759893,0.008357084814510196,-0.5231620031850736,-0.08560902383791506,-0.8369742369945499,0.21054925187018234,-1.5916963806684667,0.8515625892615492,-1.206533451748833,-0.33540032080945287,-1.2135778492762177,0.22712938599608715,0.1776752664605695,-0.2680095614827522,-0.4552653362038219,0.07331092083890502,0.454408845446223,1.5855525662198966,-1.508913885326197,1.6790972113640037,0.6252066995311685,2.0580924296594265,-0.8544563298477896,0.11138484593586082,-0.8761418633674528,0.014800831424519758,-0.8991161568490341,-1.4956729429600737,0.876535387961161,-1.5968739332486726,-1.1989283238508315,0.04229818542263863,0.5696591060327044,1.1604637167945533,1.6120816188195926,0.46603263651912974,1.2020389607421482,-1.1103468211763619,0.08921648684814266,-1.678621129140468,0.15991161192051573,-0.446388466507821,1
0.09403108075866176,0.7876018859556578,1.257716380687147,-0.4126019772124857,-1.2301776708664751,0.08627294206269832,-1.3769421545176666,-0.4724411511957785,-0.21818185834956305,-0.33391855482727606,-2.058748248527468,-1.1779791795285686,-0.12029465095175104,-0.13273737744830616,-2.1140502462133157,1.8613279537866156,-0.3258563388275416,1.256899737785238,-0.2430280530443614,-0.6744516139736941,2.414191494847429,-0.010137523342790241,0.6649058605642031,0.05097836183081367,0.198889447662569,-1.415820146396219,-0.040270028633657924,-0.19737746447288998,-1.7258928814429664,0.17835895151276665,0.25202719740349055,-0.8976282208016276,0.6064391534417836,0.11250499766288877,0.6445977753131569,-0.14663494431457055,0.7274317650305584,0.11396399564046772,0.07965098968726794,2.1195455547579183,1.7308169916149594,-0.24638970431307833,-0.43197858178725057,0.45281905795346017,-0.6200340832184547,0.08218027054167,-0.4050578917893288,0.587592268230431,-0.7878120894501958,0.40294681896143525,-1.1526616304736796,0.14251222594669494,0.6322315654243604,-1.6694402123026921,-1.590601677625426,-0.5831110908593665,-0.6795692879826696,0.9606319355628393,0.17997643942412264,-0.39301997856184717,0.6035339441726603,-0.5440315307915287,1.1679374411721084,-0.9908529685523358,-1.1811127737281741,-1.0580289680328532,-0.018057765564625853,0.770057090457104,0.6404112517321986,-0.5791014827561586,-0.7824595900126639,1
0.24236670112058065,-0.06569598630045362,-0.39778075975673777,1.0056921511310568,1.6171911144913103,-0.26084810224090044,1.6989045157050833,-1.1547664851606838,0.5500629460180854,-1.5497261644707316,1.0480621475066312,1.3472794319913721,1.5741961617743412,-0.4770826202988858,-1.3826136933178006,-0.9203249689006664,-0.08573995617111581,-1.0526147794673282,0.8335467313407577,0.48434413655591096,1.7436644100939114,1.1451138340151186,0.3524982230597376,-1.696102691133799,0.801444695586628,-1.5094912550617943,-1.1177960577789021,0.39959411812501555,-0.8257767936788556,0.08331813492449322,-0.8532387135514088,-0.6652008754691592,0.763369891389773,0.3099092539108735,0.27053195389491136,-0.7542244504631271,-0.25690590757568826,0.08699821367615607,1.2023723607789474,-1.7199289802620832,0.776609373416786,0.9372401425607533,0.08863384620271504,0.6502333322765781,-0.5737020798417798,-1.2369007172123647,0.7178666444716653,1.3050816418003002,0.3011808592944747,1.8891337850235568,-1.055642115715704,-1.2094379640670159,-0.4934580615979557,0.9852888806217317,0.6325647740341392,-0.2460587911736252,1.4178768709796667,0.32658521848607874,-2.3312972037051143,1.1922536420385268,-0.7342405806056099,-0.21249255481253312,-1.206320477805056,-0.6847412316136863,0.4930375689010289,-1.4855251752110494,0.8819604772822726,-0.2863080104920374,-0.3039177712431532,-0.2961203009110281,-0.2403654038686969,1
1.0937116478762121,-0.7807441300267213,0.6612481914794713,1.0209690320704259,-0.19031100280622967,0.7198574465271317,-0.46911231886069005,-0.912661096608062,-0.2494463359720724,0.05628849967318692,-0.20371572177271308,-1.0610218085044971,-0.0857039934189685,-0.34693322984906155,0.72583424263914,0.27789200548176707,1.9527776864465878,-1.5450749950331537,0.8699864558174852,-1.5084050953432095,1.045288274065374,-0.31242455223078075,2.037968559132912,-0.9025465005618848,-0.9832813502766355,-0.8337613734319762,-0.42763751607533823,1.3892299062216906,-1.0401446414053668,0.15928717342404722,-0.17062615263061312,1.2293693745487657,2.019422167562699,-0.7632016558553099,2.0193335308774665,0.6278078948507643,0.7006898514820049,-0.7376137367799545,0.846206103845729,-0.9989158043589933,0.4164814393265474,-1.0859981290971314,1.8322797748281727,2.259828972514765,-0.6249286482081211,-1.3180574784401888,1.3456028259858654,-0.6009860267360666,1.5390201150512566,0.6935645193402131,-0.6193549110280158,-0.9453898357956215,-0.8917179693321222,1.5558822944690822,-0.7651675617932112,1.9941222231180855,0.25523645626443003,1.1794415239680007,-2.722160195367676,-1.2817391945145236,-1.0939853467267675,-1.1604822875545446,-2.354942515659796,-1.3079856804264685,0.8384088737664477,-0.1307743095643104,0.44338381325343207,0.19262527486261266,0.6123064666291512,-0.8629108977375057,-0.2038737807221041,1
-0.3907366951125606,0.1750225972435758,-1.2984349901765198,-0.3171619450494646,1.6206597050030729,0.27895533991527377,1.4528110737418152,1.507015798251272,-0.061666069738465286,1.9536000208638227,0.703208393313642,-1.1138132220690873,0.3849974139268792,0.16119321914104776,1.2459533582888453,-2.2938178568586833,2.6312572526788065,-1.413909542724272,-0.8889588969143682,2.4755449632881934,-1.1379724072922508,-1.914065288848636,2.645924093122333,-1.2758399498789599,-3.9324203791104066,0.6668614519531242,-0.12994318834869661,-1.199264802767157,1.605514239770903,-0.3746428108869786,0.5641334936162784,0.7647463830269834,-0.08562137637911438,0.9251987060313013,-0.06692996061279162,0.30858769357045474,-3.665893990377265,1.0241888447656429,2.2924164943011904,-0.323688180082151,-0.635305732755986,1.1930311469727302,1.6123973114331784,-0.6850071823678909,-1.916659685237678,0.0852937042617795,1.6817095380663407,1.0346219477201823,-0.8433145400808011,1.4541424167343693,-1.3153882136340227,-0.7644428907359372,0.3529117026959687,0.24469606403402744,0.25761871744008474,1.2877697733425544,2.31547095244238,-1.2879963356886108,0.4881384772464661,0.2993062927111203,-0.31436070175889774,0.4800930786398724,-0.7384316813488527,-0.638837783307288,0.8322976638879532,-1.3074949167644303,-0.09963825447786367,-1.366682293137467,2.2274096592659562,0.10254042490662428,0.9655524327586279,0
-0.5647359229930058,-0.44337732944590136,1.3682102389775055,-2.454834691677714,2.0766056152890693,-0.16667873733645663,-0.5283886627757075,1.3275418047006822,-1.229121912472166,-0.9088543587522484,-0.5861699186181318,-0.13570020367427255,2.282275526767952,1.2004069224723557,-1.3265614614349348,-2.015992576542261,-1.1041660324145506,-0.08980084323350299,0.6919285783387977,0.8041233389173017,2.1158868597879956,0.9014403095488482,0.7226307497599711,-0.3661397734019287,0.2973937451087326,-0.14134808920831268,-0.8038869612413082,-1.0718123997764548,0.954149190898841,1.6992720685080165,0.9692300782392586,-1.1885990536350448,1.7137788335847919,0.32129543844073716,-0.002021182513387576,-2.648574456469631,-0.956356896501784,-0.015883032524062056,-0.7420321698008371,-0.9625314064486473,-0.23589025556211968,-1.2388570508510977,-1.9437637516830613,1.6709390248677995,0.19648405850771586,-0.5536104683743188,-0.8636269317580347,-0.2442018180628521,1.2533811209871863,1.4391851441921564,1.6684418974204203,1.388393962863942,2.1171388924887378,0.23906952795457675,0.44449362784240676,-1.3257638891807773,0.3454092295934446,0.05549064321515602,-0.15310037757255712,2.4649019096494,-0.5341465150908535,-1.1089923699463675,0.2705245799197669,1.591489050918194,0.9176733904852742,0.3014262316973067,-0.2987090158364311,-0.13439412970873313,0.7170832514231724,-0.5408289294754097,-1.6180701522140108,0
0.29959185696047963,0.9643068233708179,0.3839969997473329,-0.10909970702528997,-0.377235483965867,0.013791852720360463,0.7399272243672725,-0.6033598966205248,-1.591110247781164,-1.7000550772241365,1.053590668351865,-0.1457166895518689,0.4050819460242337,-0.7301419671958507,-1.5333714674295786,1.4351322605810504,-0.35449244677381253,1.8388711249170837,-2.1575294345067726,0.21562599640955818,1.3556509644197743,0.0022478318128393445,0.7302392113861503,-2.2088050805906274,0.6116193630340513,-2.366946505576711,-1.8326003201318142,-1.0439162258355497,-0.8977506623547441,-0.0868992597318763,-0.8294165390824308,-2.10805811977388,-1.1363557163513656,-0.6115223009184599,0.6198539000003348,-1.2926004549624144,-0.21248222856841384,-0.24342415362150718,0.51203923111299,0.43968388202815756,0.03401132449496829,-0.5722027950228932,-1.1460725004179515,0.04054846904813593,-0.9067569670936391,-1.4996025073834403,-0.28545328561990146,0.30711291990569584,-0.3471718618254985,0.9301048898872737,-2.0046797153274616,-2.01886670979853,-0.3059241464161866,-0.20653970963482945,0.10167532576373937,-0.30017360903302903,-1.1915857162407695,1.7107348010630834,-0.28496410628360574,-1.2576697622871118,1.827504159194658,-0.6798073936336393,0.14184351564619957,0.8124243923690588,0.20559819972747648,0.2913873097647026,0.11798914233209043,-0.39328867891369124,0.38516233587189685,-0.9837966231893883,0.7104039242658203,1
2.0741629648730218,-0.030772468919081974,-0.5581547602316022,-1.3933823023561738,2.122158540803499,0.9654405257677918,1.0900969014225006,0.45238183837052875,-1.1116718445997775,0.5869770404569278,1.2458194490357188,2.1101879549399465,0.6911208609444958,0.6850263788111832,0.10776949633925993,-0.3325891104676792,0.9212836578479007,0.6523626279456851,-0.7617889827770019,-0.32767240068505255,-0.6111874756388507,-0.011250956857059775,0.39595493332913495,1.7331774735411292,1.0917901449285308,1.7813535927766095,-2.0224396343466817,1.9639569347879826,-1.0385445727868687,1.7670213378376265,-0.6175605348500945,1.0598827411054312,-0.2500557064159523,1.6276744191905077,-0.19486759326126926,-1.4572480835299488,-0.9891636333175862,0.18876313084590934,0.09661399254291389,0.4606133571730025,0.2655946173585532,0.39349663250395867,2.3452986801445608,0.3827385637237923,-0.3181773579256544,-0.803488386777647,-0.4220659082954523,1.8711209996445841,0.907582715702947,3.2499851374694693,-0.42611513999249523,0.6168120826185152,-1.14915054191292,-0.43924365825221445,1.9504915279182655,0.47706154131769024,1.8297677654487325,-0.12293664236529375,0.10188346008680091,0.9859275649032586,-1.278805920964854,1.421361127780368,-1.54157853565625,-1.5855964558476585,0.9048313542696194,-0.8936380979273625,1.929380927494295,-2.104602854866996,-0.7133580768986112,0.8946047476016394,0.563205544388227,0
-3.149608107484907,0.44534500310189595,-0.6066907433758154,-1.2544867785162863,-0.8858800653166078,0.10357469859029372,0.7654054652477362,1.110074798463497,1.6687673415527124,0.4485253339436641,0.12414420189224205,0.7903688684741351,1.0466362753852305,-0.5200287787550182,1.1473859490904303,-0.6425433688931632,1.9712046899115971,0.9470513474468529,0.2819589391887781,0.8720230841339615,-1.317664313573058,2.5783012996703056,0.04551496303586895,0.06530276543114091,0.9540554661896148,0.3224839326910412,-0.6961632799731371,-0.5888073107617616,1.7344197748257226,1.9837617656261706,0.19053698583749742,-1.2762313257411222,-2.4806851113948762,0.10994051639952825,-1.884255204604007,0.47697147132985745,0.8376300512192717,1.8499190599455897,-0.5163135935494283,1.5904748733934515,0.028025250280358485,0.29356049941975726,0.4274406269545636,-1.1496324710478325,-1.6203925785866389,-0.8921184774226515,-1.7635750713299823,-0.24643783843942801,0.8386887676947674,0.057411644370030455,1.309971109419363,1.3057912794494126,1.9799492369347227,-1.5637988047722013,0.3422208016343207,0.42002277483692424,-2.1230922571898496,1.2727566864834783,0.7026362300226039,-0.3757568599010113,1.6095233191466438,0.5057266277970417,0.5384201371753292,0.8638690340827143,1.799792589054049,1.113762651165003,-1.728870576191951,-1.2374667584657686,0.48410101982028175,1.0213442034580515,0.36200520116571605,1
