0,1,2,3,4,5,6,7,8,9,10,11,12,target
0.15515515515515516,0.6046046046046046,0.21621621621621623,0.4044044044044044,0.10510510510510511,0.8838838838838838,0.8068068068068068,0.7567567567567568,0.7987987987987988,0.44544544544544545,0.46246246246246325,0.7597597597597597,0.3783783783783784,1
0.5395395395395395,0.6916916916916916,0.03803803803803804,0.8018018018018018,0.2932932932932933,0.7977977977977978,0.7217217217217217,0.47047047047047047,0.1931931931931932,0.3013013013013013,0.6536536536536537,0.5935935935935935,0.8648648648648652,0
0.18118118118118118,0.8908908908908909,0.5475475475475475,0.7987987987987988,0.1941941941941942,0.5735735735735735,0.9469469469469469,0.5305305305305306,0.4264264264264264,0.4544544544544544,0.985985985985986,0.933933933933934,0.17217217217217218,1
0.948948948948949,0.22422422422422422,0.26326326326326327,0.24424424424424424,0.955955955955956,0.7787787787787788,0.5945945945945946,0.6196196196196196,0.6106106106106106,0.4364364364364364,0.8198198198198198,0.8728728728728729,0.13813813813813813,1
0.5015015015015015,0.8938938938938938,0.43543543543543545,0.3713713713713714,0.21621621621621623,0.6036036036036035,0.3183183183183183,0.04004004004004004,0.8578578578578573,0.8678678678678678,0.7487487487487487,0.42842842842842843,0.8568568568568569,1
0.6366366366366366,0.6106106106106106,0.23523523523523523,0.25825825825825827,0.6446446446446447,0.3383383383383383,0.5875875875875876,0.41041041041041043,0.7207207207207207,0.950950950950951,0.24024024024024024,0.08808808808808809,0.7787787787787788,1
0.3763763763763764,0.3973973973973974,0.5965965965965966,0.7307307307307305,0.3073073073073073,0.972972972972974,0.7097097097097097,0.22022022022022023,0.6116116116116116,0.7687687687687688,0.3263263263263263,0.22122122122122123,0.5075075075075075,1
0.20520520520520522,0.6786786786786787,0.20020020020020018,0.7597597597597597,0.6566566566566566,0.2782782782782783,0.8198198198198198,0.11311311311311621,0.7217217217217217,0.6926926926926927,0.16816816816816854,0.028028028028028028,0.3893893893893894,1
0.05205205205205205,0.8368368368368369,0.04004004004004004,0.6836836836836837,0.06706706706706707,0.6076076076076076,0.9649649649649653,0.9749749749749749,0.9209209209209209,0.5045045045045045,0.24124124124124133,0.8918918918918919,0.464464464464465,1
0.8978978978978979,0.4694694694694695,0.7817817817817818,0.0920920920920921,0.3253253253253248,0.49749749749749733,0.3683683683683684,0.24624624624624625,0.8778778778778779,0.7807807807807807,0.7847847847847848,0.5145145145145145,0.21921921921921922,1
0.8438438438438438,0.6086086086086087,0.20520520520520522,0.26126126126126126,0.46146146146146144,0.25625625625625625,0.14014014014014015,0.26426426426426425,0.7517517517517518,0.6496496496496497,0.06306306306306306,0.3253253253253253,0.8928928928928929,1
0.3783783783783784,0.6676676676676677,0.7147147147147147,0.05305305305305305,0.3753753753753753,0.6476476476476476,0.8978978978978978,0.6846846846846847,0.3973973973973974,0.6836836836836837,0.9319319319319319,0.8538538538538538,0.1971971971971972,1
0.6206206206206206,0.96996996996997,0.044044044044044044,0.29429429429429427,0.2502502502502503,0.07707707707707707,0.07507507507507508,0.06006006006006006,0.5105105105105104,0.5275275275275275,0.27427427427427425,0.5455455455455456,0.7917917917917918,1
0.6576576576576576,0.9479479479479479,0.08108108108108109,0.03203203203203203,0.15215215215215216,0.10810810810810811,0.08408408408408408,0.14314314314314314,0.4544544544544544,0.6406406406406395,0.07407407407407407,0.4014014014014014,0.8178178178178175,1
0.17617617617617617,0.7257257257257257,0.5915915915915916,0.8908908908908909,0.06006006006006006,0.5475475475475475,0.7877877877877878,0.6256256256256256,0.33933933933933935,0.1931931931931932,0.8888888888888888,0.6096096096096096,0.27227227227227246,1
0.8418418418418419,0.8318318318318318,0.3973973973973974,0.9269269269269269,0.3603603603603602,0.04004004004004004,0.24024024024024024,0.08708708708708708,0.6826826826826827,0.6146146146146146,0.055055055055055056,0.23023023023023023,0.9379379379379373,1
0.6716716716716716,0.9779779779779779,0.0980980980980981,0.40040040040040037,0.4124124124124124,0.0920920920920921,0.06106106106106106,0.22322322322322322,0.4994994994994995,0.7887887887887888,0.27127127127127126,0.6806806806806794,0.983983983983984,1
0.8538538538538538,0.6566566566566566,0.15215215215215216,0.2772772772772773,0.4244244244244244,0.12512512512512514,0.46246246246246386,0.2802802802802803,0.944944944944945,0.6456456456456456,0.5375375375375375,0.08608608608608609,0.7387387387387387,1
0.2682682682682683,0.7587587587587588,0.2832832832832833,0.35035035035035034,0.5265265265265265,0.2752752752752753,0.6176176176176176,0.15815815815815815,0.36436436436436437,0.8078078078078076,0.02702702702702703,0.0920920920920921,0.6916916916916916,1
0.38738738738738737,0.6296296296296297,0.6336336336336337,0.15015015015015015,0.3923923923923924,0.7547547547547547,0.024024024024024024,0.002002002002002002,0.8638638638638638,0.7567567567567568,0.2912912912912913,0.3213213213213213,0.8188188188188188,1
0.4024024024024024,0.8998998998998999,0.5665665665665666,0.5785785785785785,0.12512512512512514,0.4984984984984985,0.6406406406406405,0.24424424424424424,0.4424424424424425,0.93993993993994,0.7757757757757757,0.24024024024024024,0.6946946946946947,1
0.37037037037037035,0.5555555555555556,0.6106106106106106,0.5585585585585585,0.24024024024024024,0.44544544544544545,0.7857857857858073,0.7017017017017017,0.17217217217217218,0.5065065065065065,0.03903903903903904,0.656656656656661,0.6806806806806807,0
0.8608608608608609,0.4494494494494494,0.48648648648648724,0.5225225225225225,0.9829829829829829,0.18218218218218218,0.4444444444444444,0.03303303303303303,0.8068068068068068,0.4744744744744745,0.04104104104104104,0.36036036036036034,0.9649649649649653,1
0.17517517517517514,0.3613613613613614,0.11211211211211211,0.2022022022022022,0.8918918918918919,0.024024024024024024,0.9169169169169169,0.5665665665665666,0.6216216216216216,0.08808808808808809,0.06806806806806806,0.14214214214214213,0.4194194194194194,0
0.23023023023023023,0.8468468468468469,0.3403403403403402,0.9779779779779779,0.5405405405405406,0.38038038038038025,0.8258258258258259,0.5315315315315315,0.26426426426426425,0.6206206206206206,0.05105105105105105,0.884884884884885,0.795795795795796,1
0.45845845845845845,0.7417417417417418,0.08608608608608609,0.7247247247247247,0.8348348348348348,0.5225225225225225,0.2552552552552553,0.03003003003003003,0.5005005005005004,0.6066066066066066,0.3983983983983984,0.34434434434434436,0.7827827827827828,1
0.2032032032032032,0.08508508508508508,0.6876876876876855,0.6306306306306306,0.8978978978978978,0.8998998998998999,0.5835835835835835,0.1841841841841842,0.91991991991992,0.5725725725725725,0.4674674674674673,0.057057057057057055,0.7677677677677678,1
0.7027027027027027,0.8088088088088088,0.5205205205205206,0.3333333333333333,0.9009009009009009,0.11711711711711711,0.5805805805805806,0.24224224224224225,0.4034034034034034,0.958958958958959,0.022022022022022022,0.4184184184184184,0.8758758758758759,1
0.07307307307307308,0.5495495495495496,0.22322322322322322,0.7957957957957957,0.057057057057057055,0.8548548548548572,0.955955955955956,0.9629629629629629,0.9429429429429429,0.2172172172172172,0.8028028028028028,0.8238238238238238,0.04204204204204204,1
0.16716716716716717,0.6796796796796797,0.34534534534534533,0.8728728728728729,0.986986986986987,0.3943943943943944,0.6856856856856857,0.03403403403403403,0.3963963963963964,0.6776776776776775,0.2802802802802803,0.13313313313313313,0.8258258258258259,1
0.5995995995995996,0.35235235235235235,0.5105105105105103,0.5555555555555556,0.950950950950951,0.7167167167167167,0.5915915915915916,0.45945945945945943,0.7037037037037037,0.45645645645645644,0.9209209209209209,0.8978978978978948,0.23923923923923923,1
0.22422422422422422,0.34034034034034033,0.6326326326326326,0.6996996996996997,0.12812812812812813,0.8298298298298298,0.8658658658658659,0.8488488488488488,0.3363363363363368,0.1871871871871872,0.8868868868868869,0.6526526526526526,0.028028028028028028,1
0.4824824824824825,0.08708708708708712,0.7077077077077054,0.7117117117117117,0.980980980980981,0.2042042042042042,0.011011011011011011,0.8658658658658659,0.001001001001001001,0.0920920920920921,0.6286286286286287,0.3013013013013013,0.14814814814814814,1
0.3743743743743744,0.07607607607607608,0.9029029029029029,0.5195195195195195,0.884884884884885,0.7727727727727728,0.6886886886886887,0.5845845845845846,0.6536536536536537,0.7917917917917918,0.9079079079079078,0.15515515515515516,0.3363363363363363,1
0.7867867867867868,0.3893893893893894,0.6446446446446447,0.6626626626626626,0.6866866866866871,0.05105105105105105,0.06906906906906907,0.98998998998999,0.014014014014014014,0.44744744744744736,0.6626626626626627,0.5345345345345345,0.42042042042042044,1
0.3153153153153153,0.3763763763763764,0.8988988988988988,0.36736736736736736,0.45345345345345345,0.0990990990990991,0.6906906906906903,0.4754754754754755,0.013013013013013013,0.11011011011011011,0.3733733733733734,0.04004004004004004,0.5925925925925926,1
0.5405405405405406,0.16316316316316315,0.7557557557557557,0.16516516516516513,0.36436436436436437,0.12912912912912913,0.39539539539539537,0.9519519519519519,0.1601601601601601,0.04904904904904905,0.98998998998999,0.12412412412412413,0.5305305305305306,1
0.18218218218218218,0.7677677677677677,0.38238238238238237,0.3863863863863864,0.08408408408408415,0.6186186186186187,0.9019019019019019,0.9319319319319319,0.6676676676676676,0.5625625625625625,0.7687687687687688,0.7997997997997998,0.4794794794794795,1
0.7837837837837838,0.007007007007007007,0.5815815815815816,0.18518518518518517,0.7877877877877872,0.6716716716716716,0.13213213213213212,0.7397397397397397,0.8538538538538538,0.001001001001001001,0.954954954954955,0.5945945945945946,0.01901901901901902,1
0.37737737737737737,0.3713713713713714,0.25625625625625625,0.965965965965966,0.3973973973973974,0.8168168168168168,0.5375375375375375,0.5675675675675675,0.3783783783783784,0.1961961961961962,0.7327327327327328,0.6206206206206206,0.6346346346346347,1
0.9849849849849855,0.9259259259259259,0.05905905905905906,0.7767767767767768,0.3663663663663664,0.17217217217217218,0.028028028028028028,0.4244244244244244,0.5775775775775776,0.933933933933934,0.15315315315315314,0.7447447447447447,0.9239239239239241,1
0.15415415415415415,0.8828828828828829,0.5215215215215215,0.1641641641641642,0.14214214214214213,0.6016016016016016,0.933933933933934,0.6116116116116116,0.8278278278278278,0.5695695695695696,0.8468468468468469,0.9179179179179178,0.7157157157157157,1
0.45545545545545546,0.1831831831831832,0.4244244244244244,0.29929929929929927,0.1921921921921922,0.994994994994992,0.22022022022022023,0.7367367367367368,0.2962962962962963,0.3183183183183183,0.8498498498498499,0.5555555555555556,0.5045045045045046,1
0.8998998998998999,0.16016016016016016,0.3883883883883884,0.6516516516516516,0.7077077077077076,0.5765765765765766,0.5115115115115115,0.45145145145145144,0.943943943943944,0.035035035035035036,0.6006006006006006,0.8368368368368369,0.15415415415415415,1
0.953953953953954,0.3683683683683684,0.96996996996997,0.4174174174174174,0.7447447447447447,0.4344344344344344,0.007007007007007007,0.005005005005005005,0.7537537537537538,0.6996996996996997,0.43043043043043044,0.45045045045045046,0.7127127127127127,1
0.36236236236236236,0.32232232232232233,0.9779779779779779,0.8278278278278278,0.49149149149149157,0.3533533533533534,0.14914914914914915,0.48848848848848847,0.037037037037037035,0.42342342342342343,0.4244244244244244,0.4904904904904905,0.6256256256256256,1
0.6356356356356356,0.26626626626626626,0.7347347347347347,0.3793793793793794,0.6836836836836837,0.07907907907907907,0.45345345345345345,0.7927927927927928,0.14514514514514515,0.2602602602602603,0.8668668668668669,0.24524524524524524,0.1871871871871872,1
0.4924924924924925,0.3833833833833834,0.24424424424424424,0.33933933933933935,0.45145145145145144,0.4364364364364364,0.37537537537537236,0.46246246246246253,0.8368368368368369,0.8218218218218218,0.005005005005005005,0.13213213213213212,0.9469469469469469,1
0.6166166166166166,0.22822822822822822,0.4644644644644645,0.22322322322322322,0.6636636636636637,0.8658658658658659,0.5515515515515516,0.5545545545545546,0.36236236236236236,0.33233233233233234,0.8188188188188188,0.6336336336336337,0.32932932932932935,1
0.45645645645645644,0.8028028028028028,0.13513513513513514,0.5745745745745746,0.2972972972972973,0.5585585585585585,0.5975975975975976,0.7657657657657657,0.23223223223223224,0.6296296296296297,0.14014014014014015,0.9009009009009009,0.7687687687687688,1
0.6636636636636637,0.6306306306306306,0.47147147147147145,0.3063063063063063,0.91991991991992,0.23223223223223222,0.5555555555555556,0.1651651651651651,0.6696696696696697,0.7957957957957957,0.07007007007007007,0.30930930930930933,0.92992992992993,1
0.2082082082082082,0.9949949949949949,0.4444444444444444,0.41041041041041043,0.03003003003003003,0.3923923923923924,0.9059059059059059,0.38738738738738737,0.46846846846846846,0.6116116116116116,0.8538538538538538,0.92992992992993,0.943943943943944,1
0.9529529529529529,0.1061061061061061,0.5115115115115115,0.03803803803803804,0.7527527527527528,0.10010010010010009,0.5995995995995996,0.958958958958959,0.24124124124124124,0.1091091091091091,0.9579579579579576,0.1971971971971972,0.043043043043043044,1
0.8168168168168168,0.44244244244244246,0.1881881881881882,0.6876876876876876,0.4624624624624757,0.7867867867867868,0.5435435435435435,0.9329329329329329,0.0920920920920921,0.5495495495495496,0.3123123123123123,0.7817817817817818,0.5325325325325325,1
0.8798798798798799,0.9379379379379367,0.43043043043043044,0.9619619619619619,0.963963963963964,0.1021021021021021,0.5965965965965966,0.1981981981981982,0.4194194194194194,0.9879879879879879,0.15715715715715717,0.6396396396396397,0.9219219219219219,1
0.3173173173173173,0.1991991991991992,0.9139139139139142,0.10810810810810811,0.27627627627627627,0.42842842842842843,0.44544544544544545,0.6716716716716716,0.2182182182182182,0.3733733733733734,0.2732732732732733,0.3863863863863864,0.7907907907907907,1
0.02102102102102102,0.8608608608608609,0.43743743743743746,0.9209209209209209,0.11011011011011011,0.5535535535535535,0.93993993993994,0.3933933933933934,0.6266266266266266,0.15115115115115116,0.4394394394394394,0.8528528528528528,0.15815815815815815,1
0.8278278278278278,0.16916916916916916,0.8958958958958959,0.8288288288288288,0.8198198198198198,0.4274274274274275,0.46546546546546547,0.26926926926926925,0.960960960960961,0.7367367367367368,0.49149149149149157,0.4174174174174174,0.26226226226226224,1
0.23723723723723725,0.6526526526526526,0.06106106106106106,0.6236236236236237,0.4904904904904905,0.6816816816816816,0.6926926926926927,0.7167167167167167,0.24524524524524524,0.2862862862862863,0.9239239239239239,0.6766766766766769,0.8558558558558559,0
0.7787787787787788,0.3213213213213213,0.8368368368368369,0.5435435435435435,0.4344344344344344,0.2412412412412413,0.7597597597597597,0.7077077077077076,0.005005005005005005,0.11911911911911911,0.7697697697697697,0.2682682682682683,0.2772772772772773,1
0.002002002002002002,0.3793793793793794,0.6706706706706707,0.5485485485485485,0.6146146146146146,0.9059059059059059,0.963963963963964,0.8448448448448448,0.6866866866866868,0.9819819819819819,0.5185185185185185,0.12312312312312411,0.6776776776776753,0
0.6586586586586587,0.03203203203203203,0.8618618618618619,0.6246246246246246,0.5815815815815816,0.3083083083083083,0.5895895895895896,0.8428428428428428,0.0940940940940941,0.029029029029029027,0.5205205205205206,0.036036036036036036,0.6886886886886887,1
0.4364364364364364,0.1931931931931932,0.5615615615615616,0.3403403403403403,0.7607607607607606,0.4574574574574575,0.7757757757757757,0.0990990990990991,0.7227227227227228,0.7277277277277275,0.008008008008008008,0.001001001001001001,0.5315315315315315,1
0.975975975975976,0.3083083083083083,0.9669669669669669,0.21621621621621623,0.7387387387387387,0.8438438438438438,0.34534534534534533,0.15515515515515516,0.3933933933933934,0.7547547547547547,0.9129129129129129,0.7007007007007006,0.04904904904904905,1
0.9449449449449454,0.005005005005005005,0.6716716716716716,0.27927927927927926,0.984984984984985,0.3063063063063063,0.26426426426426425,0.9829829829829829,0.14714714714714713,0.07807807807807808,0.5645645645645646,0.13813813813813813,0.3563563563563564,1
0.3133133133133133,0.5585585585585585,0.6416416416416416,0.17117117117117117,0.07707707707707707,0.7407407407407404,0.7767767767767768,0.9289289289289384,0.16816816816816818,0.5455455455455456,0.6586586586586587,0.5585585585585585,0.6896896896896897,1
0.36936936936936937,0.6666666666666667,0.4674674674674675,0.95995995995996,0.24224224224224225,0.5905905905905906,0.35035035035035017,0.6026026026026026,0.6586586586586587,0.6106106106106106,0.1881881881881882,0.8828828828828829,0.6526526526526526,1
0.08408408408408413,0.9359359359359359,0.1041041041041041,0.08608608608608609,0.03203203203203203,0.6256256256256256,0.994994994994995,0.943943943943944,0.9229229229229229,0.43843843843843844,0.7587587587587588,0.974974974974974,0.3123123123123123,1
0.8258258258258259,0.9009009009009009,0.26126126126126126,0.24124124124124124,0.6656656656656657,0.1041041041041041,0.3533533533533533,0.1091091091091091,0.8198198198198198,0.7657657657657657,0.17717717717717718,0.5825825825825826,0.9529529529529529,1
0.7407407407407404,0.2062062062062062,0.7217217217217217,0.1871871871871872,0.2802802802802803,0.26426426426426425,0.22322322322322322,0.8968968968968969,0.5565565565565566,0.3993993993993994,0.3923923923923924,0.5805805805805806,0.49249249249249255,1
0.6546546546546547,0.2032032032032032,0.24524524524524524,0.4954954954954955,0.7017017017017017,0.46846846846846846,0.14814814814814814,0.9219219219219219,0.5525525525525525,0.19119119119119118,0.5585585585585585,0.8388388388388388,0.28128128128128127,1
0.15815815815815815,0.7217217217217217,0.3803803803803803,0.8188188188188188,0.17117117117117117,0.7827827827827828,0.8598598598598607,0.5325325325325325,0.8808808808808809,0.4164164164164164,0.7617617617617618,0.8718718718718719,0.2502502502502503,1
0.6196196196196196,0.11311311311311312,0.958958958958959,0.18218218218218218,0.8188188188188188,0.3013013013013013,0.40040040040040037,0.41541541541541543,0.2112112112112112,0.3363363363363363,0.48148148148148145,0.28128128128128127,0.3383383383383385,1
0.013013013013013013,0.6506506506506505,0.05305305305305305,0.44644644644644643,0.04604604604604605,0.7487487487487487,0.9619619619619619,0.93993993993994,0.6956956956956957,0.03303303303303303,0.33333333333333354,0.7677677677677677,0.03203203203203203,1
0.6006006006006006,0.6616616616616616,0.3813813813813814,0.8168168168168168,0.8928928928928929,0.35235235235235235,0.47047047047047047,0.25125125125125125,0.5315315315315315,0.9039039039039038,0.2272272272272272,0.23923923923923923,0.8868868868868869,1
0.06706706706706707,0.9329329329329329,0.45045045045045046,0.7537537537537538,0.14814814814814814,0.47247247247247276,0.984984984984986,0.6646646646646647,0.8898898898898899,0.5245245245245245,0.8798798798798799,0.96996996996997,0.38238238238238237,1
0.5175175175175175,0.6346346346346347,0.45545545545545546,0.5175175175175175,0.6096096096096096,0.7397397397397397,0.33733733733733734,0.17117117117117117,0.6466466466466467,0.955955955955956,0.45045045045045046,0.3163163163163163,0.35535535535535534,1
0.9519519519519519,0.3103103103103103,0.9459459459459459,0.5465465465465466,0.9249249249249252,0.18518518518518517,0.7517517517517518,0.3163163163163163,0.0,0.3943943943943944,0.38538538538538514,0.18618618618618618,0.08708708708708708,1
0.8288288288288288,0.45645645645645644,0.4264264264264264,0.23023023023023023,0.27127127127127126,0.8508508508508509,0.33933933933933935,0.9529529529529529,0.5135135135135135,0.6396396396396397,0.16116116116116116,0.991991991991992,0.35435435435435436,1
0.022022022022022022,0.4894894894894895,0.3783783783783784,0.19519519519519518,0.18218218218218218,0.8028028028028028,0.9249249249249251,0.8908908908908909,0.7737737737737738,0.24624624624624636,0.6816816816816816,0.8068068068068068,0.07507507507507508,1
0.14014014014014015,0.4034034034034034,0.44744744744744475,0.09009009009009009,0.975975975975976,0.037037037037037035,0.970970970970971,0.45645645645645644,0.2652652652652653,0.3433433433433433,0.16716716716716717,0.03403403403403403,0.6546546546546547,0
0.06806806806806806,0.9099099099099099,0.19519519519519518,0.13113113113113112,0.03403403403403403,0.7677677677677677,0.8008008008008007,0.3783783783783784,0.5765765765765766,0.2782782782782783,0.1971971971971972,0.7367367367367368,0.913913913913914,1
0.8638638638638638,0.22922922922922923,0.2972972972972973,0.4804804804804805,0.2752752752752753,0.9829829829829928,0.4804804804804805,0.3913913913913914,0.7437437437437437,0.3933933933933934,0.6196196196196196,0.5915915915915916,0.3913913913913914,1
0.6806806806806807,0.11811811811811822,0.5535535535535535,0.6166166166166166,0.6726726726726728,0.16916916916916916,0.5265265265265265,0.978978978978979,0.1781781781781782,0.17617617617617617,0.7567567567567568,0.20520520520520522,0.4024024024024024,1
0.9099099099099099,0.09109109109109109,0.12312312312312317,0.6096096096096096,0.7887887887887888,0.6006006006006006,0.15415415415415415,0.9349349349349348,0.45545545545545546,0.20020020020020018,0.5955955955955956,0.6756756756756757,0.16516516516516516,1
0.5605605605605606,0.5045045045045049,0.8418418418418419,0.5595595595595596,0.26926926926926925,0.8958958958958959,0.27927927927927926,0.0940940940940941,0.3813813813813814,0.7417417417417418,0.6416416416416416,0.39039039039039036,0.5975975975975976,1
0.7177177177177163,0.5755755755755756,0.12712712712712712,0.5205205205205206,0.991991991991992,0.3663663663663664,0.5675675675675675,0.4934934934934935,0.9529529529529529,0.47647647647647645,0.6846846846846847,0.9829829829829829,0.4174174174174174,1
0.6936936936936937,0.017017017017017015,0.983983983983984,0.15215215215215216,0.8058058058058059,0.1881881881881882,0.21621621621621623,0.47147147147147145,0.1881881881881882,0.028028028028028028,0.34534534534534533,0.017017017017017015,0.6156156156156156,1
0.7187187187187187,0.10710710710710711,0.9179179179179179,0.15715715715715717,0.96996996996997,0.7507507507507504,0.1021021021021021,0.25425425425425424,0.7297297297297297,0.7907907907907907,0.8908908908908909,0.38738738738738737,0.34334334334334343,1
0.23623623623623624,0.3133133133133133,0.6776776776776777,0.8388388388388388,0.7517517517517518,0.8158158158158159,0.5845845845845846,0.24324324324324334,0.7567567567567568,0.7617617617617618,0.7707707707707704,0.2702702702702703,0.4034034034034034,1
0.4114114114114114,0.17317317317317318,0.9149149149149146,0.7867867867867868,0.6346346346346347,0.8528528528528528,0.6946946946946947,0.27127127127127126,0.4694694694694695,0.6426426426426426,0.6946946946946947,0.31431431431431434,0.1831831831831832,1
0.058058058058058054,0.6816816816816816,0.8818818818818819,0.11411411411411411,0.4394394394394394,0.4164164164164164,0.960960960960961,0.6346346346346347,0.17517517517517514,0.3843843843843844,0.9429429429429429,0.8028028028028028,0.11211211211211211,1
0.41041041041041043,0.7107107107107107,0.07607607607607608,0.1011011011011011,0.25925925925925924,0.5835835835835835,0.6586586586586587,0.8288288288288288,0.20520520520520522,0.5175175175175175,0.13813813813813813,0.7887887887887888,0.8058058058058059,1
0.6146146146146146,0.8248248248248248,0.9239239239239239,0.22022022022022023,0.5435435435435435,0.04204204204204204,0.5925925925925926,0.22122122122122123,0.004004004004004004,0.5435435435435435,0.7597597597597597,0.3353353353353353,0.08508508508508508,1
0.24924924924924924,0.5005005005005005,0.9749749749749748,0.3073073073073073,0.27927927927927926,0.3963963963963964,0.6476476476476476,0.3863863863863864,0.13113113113113112,0.5295295295295295,0.23823823823823823,0.47047047047047047,0.8048048048048048,1
0.9249249249249253,0.970970970970971,0.35735735735735735,0.0950950950950936,0.8068068068068068,0.07107107107107107,0.1111111111111111,0.04804804804804805,0.1971971971971972,0.8608608608608609,0.05305305305305305,0.7037037037037037,0.917917917917917,1
0.12412412412412413,0.8678678678678678,0.6076076076076076,0.08108108108108109,0.2082082082082082,0.4314314314314314,0.8558558558558559,0.5195195195195195,0.1981981981981982,0.4794794794794795,0.8288288288288288,0.7797797797797797,0.5145145145145145,1
0.43843843843843844,0.3733733733733734,0.8558558558558559,0.08008008008007983,0.6706706706706704,0.028028028028028028,0.6256256256256256,0.44544544544544545,0.10010010010010009,0.2072072072072072,0.7457457457457457,0.07207207207207207,0.21621621621621626,1
0.8898898898898899,0.012012012012012012,0.44644644644644643,0.30930930930930933,0.9179179179179168,0.4244244244244244,0.05105105105105105,0.9279279279279279,0.7047047047047047,0.004004004004004004,0.9139139139139141,0.6656656656656657,0.017017017017017015,1
0.25925925925925924,0.029029029029029027,0.9119119119119119,0.7017017017017017,0.9029029029029029,0.20520520520520522,0.003003003003003003,0.7387387387387387,0.08008008008008008,0.016016016016016016,0.8438438438438438,0.08108108108108109,0.47147147147147145,1
0.7827827827827828,0.2832832832832833,0.3123123123123123,0.93993993993994,0.6796796796796797,0.5285285285285285,0.16316316316316315,0.9369369369369369,0.5945945945945946,0.45145145145145144,0.3893893893893894,0.9469469469469469,0.25225225225225223,1
0.3913913913913914,0.22622622622622623,0.5945945945945946,0.5665665665665666,0.46546546546546547,0.5875875875875876,0.5085085085085085,0.15415415415415415,0.992992992992993,0.656656656656657,0.12212212212212212,0.11811811811811813,0.6056056056056056,1
0.5935935935935935,0.17917917917917942,0.30430430430430433,0.0,0.8838838838838838,0.6096096096096096,0.23523523523523523,0.46346346346346345,0.990990990990991,0.12012012012012012,0.9349349349349348,0.8278278278278277,0.2112112112112112,1
0.3963963963963964,0.35435435435435436,0.6026026026026026,0.9059059059059059,0.9719719719719719,0.8368368368368369,0.37237237237237236,0.3173173173173173,0.5075075075075075,0.9679679679679679,0.8428428428428428,0.3113113113113113,0.27927927927927926,1
0.7937937937937938,0.34734734734734735,0.6486486486486487,0.14114114114114115,0.7147147147147147,0.5015015015015015,0.3433433433433433,0.2872872872872873,0.8528528528528528,0.9259259259259259,0.4194194194194194,0.22522522522522523,0.4844844844844845,1
0.001001001001001001,0.3813813813813814,0.8768768768768769,0.7087087087087087,0.7477477477477461,0.5395395395395395,0.914914914914915,0.9049049049049206,0.7777777777777778,0.8778778778778779,0.938938938938939,0.46146146146146144,0.7747747747747747,0
0.2022022022022022,0.7567567567567568,0.48148148148148145,0.8158158158158159,0.07107107107107107,0.7697697697697697,0.8438438438438438,0.5755755755755756,0.4924924924924925,0.23023023023023023,0.9409409409409409,0.7427427427427428,0.3283283283283283,1
0.6536536536536537,0.044044044044044044,0.36736736736736736,0.8818818818818819,0.4074074074074074,0.948948948948949,0.3583583583583584,0.6606606606606606,0.5935935935935935,0.025025025025025023,0.7817817817817818,0.4244244244244244,0.1941941941941942,1
0.5575575575575575,0.24124124124124136,0.26626626626626626,0.003003003003003003,0.2882882882882883,0.7597597597597597,0.11911911911911911,0.8988988988988988,0.6246246246246246,0.34234234234234234,0.46646646646646645,0.7957957957957957,0.42842842842842843,1
0.35235235235235235,0.5685685685685685,0.25225225225225223,0.8528528528528528,0.07007007007007007,0.9529529529529529,0.6766766766766766,0.7467467467467468,0.43243243243243246,0.4024024024024024,0.6176176176176176,0.6176176176176176,0.5445445445445447,1
0.4694694694694695,0.8778778778778767,0.5635635635635635,0.988988988988989,0.6576576576576576,0.001001001001001001,0.7607607607607605,0.01901901901901902,0.6976976976976976,0.5805805805805806,0.17917917917917997,0.08208208208208208,0.7357357357357357,1
0.9329329329329329,0.6876876876876876,0.5145145145145145,0.47347347347347346,0.4724724724724726,0.8908908908908909,0.45545545545545546,0.04504504504504504,0.6746746746746747,0.8288288288288288,0.5115115115115115,0.5975975975975976,0.39039039039039036,1
0.993993993993994,0.7477477477477475,0.32932932932932935,0.6386386386386387,0.38038038038037814,0.026026026026026026,0.1971971971971972,0.5015015015015015,0.8648648648648649,0.9119119119119119,0.03803803803803804,0.44144144144144143,0.9209209209209209,1
0.5885885885885885,0.5525525525525525,0.0970970970970971,0.8028028028028028,0.8938938938938938,0.4894894894894895,0.6066066066066066,0.5615615615615616,0.7417417417417418,0.49149149149149196,0.44344344344344344,0.8798798798798799,0.6196196196196196,1
0.8848848848848851,0.3303303303303303,0.7647647647647647,0.07307307307307308,0.4794794794794795,0.5935935935935935,0.34934934934934936,0.04104104104104104,0.7427427427427428,0.6386386386386387,0.20520520520520522,0.22622622622622626,0.7037037037037037,1
0.6266266266266266,0.955955955955956,0.2122122122122122,0.8718718718718719,0.15915915915915915,0.029029029029029027,0.1011011011011011,0.08408408408408412,0.6706706706706658,0.5675675675675675,0.3313313313313314,0.28428428428428426,0.8978978978978976,1
0.4174174174174174,0.23823823823823823,0.4044044044044044,0.7047047047047047,0.7557557557557557,0.5035035035035035,0.5885885885885885,0.4214214214214214,0.9149149149149147,0.8548548548548549,0.19519519519519518,0.022022022022022022,0.9279279279279277,1
0.6156156156156156,0.6326326326326326,0.1931931931931932,0.6316316316316316,0.3813813813813814,0.27927927927927926,0.36236236236236236,0.2682682682682683,0.7287287287287287,0.7337337337337337,0.024024024024024024,0.1941941941941942,0.8408408408408409,1
0.44544544544544545,0.9449449449449451,0.2222222222222222,0.3483483483483483,0.26726726726726724,0.04704704704704705,0.30430430430430433,0.17717717717717718,0.6486486486486487,0.7187187187187187,0.2772772772772773,0.34134134134134136,0.8998998998998999,1
0.5815815815815816,0.985985985985986,0.1991991991991992,0.8588588588588588,0.8558558558558559,0.13313313313313313,0.12312312312312312,0.04904904904904905,0.1031031031031031,0.9029029029029029,0.0980980980980981,0.7287287287287287,0.8678678678678677,1
0.1921921921921922,0.6286286286286287,0.12012012012012012,0.08308308308308308,0.978978978978979,0.6586586586586587,0.6366366366366366,0.1881881881881882,0.31931931931931934,0.8898898898898899,0.0920920920920921,0.3363363363363363,0.7467467467467468,1
0.7107107107107107,0.2862862862862863,0.2932932932932933,0.4134134134134134,0.6126126126126126,0.42542542542542544,0.23223223223223222,0.91991991991992,0.45045045045045046,0.3683683683683684,0.25725725725725723,0.8618618618618619,0.3063063063063063,1
0.46146146146146144,0.5075075075075075,0.16016016016016016,0.35735735735735735,0.988988988988989,0.13513513513513514,0.02702702702702703,0.991991991991992,0.7177177177177176,0.45545545545545546,0.7357357357357357,0.997997997997998,0.3023023023023023,1
0.3713713713713714,0.8788788788788788,0.47047047047047047,0.5265265265265265,0.965965965965966,0.13813813813813813,0.4894894894894895,0.11711711711711711,0.3183183183183183,0.8588588588588588,0.13013013013013014,0.4964964964964965,0.980980980980981,1
0.7907907907907907,0.1961961961961962,0.17517517517517517,0.07907907907907907,0.4944944944944945,0.7187187187187187,0.25325325325325326,0.8088088088088088,0.46146146146146144,0.23923923923923923,0.6156156156156156,0.6436436436436437,0.4164164164164164,1
0.5965965965965966,0.24624624624624625,0.9329329329329329,0.7807807807807807,0.6176176176176176,0.5825825825825826,0.14214214214214213,0.0920920920920921,0.5455455455455456,0.696696696696697,0.35735735735735735,0.12712712712712712,0.7087087087087087,1
0.5365365365365365,0.27627627627627627,0.23823823823823823,0.7337337337337337,0.4674674674674675,0.96996996996997,0.4964964964964965,0.6056056056056056,0.4074074074074074,0.45745745745745736,0.6776776776776777,0.5995995995995996,0.5335335335335335,1
0.4214214214214214,0.7727727727727728,0.8848848848848851,0.7627627627627628,0.04904904904904905,0.9849849849849851,0.6966966966966966,0.7957957957957957,0.19019019019019018,0.8438438438438438,0.017017017017017015,0.995995995995996,0.5545545545545546,0
0.6786786786786787,0.980980980980981,0.2132132132132132,0.8138138138138138,0.5175175175175175,0.1941941941941942,0.03803803803803804,0.25925925925925924,0.27427427427427425,0.943943943943944,0.33733733733733734,0.6796796796796797,1.0,1
0.8228228228228228,0.026026026026026026,0.6266266266266266,0.8408408408408409,0.8878878878878876,0.9479479479479475,0.40540540540540543,0.6786786786786787,0.8358358358358359,0.1041041041041041,0.9009009009009009,0.7987987987987988,0.02702702702702703,1
0.6426426426426426,0.2962962962962963,0.18618618618618618,0.6956956956956957,0.5255255255255256,0.7857857857857858,0.3663663663663664,0.7867867867867868,0.6636636636636637,0.24424424424424424,0.6766766766766775,0.8688688688688688,0.4424424424424425,1
0.48348348348348347,0.98998998998999,0.16316316316316315,0.7257257257257257,0.2092092092092092,0.008008008008008008,0.2702702702702703,0.1031031031031031,0.44344344344344344,0.7387387387387387,0.6376376376376376,0.3803803803803803,0.8248248248248248,1
0.17717717717717718,0.8198198198198198,0.5545545545545546,0.32232232232232233,0.1091091091091091,0.6936936936936937,0.8228228228228228,0.4324324324324327,0.11511511511511512,0.09009009009009009,0.965965965965966,0.6946946946946947,0.36336336336336333,1
0.9169169169169169,0.991991991991992,0.14214214214214213,0.5625625625625625,0.47147147147147145,0.0,0.22622622622622623,0.029029029029029027,0.7317317317317317,0.6526526526526526,0.5065065065065065,0.7267267267267267,0.9109109109109109,1
0.33433433433433435,0.3483483483483493,0.34434434434434436,0.49749749749749744,0.1981981981981982,0.6756756756756757,0.2122122122122122,0.7057057057057057,0.5425425425425425,0.18518518518518517,0.47047047047047047,0.6716716716716716,0.6126126126126126,1
0.4754754754754755,0.11411411411411411,0.8888888888888888,0.17317317317317318,0.7227227227227228,0.0890890890890891,0.12512512512512514,0.7607607607607598,0.045045045045045015,0.16716716716716717,0.16316316316316315,0.1111111111111111,0.6826826826826827,1
0.24424424424424424,0.8518518518518519,0.45945945945945943,0.7817817817817818,0.0940940940940941,0.7617617617617618,0.7907907907907907,0.4804804804804805,0.1741741741741742,0.34434434434434436,0.8648648648648652,0.7297297297297297,0.5895895895895896,1
0.4164164164164164,0.7187187187187187,0.12912912912912913,0.4674674674674675,0.6936936936936937,0.33433433433433435,0.3803803803803797,0.035035035035035036,0.7147147147147147,0.48348348348348347,0.3813813813813814,0.21621621621621634,0.7847847847847848,1
0.7157157157157157,0.7747747747747747,0.7677677677677677,0.963963963963964,0.5875875875875876,0.06106106106106106,0.22522522522522523,0.5905905905905906,0.15315315315315314,0.7787787787787788,0.3063063063063063,0.6986986986986987,0.3073073073073073,1
0.15015015015015015,0.5715715715715716,0.1871871871871872,0.6786786786786787,0.043043043043043044,0.8858858858858859,0.7967967967967968,0.8718718718718719,0.7847847847847848,0.26226226226226224,0.5395395395395397,0.6676676676676677,0.4114114114114114,1
0.6916916916916916,0.2932932932932933,0.7467467467467468,0.5005005005005004,0.2922922922922923,0.13013013013013014,0.48648648648648657,0.7107107107107107,0.6516516516516516,0.5025025025025025,0.35935935935935936,0.27227227227227235,0.6446446446446447,1
0.03303303303303303,0.6756756756756757,0.3503503503503503,0.26226226226226224,0.13213213213213212,0.6856856856856857,0.9719719719719719,0.7377377377377378,0.8468468468468469,0.16116116116116116,0.6046046046046046,0.8858858858858859,0.024024024024024024,1
0.14814814814814814,0.7797797797797797,0.23023023023023023,0.062062062062062065,0.18518518518518517,0.8088088088088088,0.8148148148148148,0.47847847847847846,0.6876876876876876,0.4074074074074074,0.6666666666666667,0.8518518518518519,0.5425425425425425,1
0.5185185185185185,0.01901901901901902,0.6866866866866964,0.6896896896896897,0.95995995995996,0.3023023023023023,0.0970970970970971,0.9779779779779779,0.2862862862862863,0.13213213213213212,0.7547547547547547,0.4124124124124124,0.34734734734734735,1
0.7517517517517518,0.3993993993993994,0.0920920920920921,0.21921921921921922,0.6776776776776777,0.45045045045045046,0.3843843843843844,0.5165165165165165,0.5975975975975976,0.08608608608608609,0.8598598598598599,0.6556556556556556,0.6096096096096096,1
0.12212212212212212,0.7277277277277273,0.4184184184184184,0.5575575575575575,0.17917917917917917,0.7247247247247247,0.9209209209209209,0.7067067067067067,0.2872872872872873,0.14114114114114115,0.968968968968969,0.8318318318318318,0.16016016016016016,1
0.02002002002002002,0.6336336336336337,0.015015015015015015,0.6036036036036035,0.06406406406406406,0.8928928928928929,0.9359359359359359,0.7947947947947948,0.9009009009009009,0.023023023023023025,0.2862862862862863,0.8128128128128128,0.037037037037037035,1
0.06406406406406406,0.8258258258258259,0.32232232232232233,0.05405405405405406,0.06506506506506507,0.5845845845845846,0.8668668668668669,0.6636636636636637,0.6796796796796797,0.3203203203203203,0.32232232232232233,0.7377377377377378,0.5885885885885885,1
0.5465465465465466,0.2022022022022022,0.7227227227227228,0.9069069069069069,0.7277277277277278,0.9019019019019019,0.6046046046046046,0.2862862862862863,0.7137137137137137,0.7977977977977907,0.4994994994994995,0.2952952952952953,0.48248248248248343,1
0.5785785785785785,0.09309309309309309,0.985985985985986,0.7147147147147147,0.6256256256256256,0.3213213213213213,0.46146146146146144,0.3833833833833834,0.13413413413413414,0.12112112112112113,0.5455455455455456,0.1091091091091091,0.4994994994994995,1
0.07807807807807808,0.5705705705705706,0.4014014014014014,0.996996996996997,0.036036036036036036,0.8118118118118118,0.7067067067067072,0.7637637637637638,0.5655655655655656,0.16016016016016008,0.4184184184184184,0.5215215215215215,0.7997997997997998,1
0.8928928928928929,0.8278278278278278,0.13713713713713713,0.38038038038037997,0.7547547547547547,0.18618618618618618,0.27427427427427425,0.16316316316316315,0.7727727727727728,0.7167167167167168,0.32032032032032026,0.5305305305305306,0.8528528528528528,1
0.5455455455455456,0.7497497497497497,0.056056056056056056,0.7137137137137137,0.5965965965965966,0.34734734734734735,0.023023023023023025,0.1891891891891892,0.6886886886886887,0.4754754754754755,0.5285285285285285,0.4744744744744745,0.9879879879879879,1
0.8528528528528528,0.4944944944944945,0.9279279279279279,0.0940940940940941,0.6026026026026026,0.5185185185185185,0.03003003003003003,0.03803803803803804,0.42342342342342343,0.8088088088088088,0.5655655655655656,0.4804804804804805,0.1981981981981982,1
0.985985985985986,0.6956956956956957,0.1021021021021021,0.5065065065065065,0.25725725725725723,0.1011011011011011,0.07607607607607608,0.13213213213213212,0.9679679679679679,0.36436436436436437,0.21421421421421422,0.35135135135135137,0.8818818818818819,1
0.7977977977977977,0.4264264264264264,0.3383383383383383,0.5925925925925926,0.7867867867867868,0.9319319319319319,0.6486486486486487,0.4034034034034034,0.9139139139139143,0.5085085085085085,0.7957957957957958,0.9579579579579579,0.3113113113113113,1
0.7687687687687688,0.4844844844844845,0.9099099099099099,0.4314314314314314,0.7207207207207207,0.3433433433433433,0.7497497497497497,0.23323323323323322,0.07207207207207207,0.5485485485485485,0.5545545545545546,0.4164164164164164,0.11711711711711711,1
0.6626626626626626,0.3913913913913914,0.27227227227227374,0.11211211211211211,0.7587587587587588,0.3793793793793794,0.4754754754754755,0.5965965965965966,0.8938938938938938,0.9179179179179179,0.0890890890890891,0.2092092092092092,0.9519519519519519,1
0.9189189189189195,0.3923923923923924,0.8548548548548548,0.3023023023023023,0.4224224224224224,0.26926926926926925,0.5545545545545546,0.36036036036036,0.7687687687687688,0.8688688688688688,0.4544544544544544,0.16516516516516516,0.5185185185185185,1
0.7067067067067067,0.46646646646646645,0.6626626626626627,0.3363363363363363,0.2902902902902903,0.5215215215215215,0.35535535535535534,0.17217217217217218,0.8908908908908909,0.8428428428428428,0.18018018018017884,0.2962962962962963,0.2702702702702703,1
0.6496496496496497,0.6886886886886887,0.37237237237237236,0.32732732732732733,0.9019019019019019,0.2962962962962963,0.33333333333333337,0.15115115115115116,0.3943943943943944,0.7847847847847848,0.21021021021021022,0.29429429429429427,0.8198198198198198,1
0.36336336336336333,0.08008008008008008,0.9129129129129129,0.970970970970971,0.7747747747747747,0.6736736736736737,0.6306306306306306,0.3943943943943944,0.7377377377377378,0.6886886886886887,0.5975975975975976,0.19119119119119118,0.12112112112112113,1
0.7947947947947948,0.6246246246246246,0.2922922922922923,0.14614614614614616,0.8048048048048048,0.7177177177177175,0.6556556556556556,0.3743743743743744,0.8328328328328328,0.5315315315315315,0.7797797797797797,0.965965965965966,0.4944944944944945,1
0.2882882882882883,0.15615615615615616,0.9049049049049055,0.39039039039039036,0.36736736736736736,0.25825825825825827,0.32432432432432434,0.5345345345345345,0.18018018018018014,0.14414414414414414,0.3843843843843844,0.07507507507507508,0.7047047047047047,1
0.4034034034034034,0.8838838838838838,0.08408408408408408,0.33033033033033016,0.5365365365365365,0.32332332332332353,0.13913913913913914,0.3383383383383383,0.4964964964964965,0.8788788788788788,0.2222222222222222,0.5475475475475475,0.95995995995996,1
0.47847847847847846,0.38238238238238237,0.998998998998999,0.48748748748748744,0.8248248248248248,0.08008008008008008,0.3013013013013013,0.3583583583583584,0.006006006006006006,0.22922922922922923,0.8708708708708709,0.37537537537537535,0.2182182182182182,1
0.4494494494494494,0.23323323323323322,0.8398398398398398,0.9719719719719719,0.7967967967967968,0.39539539539539537,0.23023023023023023,0.7187187187187187,0.044044044044044044,0.42042042042042044,0.7607607607607607,0.4954954954954955,0.4444444444444444,1
0.33633633633633664,0.12812812812812813,0.6596596596596597,0.5385385385385385,0.5455455455455456,0.6106106106106106,0.15215215215215216,0.7767767767767768,0.8868868868868869,0.037037037037037035,0.8618618618618619,0.8988988988988988,0.15215215215215216,1
0.7037037037037037,0.7227227227227228,0.7867867867867868,0.6746746746746747,0.26426426426426425,0.37037037037037035,0.0920920920920921,0.003003003003003003,0.6406406406405933,0.6796796796796797,0.30930930930930933,0.16716716716716717,0.8918918918918919,1
0.4934934934934935,0.6776776776776775,0.2112112112112112,0.6526526526526526,0.7027027027027027,0.1961961961961962,0.6496496496496497,0.02002002002002002,0.9159159159159159,0.4314314314314314,0.04004004004004004,0.2752752752752753,0.8168168168168168,1
0.8818818818818819,0.062062062062062065,0.47647647647647645,0.044044044044044044,0.3533533533533533,0.9459459459459459,0.08508508508508508,0.973973973973974,0.7457457457457457,0.39539539539539537,0.37237237237237236,0.8968968968968969,0.05405405405405406,1
0.7647647647647647,0.15915915915915915,0.8808808808808809,0.8258258258258259,0.3933933933933934,0.044044044044044044,0.11311311311311312,0.9409409409409409,0.06606606606606606,0.2922922922922923,0.13413413413413414,0.2062062062062062,0.8138138138138138,1
0.5975975975975976,0.1941941941941942,0.7527527527527528,0.15515515515515516,0.5355355355355356,0.9039039039039038,0.6446446446446447,0.2782782782782783,0.7557557557557557,0.7027027027027027,0.5315315315315315,0.3053053053053053,0.3833833833833834,1
0.1361361361361362,0.2182182182182182,0.8148148148148148,0.7977977977977978,0.33233233233233234,0.7937937937937938,0.8878878878878879,0.8278278278278273,0.6036036036036035,0.9109109109109109,0.5555555555555556,0.12912912912912913,0.2602602602602603,0
0.3793793793793794,0.6856856856856857,0.7387387387387387,0.8108108108108109,0.5925925925925926,0.2732732732732733,0.6646646646646647,0.4144144144144144,0.026026026026026026,0.46446446446446454,0.8638638638638638,0.5315315315315315,0.10010010010010009,1
0.14314314314314314,0.6656656656656657,0.3853853853853853,0.6396396396396397,0.17317317317317318,0.864864864864865,0.8088088088088088,0.5205205205205206,0.35735735735735735,0.25925925925925924,0.6186186186186187,0.7567567567567568,0.3713713713713714,1
0.8008008008008007,0.4904904904904905,0.036036036036036036,0.8198198198198198,0.3743743743743744,0.5895895895895896,0.1881881881881882,0.6816816816816816,0.7907907907907907,0.5095095095095097,0.3073073073073073,0.7317317317317319,0.6666666666666666,1
0.46546546546546547,0.2222222222222222,0.6786786786786787,0.3433433433433438,0.4754754754754755,0.2722722722722723,0.12412412412412413,0.6366366366366366,0.16716716716716717,0.35435435435435436,0.4174174174174174,0.12212212212212212,0.6246246246246246,1
0.6736736736736737,0.2802802802802803,0.8518518518518519,0.0970970970970971,0.7467467467467468,0.46246246246246314,0.48848848848848847,0.30430430430430433,0.5915915915915916,0.8068068068068068,0.7017017017017017,0.20020020020020018,0.36436436436436437,1
0.6126126126126126,0.8428428428428428,0.7067067067067077,0.7707707707707707,0.26326326326326327,0.0980980980980981,0.7507507507507505,0.48148148148148145,0.10510510510510511,0.6486486486486487,0.6516516516516516,0.45545545545545546,0.29429429429429427,1
0.03403403403403403,0.6746746746746747,0.4214214214214214,0.8578578578578577,0.4024024024024024,0.6596596596596597,0.986986986986987,0.7577577577577576,0.4744744744744745,0.14714714714714713,0.953953953953954,0.934934934934935,0.007007007007007007,1
0.9419419419419419,0.3183183183183183,0.14414414414414414,0.6086086086086087,0.9049049049049052,0.39039039039039036,0.3933933933933934,0.6516516516516516,0.8318318318318318,0.4114114114114114,0.4794794794794795,0.8448448448448448,0.24024024024024024,1
0.6236236236236237,0.7087087087087087,0.7457457457457457,0.6366366366366366,0.6426426426426426,0.5495495495495496,0.25125125125125125,0.18018018018018012,0.2062062062062062,0.9669669669669669,0.7077077077077076,0.3983983983983984,0.0960960960960961,1
0.3103103103103103,0.6076076076076076,0.6196196196196196,0.5735735735735735,0.04204204204204204,0.7717717717717718,0.6636636636636637,0.8848848848848849,0.12512512512512444,0.3163163163163163,0.972972972972973,0.45345345345345345,0.7457457457457457,1
0.968968968968969,0.44844844844844844,0.9879879879879879,0.964964964964965,0.3963963963963964,0.26326326326326327,0.004004004004004004,0.009009009009009009,0.8028028028028028,0.7007007007007007,0.26926926926926925,0.4114114114114114,0.49149149149149146,1
0.46246246246246253,0.6536536536536537,0.6176176176176176,0.48348348348348347,0.9459459459459459,0.11411411411411411,0.8608608608608609,0.06706706706706707,0.5515515515515516,0.8818818818818819,0.007007007007007007,0.0960960960960961,0.6366366366366366,1
0.7327327327327328,0.17617617617617617,0.7537537537537538,0.950950950950951,0.990990990990991,0.9159159159159159,0.5715715715715716,0.15215215215215216,0.47647647647647645,0.8578578578578578,0.3163163163163163,0.42542542542542544,0.19119119119119118,1
0.42342342342342343,0.978978978978979,0.3793793793793794,0.3233233233233247,0.3713713713713714,0.13613613613613612,0.3563563563563564,0.2522522522522523,0.19119119119119118,0.98998998998999,0.08808808808808809,0.43543543543543545,0.8808808808808809,1
0.8728728728728729,0.04104104104104104,0.7167167167167171,0.5935935935935935,0.6926926926926927,0.2862862862862863,0.7197197197197197,0.9309309309309309,0.44744744744744697,0.2222222222222222,0.6036036036036043,0.2132132132132132,0.5005005005005003,1
0.012012012012012012,0.7467467467467468,0.28128128128128127,0.14314314314314314,0.12612612612612611,0.5065065065065065,0.884884884884885,0.6406406406406406,0.8248248248248248,0.23623623623623657,0.3173173173173173,0.7547547547547547,0.46646646646646645,1
0.040040040040039214,0.8108108108108109,0.1011011011011011,0.5905905905905906,0.07407407407407407,0.8898898898898899,0.8458458458458459,0.3713713713713714,0.12012012012012012,0.26626626626626626,0.08508508508508508,0.36236236236236236,0.7667667667667668,0
0.7727727727727728,0.07307307307307308,0.7927927927927928,0.3733733733733734,0.37737737737737737,0.3053053053053053,0.5565565565565566,0.8538538538538538,0.4574574574574574,0.27427427427427425,0.35435435435435436,0.2042042042042042,0.6556556556556556,1
0.3063063063063063,0.32832832832832837,0.6096096096096096,0.12712712712712712,0.15015015015015015,1.0,0.4944944944944945,0.6806806806806805,0.3583583583583584,0.5125125125125125,0.6686686686686687,0.8178178178178168,0.5605605605605606,1
0.5115115115115115,0.4214214214214214,0.6576576576576576,0.25225225225225223,0.4934934934934935,0.14814814814814814,0.5465465465465466,0.7827827827827828,0.1691691691691692,0.3333333333333333,0.9779779779779779,0.2932932932932933,0.2882882882882883,1
0.6596596596596597,0.8528528528528528,0.057057057057057055,0.06406406406406406,0.43843843843843844,0.3133133133133133,0.09309309309309309,0.2902902902902903,0.6556556556556556,0.7607607607607606,0.11911911911911911,0.5775775775775776,0.9579579579579522,1
0.9829829829829829,0.1891891891891892,0.990990990990991,0.13413413413413414,0.7817817817817818,0.4174174174174174,0.5145145145145145,0.5225225225225225,0.6046046046046046,0.8598598598598598,0.9519519519519519,0.6386386386386387,0.001001001001001001,1
0.6436436436436437,0.7297297297297297,0.6696696696696697,0.5375375375375375,0.36536536536536507,0.21521521521521522,0.10810810810810811,0.025025025025025023,0.9479479479479478,0.8098098098098098,0.2112112112112112,0.1921921921921922,0.8108108108108109,1
0.7297297297297297,0.06906906906906907,0.7427427427427428,0.12012012012012012,0.9279279279279279,0.24224224224224225,0.06706706706706707,0.8508508508508509,0.3163163163163163,0.2982982982982983,0.6956956956956957,0.4854854854854855,0.12812812812812813,1
0.1091091091091091,0.8638638638638638,0.4794794794794795,0.10510510510510511,0.44044044044044045,0.5125125125125125,0.9569569569569569,0.5535535535535535,0.2732732732732733,0.5225225225225225,0.6746746746746747,0.923923923923924,0.25125125125125125,1
0.6706706706706705,0.91991991991992,0.5225225225225225,0.1041041041041041,0.34134134134134136,0.03303303303303303,0.7887887887887888,0.7347347347347347,0.08308308308308308,0.6546546546546547,0.986986986986987,0.6016016016016016,0.058058058058058054,1
0.04104104104104105,0.6716716716716716,0.16216216216216217,0.3783783783783784,0.0920920920920921,0.7587587587587588,0.8718718718718719,0.8298298298298298,0.5625625625625625,0.1251251251251251,0.5305305305305306,0.7357357357357357,0.3103103103103103,1
0.3503503503503503,0.03903903903903904,0.7847847847847848,0.16816816816816835,0.8658658658658659,0.32532532532532515,0.022022022022022022,0.9619619619619619,0.12112112112112113,0.2032032032032032,0.34434434434434436,0.4024024024024024,0.7507507507507507,1
0.8318318318318318,0.34634634634634637,0.7177177177177175,0.5035035035035035,0.4144144144144144,0.3163163163163163,0.8128128128128128,0.8328328328328328,0.03903903903903904,0.3813813813813814,0.5055055055055053,0.40540540540540543,0.44844844844844844,1
0.913913913913914,0.3433433433433433,0.6496496496496497,0.2012012012012012,0.992992992992993,0.2972972972972973,0.5075075075075075,0.24824824824824826,0.42742742742742745,0.9189189189189189,0.10010010010010009,0.11611611611611611,0.8908908908908909,1
0.16616616616616617,0.9579579579579579,0.031031031031031032,0.5495495495495496,0.07507507507507508,0.7007007007007003,0.9139139139139142,0.5915915915915916,0.7677677677677678,0.5205205205205206,0.3933933933933934,0.928928928928929,0.7027027027027027,0
0.7357357357357357,0.1111111111111111,0.6666666666666667,0.8378378378378377,0.6676676676676676,0.34234234234234234,0.7237237237237237,0.8408408408408409,0.2852852852852853,0.3053053053053053,0.5925925925925926,0.27127127127127126,0.30930930930930933,1
0.996996996996997,0.13613613613614328,0.9159159159159159,0.953953953953954,0.9239239239239241,0.2272272272272272,0.16916916916916916,0.32432432432432434,0.970970970970971,0.8978978978978974,0.3103103103103103,0.34334334334334343,0.30430430430430433,1
0.8308308308308309,0.07907907907907907,0.4944944944944945,0.7887887887887888,0.47647647647647645,0.9329329329329329,0.0990990990990991,0.7977977977977962,0.8838838838838838,0.2852852852852853,0.7437437437437437,0.8218218218218218,0.0940940940940941,1
0.46446446446446454,0.5675675675675675,0.25825825825825827,0.8768768768768769,0.7937937937937938,0.9269269269269269,0.7977977977977978,0.4914914914914915,0.3003003003003003,0.44144144144144143,0.8718718718718719,0.8818818818818819,0.6636636636636637,1
0.991991991991992,0.04204204204204204,0.6826826826826827,0.7557557557557557,0.970970970970971,0.15915915915915915,0.3973973973973974,0.997997997997998,0.015015015015015015,0.24124124124124124,0.3503503503503503,0.4134134134134134,0.23523523523523523,1
0.9949949949949948,0.0890890890890891,0.14914914914914915,0.07107107107107107,0.98998998998999,0.175175175175175,0.07107107107107107,0.8778778778778776,0.924924924924925,0.07907907907907907,0.5405405405405406,0.8838838838838838,0.025025025025025023,1
0.5145145145145145,0.5925925925925926,0.5585585585585585,0.5865865865865866,0.3383383383383384,0.958958958958959,0.5635635635635635,0.036036036036036036,0.4824824824824825,0.7587587587587588,0.25925925925925924,0.2502502502502503,0.7597597597597597,1
0.7997997997997998,0.5125125125125125,0.7367367367367368,0.4274274274274276,0.46046046046046046,0.7457457457457457,0.08608608608608609,0.03203203203203203,0.6986986986986987,0.7577577577577578,0.47647647647647645,0.4894894894894895,0.3613613613613614,1
0.35835835835835844,0.5435435435435435,0.9289289289289289,0.1991991991991992,0.7657657657657657,0.23323323323323322,0.03203203203203203,0.33333333333333365,0.07507507507507508,0.6166166166166166,0.5155155155155156,0.5235235235235235,0.4324324324324325,1
0.11411411411411411,0.8598598598598601,0.25525525525524884,0.9009009009009009,0.15115115115115116,0.7687687687687688,0.6266266266266266,0.13113113113113112,0.7267267267267283,0.8768768768768769,0.4144144144144144,0.08408408408408408,0.8278278278278278,1
0.5635635635635635,0.37737737737737737,0.4164164164164164,0.6566566566566566,0.5855855855855856,0.24524524524524524,0.7407407407407406,0.34134134134134136,0.9129129129129129,0.8038038038038038,0.16516516516516516,0.013013013013013013,0.6016016016016016,1
0.3563563563563564,0.8978978978978979,0.14314314314314314,0.16316316316316315,0.0990990990990991,0.5975975975975976,0.953953953953954,0.9089089089089089,0.5495495495495496,0.5385385385385385,0.988988988988989,0.9329329329329329,0.09109109109109109,1
0.7447447447447447,0.5305305305305306,0.21921921921921922,0.982982982982983,0.7257257257257257,0.5095095095095097,0.5585585585585585,0.5095095095095095,0.6896896896896897,0.5235235235235235,0.36536536536536535,0.847847847847846,0.5055055055055055,1
0.7637637637637638,0.018018018018018018,0.9619619619619619,0.3553553553553553,0.9259259259259259,0.35935935935935936,0.13513513513513514,0.6246246246246246,0.2042042042042042,0.06306306306306306,0.8078078078078076,0.2832832832832833,0.2122122122122122,1
0.8738738738738738,0.7897897897897898,0.026026026026026026,0.4944944944944945,0.3893893893893894,0.6706706706706707,0.7367367367367368,0.2132132132132132,0.7027027027027027,0.5885885885885885,0.36736736736736736,0.6166166166166166,0.8088088088088088,1
0.9109109109109109,0.7057057057057057,0.45845845845845845,0.0960960960960961,0.6136136136136137,0.09009009009009009,0.4844844844844845,0.3153153153153153,0.92992992992993,0.8738738738738738,0.1931931931931932,0.25725725725725723,0.953953953953954,1
0.955955955955956,0.6386386386386387,0.2902902902902903,0.4544544544544544,0.3033033033033033,0.2092092092092092,0.06606606606606606,0.5295295295295295,0.8758758758758759,0.8638638638638638,0.001001001001001001,0.5255255255255256,0.996996996996997,1
0.16216216216216217,0.7017017017017017,0.024024024024024024,0.968968968968969,0.11511511511511512,0.8408408408408409,0.9819819819819819,0.950950950950951,0.6686686686686687,0.15215215215215216,0.8978978978978975,0.9279279279279278,0.003003003003003003,1
0.4264264264264264,0.6546546546546547,0.5995995995995996,0.4774774774774775,0.9819819819819819,0.6066066066066066,0.07007007007007007,0.15015015015015015,0.8388388388388388,0.978978978978979,0.960960960960961,0.6036036036036043,0.2752752752752753,1
0.7897897897897898,0.5655655655655656,0.4954954954954955,0.44344344344344344,0.8628628628628628,0.1841841841841842,0.7847847847847848,0.2552552552552552,0.8428428428428428,0.9279279279279274,0.018018018018018018,0.18218218218218218,0.7517517517517518,1
0.5595595595595596,0.20520520520520522,0.3253253253253249,0.7697697697697697,0.7927927927927928,0.3733733733733734,0.45145145145145144,0.1061061061061061,0.9089089089089089,0.3263263263263263,0.04804804804804805,0.03803803803803804,0.8938938938938938,1
0.14214214214214213,0.998998998998999,0.013013013013013013,0.998998998998999,0.02702702702702703,0.4074074074074074,0.992992992992993,0.5975975975975976,0.7997997997997998,0.6226226226226226,0.7217217217217217,0.996996996996997,0.8158158158158159,1
0.04904904904904905,0.8438438438438438,0.8018018018018018,0.6046046046046046,0.34634634634634637,0.4754754754754755,0.8028028028028028,0.25325325325325326,0.26126126126126126,0.5185185185185185,0.5355355355355356,0.7557557557557557,0.8538538538538538,1
0.06306306306306306,0.8618618618618619,0.03403403403403403,0.37737737737737737,0.1031031031031031,0.5945945945945946,0.9409409409409409,0.8028028028028028,0.5175175175175175,0.11411411411411411,0.7297297297297297,0.8768768768768769,0.07607607607607608,1
0.35135135135135137,0.2772772772772773,0.5125125125125125,0.3053053053053053,0.27427427427427425,0.8558558558558559,0.4224224224224224,0.7647647647647647,0.42842842842842843,0.21021021021021022,0.5415415415415415,0.7867867867867868,0.5225225225225225,1
0.39039039039039036,0.8958958958958959,0.05105105105105105,0.2502502502502502,0.1881881881881882,0.3743743743743744,0.009009009009009009,0.44144144144144143,0.3913913913913914,0.8258258258258259,0.07707707707707707,0.53953953953954,0.997997997997998,1
0.8648648648648649,0.25725725725725723,0.5755755755755756,0.8368368368368369,0.9059059059059059,0.2012012012012012,0.7187187187187187,0.4424424424424426,0.948948948948949,0.8988988988988988,0.012012012012012012,0.1021021021021021,0.9479479479479478,1
0.5835835835835835,0.5145145145145145,0.2682682682682683,0.97997997997998,0.1891891891891892,0.8148148148148148,0.6336336336336337,0.6126126126126126,0.4934934934934935,0.34534534534534533,0.1921921921921922,0.8058058058058059,0.6746746746746747,1
0.2072072072072072,0.6966966966966966,0.5435435435435435,0.31931931931931934,0.07807807807807808,0.727727727727727,0.6936936936936937,0.4294294294294294,0.11211211211211211,0.12912912912912913,0.6146146146146146,0.5065065065065065,0.5195195195195195,1
0.47647647647647645,0.8268268268268268,0.1091091091091091,0.944944944944945,0.6586586586586587,0.30430430430430433,0.6536536536536537,0.8958958958958959,0.22122122122122123,0.6126126126126126,0.10710710710710711,0.9679679679679679,0.7737737737737738,1
0.5495495495495496,0.5335335335335335,0.8378378378378373,0.36336336336336356,0.30930930930930933,0.48848848848848847,0.6016016016016016,0.17017017017017017,0.30430430430430433,0.8128128128128128,0.27927927927927926,0.1041041041041041,0.6286286286286287,1
0.45145145145145144,0.4794794794794795,0.6976976976976976,0.6426426426426426,0.5005005005005004,0.7987987987987988,0.3763763763763764,0.2112112112112112,0.7157157157157157,0.8888888888888888,0.6076076076076076,0.4294294294294294,0.28928928928928926,1
0.9269269269269269,0.3563563563563564,0.9429429429429429,0.9319319319319319,0.8738738738738738,0.44844844844844844,0.13313313313313313,0.09509509509509509,0.5965965965965966,0.8658658658658659,0.4494494494494494,0.46446446446446504,0.36236236236236236,1
0.5735735735735735,0.854854854854855,0.4274274274274313,0.7527527527527528,0.9129129129129129,0.11211211211211211,0.5135135135135135,0.25725725725725723,0.32532532532532527,0.9409409409409409,0.1041041041041041,0.4194194194194194,0.8768768768768769,1
0.0960960960960961,0.963963963963964,0.13913913913913914,0.2972972972972973,0.029029029029029027,0.4844844844844845,0.7957957957957961,0.46446446446446443,0.2172172172172172,0.17317317317317318,0.39039039039039036,0.7017017017017017,0.8038038038038038,1
0.6226226226226226,0.6476476476476476,0.7327327327327328,0.5095095095095097,0.4134134134134134,0.1831831831831832,0.5015015015015015,0.5855855855855856,0.08408408408408408,0.48148148148148145,0.970970970970971,0.46646646646646645,0.14514514514514515,1
0.17017017017017008,0.918918918918919,0.22522522522522523,0.4064064064064064,0.035035035035035036,0.6426426426426426,0.9219219219219219,0.6526526526526526,0.8088088088088088,0.4184184184184184,0.8328328328328328,0.8998998998998999,0.26326326326326327,1
0.4954954954954955,0.47147147147147145,0.4064064064064064,0.8428428428428428,0.8858858858858859,0.2982982982982983,0.4034034034034034,0.15915915915915915,0.7347347347347347,0.6156156156156156,0.009009009009009009,0.26926926926926925,0.988988988988989,1
0.06906906906906907,0.5565565565565566,0.1981981981981982,0.8778778778778779,0.24824824824824826,0.6566566566566566,0.8078078078078078,0.6226226226226226,0.2462462462462465,0.022022022022022022,0.8418418418418419,0.6836836836836837,0.04604604604604605,1
0.008008008008008008,0.9769769769769769,0.5005005005005004,0.6986986986986987,0.14914914914914915,0.28428428428428426,0.9879879879879879,0.40540540540540543,0.5645645645645646,0.38238238238238237,0.47847847847847846,0.9479479479479478,0.29929929929929927,1
0.36736736736736736,0.4754754754754755,0.9019019019019019,0.7647647647647647,0.6606606606606601,0.14914914914914915,0.4164164164164164,0.46746746746746737,0.1011011011011011,0.4344344344344344,0.8218218218218218,0.4074074074074074,0.2912912912912913,1
0.6796796796796797,0.05905905905905906,1.0,0.4294294294294294,0.7437437437437437,0.47647647647647645,0.24924924924924924,0.1111111111111111,0.5575575575575575,0.4774774774774768,0.31931931931931934,0.10010010010010009,0.4274274274274274,1
0.46846846846846846,0.7457457457457457,0.6556556556556556,0.5395395395395395,0.5465465465465466,0.6506506506506506,0.17517517517517517,0.07707707707707707,0.6606606606606606,0.91991991991992,0.7407407407407406,0.5385385385385385,0.3503503503503502,1
0.4974974974974975,0.995995995995996,0.02702702702702703,0.7197197197197197,0.09509509509509508,0.02002002002002001,0.012012012012012012,0.34434434434434436,0.2922922922922923,0.8458458458458459,0.15515515515515516,0.7177177177177173,0.9749749749749749,1
0.9029029029029029,0.07407407407407407,0.8788788788788788,0.37237237237237236,0.943943943943944,0.4854854854854855,0.4934934934934935,0.46546546546546547,0.950950950950951,0.8538538538538538,0.5795795795795796,0.4214214214214214,0.07207207207207207,1
0.9259259259259259,0.3113113113113113,0.8468468468468469,0.18018018018018017,0.8158158158158159,0.4924924924924925,0.21421421421421422,0.02102102102102102,0.6836836836836837,0.7087087087087087,0.2072072072072072,0.27427427427427425,0.7867867867867868,1
0.2112112112112112,0.8868868868868869,0.15115115115115116,0.6776776776776777,0.6756756756756757,0.4014014014014014,0.7157157157157157,0.8188188188188188,0.2752752752752753,0.7257257257257257,0.1031031031031031,0.986986986986987,0.8288288288288288,1
0.7247247247247247,0.32732732732732733,0.3113113113113113,0.5795795795795796,0.3783783783783784,0.6216216216216216,0.3123123123123123,0.8638638638638638,0.4224224224224224,0.43543543543543545,0.2832832832832833,0.8118118118118118,0.4134134134134134,1
0.9679679679679679,0.0940940940940941,0.9089089089089089,0.25525525525525505,0.8498498498498501,0.05205205205205205,0.22422422422422422,0.85985985985986,0.16116116116116116,0.2992992992993024,0.6856856856856857,0.30430430430430433,0.2092092092092092,1
0.94994994994995,0.7487487487487487,0.5845845845845846,0.08408408408408415,0.5445445445445445,0.08608608608608609,0.5865865865865866,0.4994994994994995,0.4854854854854855,0.998998998998999,0.2012012012012012,0.07807807807807808,0.7117117117117117,1
0.7857857857857858,0.2822822822822823,0.9349349349349348,0.92992992992993,0.6186186186186187,0.7067067067067068,0.20020020020020018,0.05205205205205205,0.3893893893893894,0.6446446446446447,0.4124124124124124,0.4094094094094094,0.15015015015015015,1
0.23423423423423423,0.4224224224224224,0.014014014014014014,0.06006006006006006,0.997997997997998,0.005005005005005005,0.9179179179179179,0.5515515515515516,0.37537537537537535,0.41541541541541543,0.14714714714714713,0.01001001001001001,0.26626626626626626,0
0.17317317317317318,0.7967967967967968,0.06406406406406406,0.8988988988988988,0.056056056056056056,0.93993993993994,0.8328328328328328,0.6996996996996997,0.5905905905905906,0.33833833833833893,0.35235235235235235,0.7717717717717718,0.7497497497497497,1
0.15315315315315314,0.8328328328328328,0.3713713713713714,0.8418418418418419,0.3983983983983984,0.983983983983984,0.32232232232232233,0.012012012012012012,0.5555555555555556,0.8228228228228228,0.7517517517517518,0.4624624624624625,0.6686686686686687,1
0.3403403403403401,0.5735735735735735,0.6526526526526526,0.7837837837837838,0.5335335335335335,0.4024024024024024,0.5525525525525525,0.5215215215215215,0.07107107107107107,0.5305305305305306,0.7057057057057057,0.48648648648648646,0.2652652652652653,1
0.7397397397397397,0.5225225225225225,0.24224224224224225,0.8478478478478475,0.7057057057057057,0.8608608608608609,0.43843843843843844,0.6696696696696697,0.7927927927927928,0.6516516516516516,0.6596596596596597,0.963963963963964,0.5205205205205206,1
0.5525525525525525,0.06506506506506507,0.4754754754754755,0.2952952952952953,0.6406406406406405,0.7557557557557557,0.06306306306306306,0.7877877877877877,0.8208208208208209,0.14914914914914915,0.8948948948948933,0.6376376376376376,0.10510510510510511,1
0.07207207207207207,0.5195195195195195,0.1781781781781782,0.7387387387387387,0.11711711711711711,0.8918918918918919,0.8778778778778779,0.8568568568568569,0.42542542542542544,0.19519519519519518,0.34234234234234234,0.7187187187187187,0.07907907907907907,1
0.9179179179179179,0.4934934934934935,0.24024024024024024,0.2862862862862863,0.7987987987987988,0.15715715715715717,0.34734734734734735,0.17617617617617617,0.973973973973974,0.5105105105105099,0.037037037037037035,0.44644644644644643,0.9309309309309309,1
0.9479479479479476,0.3863863863863864,0.8038038038038038,0.30430430430430433,0.8728728728728729,0.2652652652652653,0.043043043043043044,0.1831831831831832,0.9269269269269269,0.9249249249249255,0.5165165165165165,0.3833833833833834,0.2952952952952953,1
0.2122122122122122,0.9179179179179177,0.3353353353353349,0.46346346346346345,0.6156156156156156,0.17717717717717718,0.5485485485485485,0.011011011011011011,0.19519519519519518,0.6706706706706707,0.13613613613613612,0.16216216216216217,0.6486486486486487,1
0.3083083083083083,0.7177177177177174,0.4574574574574575,0.017017017017017015,0.050050050050050046,0.8748748748748749,0.91991991991992,0.963963963963964,0.9119119119119119,0.5595595595595596,0.995995995995996,0.8708708708708709,0.34034034034034033,1
0.25625625625625625,0.1641641641641642,0.7637637637637638,0.4094094094094094,0.5555555555555556,0.6156156156156156,0.7697697697697697,0.34234234234234234,0.978978978978979,0.6896896896896897,0.3033033033033033,0.18518518518518517,0.5215215215215215,1
0.9089089089089089,0.8458458458458459,0.2042042042042042,0.25725725725725723,0.3153153153153153,0.22522522522522523,0.03903903903903904,0.24124124124124124,0.44044044044044045,0.7857857857857857,0.07507507507507508,0.47147147147147145,0.9419419419419419,1
0.6956956956956957,0.6456456456456456,0.7097097097097097,0.14714714714714713,0.34734734734734735,0.7967967967967968,0.2832832832832833,0.13013013013013014,0.25425425425425424,0.8798798798798799,0.7637637637637638,0.27627627627627627,0.6566566566566566,1
0.4854854854854855,0.42842842842842843,0.40540540540540543,0.20520520520520522,0.7117117117117117,0.8868868868868869,0.8338338338338338,0.3663663663663664,0.4144144144144144,0.3973973973973974,0.5845845845845846,0.7197197197197197,0.5645645645645646,1
0.6886886886886887,0.15215215215215216,0.27127127127127126,0.46646646646646645,0.3763763763763764,0.7257257257257257,0.2072072072072072,0.955955955955956,0.3483483483483483,0.2802802802802803,0.28128128128128127,0.7467467467467468,0.24524524524524524,1
0.983983983983984,0.12312312312312312,0.7837837837837838,0.6716716716716716,0.9269269269269269,0.01901901901901902,0.7547547547547547,0.8928928928928929,0.03203203203203203,0.07507507507507508,0.8738738738738738,0.14814814814814814,0.04004004004004004,1
0.98998998998999,0.45345345345345345,0.8728728728728729,0.49149149149149146,0.974974974974966,0.5605605605605606,0.04104104104104104,0.004004004004004004,0.6756756756756757,0.8178178178178177,0.4754754754754755,0.7147147147147147,0.20520520520520522,1
0.08708708708708708,0.9209209209209209,0.02002002002002002,0.9469469469469469,0.11411411411411411,0.7377377377377375,0.988988988988989,0.48348348348348347,0.7087087087087087,0.22122122122122156,0.2782782782782783,0.9729729729729729,0.055055055055055056,1
0.6256256256256256,0.9139139139139142,0.17617617617617617,0.16916916916916916,0.26626626626626626,0.2082082082082082,0.08808808808808809,0.10510510510510511,0.2502502502502503,0.7347347347347347,0.028028028028028028,0.4344344344344344,0.8218218218218218,1
0.6446446446446447,0.16516516516516516,0.7377377377377377,0.7847847847847848,0.6166166166166166,0.2702702702702703,0.35735735735735735,0.7157157157157157,0.3313313313313342,0.4374374374374374,0.36236236236236236,0.3743743743743744,0.3883883883883884,1
0.958958958958959,0.7147147147147147,0.7047047047047047,0.11811811811811812,0.2062062062062062,0.5165165165165165,0.6096096096096096,0.13913913913913914,0.5505505505505506,0.8848848848848849,0.25325325325325326,0.5705705705705706,0.04704704704704705,1
0.6136136136136137,0.24424424424424424,0.30930930930930933,0.8788788788788788,0.5065065065065065,0.5405405405405406,0.15715715715715717,0.9179179179179178,0.5545545545545546,0.4134134134134134,0.3113113113113113,0.8138138138138138,0.2962962962962963,1
0.6656656656656657,0.31431431431431434,0.8048048048048048,0.1111111111111111,0.48148148148148145,0.4224224224224224,0.44644644644644643,0.12312312312312354,0.8398398398398398,0.6976976976976976,0.1841841841841842,0.23823823823823823,0.25725725725725723,1
0.24124124124124124,0.44144144144144143,0.8588588588588588,0.10010010010010009,0.34434434434434436,0.43543543543543545,0.48148148148148145,0.49249249249249266,0.03003003003003003,0.3103103103103103,0.5945945945945946,0.4044044044044044,0.6186186186186187,1
0.3183183183183183,0.6586586586586587,0.7917917917917918,0.8948948948948949,0.3353353353353353,0.5465465465465466,0.1961961961961962,0.037037037037037035,0.5095095095095095,0.7117117117117117,0.7307307307307305,0.17317317317317318,0.8598598598598598,1
0.992992992992993,0.3073073073073073,0.7267267267267268,0.7367367367367368,0.995995995995996,0.1891891891891892,0.7797797797797797,0.27427427427427425,0.7597597597597597,0.985985985985986,0.04504504504504504,0.10810810810810811,0.7647647647647647,1
0.8618618618618619,0.15015015015015015,0.7907907907907907,0.96996996996997,0.8828828828828829,0.8198198198198198,0.5475475475475475,0.1041041041041041,0.6066066066066066,0.6476476476476476,0.30430430430430433,0.2982982982982983,0.43543543543543545,1
0.08008008008008008,0.5285285285285285,0.2172172172172172,0.0990990990990991,0.05205205205205205,0.8228228228228228,0.7427427427427428,0.6986986986986987,0.4014014014014014,0.036036036036036036,0.2872872872872873,0.5075075075075075,0.6166166166166166,1
0.34634634634634637,0.5115115115115115,0.93993993993994,0.958958958958959,0.42842842842842843,0.23823823823823823,0.46046046046046046,0.3533533533533534,0.016016016016016016,0.32932932932932935,0.42342342342342343,0.24324324324324323,0.5345345345345345,1
0.01701701701701702,1.0,0.001001001001001001,0.17617617617617617,0.005005005005005005,0.44044044044044045,0.995995995995996,0.1961961961961962,0.8108108108108109,0.15415415415415415,0.32432432432432434,0.998998998998999,0.8008008008008007,1
0.8718718718718719,0.13313313313313313,0.07907907907907907,0.23423423423423423,0.998998998998999,0.3913913913913914,0.2922922922922923,0.9849849849849851,0.4314314314314314,0.13013013013013014,0.7777777777777777,0.950950950950951,0.12412412412412413,1
0.5095095095095101,0.1021021021021021,0.3213213213213213,0.9259259259259259,0.7297297297297297,0.6666666666666671,0.6126126126126126,0.6726726726726727,0.8768768768768769,0.02002002002002002,0.5335335335335335,0.7657657657657657,0.22122122122122134,1
0.25325325325325326,0.4984984984984985,0.37037037037037024,0.7417417417417418,0.8358358358358359,0.45545545545545546,0.6296296296296297,0.1781781781781782,0.46646646646646645,0.7837837837837838,0.26126126126126126,0.023023023023023025,0.6456456456456456,1
0.13813813813813813,0.9459459459459459,0.04104104104104104,0.3153153153153153,0.08208208208208208,0.6526526526526526,0.8998998998998999,0.5715715715715716,0.48648648648648657,0.36236236236236236,0.5345345345345345,0.8908908908908909,0.6496496496496497,1
0.2552552552552553,0.36036036036034114,0.8228228228228228,0.6476476476476476,0.45645645645645644,0.24924924924924924,0.7707707707707704,0.42542542542542544,0.13213213213213212,0.1921921921921922,0.6326326326326326,0.14414414414414414,0.4574574574574575,1
0.7487487487487487,0.26226226226226224,0.3283283283283283,0.3173173173173173,0.7997997997997998,0.6986986986986987,0.3613613613613614,0.9669669669669669,0.4094094094094094,0.34034034034034033,0.6576576576576576,0.9849849849849851,0.23723723723723725,1
0.16316316316316315,0.4174174174174174,0.45645645645645644,0.6486486486486487,0.11311311311311312,0.978978978978979,0.4954954954954955,0.6186186186186187,0.22622622622622637,0.35235235235235235,0.4214214214214214,0.48348348348348347,0.7897897897897898,1
0.1131131131131132,0.6356356356356356,0.5025025025025025,0.7457457457457457,0.15715715715715717,0.6276276276276276,0.8418418418418419,0.8438438438438438,0.48348348348348347,0.5415415415415415,0.3213213213213213,0.6906906906906907,0.6216216216216216,1
0.057057057057057055,0.8298298298298298,0.24324324324324348,0.5455455455455456,0.08608608608608609,0.6206206206206206,0.8428428428428428,0.5895895895895896,0.7647647647647647,0.32732732732732733,0.3913913913913914,0.7847847847847848,0.5785785785785785,1
0.7957957957957958,0.25925925925925924,0.35135135135135137,0.9159159159159159,0.8228228228228228,0.8018018018018018,0.7937937937937938,0.2702702702702703,0.47047047047047047,0.2082082082082082,0.7467467467467468,0.5115115115115115,0.3733733733733734,1
0.13513513513513514,0.7847847847847848,0.2982982982982983,0.6286286286286287,0.0970970970970971,0.6136136136136137,0.8888888888888888,0.6756756756756757,0.6426426426426426,0.4084084084084084,0.4344344344344344,0.7897897897897898,0.17717717717717718,1
0.8518518518518519,0.6236236236236237,0.4994994994994995,0.11511511511511512,0.7407407407407383,0.19519519519519518,0.5325325325325325,0.23223223223223233,0.8158158158158159,0.8568568568568569,0.14114114114114115,0.17517517517517517,0.9149149149149148,1
0.31431431431431434,0.6396396396396397,0.6456456456456456,0.6376376376376376,0.26226226226226224,0.5565565565565566,0.8568568568568569,0.3053053053053053,0.37737737737737737,0.8358358358358359,0.47147147147147145,0.06306306306306306,0.6906906906906904,1
0.7817817817817818,0.5455455455455456,0.15915915915915915,0.3993993993993994,0.6846846846846847,0.8388388388388388,0.2822822822822823,0.7207207207207206,0.7897897897897898,0.6216216216216216,0.7897897897897898,0.970970970970971,0.5165165165165165,1
0.4194194194194194,0.6366366366366366,0.018018018018018018,0.24324324324324323,0.002002002002002002,0.997997997997998,0.8018018018018018,0.97997997997998,0.988988988988989,0.5555555555555556,0.36336336336336333,0.7487487487487487,0.7527527527527528,1
0.5905905905905906,0.23623623623623624,0.07407407407407407,0.4194194194194194,0.9529529529529529,0.4064064064064064,0.13113113113113112,0.9109109109109109,0.9309309309309309,0.12312312312312312,0.8828828828828829,0.94994994994995,0.27427427427427425,1
0.3233233233233234,0.993993993993994,0.16816816816816815,0.4694694694694695,0.2022022022022022,0.07007007007007007,0.07707707707707707,0.001001001001001001,0.15415415415415415,0.5985985985985985,0.1111111111111111,0.5285285285285285,0.8268268268268268,1
0.8188188188188188,0.14414414414414414,0.3563563563563564,0.7097097097097097,0.3433433433433434,0.8938938938938938,0.26226226226226224,0.8308308308308309,0.8748748748748744,0.2552552552552552,0.44644644644644643,0.8698698698698699,0.1961961961961962,1
0.11211211211211211,0.5895895895895896,0.44544544544544545,0.9359359359359359,0.16816816816816837,0.7577577577577577,0.8388388388388388,0.7847847847847848,0.47347347347347346,0.20520520520520522,0.978978978978979,0.7247247247247247,0.17317317317317318,1
0.2872872872872873,0.11611611611611611,0.5825825825825826,0.8518518518518519,0.8718718718718719,0.4494494494494494,0.8648648648648649,0.026026026026026026,0.8348348348348348,0.5355355355355356,0.042042042042042045,0.0,0.4804804804804805,1
0.95995995995996,0.15415415415415415,0.4544544544544544,0.3533533533533533,0.7687687687687688,0.6906906906906906,0.16416416416416416,0.8998998998998999,0.78778778778778,0.47347347347347346,0.5145145145145145,0.9629629629629629,0.08408408408408408,1
0.06006006006006006,0.8898898898898899,0.04504504504504504,0.45245245245245247,0.058058058058058054,0.5615615615615616,0.8788788788788788,0.7897897897897898,0.5815815815815816,0.36736736736736736,0.2082082082082082,0.7727727727727728,0.6816816816816816,1
0.7467467467467468,0.37037037037037035,0.9069069069069069,0.7497497497497497,0.8808808808808809,0.06906906906906907,0.2272272272272272,0.3203203203203203,0.011011011011011011,0.3003003003003003,0.7137137137137137,0.14114114114114115,0.04804804804804805,1
0.7227227227227228,0.37237237237237236,0.6126126126126126,0.1841841841841842,0.36236236236236236,0.2172172172172172,0.7297297297297297,0.8948948948948947,0.08808808808808809,0.40040040040040037,0.4064064064064064,0.2872872872872873,0.5235235235235235,1
0.06106106106106106,0.7127127127127127,0.3153153153153153,0.8568568568568569,0.12412412412412413,0.7127127127127127,0.8688688688688688,0.6946946946946947,0.9169169169169169,0.3833833833833834,0.5325325325325325,0.8408408408408409,0.3163163163163163,1
0.6816816816816816,0.0980980980980981,0.4094094094094094,0.8628628628628628,0.5775775775775776,0.933933933933934,0.24324324324324328,0.9189189189189189,0.5065065065065065,0.12212212212212212,0.8808808808808809,0.8488488488488488,0.1841841841841842,1
0.6616616616616616,0.4144144144144144,0.6656656656656657,0.997997997997998,0.48248248248248266,0.025025025025025023,0.6916916916916916,0.7237237237237237,0.13313313313313313,0.21621621621621634,0.8318318318318318,0.09309309309309309,0.24224224224224225,1
0.7337337337337337,0.4294294294294294,0.04704704704704705,0.1031031031031031,0.35435435435435436,0.6826826826826827,0.5695695695695696,0.5235235235235235,0.5695695695695696,0.5685685685685685,0.095095095095095,0.5095095095095095,0.6596596596596597,1
0.5135135135135135,0.6636636636636637,0.8208208208208209,0.3003003003003003,0.5145145145145145,0.4824824824824825,0.5065065065065065,0.33733733733733734,0.32032032032032,0.970970970970971,0.8358358358358359,0.3303303303303303,0.5035035035035035,1
0.026026026026026026,0.934934934934935,0.005005005005005005,0.5955955955955956,0.7247247247247247,0.03403403403403403,0.985985985985986,0.45245245245245325,0.21421421421421422,0.5655655655655656,0.3023023023023023,0.08708708708708708,0.22622622622622623,0
0.1981981981981982,0.6806806806806804,0.5875875875875876,0.3113113113113113,0.18018018018018014,0.6786786786786787,0.8528528528528528,0.6866866866866868,0.28928928928928926,0.272272272272273,0.993993993993994,0.7707707707707705,0.1061061061061061,1
0.1931931931931932,0.3313313313313313,0.5055055055055055,0.5805805805805806,0.13313313313313313,0.9249249249249252,0.7027027027027027,0.8878878878878879,0.3843843843843844,0.35935935935935936,0.8208208208208209,0.5645645645645646,0.5405405405405406,1
0.15215215215215216,0.48848848848848847,0.3263263263263263,0.2802802802802803,0.4014014014014014,0.8348348348348348,0.2222222222222222,0.7447447447447447,0.5335335335335335,0.4034034034034034,0.5495495495495496,0.8658658658658659,0.8098098098098098,0
0.8338338338338338,0.3013013013013013,0.994994994994995,0.5705705705705706,0.5635635635635635,0.33733733733733734,0.035035035035035036,0.07807807807807808,0.5035035035035035,0.6756756756756757,0.5985985985985989,0.25325325325325326,0.3943943943943944,1
0.8778778778778779,0.028028028028028028,0.9469469469469469,0.48148148148148145,0.7497497497497497,0.32732732732732733,0.4124124124124124,0.7297297297297297,0.040040040040039984,0.04104104104104104,0.45245245245245247,0.11411411411411411,0.4124124124124124,1
0.998998998998999,0.8658658658658659,0.23723723723723725,0.34234234234234234,0.14314314314314314,0.016016016016016016,0.08308308308308308,0.3263263263263263,0.9069069069069069,0.7727727727727728,0.014014014014014014,0.48848848848848847,0.8668668668668669,1
0.3863863863863864,0.16116116116116116,0.7517517517517518,0.014014014014014014,0.23423423423423423,0.2922922922922923,0.6816816816816816,0.8228228228228228,0.2682682682682683,0.1061061061061061,0.5425425425425425,0.0940940940940941,0.7437437437437437,1
0.7617617617617618,0.004004004004004004,0.8278278278278278,0.36436436436436437,0.9779779779779779,0.24824824824824826,0.15315315315315314,0.7537537537537538,0.04904904904904905,0.005005005005005005,0.45345345345345345,0.008008008008008008,0.3303303303303303,1
0.28128128128128127,0.5295295295295295,0.1941941941941942,0.17217217217217218,0.7007007007007006,0.3863863863863864,0.25225225225225234,0.6476476476476476,0.8258258258258259,0.24924924924924924,0.7087087087087087,0.8638638638638638,0.6296296296296297,1
0.4984984984984985,0.3353353353353353,0.8648648648648649,0.4844844844844845,0.5075075075075075,0.7957957957957958,0.1931931931931932,0.018018018018018018,0.4164164164164164,0.5895895895895896,0.36036036036033575,0.25125125125125125,0.5365365365365365,1
0.3603603603603537,0.8208208208208209,0.18218218218218218,0.42842842842842843,0.2982982982982983,0.6696696696696697,0.33233233233233234,0.5995995995995996,0.8008008008008007,0.6826826826826827,0.3833833833833834,0.9669669669669669,0.7887887887887888,1
0.48748748748748744,0.7377377377377377,0.043043043043043044,0.0980980980980981,0.7617617617617618,0.4034034034034034,0.4694694694694695,0.8078078078078078,0.46446446446446504,0.5075075075075075,0.48348348348348347,0.948948948948949,0.7477477477477478,1
0.6986986986986987,0.17417417417417425,0.3923923923923924,0.0820820820820821,0.9369369369369369,0.8038038038038038,0.6776776776776777,0.5685685685685685,0.23923923923923923,0.1111111111111111,0.9479479479479115,0.6456456456456456,0.23023023023023023,1
0.8668668668668669,0.5205205205205206,0.11911911911911911,0.9459459459459459,0.9469469469469469,0.4294294294294294,0.4394394394394394,0.24924924924924924,1.0,0.5015015015015015,0.6716716716716716,0.9109109109109109,0.33433433433433435,1
0.8378378378378378,0.9319319319319319,0.35435435435435436,0.5275275275275275,0.5595595595595596,0.04504504504504504,0.18018018018018017,0.2502502502502503,0.6166166166166166,0.8878878878878869,0.2822822822822823,0.5465465465465466,0.9669669669669669,1
0.6876876876876877,0.13913913913913914,0.2732732732732733,0.1931931931931932,0.6396396396396397,0.8288288288288288,0.26626626626626626,0.3963963963963964,0.9519519519519519,0.15915915915915915,0.8938938938938938,0.5865865865865866,0.2222222222222222,1
0.2172172172172172,0.8688688688688688,0.7447447447447447,0.035035035035035036,0.12312312312312314,0.5545545545545546,0.7997997997997998,0.3923923923923924,0.029029029029029027,0.4174174174174174,0.7727727727727728,0.6196196196196196,0.7607607607607563,1
0.980980980980981,0.46046046046046046,0.24824824824824826,0.08508508508508501,0.6246246246246246,0.14514514514514515,0.33633633633633647,0.3183183183183183,0.995995995995996,0.6266266266266266,0.03403403403403403,0.4394394394394394,0.97997997997998,1
0.3123123123123123,0.8068068068068068,0.3483483483483483,0.3893893893893894,0.7237237237237237,0.22822822822822822,0.7037037037037037,0.015015015015015015,0.35935935935935936,0.6676676676676677,0.04604604604604605,0.11211211211211211,0.6306306306306306,1
0.35735735735735735,0.16216216216216217,0.8708708708708709,0.1961961961961962,0.33333333333333337,0.5715715715715716,0.6216216216216216,0.3763763763763764,0.6946946946946947,0.6576576576576576,0.5125125125125125,0.031031031031031032,0.6406406406406406,1
0.8698698698698699,0.5415415415415415,0.49749749749749733,0.35135135135135137,0.5305305305305306,0.2182182182182182,0.4974974974974975,0.17517517517517503,0.7527527527527528,0.7517517517517518,0.06906906906906907,0.056056056056056056,0.8418418418418419,1
0.1831831831831832,0.5135135135135135,0.9449449449449451,0.4364364364364364,0.3563563563563564,0.1931931931931932,0.6236236236236237,0.12112112112112113,0.17117117117117117,0.22422422422422422,0.8278278278278277,0.03903903903903904,0.34234234234234234,1
0.7677677677677677,0.3053053053053053,0.6206206206206206,0.008008008008008008,0.8148148148148148,0.17317317317317318,0.8168168168168168,0.2122122122122122,0.7757757757757757,0.8408408408408409,0.02102102102102102,0.009009009009009009,0.45545545545545546,1
0.43343343343343343,0.5035035035035035,0.055055055055055056,0.056056056056056056,0.3363363363363363,0.6146146146146146,0.18618618618618618,0.5275275275275275,0.6256256256256256,0.2702702702702703,0.7677677677677678,0.5695695695695696,0.7697697697697697,1
0.8908908908908909,0.2072072072072072,0.7037037037037037,0.7967967967967968,0.4804804804804805,0.058058058058058054,0.45645645645645644,0.938938938938939,0.06906906906906907,0.26326326326326327,0.27227227227227224,0.1991991991991992,0.4964964964964965,1
0.5765765765765766,0.6436436436436437,0.5835835835835835,0.992992992992993,0.8298298298298298,0.5245245245245245,0.14714714714714713,0.024024024024024024,0.8698698698698699,0.8698698698698699,0.41041041041041043,0.46846846846846846,0.47347347347347346,1
0.5435435435435435,0.15815815815815815,0.14614614614614616,0.42042042042042044,0.6826826826826827,0.5365365365365365,0.42342342342342343,0.7317317317317318,0.35235235235235235,0.044044044044044044,0.6646646646646647,0.5005005005005005,0.36536536536536524,1
0.5565565565565566,0.2132132132132132,0.8128128128128128,0.22522522522522523,0.5575575575575575,0.34634634634634637,0.7577577577577553,0.5115115115115115,0.04104104104104105,0.16416416416416416,0.4724724724724725,0.13113113113113112,0.43743743743743746,1
0.06606606606606606,0.6276276276276276,0.4084084084084084,0.26726726726726724,0.9089089089089089,0.5085085085085085,0.5425425425425425,0.4114114114114114,0.7197197197197197,0.38038038038038036,0.7627627627627628,0.8188188188188188,0.9629629629629629,0
0.5895895895895896,0.6006006006006006,0.4694694694694695,0.5475475475475475,0.6916916916916916,0.3073073073073073,0.5365365365365365,0.26326326326326327,0.5285285285285285,0.9149149149149148,0.050050050050050046,0.11311311311311312,0.7937937937937938,1
0.6406406406406406,0.94994994994995,0.29429429429429427,0.05205205205205205,0.34034034034034033,0.05905905905905906,0.27627627627627627,0.5455455455455456,0.3283283283283284,0.991991991991992,0.15615615615615616,0.44344344344344344,0.8738738738738738,1
0.4314314314314314,0.3153153153153153,0.5325325325325325,0.3683683683683684,0.5685685685685685,0.8188188188188188,0.6006006006006006,0.6706706706706707,0.2782782782782783,0.33733733733733734,0.5835835835835835,0.7917917917917918,0.4214214214214214,1
0.7887887887887888,0.08808808808808809,0.8928928928928929,0.2602602602602603,0.94994994994995,0.3833833833833834,0.09509509509509509,0.6776776776776775,0.06406406406406406,0.39039039039039036,0.44244244244244296,0.5225225225225225,0.22322322322322322,1
0.6286286286286287,0.06406406406406406,0.7287287287287287,0.8468468468468469,0.9099099099099099,0.2882882882882883,0.12112112112112113,0.8608608608608609,0.12612612612612614,0.08008008008008008,0.9819819819819819,0.2922922922922923,0.1091091091091091,1
0.46746746746746504,0.2702702702702703,0.9269269269269269,0.4024024024024024,0.7837837837837838,0.1741741741741744,0.6546546546546547,0.3253253253253253,0.11811811811811813,0.1981981981981982,0.8228228228228228,0.13613613613613612,0.14114114114114115,1
0.3433433433433433,0.22122122122122131,0.7497497497497497,0.2912912912912913,0.24424424424424424,0.08708708708708708,0.4854854854854855,0.5775775775775776,0.22322322322322322,0.1781781781781782,0.14614614614614616,0.011011011011011011,0.8028028028028028,1
0.16016016016016013,0.45545545545545546,0.10710710710710711,0.2062062062062062,0.13513513513513514,0.8008008008008007,0.8828828828828829,0.988988988988989,0.8478478478478373,0.3883883883883884,0.8688688688688688,0.7667667667667668,0.06806806806806806,1
0.7737737737737738,0.34434434434434436,0.7687687687687688,0.5565565565565566,0.5915915915915916,0.7017017017017017,0.5665665665665666,0.2652652652652653,0.4174174174174174,0.8858858858858859,0.42542542542542544,0.23723723723723725,0.4294294294294294,0
0.8988988988988988,0.36936936936936937,0.8508508508508509,0.4854854854854855,0.6496496496496497,0.6386386386386387,0.2082082082082082,0.2072072072072072,0.8628628628628628,0.9089089089089089,0.4944944944944945,0.5985985985985988,0.2042042042042042,1
0.5545545545545546,0.13713713713713713,0.2962962962962963,0.32432432432432434,0.5135135135135135,0.5325325325325325,0.018018018018018018,0.8818818818818819,0.8978978978978959,0.16316316316316315,0.8178178178178178,0.7347347347347347,0.22522522522522523,1
0.10010010010010009,0.9129129129129129,0.002002002002002002,0.4374374374374374,0.015015015015015015,0.8218218218218218,0.8618618618618619,0.7227227227227228,0.6306306306306306,0.05305305305305305,0.37537537537537535,0.8248248248248248,0.5505505505505506,1
0.47347347347347346,0.05105105105105105,0.8898898898898899,0.018018018018018018,0.8088088088088088,0.943943943943944,0.24424424424424424,0.4044044044044044,0.43843843843843844,0.3913913913913914,0.5665665665665666,0.5885885885885885,0.2862862862862863,1
0.9159159159159159,0.7817817817817818,0.4224224224224224,0.1781781781781782,0.6856856856856857,0.055055055055055056,0.20520520520520522,0.22522522522522523,0.6776776776776775,0.7467467467467468,0.004004004004004004,0.5495495495495496,0.978978978978979,1
0.5065065065065065,0.6836836836836837,0.5745745745745746,1.0,0.5835835835835835,0.5155155155155156,0.6846846846846847,0.36936936936936937,0.4914914914914916,0.973973973973974,0.7537537537537538,0.32432432432432434,0.22022022022022023,1
0.004004004004004004,0.6906906906906907,0.33033033033033027,0.4624624624624625,0.22522522522522523,0.4674674674674674,0.9459459459459459,0.7457457457457457,0.8228228228228228,0.055055055055055056,0.9029029029029029,0.8748748748748746,0.03303303303303303,1
0.6116116116116116,0.47047047047047047,0.34134134134134136,0.6006006006006006,0.5985985985985985,0.6886886886886887,0.42842842842842843,0.8108108108108109,0.29429429429429427,0.4394394394394394,0.7177177177177176,0.9049049049049049,0.5775775775775776,1
0.08608608608608609,0.7627627627627628,0.23923923923923923,0.7157157157157157,0.04504504504504504,0.7027027027027027,0.8448448448448448,0.7557557557557557,0.7867867867867868,0.1941941941941942,0.6976976976976977,0.7477477477477473,0.5245245245245245,1
0.1891891891891892,0.5665665665665666,0.5085085085085085,0.6076076076076076,0.07307307307307308,0.8468468468468469,0.7947947947947948,0.817817817817816,0.5145145145145145,0.43343343343343343,0.5715715715715716,0.6416416416416416,0.5755755755755756,1
0.8448448448448448,0.1091091091091091,0.6796796796796797,0.5975975975975976,0.4854854854854855,0.1921921921921922,0.44844844844844844,0.9569569569569569,0.14814814814814814,0.2022022022022022,0.3763763763763764,0.2022022022022022,0.5565565565565566,1
0.6306306306306306,0.11911911911911911,0.46646646646646645,0.6576576576576576,0.5165165165165165,0.6306306306306306,0.0940940940940941,0.8398398398398398,0.9549549549549549,0.25325325325325326,0.40540540540540543,0.8778778778778779,0.13413413413413414,1
0.7137137137137137,0.24924924924924924,0.3663663663663664,0.34734734734734735,0.3103103103103103,0.7417417417417418,0.2652652652652653,0.7797797797797797,0.5465465465465466,0.34934934934934936,0.4114114114114114,0.7237237237237237,0.36936936936936937,1
0.2132132132132132,0.2042042042042042,0.5715715715715716,0.01901901901901902,0.9159159159159159,0.5775775775775776,0.7747747747747747,0.8318318318318318,0.21021021021021022,0.15315315315315314,0.4844844844844845,0.7757757757757757,0.2972972972972973,1
0.13113113113113112,0.7697697697697697,0.4194194194194194,0.8558558558558559,0.08508508508508501,0.7637637637637638,0.8958958958958959,0.6546546546546547,0.7477477477477474,0.4194194194194194,0.5895895895895896,0.8198198198198198,0.4394394394394394,1
0.6056056056056056,0.09509509509509503,0.97997997997998,0.8868868868868869,0.9349349349349348,0.11811811811811812,0.18218218218218218,0.38038038038038025,0.11411411411411411,0.1021021021021021,0.8068068068068068,0.0970970970970971,0.13513513513513514,1
0.03803803803803804,0.7737737737737738,0.017017017017017015,0.45345345345345345,0.05105105105105105,0.8948948948948949,0.948948948948949,0.8528528528528528,0.983983983983984,0.16216216216216217,0.5275275275275275,0.9079079079079079,0.13013013013013014,1
0.11611611611611611,0.25325325325325326,0.5425425425425425,0.13913913913913914,0.45545545545545546,0.9239239239239242,0.7687687687687688,0.4574574574574572,0.38738738738738737,0.1831831831831832,0.33233233233233234,0.6406406406406406,0.10710710710710711,1
0.5215215215215215,0.5815815815815816,0.7277277277277253,0.9049049049049053,0.22922922922922923,0.5055055055055055,0.5735735735735735,0.14814814814814814,0.6526526526526526,0.7127127127127127,0.5295295295295295,0.0980980980980981,0.8708708708708709,1
0.10510510510510511,0.46346346346346345,0.5295295295295295,0.8848848848848849,0.08708708708708708,0.7157157157157157,0.8098098098098098,0.9019019019019019,0.057057057057057055,0.17917917917917917,0.15015015015015015,0.46046046046046046,0.5085085085085085,0
0.1031031031031031,0.7597597597597597,0.6276276276276276,0.3033033033033033,0.2362362362362363,0.47347347347347346,0.9119119119119119,0.5825825825825826,0.5385385385385385,0.44344344344344344,0.8768768768768769,0.8378378378378376,0.14914914914914915,1
0.2322322322322324,0.34934934934934936,0.18518518518518517,0.8078078078078078,0.055055055055055056,0.975975975975976,0.7647647647647647,0.965965965965966,0.8818818818818819,0.4294294294294294,0.6346346346346347,0.6466466466466472,0.26926926926926925,1
0.44144144144144143,0.7447447447447447,0.3033033033033033,0.6556556556556556,0.5585585585585585,0.32032032032032026,0.17317317317317318,0.3013013013013013,0.36736736736736736,0.8478478478478477,0.06406406406406406,0.3023023023023023,0.960960960960961,1
0.7667667667667668,0.24024024024024024,0.4344344344344344,0.5145145145145145,0.6996996996996997,0.25425425425425424,0.5745745745745746,0.9039039039039038,0.1111111111111111,0.2652652652652653,0.8038038038038038,0.2782782782782783,0.15315315315315314,1
0.25825825825825827,0.5545545545545546,0.2702702702702703,0.9119119119119119,0.48348348348348347,0.48348348348348347,0.3913913913913914,0.46046046046046046,0.4364364364364364,0.9359359359359359,0.03003003003003003,0.08008008008008004,0.9189189189189195,1
0.1871871871871872,0.15715715715715717,0.8068068068068068,0.4214214214214214,0.11811811811811812,0.9089089089089089,0.5295295295295295,0.7097097097097097,0.0890890890890891,0.25725725725725723,0.2902902902902903,0.17217217217217218,0.5025025025025025,1
0.2972972972972973,0.23923923923923923,0.8658658658658659,0.6216216216216216,0.5045045045045045,0.9349349349349344,0.6206206206206206,0.3083083083083083,0.3733733733733734,0.6816816816816816,0.9179179179179179,0.1871871871871872,0.5965965965965966,1
0.2952952952952953,0.22322322322322322,0.993993993993994,0.2042042042042042,0.7897897897897898,0.15215215215215216,0.001001001001001001,0.4374374374374374,0.07907907907907907,0.3113113113113113,0.6336336336336337,0.41041041041041043,0.4904904904904905,1
0.6376376376376376,0.7117117117117117,0.5485485485485485,0.7757757757757757,0.6356356356356356,0.16816816816816815,0.6246246246246246,0.33933933933933935,0.6846846846846847,0.964964964964965,0.2972972972972973,0.050050050050050046,0.8318318318318318,1
0.037037037037037035,0.9149149149149125,0.13113113113113112,0.24524524524524524,0.05905905905905912,0.7707707707707706,0.9579579579579579,0.6316316316316316,0.8408408408408409,0.3133133133133133,0.4024024024024024,0.9159159159159159,0.7197197197197197,1
0.7267267267267372,0.05405405405405406,0.6436436436436437,0.5115115115115115,0.30430430430430433,0.980980980980981,0.6076076076076076,0.5485485485485485,0.2832832832832833,0.06106106106106106,0.6446446446446447,0.4314314314314314,0.15515515515515516,1
0.6186186186186187,0.016016016016016016,0.5655655655655656,0.8708708708708709,0.8568568568568569,0.8278278278277822,0.13813813813813813,0.92992992992993,0.7017017017017017,0.015015015015015015,0.96996996996997,0.8048048048048048,0.03803803803803804,1
0.8018018018018018,0.03403403403403403,0.986986986986987,0.22822822822822822,0.6216216216216216,0.4774774774774775,0.06506506506506507,0.7147147147147147,0.07807807807807808,0.25825825825825827,0.14914914914914915,0.43343343343343343,0.6986986986986987,1
0.904904904904905,0.04904904904904905,0.9729729729729737,0.4984984984984985,0.994994994994995,0.954954954954955,0.5105105105105106,0.19519519519519518,0.34034034034034033,0.7177177177177176,0.5135135135135135,0.5275275275275275,0.03403403403403403,1
0.5945945945945946,0.28428428428428426,0.6366366366366366,0.2272272272272272,0.2832832832832833,0.1871871871871872,0.8308308308308309,0.9229229229229229,0.21521521521521522,0.13613613613613612,0.95995995995996,0.18018018018018017,0.42342342342342343,1
0.3943943943943944,0.2972972972972973,0.7947947947947948,0.27627627627627627,0.6326326326326326,0.21921921921921922,0.3023023023023023,0.6626626626626632,0.24224224224224225,0.3893893893893894,0.8238238238238238,0.4494494494494494,0.32432432432432434,1
0.24324324324324326,0.8378378378378366,0.04804804804804805,0.6646646646646647,0.012012012012012012,0.9409409409409409,0.8288288288288288,0.8198198198198198,0.28128128128128127,0.3283283283283284,0.32932932932932935,0.7077077077077076,0.7727727727727728,1
0.025025025025025023,0.5105105105105106,0.6586586586586587,0.7797797797797797,0.15515515515515516,0.7237237237237237,0.042042042042042094,0.6616616616616616,0.5535535535535535,0.06706706706706707,0.7147147147147147,0.8868868868868869,0.7807807807807807,0
0.7317317317317318,0.5645645645645646,0.28928928928928926,0.5015015015015015,0.6696696696696697,0.8428428428428428,0.6146146146146146,0.5045045045045048,0.4114114114114114,0.5945945945945946,0.6256256256256256,0.8678678678678677,0.5495495495495496,1
0.2922922922922923,0.5155155155155156,0.012012012012012012,0.25425425425425424,0.9879879879879879,0.5865865865865866,0.2962962962962963,0.6216216216216216,0.6226226226226226,0.46146146146146144,0.26726726726726724,0.8568568568568569,0.9289289289289344,0
0.4864864864864865,0.22522522522522523,0.8978978978978979,0.9419419419419419,0.7267267267267268,0.7077077077077072,0.5235235235235235,0.3683683683683684,0.49749749749749744,0.8378378378378377,0.8308308308308309,0.3203203203203192,0.2062062062062062,1
0.3033033033033033,0.6376376376376376,0.7807807807807807,0.25125125125125125,0.7727727727727728,0.035035035035035036,0.008008008008008008,0.5735735735735735,0.018018018018018018,0.4244244244244244,0.958958958958959,0.4674674674674673,0.13713713713713713,1
0.7527527527527528,0.35535535535535534,0.2062062062062062,0.43343343343343343,0.4444444444444444,0.7437437437437437,0.037037037037037035,0.8468468468468469,0.9219219219219219,0.5375375375375375,0.7227227227227228,0.9309309309309309,0.3663663663663664,1
0.41541541541541543,0.8858858858858859,0.15815815815815815,0.8238238238238238,0.4544544544544544,0.2032032032032032,0.12912912912912913,0.28128128128128127,0.34534534534534533,0.8058058058058059,0.06106106106106106,0.4724724724724725,0.938938938938939,1
0.5155155155155156,0.662662662662664,0.6296296296296297,0.9579579579579579,0.46646646646646645,0.02702702702702703,0.22822822822822822,0.7757757757757757,0.0990990990990991,0.6376376376376376,0.20020020020020018,0.3783783783783784,0.5765765765765766,1
0.43543543543543545,0.6696696696696697,0.6546546546546547,0.8888888888888888,0.4064064064064064,0.30930930930930933,0.23123123123123124,0.6876876876876875,0.30930930930930933,0.6866866866866866,0.7647647647647647,0.6926926926926927,0.37237237237237236,1
0.8038038038038038,0.43743743743743746,0.3933933933933934,0.9569569569569569,0.8958958958958959,0.25925925925925924,0.4924924924924926,0.022022022022022022,0.7827827827827828,0.47247247247247387,0.08408408408408409,0.12612612612612611,0.7547547547547547,1
0.5425425425425425,0.058058058058058054,0.6136136136136137,0.918918918918919,0.5085085085085085,0.4374374374374374,0.7347347347347347,0.8388388388388388,0.38038038038037997,0.09309309309309309,0.7257257257257257,0.06606606606606606,0.5115115115115115,1
0.986986986986987,0.5015015015015015,0.9769769769769769,0.8318318318318318,0.9309309309309309,0.12312312312312312,0.02002002002002002,0.013013013013013013,0.7707707707707707,0.8488488488488488,0.3253253253253253,0.5415415415415415,0.24124124124124124,1
0.24024024024024024,0.11711711711711711,0.7767767767767768,0.36936936936936937,0.23723723723723725,0.9369369369369369,0.7837837837837838,0.4694694694694695,0.6626626626626626,0.6046046046046046,0.5785785785785785,0.03203203203203203,0.5465465465465466,1
0.4964964964964965,0.4574574574574575,0.2092092092092092,0.5285285285285285,0.53953953953954,0.7887887887887888,0.5415415415415415,0.3353353353353351,0.8188188188188188,0.3663663663663664,0.7427427427427428,0.6706706706706703,0.6386386386386387,1
0.6076076076076076,0.948948948948949,0.3963963963963964,0.4244244244244244,0.8548548548548549,0.07207207207207207,0.3893893893893894,0.27627627627627627,0.3613613613613614,0.95995995995996,0.07107107107107107,0.6346346346346347,0.98998998998999,1
0.0920920920920921,0.24524524524524524,0.5855855855855856,0.7267267267267267,0.2552552552552553,0.8238238238238238,0.8208208208208209,0.7507507507507507,0.43343343343343343,0.11311311311311312,0.7667667667667668,0.6236236236236237,0.026026026026026026,1
0.6106106106106106,0.10810810810810811,0.5955955955955956,0.037037037037037035,0.7717717717717718,0.8758758758758759,0.17017017017017017,0.8558558558558559,0.8418418418418419,0.26126126126126126,0.9109109109109109,0.9529529529529529,0.09309309309309309,1
0.7097097097097097,0.9219219219219219,0.06806806806806806,0.44744744744744713,0.44544544544544545,0.13713713713713713,0.04004004004004004,0.2172172172172172,0.6276276276276276,0.6306306306306306,0.21621621621621626,0.6446446446446447,0.9819819819819819,1
0.960960960960961,0.5425425425425425,0.7827827827827828,0.5315315315315315,0.5235235235235235,0.44644644644644643,0.13613613613613612,0.07107107107107107,0.7717717717717718,0.8298298298298298,0.44544544544544545,0.42042042042042044,0.6786786786786787,1
0.4724724724724726,0.7767767767767768,0.5925925925925926,0.16116116116116116,0.15615615615615616,0.5075075075075075,0.8498498498498499,0.4274274274274303,0.6316316316316316,0.9129129129129129,0.8018018018018018,0.22322322322322322,0.6616616616616616,1
0.07007007007007007,0.6016016016016016,0.11311311311311312,0.8758758758758759,0.1021021021021021,0.9149149149149148,0.8928928928928929,0.7027027027027027,0.6576576576576576,0.15015015015015015,0.25125125125125125,0.7787787787787788,0.18218218218218218,1
0.5225225225225225,0.01001001001001001,0.8168168168168168,0.48848848848848847,0.7647647647647647,0.2802802802802803,0.015015015015015015,0.9679679679679679,0.1061061061061061,0.062062062062062065,0.11311311311311313,0.16116116116116116,0.7757757757757757,1
0.9569569569569569,0.26426426426426425,0.7697697697697697,0.11711711711711711,0.38538538538538536,0.6976976976976977,0.3483483483483483,0.21021021021021022,0.993993993993994,0.7497497497497497,0.34134134134134136,0.6696696696696697,0.06306306306306306,1
0.19519519519519518,0.7927927927927928,0.33733733733733734,0.37037037037037013,0.1961961961961962,0.3633633633633634,0.47647647647647645,0.5525525525525525,0.44644644644644643,0.982982982982983,0.1991991991991992,0.026026026026026026,0.8628628628628628,1
0.03903903903903904,0.7097097097097097,0.6686686686686687,0.5505505505505506,0.3863863863863864,0.5135135135135135,0.991991991991992,0.6396396396396397,0.5415415415415415,0.24524524524524524,0.964964964964965,0.9419419419419419,0.008008008008008008,1
0.4744744744744745,0.18518518518518517,0.3863863863863864,0.2882882882882883,0.7627627627627628,0.6536536536536537,0.19119119119119118,0.5505505505505506,0.95995995995996,0.16816816816816826,0.8878878878878879,0.7977977977977977,0.25825825825825827,1
0.5025025025025025,0.5255255255255256,0.1061061061061061,0.5165165165165165,0.6506506506506505,0.6366366366366366,0.7147147147147147,0.46846846846846846,0.18618618618618618,0.17717717717717718,0.7887887887887888,0.5575575575575575,0.7487487487487487,1
0.7497497497497497,0.06006006006006006,0.9259259259259259,0.22422422422422422,0.5745745745745746,0.9179179179179178,0.39039039039039036,0.40040040040040037,0.8688688688688688,0.7017017017017017,0.6786786786786787,0.36536536536536535,0.1741741741741742,1
0.9079079079079078,0.9629629629629629,0.26226226226226224,0.995995995995996,0.2912912912912913,0.09509509509509509,0.04704704704704705,0.11411411411411411,0.33533533533533416,0.7997997997997998,0.031031031031031032,0.6126126126126126,0.958958958958959,1
0.2182182182182182,0.23123123123123124,0.5765765765765766,0.48648648648648646,0.3113113113113113,0.985985985985986,0.6616616616616616,0.6036036036036037,0.2772772772772773,0.3153153153153153,0.7277277277277278,0.6156156156156156,0.3033033033033033,1
0.8028028028028028,0.14114114114114115,0.8698698698698699,0.03403403403403403,0.5695695695695696,0.15015015015015015,0.6456456456456456,0.5555555555555556,0.08108108108108109,0.11811811811811812,0.26326326326326327,0.06006006006006006,0.4224224224224224,1
0.0890890890890891,0.28928928928928926,0.6806806806806805,0.5765765765765766,0.18118118118118118,0.6266266266266266,0.7537537537537538,0.8768768768768769,0.2132132132132132,0.2042042042042042,0.690690690690689,0.45645645645645644,0.24824824824824826,1
0.7807807807807807,0.9669669669669669,0.42542542542542544,0.9379379379379376,0.7087087087087087,0.06306306306306306,0.4094094094094094,0.3123123123123123,0.32332332332332336,0.993993993993994,0.21921921921921922,0.5355355355355356,0.9269269269269269,1
0.6836836836836837,0.43043043043043044,0.8388388388388388,0.6056056056056056,0.4214214214214214,0.5635635635635635,0.6056056056056056,0.2952952952952953,0.6236236236236237,0.7877877877877874,0.8148148148148148,0.2972972972972973,0.6756756756756757,1
0.6016016016016016,0.15515515515515516,0.7127127127127127,0.2122122122122122,0.47847847847847846,0.31431431431431434,0.43243243243243346,0.7857857857857857,0.27227227227227224,0.4214214214214214,0.13913913913913914,0.3763763763763764,0.6536536536536537,1
0.9129129129129129,0.5945945945945946,0.3833833833833834,0.9109109109109109,0.33733733733733734,0.1971971971971972,0.3163163163163163,0.5005005005005005,0.7837837837837838,0.92992992992993,0.006006006006006006,0.24224224224224225,0.9159159159159159,1
0.5325325325325325,0.5055055055055055,0.058058058058058054,0.6436436436436437,0.4864864864864865,0.4264264264264264,0.43343343343343343,0.5795795795795796,0.5795795795795796,0.23523523523523523,0.40040040040040037,0.6286286286286287,0.7297297297297297,1
0.6456456456456456,0.035035035035035036,0.8198198198198198,0.5525525525525525,0.9379379379379377,0.13213213213213212,0.11511511511511512,0.9469469469469469,0.09309309309309309,0.007007007007007007,1.0,0.1841841841841842,0.05305305305305305,1
0.8458458458458459,0.2782782782782783,0.8878878878878879,0.9949949949949943,0.5245245245245245,0.45345345345345345,0.005005005005005005,0.06606606606606606,0.923923923923927,0.7407407407407407,0.39539539539539537,0.34734734734734735,0.3173173173173173,1
0.943943943943944,0.001001001001001001,0.9229229229229229,0.8298298298298298,0.968968968968969,0.34934934934934936,0.22122122122122123,0.9169169169169169,0.06506506506506507,0.018018018018018018,0.24824824824824826,0.04504504504504504,0.5665665665665666,1
0.8968968968968969,0.6196196196196196,0.9379379379379379,0.38738738738738737,0.6366366366366366,0.28128128128128127,0.04504504504504504,0.25625625625625625,0.6386386386386387,0.9569569569569569,0.950950950950951,0.5015015015015015,0.3233233233233233,1
0.7767767767767768,0.953953953953954,0.5195195195195195,0.7447447447447447,0.8318318318318318,0.0970970970970971,0.4914914914914915,0.29929929929929944,0.2222222222222222,0.997997997997998,0.24624624624624628,0.4924924924924926,0.9009009009009009,1
0.5745745745745746,0.8628628628628628,0.5895895895895896,0.7477477477477469,0.17017017017017017,0.6196196196196196,0.4544544544544544,0.06506506506506507,0.36536536536536524,0.8928928928928929,0.3943943943943944,0.2222222222222222,0.7977977977977978,1
0.01901901901901902,0.48348348348348347,0.33633633633633636,0.025025025025025023,0.1971971971971972,0.964964964964965,0.9279279279279279,0.8708708708708709,0.05105105105105105,0.5265265265265265,0.27627627627627627,0.3233233233233233,0.31931931931931934,0
0.3683683683683684,0.4274274274274275,0.7887887887887888,0.8068068068068068,0.24524524524524524,0.21621621621621626,0.6396396396396397,0.8018018018018018,0.15815815815815815,0.4984984984984985,0.17617617617617617,0.33433433433433435,0.8398398398398398,1
0.4394394394394394,0.7557557557557557,0.3893893893893894,0.34534534534534406,0.7287287287287287,0.14714714714714713,0.6716716716716716,0.26126126126126126,0.5955955955955956,0.8668668668668669,0.4804804804804805,0.06806806806806806,0.7067067067067067,1
0.8218218218218218,0.006006006006006006,0.44344344344344344,0.45545545545545546,0.944944944944945,0.7427427427427428,0.006006006006006006,0.7587587587587588,0.9779779779779779,0.017017017017017026,0.998998998998999,0.5955955955955956,0.013013013013013013,1
0.8658658658658659,0.022022022022022022,0.4074074074074074,0.978978978978979,0.8778778778778771,0.7797797797797797,0.025025025025025023,0.8338338338338338,0.96996996996997,0.04204204204204204,0.990990990990991,0.8008008008008007,0.035035035035035036,1
0.26726726726726724,0.5095095095095107,0.7877877877877875,0.5985985985985991,0.16716716716716717,0.973973973973974,0.7677677677677678,0.29429429429429427,0.1891891891891892,0.6636636636636637,0.9159159159159159,0.13513513513513514,0.5715715715715716,1
0.9779779779779779,0.8418418418418419,0.6516516516516516,0.8828828828828829,0.5955955955955956,0.7927927927927928,0.08108108108108109,0.028028028028028028,0.3863863863863864,0.9719719719719719,0.7367367367367368,0.7217217217217217,0.26426426426426425,1
0.27927927927927926,0.8408408408408409,0.35535535535535534,0.9019019019019019,0.5795795795795796,0.26126126126126126,0.5495495495495496,0.23423423423423423,0.5015015015015015,0.9159159159159159,0.15215215215215216,0.17917917917917917,0.9229229229229229,1
0.5825825825825826,0.27227227227227224,0.21421421421421422,0.2072072072072072,0.8818818818818819,0.5295295295295295,0.46846846846846846,0.6106106106106106,0.5125125125125125,0.04004004004004004,0.974974974974975,0.7207207207207207,0.4774774774774764,1
0.8878878878878879,0.7307307307307306,0.8178178178178173,0.4644644644644645,0.16916916916916916,0.4544544544544544,0.01001001001001001,0.01001001001001001,0.5025025025025025,0.7737737737737738,0.26226226226226224,0.4694694694694695,0.06406406406406406,1
0.45345345345345345,0.7267267267267272,0.11711711711711711,0.06306306306306306,0.9119119119119119,0.36236236236236236,0.2972972972972973,0.2922922922922923,0.5745745745745746,0.7767767767767768,0.12512512512512514,0.5405405405405406,0.9569569569569569,1
0.15715715715715717,0.3653653653653651,0.08308308308308308,0.6686686686686687,0.14114114114114115,0.8678678678678677,0.8518518518518519,0.993993993993994,0.9099099099099099,0.1971971971971972,0.9949949949949949,0.7607607607607606,0.08308308308308308,1
0.23523523523523523,0.4194194194194194,0.6236236236236237,0.8268268268268268,0.4744744744744745,0.7497497497497497,0.7987987987987988,0.3983983983983984,0.5925925925925926,0.8998998998998999,0.5475475475475475,0.062062062062062065,0.7447447447447447,1
0.6096096096096096,0.1971971971971972,0.9579579579579578,0.23123123123123124,0.8438438438438438,0.16616616616616617,0.17917917917917917,0.5085085085085085,0.13713713713713713,0.2182182182182182,0.9279279279279278,0.4374374374374374,0.07307307307307308,1
0.09109109109109109,0.6686686686686687,0.5415415415415415,0.45145145145145144,0.09309309309309309,0.7207207207207207,0.8248248248248248,0.6436436436436437,0.5365365365365365,0.2882882882882883,0.6096096096096096,0.6856856856856857,0.4314314314314314,1
0.3663663663663664,0.4064064064064064,0.5155155155155156,0.12112112112112113,0.5015015015015015,0.8258258258258259,0.7807807807807807,0.4264264264264264,0.23423423423423423,0.2932932932932933,0.5595595595595596,0.6256256256256256,0.5805805805805806,1
0.24524524524524524,0.4854854854854855,0.5975975975975976,0.33233233233233234,0.9039039039039038,0.38738738738738737,0.7307307307307307,0.1681681681681682,0.2702702702702703,0.9069069069069069,0.12912912912912913,0.003003003003003003,0.8068068068068068,1
0.973973973973974,0.19119119119119118,0.5725725725725725,0.04904904904904905,0.938938938938939,0.08808808808808809,0.36936936936936937,0.990990990990991,0.024024024024024024,0.355355355355355,0.8528528528528528,0.4914914914914916,0.14714714714714713,1
0.33233233233233234,0.5185185185185185,0.13013013013013014,0.2112112112112112,0.06106106106106106,0.9069069069069069,0.6866866866866882,0.8688688688688688,0.26726726726726724,0.2092092092092092,0.6636636636636637,0.5435435435435435,0.31431431431431434,1
0.1021021021021021,0.8498498498498499,0.31431431431431434,0.44844844844844844,0.12112112112112113,0.6496496496496497,0.9029029029029029,0.8758758758758759,0.6346346346346347,0.5795795795795796,0.6316316316316316,0.8608608608608609,0.8308308308308309,1
0.38238238238238237,0.8768768768768769,0.1111111111111111,0.5545545545545546,0.5805805805805806,0.3103103103103103,0.07207207207207207,0.19019019019019018,0.3053053053053053,0.6956956956956957,0.33633633633633936,0.42342342342342343,0.963963963963964,1
0.33533533533533527,0.07207207207207207,0.7737737737737738,0.8228228228228228,0.5735735735735735,0.3263263263263263,0.2462462462462467,0.8898898898898899,0.0970970970970971,0.08108108108108109,0.44144144144144143,0.17417417417417422,0.6656656656656657,1
0.22822822822822822,0.7347347347347347,0.948948948948949,0.2262262262262265,0.2072072072072072,0.07407407407407407,0.05305305305305305,0.38238238238238237,0.2012012012012012,0.5605605605605606,0.7167167167167169,0.45145145145145144,0.6036036036036035,1
0.21421421421421422,0.45045045045045046,0.8678678678678675,0.12412412412412413,0.6266266266266266,0.15415415415415415,0.3793793793793794,0.44644644644644643,0.04204204204204219,0.28128128128128127,0.7397397397397397,0.22822822822822822,0.4094094094094094,1
0.6866866866866866,0.5515515515515516,0.47247247247247287,0.6126126126126126,0.8988988988988988,0.8358358358358359,0.7417417417417418,0.34634634634634637,0.6396396396396397,0.5635635635635635,0.8788788788788788,0.9099099099099099,0.45245245245245247,1
0.005005005005005005,0.7287287287287287,0.5355355355355356,0.4144144144144144,0.39039039039039036,0.3763763763763764,0.9429429429429429,0.6766766766766769,0.3533533533533534,0.13813813813813813,0.8558558558558559,0.8098098098098098,0.05205205205205205,1
0.12512512512512514,0.8728728728728729,0.26426426426426425,0.009009009009009009,0.05305305305305305,0.4524524524524526,0.9479479479479478,0.8238238238238238,0.14314314314314314,0.5745745745745746,0.026026026026026026,0.5835835835835835,0.6106106106106106,0
0.995995995995996,0.30430430430430433,0.988988988988989,0.5185185185185185,0.6616616616616616,0.35535535535535523,0.15615615615615616,0.1011011011011011,0.6126126126126126,0.7527527527527528,0.46346346346346345,0.46346346346346345,0.44044044044044045,1
0.4074074074074074,0.41041041041041043,0.8568568568568569,0.16216216216216217,0.31931931931931934,0.01001001001001001,0.6196196196196196,0.4224224224224224,0.12712712712712712,0.09109109109109109,0.7197197197197197,0.016016016016016016,0.3963963963963964,1
0.3533533533533533,0.28128128128128127,0.13313313313313313,0.4344344344344344,0.8668668668668669,0.6446446446446447,0.41041041041041043,0.31431431431431434,0.8378378378378374,0.6656656656656657,0.17217217217217218,0.0990990990990991,0.91991991991992,1
0.4124124124124124,0.6176176176176176,0.7717717717717718,0.026026026026026026,0.47347347347347346,0.8318318318318318,0.21021021021021022,0.19119119119119118,0.32232232232232233,0.8748748748748745,0.982982982982983,0.39539539539539537,0.5575575575575575,1
0.8548548548548548,0.036036036036036036,0.7657657657657657,0.1921921921921922,0.8078078078078078,0.27427427427427425,0.7717717717717718,0.8648648648648662,0.2082082082082082,0.0980980980980981,0.5225225225225225,0.11711711711711711,0.3743743743743744,1
0.4324324324324328,0.12512512512512514,0.9419419419419419,0.1021021021021021,0.6206206206206206,0.38238238238238237,0.6686686686686687,0.45345345345345345,0.11711711711711711,0.057057057057057055,0.8058058058058059,0.1891891891891892,0.2932932932932933,1
0.1941941941941942,0.5975975975975976,0.06006006006006006,0.8998998998998999,0.17217217217217218,0.9359359359359359,0.934934934934935,0.9429429429429429,0.34734734734734735,0.2752752752752753,0.7997997997997998,0.854854854854855,0.04104104104104104,1
0.04504504504504504,0.9429429429429429,0.08508508508508508,0.5355355355355356,0.1111111111111111,0.4994994994994995,0.958958958958959,0.6296296296296297,0.39539539539539537,0.33933933933933935,0.35535535535535534,0.9039039039039038,0.4624624624624626,1
0.5165165165165165,0.5965965965965966,0.7317317317317319,0.6456456456456456,0.5605605605605606,0.918918918918919,0.2992992992992993,0.08608608608608609,0.22022022022022023,0.8758758758758759,0.7157157157157157,0.36736736736736736,0.4954954954954955,1
0.30430430430430433,0.9229229229229229,0.3183183183183183,0.44144144144144143,0.2522522522522523,0.7227227227227228,0.5775775775775776,0.23523523523523523,0.5845845845845846,0.992992992992993,0.8248248248248248,0.43043043043043044,0.6836836836836837,1
0.37237237237237236,0.47247247247247254,0.5075075075075075,0.02702702702702703,0.6466466466466466,0.8138138138138138,0.7377377377377378,0.6146146146146146,0.2932932932932933,0.3743743743743744,0.6356356356356356,0.8888888888888888,0.5555555555555556,1
0.8868868868868869,0.8308308308308309,0.34934934934934936,0.5235235235235235,0.993993993993994,0.2222222222222222,0.3353353353353351,0.08308308308308308,0.4674674674674674,0.8308308308308309,0.2882882882882883,0.6066066066066066,0.9129129129129129,1
0.22522522522522523,0.2752752752752753,0.5575575575575575,0.7997997997997998,0.9359359359359359,0.5705705705705706,0.7247247247247247,0.7417417417417418,0.6146146146146146,0.23323323323323322,0.5095095095095103,0.9219219219219219,0.3353353353353353,1
0.8748748748748747,0.14314314314314314,0.25325325325325326,0.5155155155155156,0.7337337337337337,0.8828828828828829,0.5755755755755756,0.9259259259259259,0.17917917917917925,0.19019019019019018,0.6526526526526526,0.7837837837837838,0.22422422422422422,1
0.24624624624624633,0.8488488488488488,0.2072072072072072,0.12612612612612611,0.4324324324324325,0.31931931931931934,0.4794794794794795,0.05305305305305305,0.46346346346346345,0.6646646646646647,0.14214214214214213,0.15415415415415415,0.7837837837837838,1
0.8268268268268268,0.13813813813813813,0.45345345345345345,0.2982982982982983,0.12712712712712712,0.9769769769769769,0.15015015015015015,0.9209209209209209,0.33733733733733734,0.2122122122122122,0.3533533533533533,0.7027027027027027,0.35835835835835844,1
0.14914914914914915,0.4134134134134134,0.5695695695695696,0.6856856856856857,0.2862862862862863,0.9519519519519519,0.9289289289289289,0.5385385385385385,0.6496496496496497,0.9479479479479478,0.3663663663663664,0.11911911911911911,0.19019019019019018,0
0.934934934934935,0.8238238238238238,0.4894894894894895,0.7657657657657657,0.6956956956956957,0.014014014014014014,0.6356356356356356,0.0,0.9379379379379374,0.31931931931931934,0.01901901901901902,0.40040040040040037,0.8508508508508509,1
0.8628628628628628,0.8448448448448448,0.4524524524524525,0.5885885885885885,0.6746746746746747,0.08508508508508508,0.3943943943943944,0.031031031031031032,0.5275275275275275,0.6686686686686687,0.14514514514514515,0.3103103103103103,0.8018018018018018,1
0.31931931931931934,0.050050050050050046,0.7727727727727728,0.45845845845845845,0.7127127127127127,0.17617617617617617,0.27127127127127126,0.7547547547547547,0.13513513513513514,0.013013013013013013,0.6476476476476476,0.03003003003003003,0.4014014014014014,1
0.1061061061061061,0.984984984984985,0.14014014014014015,0.004004004004004004,0.031031031031031032,0.4934934934934935,0.96996996996997,0.7527527527527528,0.7307307307307306,0.5735735735735735,0.6086086086086087,0.9569569569569569,0.7247247247247247,1
0.2802802802802803,0.7007007007007005,0.3683683683683684,0.47047047047047047,0.018018018018018018,0.7917917917917918,0.8968968968968969,0.95995995995996,0.8448448448448448,0.5055055055055055,0.8158158158158159,0.7637637637637638,0.33333333333333376,1
0.34734734734734735,0.11011011011011011,0.8538538538538538,0.6026026026026026,0.8288288288288288,0.3683683683683684,0.12012012012012012,0.6666666666666667,0.04604604604604605,0.17417417417417452,0.5565565565565566,0.2772772772772773,0.4854854854854855,1
0.7207207207207207,0.5275275275275275,0.8238238238238238,0.3613613613613614,0.3833833833833834,0.5685685685685685,0.35435435435435436,0.1851851851851851,0.5725725725725725,0.8198198198198198,0.6926926926926927,0.3483483483483483,0.6046046046046046,1
0.8428428428428428,0.9029029029029029,0.029029029029029027,0.1891891891891892,0.16416416416416416,0.1031031031031031,0.017017017017017015,0.32732732732732733,0.8888888888888888,0.5705705705705706,0.18618618618618618,0.5715715715715716,0.975975975975976,1
0.5375375375375375,0.46546546546546547,0.3983983983983984,0.7027027027027027,0.8528528528528528,0.9669669669669669,0.4994994994994995,0.5885885885885885,0.6026026026026026,0.6236236236236237,0.9459459459459459,0.9319319319319319,0.43043043043043044,1
0.21621621621621623,0.0960960960960961,0.8298298298298298,0.14514514514514515,0.45045045045045046,0.25125125125125125,0.47147147147147145,0.45845845845845845,0.26226226226226224,0.03203203203203203,0.7497497497497497,0.005005005005005005,0.6396396396396397,1
0.4994994994994995,0.26926926926926925,0.40040040040040037,0.3563563563563564,0.28128128128128127,0.7747747747747747,0.3073073073073073,0.5725725725725725,0.7587587587587588,0.29429429429429427,0.44044044044044045,0.6636636636636637,0.44544544544544545,1
0.6476476476476476,0.7757757757757757,0.05405405405405406,0.98998998998999,0.3793793793793794,0.6686686686686687,0.7627627627627628,0.33233233233233234,0.5615615615615616,0.5665665665665666,0.2362362362362363,0.7437437437437437,0.7927927927927928,1
0.05405405405405406,0.6266266266266266,0.3133133133133133,0.6416416416416416,0.4374374374374357,0.8978978978978978,0.7277277277277276,0.43543543543543545,0.24924924924924924,0.35735735735735735,0.3183183183183183,0.7157157157157157,0.8148148148148148,1
0.6686686686686687,0.45245245245245247,0.16516516516516516,0.35235235235235235,0.6596596596596597,0.4694694694694695,0.15815815815815815,0.7907907907907907,0.7747747747747747,0.375375375375375,0.6966966966966966,0.9249249249249251,0.46846846846846846,1
0.23823823823823823,0.2272272272272272,0.6746746746746747,0.943943943943944,0.7417417417417418,0.12712712712712712,0.013013013013013013,0.5585585585585585,0.3133133133133133,0.2012012012012012,0.983983983983984,0.14514514514514515,0.15615615615615616,1
0.38038038038038036,0.19519519519519518,0.894894894894894,0.5245245245245245,0.6666666666666679,0.7837837837837838,0.14414414414414414,0.2022022022022022,0.3173173173173173,0.7227227227227228,0.6806806806806791,0.14314314314314314,0.14014014014014015,1
0.42542542542542544,0.5325325325325325,0.6816816816816816,0.8358358358358359,0.32732732732732733,0.4134134134134134,0.27227227227227274,0.22822822822822822,0.9109109109109109,0.8558558558558559,0.46546546546546547,0.18118118118118118,0.5515515515515516,1
0.05105105105105105,0.4084084084084084,0.44144144144144143,0.15815815815815815,0.16316316316316315,0.9139139139139139,0.8768768768768769,0.6656656656656657,0.055055055055055056,0.3563563563563564,0.17117117117117117,0.15015015015015015,0.24324324324324323,0
0.27427427427427425,0.9159159159159159,0.36236236236236236,0.7787787787787788,0.011011011011011011,0.8628628628628628,0.8178178178178178,0.4954954954954955,0.6336336336336337,0.5155155155155156,0.6226226226226226,0.8108108108108109,0.8748748748748749,1
0.055055055055055056,0.7407407407407407,0.008008008008008008,0.5615615615615616,0.003003003003003003,0.8518518518518519,0.6386386386386387,0.8118118118118118,0.8098098098098098,0.031031031031031032,0.1091091091091091,0.4754754754754755,0.8438438438438438,1
0.5045045045045045,0.3983983983983984,0.3653653653653652,0.8098098098098098,0.5785785785785785,0.3983983983983984,0.4904904904904905,0.3003003003003003,0.6296296296296297,0.8008008008008007,0.002002002002002002,0.07107107107107107,0.7947947947947948,1
0.14514514514514515,0.9279279279279278,0.5565565565565566,0.3933933933933934,0.29929929929929955,0.2902902902902903,0.5765765765765766,0.6006006006006006,0.05205205205205205,0.6806806806806805,0.7907907907907907,0.7277277277277086,0.3533533533533546,1
0.05905905905905906,0.8818818818818819,0.5365365365365365,0.04504504504504504,0.10010010010010009,0.4194194194194194,0.980980980980981,0.7087087087087087,0.4874874874874874,0.40540540540540543,0.48248248248248315,0.8808808808808809,0.1921921921921922,1
0.04704704704704705,0.5725725725725725,0.32432432432432434,0.6936936936936937,0.26126126126126126,0.7087087087087087,0.9529529529529529,0.6576576576576576,0.9719719719719719,0.2272272272272272,0.7657657657657657,0.9149149149149132,0.004004004004004004,1
0.997997997997998,0.17217217217217218,0.938938938938939,0.1881881881881882,0.867867867867867,0.3283283283283283,0.01901901901901902,0.07507507507507508,0.980980980980981,0.7717717717717718,0.22322322322322322,0.5335335335335335,0.23623623623623624,1
0.8148148148148148,0.7207207207207206,0.7797797797797797,0.991991991991992,0.5515515515515516,0.5655655655655656,0.16716716716716717,0.05405405405405406,0.5305305305305306,0.8938938938938938,0.6996996996996997,0.5675675675675675,0.5175175175175175,1
0.8468468468468469,0.2172172172172172,0.9319319319319319,0.3203203203203203,0.5535535535535535,0.3993993993993994,0.31431431431431434,0.20020020020020018,0.7697697697697697,0.7197197197197197,0.29929929929930027,0.22422422422422422,0.34134134134134136,1
0.4184184184184184,0.7607607607607606,0.6536536536536537,0.8308308308308309,0.7917917917917918,0.09109109109109109,0.5645645645645646,0.6486486486486487,0.017017017017017022,0.5345345345345345,0.9329329329329329,0.5685685685685685,0.06706706706706707,1
0.10710710710710711,0.938938938938939,0.6426426426426426,0.26326326326326327,0.2312312312312313,0.4214214214214214,0.8798798798798799,0.35535535535535534,0.05405405405405406,0.47147147147147145,0.5625625625625625,0.7877877877877876,0.7337337337337337,1
0.5485485485485485,0.4674674674674673,0.06706706706706707,0.9519519519519519,0.22122122122122134,0.7817817817817818,0.4144144144144144,0.4364364364364364,0.5445445445445446,0.4624624624624625,0.2962962962962963,0.3733733733733734,0.7567567567567568,1
0.7577577577577578,0.03303303303303303,0.9209209209209209,0.8958958958958959,0.8768768768768769,0.22322322322322322,0.42042042042042044,0.4174174174174174,0.23723723723723725,0.11511511511511512,0.29429429429429427,0.04604604604604605,0.3253253253253253,1
0.5865865865865866,0.43343343343343343,0.7597597597597597,0.6116116116116116,0.6906906906906907,0.8248248248248248,0.057057057057057055,0.13313313313313313,0.6006006006006006,0.8728728728728729,0.8508508508508509,0.44844844844844844,0.34434434434434436,1
0.2732732732732733,0.46146146146146144,0.023023023023023025,0.7637637637637638,0.5755755755755756,0.8578578578578578,0.1061061061061061,0.16616616616616617,0.6086086086086087,0.5255255255255256,0.12712712712712712,0.23423423423423423,0.8778778778778777,1
0.8098098098098098,0.4394394394394394,0.050050050050050046,0.7897897897897898,0.34934934934934936,0.9079079079079073,0.6756756756756757,0.6416416416416416,0.2122122122122122,0.4824824824824825,0.28928928928928926,0.5905905905905906,0.6646646646646647,1
0.32432432432432434,0.7937937937937938,0.8108108108108109,0.6176176176176176,0.2112112112112112,0.09309309309309309,0.37037037037037035,0.6356356356356356,0.035035035035035036,0.5335335335335335,0.5765765765765766,0.46546546546546547,0.6966966966966966,1
0.5655655655655656,0.14514514514514515,0.9359359359359359,0.17417417417417416,0.6226226226226226,0.6296296296296297,0.05905905905905906,0.13513513513513514,0.44844844844844844,0.6176176176176176,0.5825825825825826,0.05305305305305305,0.5135135135135135,1
0.34534534534534533,0.26326326326326327,0.7777777777777776,0.6826826826826827,0.35235235235235235,0.991991991991992,0.23423423423423423,0.12012012012012012,0.22822822822822822,0.6536536536536537,0.6706706706706705,0.11011011011011011,0.5855855855855856,1
0.3733733733733734,0.40040040040040037,0.6166166166166166,0.9429429429429429,0.8038038038038038,0.7467467467467468,0.24124124124124124,0.16916916916916946,0.8038038038038038,0.9009009009009009,0.5385385385385385,0.23523523523523523,0.6676676676676678,1
0.7607607607607607,0.17017017017017017,0.943943943943944,0.8218218218218218,0.6946946946946947,0.2122122122122122,0.11611611611611611,0.6736736736736737,0.2982982982982983,0.4804804804804805,0.4644644644644645,0.5505505505505506,0.35735735735735735,1
0.7967967967967968,0.11511511511511512,0.8008008008008007,0.42342342342342343,0.7577577577577526,0.6026026026026026,0.2042042042042042,0.22922922922922923,0.4214214214214214,0.7647647647647647,0.23323323323323322,0.02702702702702703,0.38738738738738737,1
0.4294294294294294,0.3803803803803803,0.6606606606606606,0.21021021021021022,0.9149149149149148,0.15115115115115116,0.8708708708708709,0.1871871871871872,0.7637637637637638,0.8388388388388388,0.01001001001001001,0.015015015015015015,0.7767767767767768,1
0.42042042042042044,0.243243243243244,0.9219219219219219,0.002002002002002002,0.3993993993993994,0.7197197197197197,0.36736736736736736,0.14214214214214213,0.3683683683683684,0.6136136136136137,0.5235235235235235,0.08508508508508508,0.6356356356356356,0
0.5265265265265265,0.7317317317317318,0.04904904904904905,0.050050050050050046,0.43343343343343343,0.42042042042042044,0.16516516516516513,0.6566566566566568,0.6366366366366366,0.9579579579579576,0.025025025025025023,0.4944944944944945,0.9719719719719719,1
0.33133133133133136,0.7667667667667668,0.46546546546546547,0.7547547547547547,0.8868868868868869,0.16316316316316315,0.5705705705705706,0.34034034034034033,0.3983983983983984,0.9329329329329329,0.16416416416416416,0.2072072072072072,0.9369369369369369,1
0.11811811811811812,0.057057057057057055,0.6256256256256256,0.2722722722722724,0.33933933933933935,0.8268268268268268,0.5535535535535535,0.8978978978978936,0.2952952952952953,0.02102102102102102,0.9849849849849851,0.3173173173173173,0.05105105105105105,1
0.023023023023023025,0.4184184184184184,0.5985985985985987,0.5365365365365365,0.2732732732732733,0.6336336336336337,0.973973973973974,0.8588588588588588,0.6196196196196196,0.0940940940940941,0.937937937937937,0.8308308308308309,0.002002002002002002,1
0.46046046046046046,0.4344344344344344,0.7857857857857862,0.7947947947947948,0.44844844844844844,0.6046046046046046,0.1871871871871872,0.056056056056056056,0.7367367367367368,0.6616616616616616,0.43543543543543545,0.27927927927927926,0.5865865865865866,1
0.22122122122122131,0.7547547547547547,0.3763763763763764,0.6886886886886887,0.1831831831831832,0.7137137137137137,0.8628628628628628,0.8158158158158159,0.44144144144144143,0.5775775775775776,0.7717717717717718,0.8268268268268268,0.6316316316316316,1
0.27127127127127126,0.5825825825825826,0.26726726726726724,0.5055055055055044,0.9549549549549549,0.33233233233233234,0.6186186186186187,0.37737737737737737,0.7117117117117117,0.8528528528528528,0.22622622622622635,0.23323323323323322,0.955955955955956,1
0.3883883883883884,0.3743743743743744,0.3163163163163163,0.7227227227227228,0.6876876876876873,0.5205205205205206,0.5445445445445445,0.6306306306306306,0.5805805805805806,0.24324324324324342,0.4984984984984985,0.7937937937937938,0.45945945945945943,1
0.3983983983983984,0.05305305305305305,0.9109109109109109,0.2652652652652653,0.5715715715715716,0.24024024024024024,0.34234234234234234,0.7307307307307306,0.008008008008008008,0.008008008008008008,0.4084084084084084,0.018018018018018018,0.6236236236236237,1
0.7477477477477478,0.30930930930930933,0.8318318318318318,0.8978978978978978,0.4954954954954955,0.8208208208208209,0.3263263263263263,0.11911911911911911,0.6596596596596597,0.7247247247247247,0.4134134134134134,0.5045045045045045,0.11811811811811812,1
0.5805805805805806,0.35335335335335344,0.7197197197197197,0.07407407407407407,0.6286286286286287,0.25225225225225223,0.6416416416416416,0.7177177177177176,0.09509509509509509,0.25425425425425424,0.928928928928929,0.47847847847847846,0.07807807807807808,1
0.9289289289289291,0.03003003003003003,0.6896896896896897,0.6796796796796797,0.8638638638638638,0.21421421421421422,0.13713713713713713,0.994994994994995,0.2822822822822823,0.34634634634634637,0.2552552552552552,0.5635635635635635,0.48348348348348347,1
0.27627627627627627,0.11211211211211211,0.7247247247247247,0.26426426426426425,0.7167167167167168,0.6796796796796797,0.6346346346346347,0.5255255255255256,0.8988988988988988,0.7927927927927928,0.656656656656657,0.058058058058058054,0.48848848848848847,1
0.3053053053053053,0.8388388388388388,0.2912912912912913,0.5675675675675675,0.33133133133133136,0.4084084084084084,0.1941941941941942,0.10810810810810811,0.23623623623623843,0.7937937937937938,0.24724724724724725,0.07407407407407407,0.8118118118118118,1
0.7777777777777773,0.4074074074074074,0.028028028028028028,0.6226226226226226,0.45845845845845845,0.7647647647647647,0.16616616616616617,0.6446446446446447,0.9049049049049075,0.5755755755755756,0.45645645645645644,0.6876876876876875,0.5735735735735735,1
0.28928928928928926,0.2092092092092092,0.7897897897897898,0.6756756756756757,0.7307307307307307,0.3973973973973974,0.14114114114114115,0.6676676676676678,0.058058058058058054,0.3033033033033033,0.4854854854854855,0.4274274274274275,0.5065065065065065,1
0.4774774774774775,0.1041041041041041,0.950950950950951,0.12312312312312317,0.5345345345345345,0.3613613613613614,0.43743743743742297,0.5245245245245245,0.08708708708708708,0.1011011011011011,0.38038038038038036,0.15615615615615616,0.5355355355355356,1
0.0940940940940941,0.92992992992993,0.03203203203203203,0.03003003003003003,0.08008008008008008,0.5785785785785785,0.9009009009009009,0.45045045045045046,0.6286286286286287,0.07407407407407407,0.7737737737737738,0.8878878878878876,0.13213213213213212,1
0.7507507507507507,0.9089089089089089,0.3013013013013013,0.980980980980981,0.48748748748748744,0.11911911911911911,0.17117117117117117,0.2832832832832833,0.34434434434434436,0.9229229229229229,0.17417417417417416,0.4224224224224224,0.8958958958958959,1
0.5775775775775776,0.8988988988988988,0.06506506506506507,0.41541541541541543,0.43043043043043044,0.6236236236236237,0.5935935935935935,0.4984984984984985,0.6376376376376376,0.7157157157157157,0.4014014014014014,0.973973973973974,0.8428428428428428,1
0.6846846846846847,0.6576576576576576,0.33433433433433435,0.7517517517517518,0.6106106106106106,0.3173173173173173,0.37737737737737737,0.4194194194194194,0.6926926926926927,0.953953953953954,0.11211211211211211,0.2652652652652653,0.9329329329329329,1
0.8938938938938938,0.12612612612612611,0.06906906906906907,0.2852852852852853,0.6556556556556556,0.6166166166166166,0.11711711711711711,0.7837837837837838,0.968968968968969,0.23223223223223222,0.5255255255255256,0.7307307307307302,0.2022022022022022,1
0.8328328328328328,0.9109109109109109,0.2872872872872873,0.5415415415415415,0.39539539539539537,0.05305305305305305,0.23623623623623635,0.3213213213213213,0.5225225225225225,0.9209209209209209,0.02002002002002002,0.5365365365365365,0.9259259259259259,1
0.5475475475475475,0.3163163163163163,0.8058058058058059,0.24724724724724725,0.40540540540540543,0.12412412412412413,0.45845845845845845,0.8358358358358359,0.06106106106106106,0.3073073073073073,0.6456456456456456,0.21921921921921922,0.6076076076076076,1
1.0,0.8138138138138138,0.45145145145145144,0.4904904904904905,0.5115115115115115,0.062062062062062065,0.02102102102102102,0.2932932932932933,0.6356356356356356,0.8238238238238238,0.08608608608608609,0.5855855855855856,0.991991991991992,1
0.6396396396396397,0.43543543543543545,0.7787787787787788,0.9819819819819819,0.6056056056056056,0.8878878878878879,0.3303303303303302,0.06906906906906907,0.33233233233233234,0.7797797797797797,0.44844844844844844,0.43843843843843844,0.20020020020020018,1
0.8198198198198198,0.6026026026026026,0.6216216216216216,0.7397397397397397,0.5415415415415415,0.4964964964964965,0.35935935935935936,0.16416416416416416,0.8728728728728729,0.9549549549549547,0.24524524524524524,0.47647647647647645,0.25325325325325326,1
0.03203203203203203,0.8738738738738738,0.1921921921921922,0.8878878878878868,0.07607607607607608,0.5675675675675675,0.98998998998999,0.8138138138138138,0.985985985985986,0.3763763763763764,0.6866866866866866,0.9649649649649651,0.0990990990990991,1
0.7237237237237237,0.5505505505505506,0.0960960960960961,0.12212212212212212,0.42042042042042044,0.48748748748748744,0.6036036036036043,0.7407407407407405,0.18118118118118118,0.3793793793793794,0.2182182182182182,0.6616616616616616,0.6856856856856857,1
0.3263263263263263,0.34534534534534533,0.36336336336336333,0.3123123123123123,0.23323323323323322,0.7807807807807807,0.28128128128128127,0.9459459459459459,0.48148148148148145,0.3983983983983984,0.23123123123123124,0.8948948948948939,0.5685685685685685,1
0.6766766766766771,0.21521521521521522,0.9679679679679679,0.7437437437437437,0.3233233233233233,0.8498498498498498,0.3103103103103103,0.2182182182182182,0.23023023023023023,0.6336336336336337,0.7787787787787788,0.22922922922922923,0.16416416416416416,1
0.7007007007007007,0.973973973973974,0.23123123123123124,0.8128128128128128,0.5705705705705706,0.13913913913913914,0.07807807807807808,0.0980980980980981,0.3383383383383383,0.8168168168168168,0.2062062062062062,0.6646646646646647,0.986986986986987,1
0.8508508508508509,0.6556556556556556,0.03003003003003003,0.46046046046046046,0.7367367367367368,0.45645645645645644,0.24224224224224225,0.5865865865865866,0.9259259259259259,0.5195195195195195,0.5885885885885885,0.9409409409409409,0.6086086086086087,1
0.24824824824824826,0.8118118118118118,0.4904904904904905,0.5825825825825826,0.1871871871871872,0.9819819819819819,0.6796796796796797,0.14914914914914915,0.45645645645645644,0.8908908908908909,0.7247247247247247,0.4444444444444444,0.5985985985985985,1
0.1041041041041041,0.933933933933934,0.15715715715715717,0.7617617617617618,0.03303303303303303,0.7537537537537538,0.8988988988988988,0.4844844844844845,0.9039039039039038,0.4524524524524527,0.3433433433433433,0.8928928928928929,0.7557557557557557,1
0.9819819819819819,0.7807807807807807,0.4034034034034034,0.4034034034034034,0.9419419419419419,0.057057057057057055,0.4474474474474474,0.28928928928928926,0.9359359359359359,0.8868868868868869,0.057057057057057055,0.6746746746746747,0.985985985985986,1
0.5315315315315315,0.26726726726726724,0.5805805805805806,0.1941941941941942,0.23523523523523523,0.993993993993994,0.7457457457457457,0.30930930930930933,0.36036036036036034,0.30430430430430433,0.7347347347347347,0.4934934934934935,0.4974974974974975,1
0.6246246246246246,0.4124124124124124,0.8428428428428428,0.7167167167167167,0.7737737737737738,0.3713713713713714,0.5055055055055054,0.32232232232232233,0.48848848848848847,0.9309309309309309,0.5695695695695696,0.1931931931931932,0.34934934934934936,1
0.08208208208208208,0.8888888888888888,0.24124124124124124,0.06106106106106106,0.024024024024024024,0.6486486486486487,0.7777777777777773,0.3633633633633634,0.3633633633633635,0.13113113113113112,0.1691691691691692,0.6546546546546547,0.7987987987987988,1
0.9319319319319319,0.7157157157157157,0.32732732732732733,0.2832832832832833,0.9429429429429429,0.11311311311311312,0.4294294294294294,0.059059059059059144,0.8078078078078077,0.6036036036036037,0.1011011011011011,0.5125125125125125,0.9049049049049055,1
0.6326326326326326,0.02002002002002002,0.5305305305305306,0.45945945945945943,0.8118118118118118,0.42342342342342343,0.036036036036036036,0.6426426426426426,0.884884884884885,0.009009009009009009,0.948948948948949,0.41541541541541543,0.044044044044044044,1
0.6526526526526526,0.4474474474474474,0.5385385385385385,0.5085085085085085,0.8698698698698699,0.7567567567567568,0.2682682682682683,0.0970970970970971,0.7107107107107107,0.9449449449449454,0.1781781781781782,0.3933933933933934,0.15115115115115116,1
0.2962962962962963,0.08308308308308308,0.8638638638638638,0.6606606606606605,0.8758758758758759,0.8328328328328328,0.24824824824824826,0.3843843843843844,0.5375375375375375,0.7987987987987988,0.6896896896896897,0.14714714714714713,0.057057057057057055,1
0.970970970970971,0.8338338338338338,0.16416416416416418,0.6916916916916916,0.43543543543543545,0.1981981981981982,0.10510510510510511,0.39539539539539537,0.6906906906906906,0.9219219219219219,0.12112112112112113,0.5765765765765766,0.9089089089089089,1
0.39539539539539537,0.3203203203203203,0.33233233233233234,0.6546546546546547,0.2602602602602603,0.9109109109109109,0.2982982982982983,0.5655655655655656,0.38538538538538536,0.42742742742742773,0.7207207207207204,0.48148148148148145,0.6206206206206206,1
0.8408408408408409,0.12012012012012012,0.6286286286286287,0.14214214214214213,0.9229229229229229,0.6086086086086087,0.2732732732732733,0.9649649649649658,0.003003003003003003,0.32432432432432434,0.8378378378378376,0.6186186186186187,0.15915915915915915,1
0.006006006006006006,0.7507507507507507,0.36436436436436437,0.16616616616616617,0.15415415415415415,0.6056056056056056,0.974974974974975,0.8218218218218218,0.9459459459459459,0.2112112112112112,0.8458458458458459,0.9379379379379378,0.10810810810810811,1
0.96996996996997,0.2872872872872873,0.25725725725725723,0.1061061061061061,0.8708708708708709,0.8738738738738738,0.3963963963963964,0.5445445445445445,0.7387387387387387,0.42542542542542544,0.975975975975976,0.9019019019019019,0.19519519519519518,1
0.09509509509509492,0.7427427427427428,0.5625625625625625,0.5075075075075075,0.3023023023023023,0.6466466466466476,0.9159159159159159,0.6096096096096096,0.4794794794794795,0.4144144144144144,0.8858858858858859,0.8738738738738738,0.4894894894894895,1
0.33833833833833843,0.0,0.8268268268268268,0.13813813813813813,0.8138138138138138,0.4644644644644645,0.1841841841841842,0.9379379379379217,0.4944944944944945,0.0,0.6916916916916916,0.006006006006006006,0.7407407407407407,1
0.5055055055055055,0.2922922922922923,0.7627627627627628,0.3923923923923924,0.8098098098098098,0.7327327327327328,0.0960960960960961,0.07007007007007007,0.7327327327327328,0.7597597597597597,0.4694694694694695,0.32932932932932935,0.3983983983983984,1
0.7557557557557557,0.14614614614614616,0.7567567567567568,0.14914914914914915,0.7787787787787788,0.16116116116116116,0.3213213213213213,0.8498498498498511,0.11011011011011011,0.3503503503503503,0.5035035035035035,0.16616616616616617,0.5255255255255256,1
0.3923923923923924,0.08108108108108109,0.5735735735735735,0.934934934934935,0.6896896896896897,0.7947947947947948,0.21921921921921922,0.8738738738738738,0.6716716716716716,0.07307307307307308,0.8778778778778779,0.8438438438438438,0.1251251251251251,1
0.5335335335335335,0.5365365365365365,0.9479479479479478,0.6296296296296297,0.1781781781781782,0.14614614614614616,0.46346346346346345,0.3433433433433433,0.18518518518518512,0.4064064064064064,0.4954954954954955,0.15315315315315314,0.6516516516516516,1
0.2092092092092092,0.7907907907907907,0.48848848848848847,0.6706706706706705,0.3943943943943944,0.5795795795795796,0.968968968968969,0.8918918918918919,0.8288288288288288,0.5955955955955956,0.996996996996997,0.975975975975976,0.08108108108108109,1
0.17117117117117117,0.9049049049049065,0.7307307307307305,0.7277277277277278,0.16216216216216217,0.015015015015015015,0.25425425425425424,0.4944944944944945,0.04804804804804805,0.5145145145145145,0.6066066066066066,0.3083083083083083,0.6436436436436437,1
0.08808808808808809,0.6926926926926927,0.6376376376376376,0.5335335335335335,0.1061061061061061,0.5985985985985985,0.7567567567567568,0.4164164164164164,0.35135135135135137,0.34734734734734735,0.3053053053053053,0.6006006006006006,0.6226226226226226,1
0.7537537537537538,0.36236236236236236,0.16716716716716717,0.7287287287287287,0.7457457457457457,0.4794794794794795,0.2862862862862863,0.8258258258258259,0.7167167167167169,0.26726726726726724,0.6296296296296297,0.9269269269269269,0.3843843843843844,1
0.6346346346346347,0.9409409409409409,0.2502502502502503,0.8618618618618619,0.737737737737737,0.04804804804804805,0.4594594594594595,0.39039039039039036,0.6136136136136137,0.9629629629629629,0.12612612612612611,0.6106106106106106,0.970970970970971,1
0.05305305305305305,0.5765765765765766,0.06606606606606606,0.23723723723723725,0.01001001001001001,0.8588588588588588,0.9419419419419419,0.9819819819819819,0.996996996996997,0.22822822822822822,0.47347347347347346,0.8078078078078075,0.21521521521521522,1
0.44244244244244246,0.10010010010010009,0.955955955955956,0.46546546546546547,0.48848848848848847,0.7107107107107106,0.7077077077077073,0.5925925925925926,0.4594594594594595,0.6936936936936937,0.9219219219219219,0.13713713713713713,0.1011011011011011,1
0.8048048048048048,0.14814814814814814,0.8248248248248248,0.9309309309309309,0.9519519519519519,0.34434434434434436,0.3923923923923924,0.8038038038038038,0.023023023023023025,0.35335335335335344,0.7977977977977971,0.5055055055055055,0.18518518518518517,1
0.6026026026026026,0.4364364364364364,0.3613613613613614,0.933933933933934,0.9069069069069069,0.34834834834834844,0.5455455455455456,0.07407407407407407,0.7807807807807807,0.5815815815815816,0.12812812812812813,0.13913913913913914,0.8298298298298298,1
0.8708708708708709,0.6726726726726732,0.6856856856856857,0.3083083083083083,0.7977977977977978,0.15315315315315314,0.5655655655655656,0.5075075075075075,0.09009009009008868,0.6666666666666679,0.5745745745745746,0.6086086086086087,0.06006006006006006,1
0.3813813813813814,0.983983983983984,0.31931931931931934,0.9179179179179159,0.4194194194194194,0.06606606606606606,0.2882882882882883,0.21421421421421422,0.26326326326326327,0.948948948948949,0.33433433433433435,0.44744744744744736,0.9449449449449451,1
0.5625625625625625,0.5785785785785785,0.08808808808808809,0.4264264264264264,0.9569569569569569,0.36736736736736736,0.4084084084084084,0.5635635635635635,0.3023023023023023,0.26426426426426425,0.980980980980981,0.7227227227227228,0.6426426426426426,1
0.14414414414414414,0.36436436436436437,0.5275275275275275,0.058058058058058054,0.11911911911911911,0.8178178178178073,0.8318318318318318,0.8418418418418419,0.68068068068068,0.3023023023023023,0.5725725725725725,0.6516516516516516,0.06106106106106106,1
0.37537537537537535,0.960960960960961,0.12812812812812813,0.3813813813813814,0.34234234234234234,0.2062062062062062,0.06006006006006006,0.5575575575575575,0.24424424424424424,0.96996996996997,0.12312312312312312,0.5785785785785785,0.992992992992993,1
0.97997997997998,0.0990990990990991,0.2782782782782783,0.3263263263263263,0.9479479479479478,0.5665665665665666,0.17717717717717718,0.9239239239239239,0.5255255255255256,0.3783783783783784,0.6506506506506505,0.8558558558558559,0.050050050050050046,1
0.8138138138138138,0.2882882882882883,0.07307307307307308,0.024024024024024024,0.9079079079079079,0.2822822822822823,0.4264264264264264,0.6456456456456456,0.5885885885885885,0.12712712712712712,0.46046046046046046,0.6306306306306306,0.36036036036036034,1
0.8178178178178176,0.015015015015015015,0.8628628628628628,0.7577577577575948,0.8998998998998999,0.3003003003003003,0.44144144144144143,0.96996996996997,0.056056056056056056,0.06006006006006006,0.3863863863863864,0.2862862862862863,0.5655655655655656,1
0.4084084084084084,0.5175175175175175,0.7157157157157157,0.7317317317317317,0.2722722722722723,0.970970970970971,0.7047047047047047,0.24724724724724725,0.40040040040040037,0.7827827827827828,0.7937937937937938,0.4064064064064064,0.4144144144144144,1
0.035035035035035036,0.8558558558558559,0.26926926926926925,0.4114114114114114,0.014014014014014014,0.6746746746746747,0.8748748748748747,0.4064064064064064,0.5205205205205206,0.14614614614614616,0.062062062062062065,0.6826826826826827,0.4544544544544544,1
0.5665665665665666,0.4964964964964965,0.0940940940940941,0.05105105105105105,0.4494494494494494,0.5525525525525525,0.34034034034034033,0.6176176176176176,0.7237237237237237,0.27927927927927926,0.5865865865865866,0.7747747747747747,0.6726726726726726,1
0.1011011011011011,0.6156156156156156,0.24924924924924924,0.28928928928928926,0.09109109109109109,0.6436436436436437,0.8838838838838838,0.8798798798798799,0.39039039039039036,0.0970970970970971,0.7927927927927928,0.6966966966966993,0.031031031031031032,1
0.4594594594594595,0.3943943943943944,0.4134134134134134,0.35835835835835833,0.8368368368368369,0.7767767767767768,0.6826826826826827,0.5055055055055054,0.38238238238238237,0.28428428428428426,0.8928928928928929,0.8158158158158159,0.45045045045045046,1
0.9469469469469469,0.003003003003003003,0.48748748748748716,0.8448448448448448,0.3613613613613614,0.9629629629629629,0.12212212212212212,0.933933933933934,0.4064064064064064,0.014014014014014014,0.6126126126126126,0.35735735735735735,0.023023023023023025,1
0.050050050050050046,0.8918918918918919,0.18018018018018017,0.9769769769769769,0.13113113113113112,0.4804804804804805,0.996996996996997,0.7967967967967968,0.8548548548548549,0.3173173173173173,0.6836836836836837,0.9769769769769769,0.012012012012012012,1
0.9749749749749748,0.7337337337337337,0.4394394394394394,0.3313313313313314,0.8208208208208209,0.11611611611611611,0.2012012012012012,0.5135135135135135,0.7277277277277244,0.9729729729729731,0.13113113113113112,0.5265265265265265,0.9779779779779779,1
0.5555555555555556,0.47847847847847846,0.4494494494494494,0.27127127127127126,0.35135135135135137,0.18118118118118118,0.46646646646646645,0.25825825825825827,0.7787787787787788,0.6186186186186187,0.1851851851851851,0.007007007007007007,0.8348348348348348,1
0.024024024024024024,0.3843843843843844,0.15415415415415415,0.8438438438438438,0.16616616616616617,0.6556556556556556,0.8698698698698699,0.970970970970971,0.5595595595595596,0.01901901901901902,0.9529529529529529,0.6576576576576576,0.05905905905905906,1
0.8358358358358359,0.5695695695695696,0.1971971971971972,0.5995995995995996,0.7397397397397397,0.24724724724724725,0.25825825825825827,0.3563563563563564,0.9569569569569569,0.7057057057057057,0.23723723723723725,0.4034034034034034,0.9849849849849854,1
0.18018018018018012,0.974974974974975,0.2182182182182182,0.006006006006006006,0.16116116116116116,0.5235235235235235,0.944944944944945,0.5835835835835835,0.6936936936936937,0.7067067067067087,0.6406406406406405,0.968968968968969,0.8228228228228228,1
0.08508508508508503,0.9519519519519519,0.004004004004004004,0.01001001001001001,0.008008008008008008,0.8308308308308309,0.9259259259259259,0.7257257257257257,0.972972972972973,0.23823823823823823,0.3743743743743744,0.9229229229229229,0.6766766766766785,1
0.11511511511511512,0.7437437437437437,0.4124124124124124,0.8488488488488488,0.06306306306306306,0.6776776776776777,0.8348348348348348,0.7517517517517518,0.45345345345345345,0.2772772772772773,0.7097097097097097,0.6846846846846847,0.4364364364364364,1
0.7457457457457457,0.5165165165165165,0.46146146146146144,0.4724724724724725,0.9679679679679679,0.23023023023023023,0.5025025025025025,0.36236236236236236,0.6916916916916916,0.9019019019019019,0.11811811811811826,0.3003003003003003,0.9679679679679679,1
0.18518518518518512,0.13113113113113112,0.978978978978979,0.42542542542542544,0.35735735735735735,0.8458458458458459,0.2502502502502501,0.33133133133133136,0.3923923923923924,0.6096096096096096,0.8958958958958959,0.07707707707707707,0.2782782782782783,1
0.36536536536536535,0.25125125125125125,0.6386386386386387,0.8798798798798799,0.32032032032032015,0.8448448448448448,0.7437437437437437,0.26626626626626626,0.8828828828828829,0.6366366366366366,0.34934934934934936,0.2112112112112112,0.23423423423423423,1
0.91991991991992,0.33433433433433435,0.7997997997997998,0.6806806806806807,0.8688688688688688,0.29929929929929955,0.2092092092092092,0.08508508508508508,0.94994994994995,0.7557557557557557,0.3783783783783784,0.35435435435435436,0.6416416416416416,1
0.22622622622622646,0.686686686686687,0.2882882882882883,0.3383383383383383,0.02002002002002002,0.8398398398398398,0.7637637637637638,0.6956956956956957,0.5115115115115115,0.3863863863863864,0.24324324324324323,0.6056056056056056,0.5585585585585585,1
0.4804804804804805,0.3783783783783784,0.7107107107107101,0.08708708708708708,0.5765765765765766,0.33633633633633636,0.6656656656656657,0.8548548548548549,0.01901901901901902,0.3353353353353353,0.7947947947947948,0.4324324324324325,0.3863863863863864,1
0.6646646646646647,0.27927927927927926,0.07507507507507508,0.9249249249249252,0.13413413413413414,0.97997997997998,0.058058058058058054,0.5935935935935935,0.9579579579579577,0.5165165165165165,0.4314314314314314,0.5875875875875876,0.5595595595595596,1
0.5245245245245245,0.47647647647647645,0.43843843843843844,0.7407407407407399,0.6416416416416416,0.8728728728728729,0.7657657657657657,0.3893893893893894,0.7767767767767768,0.46646646646646645,0.5365365365365365,0.8938938938938938,0.5265265265265265,1
0.6416416416416416,0.12712712712712712,0.7407407407407407,0.4964964964964965,0.5655655655655656,0.23523523523523523,0.8368368368368369,0.5605605605605606,0.0980980980980981,0.03403403403403403,0.7317317317317333,0.012012012012012012,0.32032032032032015,1
0.5195195195195195,0.9249249249249254,0.17717717717717718,0.5895895895895896,0.5185185185185185,0.22422422422422422,0.12812812812812813,0.3613613613613614,0.4184184184184184,0.9469469469469469,0.2602602602602603,0.5615615615615616,0.9729729729729732,1
0.4244244244244244,0.975975975975976,0.09109109109109109,0.5835835835835835,0.3053053053053053,0.18018018018018017,0.03303303303303303,0.3103103103103103,0.24724724724724725,0.8508508508508509,0.42842842842842843,0.5815815815815816,0.968968968968969,1
0.3893893893893894,0.8708708708708709,0.08008008008008008,0.6736736736736737,0.6766766766766766,0.36536536536536524,0.062062062062062065,0.057057057057057055,0.33433433433433435,0.5565565565565566,0.11011011011011011,0.5925925925925926,0.9459459459459459,1
0.48148148148148145,0.011011011011011011,0.975975975975976,0.15915915915915915,0.7907907907907907,0.2022022022022022,0.4044044044044044,0.6506506506506506,0.1961961961961962,0.01001001001001001,0.31431431431431434,0.025025025025025023,0.6176176176176176,1
0.3073073073073073,0.8188188188188188,0.8158158158158159,0.3763763763763764,0.5205205205205206,0.08208208208208208,0.4574574574574574,0.24024024024024024,0.043043043043043044,0.5545545545545546,0.8448448448448448,0.35235235235235235,0.13613613613613612,1
0.23123123123123124,0.2912912912912913,0.34634634634634637,0.5725725725725725,0.7667667667667668,0.46346346346346345,0.5625625625625625,0.21921921921921922,0.7397397397397397,0.5865865865865866,0.18218218218218218,0.014014014014014014,0.8828828828828829,1
0.6996996996996997,0.10510510510510511,0.6146146146146146,0.11911911911911911,0.7637637637637638,0.8708708708708709,0.6876876876876875,0.42042042042042044,0.6816816816816816,0.22022022022022023,0.5815815815815816,0.6586586586586587,0.13113113113113112,1
0.8598598598598598,0.1781781781781782,0.14814814814814814,0.938938938938939,0.3183183183183183,0.9209209209209209,0.32332332332332336,0.5355355355355356,0.8658658658658659,0.13713713713713713,0.6826826826826827,0.6326326326326326,0.3763763763763764,1
0.044044044044044044,0.7987987987987988,0.07007007007007007,0.7857857857857861,0.23223223223223224,0.6916916916916916,0.9309309309309309,0.5435435435435435,0.7857857857857862,0.18218218218218218,0.6106106106106106,0.9089089089089089,0.1031031031031031,1
0.6386386386386387,0.45845845845845845,0.6016016016016016,0.4924924924924928,0.9139139139139142,0.7057057057057057,0.23923923923923923,0.04604604604604605,0.9329329329329329,0.8838838838838838,0.2932932932932933,0.5085085085085085,0.5625625625625625,1
0.950950950950951,0.6826826826826827,0.5345345345345345,0.4894894894894895,0.37037037037037035,0.2112112112112112,0.17417417417417416,0.20520520520520522,0.4024024024024024,0.8958958958958959,0.06606606606606606,0.1061061061061061,0.7217217217217217,1
0.8918918918918919,0.35835835835835844,0.2082082082082082,0.6136136136136137,0.7757757757757757,0.7037037037037037,0.17617617617617617,0.8748748748748748,0.5605605605605606,0.5525525525525525,0.7767767767767768,0.9429429429429429,0.32232232232232233,1
0.7437437437437437,0.04604604604604605,0.6646646646646647,0.7127127127127127,0.6526526526526526,0.41541541541541543,0.7287287287287287,0.9139139139139139,0.21921921921921922,0.04604604604604605,0.9359359359359359,0.19019019019019018,0.23323323323323322,1
0.7927927927927928,0.18118118118118118,0.8688688688688688,0.2182182182182182,0.9289289289289289,0.7517517517517518,0.6166166166166166,0.11511511511511512,0.33033033033033016,0.6906906906906896,0.3563563563563564,0.25925925925925924,0.3973973973973974,1
0.8158158158158159,0.8218218218218218,0.4144144144144144,0.6666666666666666,0.8518518518518519,0.03803803803803804,0.2782782782782783,0.04704704704704705,0.5715715715715716,0.5585585585585585,0.16216216216216217,0.3993993993993994,0.9429429429429429,1
0.8388388388388388,0.44644644644644643,0.8358358358358359,0.91991991991992,0.5495495495495496,0.6636636636636637,0.6116116116116116,0.2082082082082082,0.3073073073073073,0.8018018018018018,0.7037037037037037,0.3843843843843844,0.27627627627627627,1
0.8058058058058059,0.9269269269269269,0.6316316316316316,0.9329329329329329,0.5215215215215215,0.7347347347347347,0.055055055055055056,0.023023023023023025,0.34634634634634637,0.974974974974975,0.9569569569569569,0.7097097097097097,0.4494494494494494,1
0.990990990990991,0.7647647647647647,0.5465465465465466,0.28128128128128127,0.49249249249249255,0.007007007007007007,0.3383383383383383,0.07207207207207207,0.9189189189189191,0.5965965965965966,0.013013013013013013,0.4264264264264264,0.9319319319319319,1
0.7307307307307305,0.8348348348348348,0.16916916916916924,0.7677677677677678,0.6976976976976975,0.19119119119119118,0.2172172172172172,0.2092092092092092,0.8018018018018018,0.7137137137137137,0.4594594594594598,0.4794794794794795,0.9619619619619619,1
0.8688688688688688,0.9679679679679679,0.1961961961961962,0.15415415415415415,0.36936936936936937,0.003003003003003003,0.24724724724724725,0.2032032032032032,0.8058058058058059,0.6696696696696697,0.17517517517517509,0.6046046046046046,0.948948948948949,1
0.914914914914915,0.6846846846846847,0.8478478478478474,0.012012012012012012,0.026026026026026026,0.95995995995996,0.993993993993994,0.47247247247247287,0.07307307307307308,0.6856856856856857,0.2092092092092092,0.4364364364364364,0.6136136136136137,0
0.8578578578578574,0.34134134134134136,0.22022022022022023,0.34134134134134136,1.0,0.3113113113113113,0.5395395395395413,0.7047047047047047,0.8148148148148148,0.2832832832832833,0.8168168168168168,0.97997997997998,0.18118118118118118,1
0.16416416416416432,0.8588588588588588,0.037037037037037035,0.990990990990991,0.062062062062062065,0.4904904904904905,0.8378378378378372,0.35735735735735735,0.2072072072072072,0.07607607607607608,0.06006006006006006,0.47347347347347346,0.6336336336336337,0
0.9769769769769769,0.38538538538538514,0.7987987987987988,0.3743743743743744,0.7327327327327328,0.6226226226226226,0.44044044044044045,0.07607607607607608,0.8798798798798799,0.7447447447447447,0.4444444444444444,0.6266266266266266,0.26726726726726724,1
0.07407407407407407,0.5745745745745746,0.22822822822822822,0.5325325325325325,0.22322322322322322,0.7267267267267296,0.8218218218218218,0.5565565565565566,0.25925925925925924,0.11611611611611611,0.32732732732732733,0.6596596596596597,0.1891891891891892,1
0.08308308308308308,0.6146146146146146,0.8868868868868869,0.11011011011011011,0.23823823823823823,0.2952952952952953,0.056056056056056056,0.34934934934934936,0.12912912912912913,0.45345345345345345,0.4744744744744745,0.36436436436436437,0.7257257257257257,1
0.7597597597597597,0.6126126126126126,0.7207207207207206,0.3963963963963964,0.5625625625625625,0.6996996996996997,0.4274274274274274,0.28428428428428426,0.5195195195195195,0.960960960960961,0.7917917917917918,0.6216216216216216,0.022022022022022022,1
0.7197197197197197,0.6946946946946947,0.42042042042042044,0.22922922922922923,0.4774774774774775,0.2072072072072072,0.5125125125125125,0.31931931931931934,0.5405405405405406,0.9379379379379378,0.0970970970970971,0.06906906906906907,0.7267267267267268,1
0.8088088088088088,0.24224224224224225,0.4984984984984985,0.3133133133133133,0.5895895895895896,0.16016016016016016,0.5855855855855856,1.0,0.07007007007007007,0.4264264264264264,0.34034034034034033,0.5035035035035035,0.5095095095095096,1
0.8858858858858859,0.26126126126126126,0.6406406406406406,0.8148148148148148,0.8578578578578578,0.7607607607607598,0.32832832832832837,0.2222222222222222,0.93993993993994,0.7897897897897898,0.7557557557557557,0.5245245245245245,0.16916916916916933,1
0.5005005005005005,0.06106106106106106,0.6246246246246246,0.8898898898898899,0.4264264264264264,0.5445445445445447,0.031031031031031032,0.995995995995996,0.6076076076076076,0.04504504504504494,0.5195195195195195,0.958958958958959,0.062062062062062065,1
0.32532532532532515,0.013013013013013013,0.8608608608608609,0.7937937937937938,0.8308308308308309,0.5105105105105103,0.08708708708708708,0.6836836836836837,0.08508508508508505,0.006006006006006006,0.8518518518518519,0.1011011011011011,0.3483483483483505,1
0.47147147147147145,0.09009009009009009,0.995995995995996,0.8808808808808809,0.7197197197197197,0.8668668668668669,0.4194194194194194,0.1941941941941942,0.14614614614614616,0.5875875875875876,0.6796796796796797,0.04904904904904905,0.48648648648648807,1
0.2852852852852853,0.7887887887887888,0.10010010010010009,0.2132132132132132,0.38238238238238237,0.29429429429429427,0.4064064064064064,0.17417417417417416,0.8678678678678678,0.5915915915915916,0.15915915915915915,0.2912912912912913,0.950950950950951,1
0.12612612612612611,0.6116116116116116,0.968968968968969,0.04604604604604605,0.38738738738738737,0.21021021021021022,0.4074074074074074,0.14614614614614616,0.12412412412412413,0.37237237237237236,0.51051051051051,0.25225225225225223,0.4344344344344344,1
0.6926926926926927,0.4024024024024024,0.37737737737737737,0.5445445445445449,0.8128128128128128,0.7047047047047047,0.48748748748748744,0.6936936936936937,0.41041041041041043,0.5035035035035035,0.7477477477477424,0.8788788788788788,0.3803803803803772,1
0.6756756756756757,0.12412412412412413,0.5395395395395399,0.948948948948949,0.973973973973974,0.33033033033033027,0.6626626626626685,0.2732732732732733,0.933933933933934,0.6416416416416416,0.12412412412412413,0.01901901901901902,0.9079079079079075,1
0.42842842842842843,0.5805805805805806,0.7667667667667668,0.2032032032032032,0.3883883883883884,0.056056056056056056,0.5305305305305306,0.5785785785785785,0.23523523523523523,0.5005005005005004,0.4904904904904905,0.4084084084084084,0.33733733733733734,1
0.04204204204204204,0.5315315315315315,0.2652652652652653,0.46846846846846846,0.5615615615615616,0.10510510510510511,0.97997997997998,0.8868868868868869,0.25125125125125125,0.35135135135135137,0.1961961961961962,0.24424424424424424,0.0920920920920921,0
0.5925925925925926,0.5625625625625625,0.6946946946946947,0.6346346346346347,0.5195195195195195,0.07807807807807808,0.6226226226226226,0.6016016016016016,0.036036036036036036,0.38738738738738737,0.6236236236236237,0.2822822822822823,0.2072072072072072,1
0.44644644644644643,0.6316316316316316,0.15615615615615616,0.6356356356356356,0.8648648648648649,0.5345345345345345,0.35235235235235235,0.8478478478478477,0.7487487487487487,0.5835835835835835,0.7067067067067067,0.990990990990991,0.6116116116116116,1
0.6666666666666671,0.23523523523523523,0.8778778778778736,0.44044044044044045,0.6196196196196196,0.013013013013013013,0.04604604604604605,0.7267267267267267,0.14414414414414414,0.3923923923923924,0.19019019019019012,0.21021021021021022,0.5695695695695696,1
0.8888888888888888,0.33233233233233234,0.7477477477477477,0.94994994994995,0.8898898898898899,0.5815815815815816,0.41541541541541543,0.14114114114114115,0.9409409409409409,0.7747747747747747,0.7107107107107106,0.5325325325325325,0.6146146146146146,1
0.3833833833833834,0.7237237237237237,0.5015015015015015,0.15115115115115116,0.2042042042042042,0.94994994994995,0.6606606606606601,0.21621621621621628,0.6326326326326326,0.9059059059059059,0.6116116116116116,0.35835835835835833,0.7097097097097097,1
0.27227227227227335,0.943943943943944,0.4854854854854855,0.33733733733733734,0.44644644644644643,0.14114114114114115,0.3863863863863864,0.14514514514514515,0.22422422422422422,0.9269269269269269,0.2982982982982983,0.16416416416416416,0.8728728728728729,1
0.04804804804804805,0.95995995995996,0.4294294294294294,0.13713713713713713,0.0980980980980981,0.5645645645645646,0.997997997997998,0.47647647647647645,0.963963963963964,0.46046046046046046,0.7267267267267267,0.993993993993994,0.09009009009009009,1
0.13713713713713713,0.8968968968968969,0.03303303303303303,0.8048048048048048,0.04004004004003999,0.8888888888888888,0.8918918918918919,0.6236236236236237,0.43543543543543545,0.24024024024024024,0.36436436436436437,0.8258258258258259,0.6586586586586587,1
0.2772772772772773,0.7917917917917918,0.47347347347347346,0.7217217217217217,0.3843843843843844,0.7907907907907907,0.7447447447447447,0.2752752752752753,0.6996996996996997,0.94994994994995,0.8388388388388388,0.45945945945945943,0.4874874874874875,1
0.4064064064064064,0.8948948948948948,0.11511511511511512,0.4184184184184184,0.6686686686686687,0.46546546546546547,0.8898898898898899,0.6596596596596597,0.18218218218218218,0.5855855855855856,0.13513513513513514,0.9819819819819819,0.8618618618618619,1
0.8068068068068068,0.08608608608608609,0.3913913913913914,0.4164164164164164,0.92992992992993,0.8788788788788788,0.34434434434434436,0.4344344344344344,0.975975975975976,0.08208208208208208,0.992992992992993,0.7577577577577561,0.1111111111111111,1
0.2832832832832833,0.3003003003003003,0.16116116116116116,0.0680680680680681,0.4294294294294294,0.9129129129129129,0.4644644644644646,0.953953953953954,0.7977977977977978,0.6056056056056056,0.2502502502502502,0.8168168168168168,0.8468468468468469,0
0.3283283283283285,0.44044044044044045,0.3743743743743744,0.9529529529529529,0.4574574574574569,0.47147147147147145,0.32732732732732733,0.9069069069069069,0.5185185185185185,0.17517517517517517,0.46146146146146144,0.960960960960961,0.5415415415415415,1
0.7347347347347347,0.2952952952952953,0.8798798798798799,0.4124124124124124,0.7047047047047047,0.9429429429429429,0.23723723723723725,0.0960960960960961,0.24824824824824826,0.7667667667667668,0.5995995995995996,0.3813813813813814,0.35935935935935936,1
0.5105105105105106,0.13413413413413414,0.43243243243243273,0.36236236236236236,0.7827827827827828,0.7847847847847848,0.43543543543543545,0.6046046046046046,0.7257257257257257,0.07707707707707707,0.8898898898898899,0.7257257257257257,0.21021021021021022,1
0.6696696696696697,0.6186186186186187,0.49249249249249255,0.8688688688688688,0.93993993993994,0.34534534534534517,0.7117117117117117,0.4014014014014014,0.4444444444444444,0.996996996996997,0.07907907907907907,0.19519519519519518,0.7717717717717718,1
0.26226226226226224,0.2012012012012012,0.49149149149149146,0.2362362362362363,0.5475475475475475,0.5485485485485485,0.3713713713713714,0.9119119119119119,0.7097097097097097,0.05905905905905906,0.4224224224224224,0.918918918918919,0.32732732732732733,1
0.14114114114114115,0.9529529529529529,0.17417417417417416,0.6656656656656657,0.01901901901901902,0.5375375375375375,0.9099099099099099,0.5025025025025025,0.6416416416416416,0.31431431431431434,0.5535535535535535,0.8458458458458459,0.35135135135135137,1
0.2902902902902903,0.0920920920920921,0.6396396396396397,0.2822822822822823,0.958958958958959,0.7657657657657657,0.0980980980980981,0.8858858858858859,0.01001001001001001,0.2732732732732733,0.5755755755755756,0.5525525525525525,0.4044044044044044,1
0.8118118118118118,0.8018018018018018,0.7397397397397397,0.45645645645645644,0.2462462462462465,0.03003003003003003,0.943943943943944,0.5475475475475475,0.10810810810810811,0.44644644644644643,0.8918918918918919,0.3713713713713714,0.12212212212212212,1
0.4044044044044044,0.23223223223223222,0.8348348348348348,0.34634634634634637,0.8798798798798799,0.7877877877877875,0.5035035035035035,0.12912912912912913,0.28428428428428426,0.7077077077077077,0.5465465465465466,0.11511511511511512,0.5525525525525525,1
0.4904904904904905,0.996996996996997,0.41541541541541543,0.8088088088088088,0.04704704704704705,0.33933933933933935,0.8268268268268268,0.1931931931931932,0.27127127127127126,0.7947947947947948,0.22422422422422422,0.980980980980981,0.17017017017017017,0
0.5085085085085085,0.46846846846846846,0.9829829829829829,0.7207207207207192,0.24324324324324326,0.7667667667667668,0.3053053053053053,0.13613613613613615,0.17317317317317318,0.6466466466466468,0.9169169169169169,0.25425425425425424,0.5155155155155156,1
0.8838838838838838,0.990990990990991,0.14114114114114115,0.3013013013013013,0.1841841841841842,0.006006006006006006,0.016016016016016016,0.2722722722722723,0.3743743743743744,0.8158158158158159,0.26426426426426425,0.6816816816816816,0.9769769769769769,1
0.6726726726726726,0.025025025025025023,0.9529529529529529,0.14014014014014015,0.8908908908908909,0.036036036036036036,0.0,0.9059059059059059,0.07707707707707707,0.03803803803803804,0.6386386386386387,0.09509509509509509,0.5705705705705706,1
0.9409409409409409,0.8288288288288288,0.7027027027027027,0.8058058058058059,0.022022022022022022,0.968968968968969,0.965965965965966,0.47347347347347346,0.05905905905905906,0.6786786786786787,0.0960960960960961,0.7127127127127127,0.6026026026026026,0
0.02702702702702703,0.950950950950951,0.01001001001001001,0.04004004004004004,0.0890890890890891,0.6246246246246246,0.978978978978979,0.5745745745745746,0.7497497497497497,0.2062062062062062,0.15815815815815815,0.955955955955956,0.3853853853853853,1
0.48848848848848847,0.3363363363363363,0.7337337337337337,0.03303303303303303,0.8008008008008007,0.15615615615615616,0.46746746746746726,0.4744744744744745,0.1041041041041041,0.2912912912912913,0.9419419419419419,0.16016016016015283,0.11911911911911911,1
0.8488488488488488,0.5375375375375375,0.5135135135135135,0.09309309309309309,0.8458458458458459,0.23423423423423423,0.6136136136136137,0.09309309309309309,0.6506506506506505,0.7817817817817818,0.03303303303303303,0.1031031031031031,0.7167167167167168,1
0.4844844844844845,0.5445445445445445,0.07807807807807808,0.20020020020020018,0.4984984984984985,0.7287287287287287,0.7207207207207197,0.5945945945945946,0.4084084084084084,0.4864864864864865,0.22922922922922923,0.7107107107107103,0.7207207207207202,1
0.07607607607607608,0.7517517517517518,0.5515515515515516,0.4494494494494494,0.2652652652652653,0.7477477477477474,0.8058058058058059,0.36436436436436437,0.3213213213213213,0.4934934934934935,0.24224224224224225,0.7587587587587588,0.7857857857857858,1
0.4274274274274277,0.958958958958959,0.34234234234234234,0.8458458458458459,0.2272272272272272,0.12112112112112113,0.2932932932932933,0.44344344344344344,0.3563563563563564,0.990990990990991,0.11611611611611611,0.34634634634634637,0.933933933933934,1
0.43743743743743746,0.42542542542542544,0.2012012012012012,0.24224224224224225,0.5055055055055055,0.9259259259259259,0.6706706706706703,0.35235235235235235,0.7337337337337337,0.25225225225225223,0.8098098098098098,0.6976976976976971,0.6696696696696697,1
0.35535535535535523,0.8048048048048048,0.05205205205205205,0.16716716716716717,0.2122122122122122,0.7297297297297297,0.5505505505505506,0.7337337337337337,0.2092092092092092,0.5115115115115115,0.35835835835835844,0.8208208208208209,0.8798798798798799,1
0.12012012012012012,0.4094094094094094,0.5775775775775776,0.9079079079079079,0.13613613613613623,0.7627627627627628,0.7317317317317317,0.46146146146146144,0.6156156156156156,0.11211211211211211,0.5915915915915916,0.5895895895895896,0.08808808808808809,1
0.15115115115115116,0.18018018018017992,0.8858858858858859,0.07507507507507508,0.7177177177177176,0.26726726726726724,0.08008008008008008,0.4094094094094094,0.06306306306306306,0.05205205205205205,0.9149149149149147,0.07307307307307308,0.43343343343343343,1
0.5505505505505506,0.7367367367367368,0.8498498498498498,0.6156156156156156,0.44144144144144143,0.023023023023023025,0.1041041041041041,0.5765765765765766,0.022022022022022022,0.5395395395395397,0.7047047047047047,0.4874874874874875,0.3263263263263263,1
0.92992992992993,0.02702702702702703,0.9819819819819819,0.5025025025025025,0.9319319319319319,0.35735735735735735,0.45045045045045046,0.3703703703703703,0.9619619619619619,0.7107107107107106,0.2022022022022022,0.3133133133133133,0.029029029029029027,1
0.8248248248248248,0.13513513513513514,0.7577577577577568,0.7077077077077074,0.8508508508508509,0.12212212212212212,0.48348348348348347,0.8348348348348348,0.031031031031031032,0.1261261261261263,0.6466466466466475,0.13013013013013014,0.24424424424424424,1
0.5205205205205206,0.2082082082082082,0.9249249249249258,0.6966966966966966,0.7597597597597597,0.15815815815815815,0.06806806806806806,0.6076076076076076,0.0960960960960961,0.36936936936936937,0.3353353353353352,0.3943943943943944,0.4694694694694695,1
0.9719719719719719,0.12212212212212212,0.997997997997998,0.8698698698698699,0.8218218218218218,0.7097097097097097,0.5045045045045046,0.36536536536536535,0.37037037037037035,0.7317317317317317,0.963963963963964,0.5445445445445447,0.06506506506506507,0
0.32232232232232233,0.7247247247247247,0.4804804804804805,0.3833833833833834,0.17717717717717718,0.6646646646646647,0.8398398398398398,0.7787787787787788,0.2022022022022022,0.5285285285285285,0.785785785785786,0.7527527527527528,0.24924924924924924,1
0.6276276276276276,0.6486486486486487,0.6996996996996997,0.9219219219219219,0.19119119119119118,0.6846846846846847,0.4214214214214214,0.016016016016016016,0.6546546546546547,0.6506506506506506,0.23523523523523523,0.34034034034034033,0.6576576576576576,1
0.938938938938939,0.23723723723723725,0.7137137137137137,0.22122122122122123,0.9329329329329329,0.13113113113113112,0.5315315315315315,0.6276276276276276,0.05305305305305305,0.3313313313313315,0.9089089089089089,0.24824824824824826,0.036036036036036036,1
0.1841841841841842,0.9119119119119119,0.19019019019018965,0.9029029029029029,0.19019019019019015,0.5925925925925926,0.9779779779779779,0.8668668668668669,0.5785785785785785,0.5465465465465466,0.973973973973974,0.9779779779779779,0.24724724724724725,1
0.14614614614614616,0.4544544544544544,0.5245245245245245,0.9149149149149148,0.14714714714714713,0.8098098098098098,0.8738738738738738,0.9449449449449451,0.25225225225225223,0.2972972972972973,0.8678678678678675,0.6736736736736737,0.18018018018018017,1
0.8788788788788788,0.06306306306306306,0.991991991991992,0.04704704704704705,0.45945945945945943,0.4144144144144144,0.18518518518518517,0.3233233233233239,0.8238238238238238,0.6246246246246246,0.34634634634634637,0.08308308308308308,0.3813813813813814,1
0.5715715715715716,0.055055055055055056,0.15315315315315314,0.5405405405405406,0.8028028028028028,0.6926926926926927,0.08208208208208212,0.5105105105105104,0.9949949949949949,0.11711711711711711,0.8578578578578577,0.5105105105105106,0.1041041041041041,1
0.6856856856856857,0.968968968968969,0.17117117117117117,0.25325325325325326,0.21421421421421422,0.05405405405405406,0.2112112112112112,0.3133133133133133,0.6786786786786787,0.9099099099099099,0.17017017017017008,0.5195195195195195,0.9099099099099099,1
0.34234234234234234,0.8568568568568569,0.12512512512512514,0.986986986986987,0.5545545545545546,0.5195195195195195,0.1981981981981982,0.3973973973973974,0.35435435435435436,0.9779779779779779,0.08308308308308308,0.5175175175175175,0.965965965965966,1
0.8588588588588588,0.21421421421421422,0.6726726726726728,0.8348348348348348,0.8538538538538538,0.12812812812812813,0.5175175175175175,0.985985985985986,0.03803803803803804,0.3123123123123123,0.7827827827827828,0.5565565565565566,0.1991991991991992,1
0.6606606606606606,0.043043043043043044,0.7707707707707707,0.19019019019019018,0.7097097097097097,0.44144144144144143,0.6726726726726728,0.8148148148148148,0.4754754754754755,0.13913913913913914,0.8368368368368369,0.3313313313313313,0.25625625625625625,1
0.9009009009009009,0.6896896896896897,0.4024024024024024,0.057057057057057055,0.8258258258258259,0.1061061061061061,0.28428428428428426,0.23023023023023023,0.5855855855855856,0.7477477477477478,0.0940940940940941,0.36936936936936937,0.8988988988988988,1
0.33033033033033005,0.7717717717717718,0.19119119119119118,0.24624624624624625,0.4964964964964965,0.35435435435435436,0.5215215215215215,0.3483483483483485,0.5155155155155156,0.9419419419419419,0.1061061061061061,0.16916916916916935,0.8478478478478475,1
0.0970970970970971,0.8228228228228228,0.016016016016016016,0.2082082082082082,0.0960960960960961,0.7387387387387387,0.998998998998999,0.9879879879879879,0.9879879879879879,0.42842842842842843,0.6696696696696697,0.992992992992993,0.006006006006006006,1
0.0990990990990991,0.15115115115115116,0.5165165165165165,0.8008008008008007,0.24924924924924924,0.9679679679679679,0.31931931931931934,0.4964964964964965,0.2972972972972973,0.0990990990990991,0.2952952952952953,0.3063063063063063,0.6506506506506505,1
0.1961961961961962,0.4014014014014014,0.42342342342342343,0.5645645645645646,0.25825825825825827,0.6546546546546547,0.4014014014014014,0.8168168168168168,0.2272272272272272,0.1881881881881882,0.48748748748748744,0.6666666666666667,0.6956956956956957,1
0.5035035035035035,0.14214214214214213,0.8338338338338338,0.9479479479479479,0.7507507507507506,0.44344344344344344,0.3733733733733734,0.44044044044044045,0.07607607607607608,0.2872872872872873,0.3153153153153153,0.2272272272272272,0.40540540540540543,1
0.8808808808808809,0.5875875875875876,0.8968968968968969,0.6146146146146146,0.16016016016016016,0.1781781781781782,0.8238238238238238,0.6386386386386387,0.3033033033033033,0.46346346346346345,0.9189189189189189,0.4824824824824828,0.3133133133133133,1
0.11011011011011011,0.5405405405405406,0.2032032032032032,0.031031031031031032,0.2172172172172172,0.8638638638638638,0.8478478478478478,0.8068068068068068,0.34234234234234234,0.1991991991991992,0.7577577577577577,0.7497497497497497,0.1931931931931932,1
0.36436436436436437,0.5615615615615616,0.5185185185185185,0.0890890890890891,0.706706706706707,0.08308308308308308,0.7177177177177178,0.017017017017017015,0.8178178178178164,0.4224224224224224,0.08108108108108109,0.024024024024024024,0.7537537537537538,1
0.029029029029029027,0.8538538538538538,0.17017017017017017,0.8928928928928929,0.14014014014014015,0.7367367367367368,0.9629629629629629,0.5805805805805806,0.7947947947947948,0.17017017017016997,0.6876876876876877,0.9369369369369369,0.27127127127127126,1
0.26426426426426425,0.9059059059059059,0.1031031031031031,0.38238238238238237,0.6486486486486487,0.22622622622622626,0.3083083083083083,0.014014014014014014,0.5395395395395398,0.4904904904904905,0.33933933933933935,0.3913913913913914,0.9409409409409409,1
0.09009009009008993,0.35735735735735735,0.3943943943943944,0.36536536536536535,0.4314314314314314,0.8418418418418419,0.94994994994995,0.8938938938938938,0.32932932932932935,0.13313313313313313,0.8338338338338338,0.8298298298298298,0.014014014014014014,1
0.6176176176176176,0.13213213213213212,0.8118118118118118,0.28428428428428426,0.8968968968968969,0.8128128128128128,0.38238238238238237,0.4444444444444444,0.5085085085085085,0.8208208208208209,0.955955955955956,0.22022022022022023,0.17117117117117117,1
0.6556556556556556,0.037037037037037035,0.2862862862862863,0.25925925925925924,0.933933933933934,0.6406406406406406,0.3003003003003003,0.7747747747747747,0.34934934934934936,0.03903903903903904,0.8998998998998999,0.3793793793793794,0.08008008008008008,1
0.9459459459459459,0.2502502502502503,0.965965965965966,0.08808808808808809,0.5565565565565566,0.4094094094094094,0.2062062062062062,0.16116116116116116,0.8948948948948906,0.6876876876876877,0.4864864864864865,0.5155155155155156,0.12912912912912913,1
0.2652652652652653,0.7197197197197197,0.035035035035035036,0.21521521521521522,0.037037037037037035,0.9719719719719719,0.904904904904905,0.9479479479479479,0.98998998998999,0.6006006006006006,0.25425425425425424,0.8958958958958959,0.5375375375375375,1
0.4224224224224224,0.6466466466466467,0.2602602602602603,0.7297297297297297,0.7677677677677676,0.33533533533533527,0.44244244244244246,0.1261261261261262,0.6566566566566566,0.6736736736736737,0.2702702702702703,0.15715715715715717,0.7817817817817818,1
0.0,0.7827827827827828,0.2262262262262263,0.7927927927927928,0.3013013013013013,0.6516516516516516,0.9679679679679679,0.43043043043043044,0.9019019019019019,0.0960960960960961,0.3973973973973974,0.9459459459459459,0.1021021021021021,1
0.3613613613613614,0.45145145145145144,0.6906906906906907,0.6586586586586587,0.3213213213213213,0.7147147147147147,0.7257257257257257,0.11811811811811812,0.3883883883883884,0.6436436436436437,0.35135135135135137,0.06106106106106106,0.7417417417417418,1
0.4094094094094094,0.07107107107107107,0.8758758758758759,0.7467467467467468,0.42342342342342343,0.43243243243243246,0.5955955955955956,0.7937937937937938,0.06806806806806806,0.03003003003003003,0.5965965965965966,0.15115115115115116,0.6606606606606606,1
0.11711711711711711,0.8178178178178178,0.4364364364364364,0.5695695695695696,0.016016016016016016,0.6576576576576576,0.9239239239239242,0.77077077077077,0.9769769769769769,0.3963963963963964,0.7337337337337337,0.8428428428428428,0.3183183183183183,1
0.6506506506506505,0.9079079079079065,0.2362362362362365,0.6256256256256256,0.3733733733733734,0.23923923923923923,0.029029029029029027,0.3793793793793794,0.31431431431431434,0.9369369369369369,0.11411411411411411,0.5665665665665666,0.990990990990991,1
0.17217217217217218,0.39039039039039036,0.6616616616616616,0.2702702702702703,0.7427427427427428,0.9289289289289289,0.6376376376376376,0.37537537537537446,0.22922922922922923,0.9079079079079067,0.9369369369369369,0.04704704704704705,0.6936936936936937,1
0.2272272272272272,0.93993993993994,0.12212212212212212,0.4084084084084084,0.02102102102102102,0.6876876876876876,0.9039039039039038,0.7137137137137137,0.6446446446446447,0.45045045045045046,0.8398398398398398,0.8648648648648652,0.5915915915915916,1
0.44044044044044045,0.25225225225225223,0.970970970970971,0.13013013013013014,0.5845845845845846,0.46646646646646645,0.2132132132132132,0.11611611611611611,0.46046046046046046,0.6196196196196196,0.5025025025025025,0.21421421421421422,0.14614614614614616,1
0.2822822822822823,0.5535535535535535,0.9409409409409409,0.6016016016016016,0.4114114114114114,0.12612612612612611,0.36436436436436437,0.3993993993993994,0.06006006006006006,0.44844844844844844,0.3013013013013013,0.3073073073073073,0.6796796796796797,1
0.4344344344344344,0.6066066066066066,0.7257257257257257,0.8738738738738738,0.40040040040040037,0.2832832832832833,0.5385385385385385,0.7597597597597597,0.24024024024024024,0.6316316316316316,0.6396396396396397,0.6866866866866868,0.44144144144144143,1
0.23923923923923923,0.46446446446446443,0.6766766766766766,0.09109109109109109,0.6626626626626739,0.955955955955956,0.15115115115115116,0.07307307307307308,0.23823823823823823,0.8278278278278273,0.5805805805805806,0.13413413413413414,0.5615615615615616,1
0.33733733733733734,0.4824824824824825,0.36036036036036,0.07707707707707707,0.2222222222222222,0.8048048048048048,0.2032032032032032,0.6466466466466478,0.5055055055055055,0.4494494494494494,0.5935935935935935,0.6956956956956957,0.7017017017017017,1
0.25725725725725723,0.8808808808808809,0.06306306306306306,0.6186186186186187,0.6276276276276276,0.3503503503503499,0.18118118118118118,0.3033033033033033,0.5215215215215215,0.8048048048048048,0.16616616616616617,0.5745745745745746,0.973973973973974,1
0.26626626626626626,0.9879879879879879,0.46246246246246253,0.13513513513513514,0.07207207207207207,0.3883883883883884,0.8818818818818819,0.4974974974974975,0.3553553553553551,0.6726726726726728,0.8818818818818819,0.9029029029029029,0.8948948948948949,1
0.2062062062062062,0.5985985985985991,0.3073073073073073,0.3213213213213213,0.6116116116116116,0.2602602602602603,0.47747747747747743,0.18218218218218218,0.6456456456456456,0.5715715715715716,0.04904904904904905,0.09109109109109109,0.934934934934935,1
0.7167167167167174,0.7027027027027027,0.6476476476476476,0.7507507507507507,0.3453453453453453,0.8488488488488488,0.3033033033033033,0.18618618618618618,0.47847847847847846,0.9529529529529529,0.7127127127127127,0.5135135135135135,0.3683683683683684,1
0.9429429429429429,0.7537537537537538,0.18118118118118118,0.9849849849849864,0.6536536536536537,0.22122122122122123,0.23323323323323322,0.2912912912912913,0.8738738738738738,0.8328328328328328,0.015015015015015015,0.6146146146146146,0.96996996996997,1
0.2042042042042042,0.8698698698698699,0.1841841841841842,0.24924924924924924,0.42742742742742784,0.4114114114114114,0.36036036036036034,0.42842842842842843,0.21621621621621626,0.980980980980981,0.14814814814814814,0.2012012012012012,0.8718718718718719,1
0.44344344344344344,0.3233233233233233,0.3053053053053053,0.5655655655655656,0.8388388388388388,0.45145145145145144,0.34134134134134136,0.5465465465465466,0.5295295295295295,0.07107107107107107,0.943943943943944,0.7067067067067069,0.46046046046046046,1
0.8128128128128128,0.5885885885885885,0.8408408408408409,0.24024024024024024,0.23923923923923923,0.3123123123123123,0.1831831831831832,0.4854854854854855,0.7627627627627628,0.968968968968969,0.8048048048048048,0.3453453453453453,0.16616616616616617,1
0.007007007007007007,0.32932932932932935,0.07707707707707707,0.46146146146146144,0.2702702702702703,0.8848848848848851,0.9519519519519519,0.8838838838838838,0.9079079079079077,0.06906906906906907,0.2752752752752753,0.8508508508508509,0.016016016016016016,1
0.5725725725725725,0.9289289289289291,0.5235235235235235,0.6906906906906904,0.8748748748748749,0.031031031031031032,0.4174174174174174,0.058058058058058054,0.25625625625625625,0.8028028028028028,0.23023023023023023,0.3923923923923924,0.8838838838838838,1
0.11911911911911911,0.7947947947947948,0.5525525525525525,0.04104104104104104,0.2872872872872873,0.6726726726726726,0.9229229229229229,0.5985985985985987,0.8558558558558559,0.5535535535535535,0.9629629629629629,0.943943943943944,0.33233233233233234,1
0.13213213213213212,0.17717717717717718,0.91991991991992,0.8328328328328328,0.22622622622622623,0.98998998998999,0.7917917917917918,0.3883883883883884,0.23323323323323322,0.5325325325325325,0.9719719719719719,0.04204204204204204,0.7287287287287287,0
0.4134134134134134,0.9309309309309309,0.39539539539539537,0.7007007007007006,0.25425425425425424,0.9579579579579578,0.6316316316316316,0.11011011011011011,0.36936936936936937,0.963963963963964,0.8848848848848849,0.6226226226226226,0.43843843843843844,1
0.7367367367367368,0.5955955955955956,0.8828828828828829,0.19119119119119118,0.3913913913913914,0.36936936936936937,0.15915915915915915,0.08108108108108109,0.46546546546546547,0.7707707707707707,0.5685685685685685,0.26626626626626626,0.4934934934934935,1
0.6746746746746747,0.023023023023023025,0.8718718718718719,0.737737737737736,0.8618618618618619,0.5425425425425425,0.15515515515515516,0.6136136136136137,0.15915915915915915,0.15515515515515516,0.7007007007006988,0.17617617617617617,0.4264264264264264,1
0.5585585585585585,0.06606606606606606,0.5605605605605606,0.005005005005005005,0.5095095095095096,0.9009009009009009,0.14314314314314314,0.5335335335335335,0.7797797797797797,0.08708708708708708,0.92992992992993,0.5535535535535535,0.14214214214214213,1
0.15615615615615616,0.8508508508508509,0.0890890890890891,0.5515515515515516,0.025025025025025023,0.8798798798798799,0.6976976976976976,0.4124124124124124,0.24324324324324323,0.21521521521521522,0.16016016016015985,0.6076076076076076,0.8328328328328328,1
0.26926926926926925,0.8928928928928929,0.08208208208208208,0.9369369369369369,0.8178178178178178,0.22922922922922923,0.7137137137137137,0.4134134134134134,0.5755755755755756,0.37737737737737737,0.4964964964964965,0.9359359359359359,0.8498498498498498,1
0.6466466466466468,0.42342342342342343,0.5595595595595596,0.4824824824824825,0.8448448448448448,0.2932932932932933,0.5785785785785785,0.6156156156156156,0.5435435435435435,0.9849849849849854,0.08708708708708714,0.05105105105105105,0.9039039039039038,1
0.9229229229229229,0.08408408408408408,0.980980980980981,0.8858858858858859,0.7137137137137137,0.47047047047047047,0.4364364364364364,0.4084084084084084,0.6646646646646647,0.7627627627627628,0.4774774774774775,0.3563563563563564,0.01001001001001001,1
0.9359359359359359,0.997997997997998,0.2752752752752753,0.4324324324324325,0.4364364364364364,0.004004004004004004,0.026026026026026026,0.5955955955955956,0.16216216216216217,1.0,0.13713713713713713,0.9119119119119119,0.998998998998999,1
0.3933933933933934,0.4044044044044044,0.8918918918918919,0.1981981981981982,0.4044044044044044,0.04904904904904905,0.1031031031031031,0.6086086086086087,0.08608608608608609,0.27127127127127126,0.6986986986986987,0.2122122122122122,0.48148148148148145,1
0.33333333333333337,0.964964964964965,0.6506506506506505,0.5965965965965966,0.35935935935935936,0.011011011011011011,0.14614614614614616,0.7127127127127127,0.13913913913913914,0.8418418418418419,0.8408408408408409,0.7457457457457457,0.3013013013013013,1
0.21921921921921922,0.5245245245245245,0.1831831831831832,0.7487487487487487,0.007007007007007007,0.9229229229229229,0.7477477477477477,0.968968968968969,0.986986986986987,0.5995995995995996,0.2132132132132132,0.6426426426426426,0.7797797797797797,1
0.13913913913913914,0.8008008008008007,0.5285285285285285,0.6766766766766766,0.19519519519519518,0.5625625625625625,0.3813813813813814,0.1991991991991992,0.5675675675675675,0.9289289289289322,0.5015015015015015,0.05205205205205205,0.7307307307307306,1
0.45245245245245264,0.5395395395395404,0.8258258258258259,0.14414414414414414,0.29429429429429427,0.5455455455455456,0.25725725725725723,0.16016016016016016,0.47247247247247254,0.7457457457457457,0.8258258258258259,0.16816816816816815,0.6976976976976975,1
0.5695695695695696,0.04504504504504504,0.9629629629629629,0.007007007007007007,0.9219219219219219,0.4864864864864865,0.4344344344344344,0.11211211211211211,0.7967967967967968,0.5425425425425425,0.14414414414414414,0.05905905905905906,0.5725725725725725,1
0.20020020020020018,0.5835835835835835,0.23223223223223222,0.03903903903903904,0.12912912912912913,0.8688688688688688,0.7667667667667668,0.7037037037037037,0.2882882882882883,0.21421421421421422,0.6676676676676722,0.6476476476476476,0.4244244244244244,1
0.7717717717717718,0.24824824824824826,0.6036036036036039,0.04804804804804805,0.8238238238238238,0.992992992992993,0.6676676676676676,0.12212212212212212,0.7007007007007005,0.7507507507507505,0.4044044044044044,0.4994994994994995,0.45645645645645644,1
0.7217217217217217,0.8168168168168168,0.3003003003003003,0.4574574574574575,0.6736736736736737,0.2132132132132132,0.5285285285285285,0.2062062062062062,0.6476476476476476,0.8918918918918919,0.016016016016016016,0.4574574574574575,0.9059059059059059,1
0.6906906906906907,0.7527527527527528,0.2022022022022022,0.960960960960961,0.4994994994994995,0.23723723723723725,0.26326326326326327,0.26226226226226224,0.8458458458458459,0.7357357357357357,0.1871871871871872,0.3613613613613614,0.954954954954955,1
0.031031031031031032,0.7037037037037037,0.4114114114114114,0.7587587587587588,0.22822822822822822,0.5515515515515516,0.8578578578578576,0.3853853853853853,0.4134134134134134,0.1031031031031031,0.3483483483483489,0.7507507507507505,0.08208208208208208,1
0.4444444444444444,0.8158158158158159,0.3203203203203203,0.04204204204204204,0.7537537537537538,0.2912912912912913,0.48248248248248254,0.3363363363363364,0.43743743743743735,0.965965965965966,0.11511511511511512,0.35535535535535534,0.8968968968968969,1
0.4014014014014014,0.4994994994994995,0.28428428428428426,0.6326326326326326,0.2032032032032032,0.996996996996997,0.30930930930930933,0.34534534534534533,0.8668668668668669,0.5615615615615616,0.9059059059059059,0.6916916916916916,0.7147147147147147,1
0.7847847847847848,0.04804804804804805,0.27627627627627627,0.8658658658658659,0.7947947947947948,0.5695695695695696,0.22922922922922923,0.960960960960961,0.45145145145145144,0.026026026026026026,0.5485485485485485,0.7397397397397397,0.0970970970970971,1
0.3003003003003003,0.9019019019019019,0.15015015015015015,0.504504504504507,0.35035035035035034,0.6866866866866868,0.6806806806806807,0.6796796796796797,0.4344344344344344,0.8148148148148148,0.15415415415415415,0.983983983983984,0.8638638638638638,1
0.6046046046046046,0.3123123123123123,0.3233233233233235,0.7907907907907907,0.2412412412412413,0.8968968968968969,0.3133133133133133,0.8618618618618619,0.3713713713713714,0.4044044044044044,0.45145145145145144,0.7857857857857858,0.5675675675675675,1
0.2702702702702703,0.3263263263263263,0.6056056056056056,0.5425425425425425,0.9189189189189196,0.37737737737737737,0.7617617617617618,0.08208208208208208,0.45845845845845845,0.7487487487487487,0.035035035035035036,0.004004004004004004,0.7427427427427428,1
0.9669669669669669,0.9729729729729729,0.2852852852852853,0.013013013013013013,0.28428428428428426,0.07607607607607608,0.014014014014014014,0.5175175175175175,0.3433433433433434,0.988988988988989,0.42042042042042044,0.6366366366366366,0.9829829829829829,1
0.3213213213213213,0.9619619619619619,0.03903903903903904,0.3753753753753739,0.09009009009008984,0.7337337337337337,0.9669669669669669,0.9359359359359359,0.9279279279279278,0.7697697697697697,0.7747747747747747,0.9879879879879879,0.7327327327327328,1
0.5075075075075075,0.2552552552552553,0.6956956956956957,0.6866866866866868,0.6986986986986987,0.15515515515515516,0.3883883883883884,0.6326326326326326,0.13013013013013014,0.2822822822822823,0.6736736736736737,0.12512512512512514,0.3213213213213213,1
0.1741741741741742,0.9569569569569569,0.5645645645645646,0.34934934934934936,0.97997997997998,0.17117117117117117,0.8048048048048048,0.04204204204204204,0.1021021021021021,0.9769769769769769,0.3793793793793794,0.16316316316316315,0.6266266266266266,1
0.45045045045045046,0.17117117117117117,0.8448448448448448,0.9099099099099099,0.4894894894894895,0.06006006006006006,0.16216216216216217,0.6906906906906906,0.15115115115115116,0.06606606606606606,0.6886886886886887,0.07607607607607608,0.47247247247247254,1
0.7427427427427428,0.6446446446446447,0.6936936936936937,0.1701701701701701,0.25125125125125125,0.9779779779779779,0.04904904904904905,0.006006006006006006,0.35035035035035034,0.7237237237237237,0.5215215215215215,0.5165165165165165,0.4084084084084084,1
0.7747747747747747,0.35035035035035034,0.3433433433433433,0.5255255255255256,0.5225225225225225,0.963963963963964,0.7397397397397397,0.5695695695695696,0.40540540540540543,0.4124124124124124,0.5245245245245245,0.8348348348348348,0.44644644644644643,1
0.04604604604604605,0.4444444444444444,0.47747747747747743,0.18618618618618618,0.4844844844844845,0.2502502502502503,0.95995995995996,0.8048048048048048,0.3013013013013013,0.5405405405405406,0.13313313313313313,0.17017017017017017,0.15715715715715717,0
0.2752752752752753,0.7067067067067067,0.25925925925925924,0.8838838838838838,0.5825825825825826,0.3153153153153153,0.5605605605605606,0.055055055055055056,0.6736736736736737,0.5845845845845846,0.011011011011011011,0.2182182182182182,0.9119119119119119,1
0.34934934934934936,0.48148148148148145,0.5905905905905906,0.9669669669669669,0.5645645645645646,0.8538538538538538,0.5405405405405406,0.16216216216216217,0.7657657657657657,0.8448448448448448,0.45545545545545546,0.3183183183183183,0.5905905905905906,1
0.5875875875875876,0.1881881881881882,0.9009009009009009,0.32932932932932935,0.8018018018018018,0.5175175175175175,0.32532532532532504,0.3283283283283283,0.5865865865865866,0.7677677677677677,0.8748748748748749,0.14614614614614616,0.4754754754754755,1
0.1111111111111111,0.8578578578578574,0.6636636636636637,0.3973973973973974,0.17517517517517514,0.49149149149149146,0.9189189189189189,0.43343343343343343,0.1941941941941942,0.3483483483483483,0.7837837837837838,0.8088088088088088,0.14414414414414414,1
0.2602602602602603,0.6256256256256256,0.9059059059059059,0.3843843843843844,0.24724724724724725,0.14014014014014015,0.47347347347347346,0.46646646646646645,0.15515515515515516,0.4854854854854855,0.4934934934934935,0.3683683683683684,0.6466466466466466,1
0.12712712712712712,0.6206206206206206,0.6086086086086087,0.8508508508508509,0.4094094094094094,0.5915915915915916,0.8938938938938938,0.6746746746746747,0.3083083083083083,0.3233233233233234,0.94994994994995,0.8228228228228228,0.12012012012012012,1
0.7547547547547547,0.4744744744744745,0.21021021021021022,0.5815815815815816,0.44344344344344344,0.32932932932932935,0.5595595595595596,0.16716716716716717,0.9059059059059059,0.6326326326326326,0.06706706706706707,0.06406406406406406,0.7107107107107106,1
0.8478478478478478,0.3383383383383383,0.6226226226226226,0.6696696696696697,0.4184184184184184,0.5805805805805806,0.25925925925925924,0.2312312312312313,0.9749749749749748,0.8708708708708709,0.23423423423423423,0.33733733733733734,0.2982982982982983,1
0.5235235235235235,0.9169169169169169,0.44844844844844844,0.1251251251251247,0.7707707707707707,0.08408408408408408,0.4184184184184184,0.02702702702702703,0.22522522522522523,0.7287287287287287,0.11711711711711711,0.38238238238238237,0.8378378378378378,1
0.16116116116116116,0.8718718718718719,0.5455455455455456,0.15615615615615616,0.16516516516516513,0.5575575575575575,0.92992992992993,0.7717717717717718,0.13613613613613615,0.4844844844844845,0.8838838838838838,0.8328328328328328,0.44344344344344344,1
0.6036036036036038,0.5465465465465466,0.700700700700699,0.23323323323323322,0.6086086086086087,0.3313313313313314,0.2182182182182182,0.2262262262262263,0.8338338338338338,0.938938938938939,0.44744744744744747,0.12112112112112113,0.7637637637637638,1
0.8948948948948946,0.002002002002002002,0.4964964964964965,0.8038038038038038,0.8478478478478477,0.9279279279279278,0.12712712712712712,0.9579579579579577,0.8928928928928929,0.011011011011011011,0.8698698698698699,0.7537537537537538,0.009009009009009009,1
0.6086086086086087,0.4624624624624625,0.7937937937937938,0.5125125125125125,0.11611611611611611,0.995995995995996,0.8758758758758759,0.7627627627627628,0.25325325325325326,0.8248248248248248,0.029029029029029027,0.8758758758758759,0.7347347347347347,0
0.28428428428428426,0.23423423423423423,0.8998998998998999,0.33433433433433435,0.7217217217217217,0.9219219219219219,0.2872872872872873,0.23923923923923923,0.3663663663663664,0.7437437437437437,0.93993993993994,0.26726726726726724,0.42542542542542544,1
0.9879879879879879,0.056056056056056056,0.2772772772772773,0.973973973973974,0.7487487487487487,0.9419419419419419,0.05405405405405406,0.5265265265265265,0.97997997997998,0.22322322322322322,0.9879879879879879,0.7087087087087087,0.056056056056056056,1
0.7257257257257257,0.014014014014014014,0.7507507507507506,0.8668668668668669,0.5155155155155156,0.3183183183183183,0.6506506506506505,0.9769769769769769,0.3993993993993994,0.05405405405405406,0.34734734734734735,0.15815815815815815,0.7227227227227228,1
0.29929929929929927,0.8668668668668669,0.13413413413413414,0.05905905905905914,0.4084084084084084,0.5045045045045045,0.3983983983983984,0.5875875875875876,0.5165165165165165,0.6716716716716716,0.45745745745745736,0.9139139139139216,0.8358358358358359,1
0.4544544544544544,0.8058058058058059,0.11011011011011011,0.26926926926926925,0.37237237237237236,0.8698698698698699,0.7557557557557557,0.6206206206206206,0.3333333333333333,0.6556556556556556,0.25825825825825827,0.93993993993994,0.7877877877877878,1
0.9379379379379377,0.18218218218218218,0.6756756756756757,0.8548548548548558,0.5285285285285285,0.06506506506506507,0.5245245245245245,0.9009009009009009,0.15215215215215216,0.30930930930930933,0.2682682682682683,0.17117117117117117,0.4184184184184184,1
0.6516516516516516,0.06806806806806806,0.4934934934934935,0.9229229229229229,0.5125125125125125,0.9619619619619619,0.1991991991991992,0.7737737737737738,0.5235235235235235,0.09509509509509369,0.9039039039039038,0.6626626626626626,0.0890890890890891,1
0.6896896896896897,0.41541541541541543,0.8748748748748747,0.44544544544544545,0.44744744744744747,0.012012012012012012,0.6696696696696697,0.6966966966966966,0.02102102102102102,0.08308308308308308,0.8988988988988988,0.07907907907907907,0.2732732732732733,1
0.12912912912912913,0.6596596596596597,0.11811811811811823,0.8748748748748749,0.006006006006006006,0.8988988988988988,0.8548548548548548,0.8888888888888888,0.8118118118118118,0.2132132132132132,0.21521521521521522,0.6726726726726727,0.5125125125125125,1
0.7587587587587588,0.05205205205205205,0.94994994994995,0.8968968968968969,0.9579579579579578,0.0940940940940941,0.002002002002002002,0.7887887887887888,0.15615615615615616,0.2902902902902903,0.5575575575575575,0.3503503503503503,0.3003003003003003,1
0.6776776776776777,0.2902902902902903,0.933933933933934,0.2872872872872873,0.8278278278278255,0.27127127127127126,0.5795795795795796,0.23823823823823823,0.16516516516516516,0.4014014014014014,0.8608608608608609,0.28928928928928926,0.07107107107107107,1
0.5415415415415415,0.4114114114114114,0.8438438438438438,0.6506506506506506,0.41041041041041043,0.8618618618618619,0.6516516516516516,0.13713713713713713,0.25525525525525516,0.6916916916916916,0.5635635635635635,0.3333333333333517,0.2852852852852853,1
0.923923923923924,0.2602602602602603,0.6966966966966966,0.1971971971971972,0.4974974974974975,0.43843843843843844,0.6086086086086087,0.06106106106106106,0.991991991991992,0.5785785785785785,0.1021021021021021,0.23623623623623652,0.8078078078078078,1
0.3113113113113113,0.2652652652652653,0.7117117117117117,0.34434434434434436,0.14514514514514515,0.8058058058058059,0.9769769769769769,0.7677677677677675,0.1091091091091091,0.13413413413413414,0.4294294294294294,0.17717717717717718,0.8238238238238238,1
0.015015015015015015,0.5475475475475475,0.022022022022022022,0.4224224224224224,0.11211211211211211,0.8338338338338338,0.9319319319319319,0.8808808808808809,0.7577577577577577,0.012012012012012012,0.6486486486486487,0.8038038038038038,0.02002002002002002,1
0.7707707707707699,0.24724724724724725,0.7187187187187187,0.13313313313313313,0.6306306306306306,0.07307307307307308,0.5185185185185185,0.948948948948949,0.007007007007007007,0.050050050050050046,0.933933933933934,0.2802802802802803,0.16116116116116116,1
0.4144144144144144,0.6766766766766766,0.5405405405405406,0.972972972972973,0.2952952952952953,0.021021021021021023,0.0890890890890891,0.996996996996997,0.26926926926926925,0.6076076076076076,0.7507507507507507,0.7047047047047047,0.5745745745745746,1
0.5385385385385385,0.7577577577577578,0.5095095095095098,0.7777777777777777,0.8378378378378378,0.7307307307307307,0.07907907907907907,0.0890890890890891,0.3153153153153153,0.986986986986987,0.7287287287287287,0.26326326326326327,0.7587587587587588,1
0.08108108108108109,0.8798798798798799,0.3843843843843844,0.6926926926926927,0.13913913913913914,0.5595595595595596,0.990990990990991,0.8628628628628628,0.958958958958959,0.4994994994994995,0.9769769769769769,0.978978978978979,0.23123123123123124,1
0.7697697697697697,0.04704704704704705,0.5785785785785785,0.9289289289289291,0.6386386386386387,0.960960960960961,0.3113113113113113,0.5415415415415415,0.6666666666666713,0.16516516516516516,0.9049049049049052,0.5375375375375375,0.06906906906906907,1
0.40040040040040037,0.5905905905905906,0.5705705705705706,0.6276276276276276,0.5975975975975976,0.27627627627627627,0.6986986986986987,0.5645645645645646,0.47147147147147145,0.995995995995996,0.05905905905905906,0.02102102102102102,0.8578578578578578,1
0.3993993993993994,0.8098098098098098,0.6046046046046046,0.5635635635635635,0.1041041041041041,0.47847847847847846,0.7787787787787788,0.7007007007007005,0.2992992992992995,0.47847847847847846,0.991991991991992,0.6886886886886887,0.5015015015015015,1
0.32732732732732733,0.35935935935935936,0.9309309309309309,0.2752752752752753,0.33433433433433435,0.676676676676678,0.5335335335335335,0.32932932932932935,0.4954954954954955,0.7537537537537538,0.9019019019019019,0.26426426426426425,0.46346346346346345,1
0.016016016016016016,0.9819819819819819,0.02102102102102102,0.2092092092092092,0.03803803803803804,0.5995995995995996,0.983983983983984,0.5705705705705706,0.8858858858858859,0.23423423423423423,0.36936936936936937,0.9719719719719719,0.5275275275275275,1
0.9279279279279277,0.7357357357357357,0.1891891891891892,0.8938938938938938,0.8888888888888888,0.28928928928928926,0.16016016016016016,0.2962962962962963,0.7077077077077076,0.8518518518518519,0.3003003003003003,0.5605605605605606,0.93993993993994,1
0.8768768768768769,0.1031031031031031,0.8668668668668669,0.7917917917917918,0.7567567567567568,0.6676676676676677,0.7357357357357357,0.33033033033033027,0.982982982982983,0.7037037037037037,0.38738738738738737,0.5185185185185185,0.3313313313313313,1
0.028028028028028028,0.6166166166166166,0.22122122122122123,0.9679679679679679,0.12212212212212212,0.8078078078078078,0.8588588588588588,0.6556556556556556,0.8598598598598599,0.25625625625625625,0.2852852852852853,0.7737737737737738,0.1881881881881882,1
0.5285285285285285,0.40540540540540543,0.5795795795795796,0.993993993993994,0.6546546546546547,0.6806806806806804,0.7387387387387387,0.33433433433433435,0.928928928928929,0.8628628628628628,0.6656656656656657,0.37037037037036225,0.46146146146146144,1
0.5445445445445445,0.12112112112112113,0.8838838838838838,0.6446446446446447,0.46446446446446465,0.41041041041041043,0.7737737737737738,0.6066066066066066,0.012012012012012012,0.08508508508508508,0.22022022022022023,0.055055055055055056,0.6716716716716716,1
0.5845845845845846,0.6416416416416416,0.13813813813813813,0.7357357357357357,0.25325325325325326,0.7317317317317317,0.6956956956956957,0.7697697697697697,0.5895895895895896,0.6086086086086087,0.044044044044044044,0.9169169169169169,0.7237237237237237,1
0.6486486486486487,0.7997997997997998,0.09309309309309309,0.47147147147147145,0.6036036036036053,0.4184184184184184,0.07407407407407407,0.3023023023023023,0.3793793793793794,0.8338338338338338,0.3713713713713714,0.44044044044044045,0.8518518518518519,1
0.24224224224224225,0.4244244244244244,0.44044044044044045,0.15315315315315314,0.03903903903903904,0.9879879879879879,0.7337337337337337,0.7287287287287287,0.4244244244244244,0.14314314314314314,0.6546546546546547,0.5965965965965966,0.5395395395395397,1
0.6826826826826827,0.008008008008008008,0.6846846846846847,0.3283283283283283,0.7357357357357357,0.5005005005004997,0.4724724724724725,0.980980980980981,0.23123123123123124,0.056056056056056056,0.49749749749749744,0.25825825825825827,0.5935935935935935,1
0.46646646646646645,0.2112112112112112,0.2802802802802803,0.7567567567567568,0.5385385385385385,0.5955955955955956,0.25625625625625625,0.8098098098098098,0.44544544544544545,0.08408408408408408,0.7447447447447447,0.6936936936936937,0.37037037037037035,1
0.5855855855855856,0.5865865865865866,0.7297297297297297,0.3163163163163163,0.2782782782782783,0.6836836836836837,0.33433433433433435,0.06806806806806819,0.4904904904904905,0.7427427427427428,0.43343343343343343,0.3123123123123123,0.4674674674674675,1
0.33933933933933935,0.44344344344344344,0.8098098098098098,0.02002002002002002,0.5375375375375375,0.06406406406406406,0.3743743743743744,0.44844844844844844,0.002002002002002002,0.18618618618618618,0.4364364364364364,0.03303303303303303,0.39539539539539537,1
0.07107107107107107,0.7837837837837838,0.0990990990990991,0.2682682682682683,0.017017017017017015,0.8478478478478475,0.8678678678678678,0.7807807807807807,0.8218218218218218,0.10510510510510511,0.5515515515515516,0.7697697697697697,0.5635635635635635,1
0.5345345345345345,0.1901901901901901,0.8308308308308309,0.5845845845845846,0.2772772772772773,0.4044044044044044,0.4314314314314314,0.8268268268268268,0.1841841841841842,0.37037037037037035,0.26626626626626626,0.45245245245245247,0.7187187187187187,1
0.26126126126126126,0.8478478478478472,0.4744744744744745,0.6976976976976974,0.4164164164164164,0.19019019019019015,0.7057057057057057,0.05105105105105105,0.5585585585585585,0.7637637637637638,0.07607607607607608,0.06506506506506507,0.7967967967967968,1
0.2982982982982983,0.9039039039039038,0.24724724724724725,0.4424424424424427,0.46346346346346345,0.33333333333333337,0.17217217217217218,0.2272272272272272,0.17017017017017017,0.9319319319319319,0.2172172172172172,0.2312312312312314,0.8588588588588588,1
0.003003003003003003,0.7637637637637638,0.5375375375375375,0.2732732732732733,0.6716716716716716,0.3813813813813814,0.7587587587587588,0.35135135135135137,0.6186186186186187,0.8188188188188188,0.48848848848848847,0.33933933933933935,0.5875875875875876,0
0.014014014014014014,0.6996996996996997,0.6736736736736737,0.02102102102102102,0.6516516516516516,0.14314314314314314,0.907907907907907,0.2882882882882883,0.43043043043043044,0.8318318318318318,0.09109109109109109,0.037037037037037035,0.3153153153153153,0
0.7057057057057057,0.21921921921921922,0.9849849849849851,0.9409409409409409,0.5675675675675675,0.16416416416416432,0.4244244244244244,0.4494494494494494,0.02002002002002002,0.22522522522522523,0.3613613613613614,0.10710710710710711,0.5835835835835835,1
0.933933933933934,0.47347347347347346,0.3533533533533535,0.6196196196196196,0.8328328328328328,0.12012012012012012,0.5615615615615616,0.10710710710710711,0.9629629629629629,0.5445445445445454,0.05205205205205205,0.25625625625625625,0.884884884884885,1
0.15915915915915915,0.7977977977977967,0.3333333333333333,0.38538538538538536,0.2132132132132132,0.6896896896896897,0.9089089089089089,0.6926926926926927,0.27927927927927926,0.4694694694694695,0.6436436436436437,0.8628628628628628,0.2552552552552553,1
0.5955955955955956,0.22022022022022023,0.062062062062062065,0.5775775775775776,0.8468468468468469,0.4474474474474474,0.11411411411411411,0.8698698698698699,0.8298298298298298,0.15815815815815815,0.8488488488488488,0.7687687687687688,0.4074074074074074,1
0.9219219219219219,0.07507507507507508,0.7757757757757757,0.1831831831831832,0.6806806806806799,0.2682682682682683,0.5005005005005004,0.9249249249249255,0.1921921921921922,0.24724724724724725,0.8108108108108109,0.33233233233233234,0.2822822822822823,1
0.5705705705705706,0.38738738738738737,0.6886886886886887,0.6466466466466467,0.5725725725725725,0.1111111111111111,0.6786786786786787,0.5365365365365365,0.10710710710710711,0.25125125125125125,0.9259259259259259,0.06706706706706707,0.17917917917917917,1
0.6336336336336337,0.14714714714714713,0.7747747747747747,0.6616616616616616,0.36336336336336333,0.965965965965966,0.6286286286286287,0.23623623623623627,0.8128128128128128,0.5935935935935935,0.4324324324324325,0.3963963963963964,0.12312312312312312,1
0.21521521521521522,0.5635635635635635,0.3173173173173173,0.18118118118118118,0.028028028028028028,0.7997997997997998,0.9129129129129129,0.7197197197197197,0.17617617617617617,0.17217217217217218,0.12012012012012012,0.32232232232232233,0.45145145145145144,0
0.5255255255255256,0.8398398398398398,0.5265265265265265,0.055055055055055056,0.8788788788788788,0.08108108108108109,0.6576576576576576,0.06406406406406406,0.4894894894894895,0.7867867867867868,0.036036036036036036,0.31931931931931934,0.9359359359359359,1
0.043043043043043044,0.7777777777777775,0.006006006006006006,0.8538538538538538,0.10710710710710711,0.7217217217217217,0.982982982982983,0.8058058058058059,0.9419419419419419,0.003003003003003003,0.9679679679679679,0.9549549549549508,0.0,1
0.24724724724724725,0.3963963963963964,0.7957957957957963,0.6946946946946947,0.21921921921921922,0.7447447447447447,0.7227227227227228,0.8208208208208209,0.2602602602602603,0.5975975975975976,0.8478478478478477,0.5755755755755756,0.6876876876876875,1
0.12812812812812813,0.9469469469469469,0.0,0.7607607607607607,0.0,0.8718718718718719,0.8408408408408409,0.7777777777777776,0.997997997997998,0.06406406406406406,0.5905905905905906,0.8358358358358359,0.7617617617617618,1
0.5515515515515516,0.27127127127127126,0.7057057057057057,0.13613613613613612,0.6066066066066066,0.6126126126126126,0.36536536536536535,0.4074074074074074,0.7127127127127127,0.9349349349349327,0.4894894894894895,0.1881881881881882,0.13313313313313313,1
0.7797797797797797,0.25825825825825827,0.973973973973974,0.6816816816816816,0.7107107107107101,0.37237237237237236,0.6156156156156156,0.4774774774774775,0.13813813813813813,0.4924924924924925,0.4264264264264264,0.6116116116116116,0.2682682682682683,1
0.3483483483483483,0.43243243243243246,0.9039039039039038,0.17717717717717718,0.22022022022022023,0.46046046046046046,0.8488488488488488,0.5185185185185185,0.025025025025025023,0.2682682682682683,0.25625625625625625,0.3533533533533535,0.7397397397397397,1
0.7077077077077075,0.5065065065065065,0.6116116116116116,0.31431431431431434,0.8608608608608609,0.16716716716716717,0.2852852852852853,0.7917917917917918,0.03403403403403407,0.5645645645645646,0.8138138138138138,0.4984984984984985,0.2132132132132132,1
0.5795795795795796,0.14914914914914915,0.36936936936936937,0.3943943943943944,0.6016016016016016,0.9029029029029029,0.6026026026026026,0.5815815815815816,0.4294294294294294,0.24824824824824826,0.5855855855855856,0.5515515515515516,0.28428428428428426,1
0.7017017017017017,0.6736736736736737,0.6916916916916916,0.8918918918918919,0.2822822822822823,0.4444444444444444,0.07307307307307308,0.062062062062062065,0.5355355355355356,0.9169169169169169,0.17317317317317318,0.1831831831831832,0.4984984984984985,1
0.06506506506506507,0.6516516516516516,0.25125125125125125,0.7427427427427428,0.08808808808808809,0.7117117117117117,0.8138138138138138,0.7217217217217217,0.6206206206206206,0.18118118118118118,0.41541541541541543,0.6776776776776776,0.46546546546546547,1
0.9039039039039038,0.18618618618618618,0.918918918918919,0.954954954954955,0.3133133133133133,0.4944944944944945,0.7087087087087087,0.2012012012012012,0.9319319319319319,0.5505505505505506,0.24924924924924924,0.3663663663663664,0.3053053053053053,1
0.9019019019019019,0.992992992992993,0.3103103103103103,0.6336336336336337,0.28928928928928926,0.018018018018018018,0.03403403403403403,0.27927927927927926,0.3113113113113113,0.9619619619619619,0.28428428428428426,0.7407407407407401,0.9949949949949948,1
0.22022022022022023,0.25425425425425424,0.7487487487487487,0.32532532532532527,0.3263263263263263,0.6946946946946947,0.5275275275275275,0.2972972972972973,0.7617617617617618,0.7327327327327328,0.3703703703703703,0.04104104104104104,0.6706706706706707,1
0.9619619619619619,0.8038038038038038,0.3063063063063063,0.06606606606606606,0.6966966966966966,0.20020020020020018,0.2772772772772773,0.14014014014014015,0.4984984984984985,0.8718718718718719,0.058058058058058054,0.44544544544544545,0.7627627627627628,1
0.07507507507507508,0.6706706706706705,0.3993993993993994,0.2222222222222222,0.07907907907907907,0.5755755755755756,0.9109109109109109,0.975975975975976,0.8308308308308309,0.5215215215215215,0.6166166166166166,0.7517517517517518,0.35235235235235235,1
0.49149149149149146,0.13013013013013014,0.4314314314314314,0.2902902902902903,0.15815815815815815,0.7357357357357357,0.09109109109109109,0.8578578578578577,0.5995995995995996,0.17117117117117117,0.1981981981981982,0.5485485485485485,0.37537537537537513,1
0.4894894894894895,0.8848848848848849,0.9079079079079074,0.3983983983983984,0.5485485485485485,0.002002002002002002,0.13013013013013014,0.3813813813813814,0.03303303303303303,0.6346346346346347,0.91991991991992,0.4974974974974975,0.16816816816816815,1
0.062062062062062065,0.8648648648648651,0.2822822822822823,0.24824824824824826,0.14614614614614616,0.6176176176176176,0.975975975975976,0.6886886886886887,0.8168168168168168,0.4424424424424425,0.5875875875875876,0.9449449449449451,0.1781781781781782,1
0.3013013013013013,0.7877877877877877,0.47847847847847846,0.5685685685685685,0.08308308308308308,0.7737737737737738,0.9069069069069069,0.9159159159159159,0.5985985985985988,0.6356356356356356,0.8008008008008007,0.8498498498498508,0.5945945945945946,0
0.8108108108108109,0.03803803803803804,0.996996996996997,0.36036036036035995,0.960960960960961,0.6326326326326326,0.2912912912912913,0.3063063063063063,0.7057057057057057,0.6606606606606599,0.7877877877877877,0.36336336336336333,0.16216216216216217,1
0.963963963963964,0.02102102102102102,0.2272272272272272,0.8638638638638638,0.7957957957957958,0.6346346346346347,0.044044044044044044,0.7727727727727728,0.998998998998999,0.043043043043043044,0.8128128128128128,0.7777777777777777,0.03003003003003003,1
0.7047047047047047,0.4974974974974974,0.5335335335335335,0.036036036036036036,0.6786786786786787,0.10710710710710711,0.7127127127127127,0.35435435435435436,0.8718718718718719,0.8828828828828829,0.003003003003003003,0.10510510510510511,0.8888888888888888,1
0.3843843843843844,0.5845845845845846,0.8738738738738738,0.12912912912912913,0.20020020020020018,0.9049049049049049,0.6436436436436437,0.09009009009009009,0.25725725725725723,0.5925925925925926,0.8628628628628628,0.37737737737737737,0.6066066066066066,1
0.6946946946946947,0.15315315315315314,0.6986986986986987,0.011011011011011011,0.8418418418418419,0.2852852852852853,0.42542542542542544,0.9099099099099099,0.050050050050050046,0.3583583583583584,0.4034034034034034,0.3973973973973974,0.47647647647647645,1
0.17917917917917928,0.9719719719719719,0.007007007007007007,0.23223223223223222,0.009009009009009009,0.662662662662663,0.9369369369369369,0.7987987987987988,0.7357357357357357,0.36036036036036034,0.45845845845845845,0.91991991991992,0.4744744744744745,1
0.6676676676676677,0.024024024024024024,0.8188188188188188,0.40540540540540543,0.7807807807807807,0.5885885885885885,0.43043043043043044,0.7497497497497497,0.16416416416416416,0.04804804804804805,0.9269269269269269,0.26126126126126126,0.23223223223223222,1
0.09309309309309309,0.986986986986987,0.12612612612612611,0.23923923923923923,0.06806806806806809,0.4124124124124124,0.954954954954954,0.5375375375375375,0.5705705705705706,0.48848848848848847,0.5615615615615616,0.938938938938939,0.8608608608608609,1
0.5755755755755756,0.3033033033033033,0.8288288288288288,0.47647647647647645,0.8598598598598598,0.3843843843843844,0.12612612612612611,0.5035035035035035,0.04704704704704705,0.4674674674674675,0.8298298298298298,0.5655655655655656,0.11411411411411411,1
0.3023023023023023,0.6496496496496497,0.5175175175175175,0.8248248248248248,0.32832832832832837,0.6116116116116116,0.5725725725725725,0.2822822822822823,0.8608608608608609,0.9239239239239242,0.6016016016016016,0.12012012012012012,0.8458458458458459,1
0.7287287287287287,0.3023023023023023,0.4174174174174174,0.5535535535535535,0.8268268268268268,0.6956956956956957,0.5225225225225225,0.6536536536536537,0.7547547547547547,0.4894894894894895,0.5605605605605606,0.9069069069069069,0.23823823823823823,1
0.7387387387387387,0.25625625625625625,0.8458458458458459,0.043043043043043044,0.7317317317317317,0.953953953953954,0.38738738738738737,0.10010010010010009,0.2032032032032032,0.7217217217217217,0.5505505505505506,0.3153153153153153,0.22822822822822822,1
0.16516516516516508,0.9549549549549545,0.003003003003003003,0.864864864864883,0.04804804804804805,0.8818818818818819,0.8728728728728729,0.4314314314314314,0.5325325325325325,0.058058058058058054,0.6276276276276276,0.9059059059059059,0.41041041041041043,1
0.018018018018018018,0.8748748748748749,0.01901901901901902,0.23823823823823823,0.013013013013013013,0.696696696696697,0.8108108108108109,0.6496496496496497,0.7247247247247247,0.05105105105105105,0.33033033033033016,0.7167167167167169,0.6996996996996997,1
0.21021021021021022,0.7857857857857857,0.7547547547547547,0.27427427427427425,0.13813813813813813,0.5255255255255256,0.8118118118118118,0.5595595595595596,0.1831831831831832,0.5515515515515516,0.7807807807807807,0.6606606606606605,0.5995995995995996,1
0.4574574574574575,0.5595595595595596,0.11411411411411411,0.023023023023023025,0.5325325325325325,0.5745745745745746,0.6106106106106106,0.5495495495495496,0.4524524524524526,0.34134134134134136,0.42742742742742745,0.7327327327327328,0.6926926926926927,1
0.40540540540540543,0.3663663663663664,0.07107107107107107,0.25625625625625625,0.5945945945945946,0.3403403403403403,0.23823823823823823,0.7617617617617618,0.8918918918918919,0.14214214214214213,0.3283283283283284,0.7807807807807807,0.5485485485485485,1
0.2782782782782783,0.37537537537537535,0.6306306306306306,0.8338338338338338,0.9729729729729732,0.3033033033033033,0.5985985985985985,0.8248248248248248,0.5635635635635635,0.22622622622622623,0.5445445445445448,0.988988988988989,0.2032032032032032,1
0.43043043043043044,0.07807807807807808,0.6346346346346347,0.5105105105105106,0.8428428428428428,0.8808808808808809,0.4494494494494494,0.914914914914915,0.5475475475475475,0.04704704704704705,0.9309309309309309,0.9619619619619619,0.07007007007007007,1
0.5915915915915916,0.8148148148148148,0.23323323323323322,0.23523523523523523,0.7157157157157157,0.11011011011011011,0.47847847847847846,0.2042042042042042,0.6656656656656657,0.7377377377377378,0.0990990990990991,0.3883883883883884,0.8788788788788788,1
0.30930930930930933,0.7867867867867868,0.14514514514514515,0.5135135135135135,0.6316316316316316,0.26626626626626626,0.4984984984984985,0.007007007007007007,0.8958958958958959,0.3083083083083083,0.2922922922922923,0.2902902902902903,0.8658658658658659,1
0.7757757757757757,0.16716716716716717,0.953953953953954,0.07207207207207207,0.35535535535535523,0.6616616616616616,0.4134134134134134,0.48648648648648657,0.696696696696697,0.8348348348348348,0.7117117117117117,0.34234234234234234,0.14314314314314314,1
0.47047047047047047,0.4804804804804805,0.23423423423423423,0.3663663663663664,0.31431431431431434,0.938938938938939,0.6566566566566566,0.4544544544544544,0.32432432432432434,0.4874874874874873,0.5175175175175175,0.5795795795795796,0.7007007007007007,1
0.5985985985985987,0.5935935935935935,0.22922922922922923,0.7327327327327328,0.8398398398398398,0.2432432432432434,0.5685685685685685,0.09109109109109109,0.8968968968968969,0.5575575575575575,0.07807807807807808,0.3033033033033033,0.9069069069069069,1
0.2502502502502502,0.7397397397397397,0.22422422422422422,0.4394394394394394,0.3123123123123123,0.6606606606606605,0.6746746746746747,0.6286286286286287,0.14914914914914915,0.4944944944944945,0.37737737737737737,0.6996996996996997,0.8368368368368369,1
0.14714714714714713,0.6226226226226226,0.5685685685685685,0.7177177177177176,0.3003003003003003,0.5555555555555556,0.6326326326326326,0.3503503503503501,0.7957957957957981,0.8968968968968969,0.7987987987987988,0.04804804804804805,0.8488488488488488,0
0.5125125125125125,0.14014014014014015,0.2952952952952953,0.43843843843843844,0.996996996996997,0.3753753753753747,0.4024024024024024,0.6586586586586587,0.7917917917917918,0.06506506506506507,0.9119119119119119,0.7417417417417418,0.16316316316316315,1
0.5305305305305306,0.43843843843843844,0.21521521521521522,0.8118118118118118,0.6816816816816816,0.5855855855855856,0.5195195195195195,0.5395395395395405,0.4844844844844845,0.36336336336336333,0.6266266266266266,0.7057057057057057,0.5795795795795796,1
0.6976976976976977,0.45945945945945943,0.7357357357357357,0.983983983983984,0.46846846846846846,0.24424424424424424,0.7467467467467468,0.7327327327327328,0.12212212212212212,0.5365365365365365,0.3883883883883884,0.4844844844844845,0.45845845845845845,1
0.988988988988989,0.8758758758758759,0.33933933933933935,0.5855855855855856,0.6006006006006006,0.022022022022022022,0.11011011011011011,0.3733733733733734,0.8498498498498501,0.8808808808808809,0.2122122122122122,0.6296296296296297,0.993993993993994,1
0.35435435435435436,0.7957957957957958,0.10810810810810811,0.14814814814814814,0.5425425425425425,0.3853853853853852,0.26726726726726724,0.6686686686686687,0.965965965965966,0.6626626626626627,0.19119119119119118,0.985985985985986,0.7137137137137137,1
0.26326326326326327,0.7657657657657657,0.09009009009009003,0.8608608608608609,0.044044044044044044,0.9099099099099099,0.7487487487487487,0.7487487487487487,0.8438438438438438,0.43043043043043044,0.7417417417417418,0.7387387387387387,0.7707707707707707,1
0.2222222222222222,0.4774774774774774,0.35235235235235235,0.07807807807807808,0.5525525525525525,0.5965965965965966,0.5815815815815816,0.4394394394394394,0.5345345345345345,0.23723723723723725,0.6216216216216216,0.6686686686686687,0.6326326326326326,1
0.6216216216216216,0.3063063063063063,0.8028028028028028,0.3913913913913914,0.3483483483483484,0.5315315315315315,0.19019019019019018,0.12412412412412413,0.9649649649649653,0.6766766766766786,0.32332332332332336,0.32732732732732733,0.6006006006006006,1
0.16816816816816815,0.4314314314314314,0.8088088088088088,0.2962962962962963,0.1991991991991992,0.5505505505505506,0.7327327327327328,0.5285285285285285,0.08208208208208208,0.12812812812812813,0.8728728728728729,0.45845845845845845,0.13913913913913914,1
0.5615615615615616,0.27427427427427425,0.44244244244244246,0.11611611611611611,0.7187187187187187,0.7527527527527528,0.3783783783783784,0.7277277277277276,0.7607607607607607,0.2962962962962963,0.8118118118118118,0.9209209209209209,0.2902902902902903,1
0.10810810810810811,0.5215215215215215,0.6466466466466466,0.2172172172172172,0.12012012012012012,0.7897897897897898,0.8038038038038038,0.5125125125125125,0.4494494494494494,0.15715715715715717,0.7187187187187187,0.6356356356356356,0.2872872872872873,1
0.9729729729729731,0.6986986986986987,0.6676676676676676,0.5715715715715716,0.953953953953954,0.06706706706706707,0.6736736736736737,0.008008008008008008,0.27627627627627627,0.8108108108108109,0.08008008008007991,0.09009009009009009,0.25925925925925924,1
0.8398398398398398,0.009009009009009009,0.7017017017017017,0.6846846846846847,0.6886886886886887,0.35135135135135137,0.1921921921921922,0.992992992992993,0.4394394394394394,0.12412412412412413,0.38238238238238237,0.34934934934934936,0.6626626626626626,1
0.38538538538538525,0.6056056056056056,0.39039039039039036,0.35935935935935936,0.9109109109109109,0.32432432432432434,0.32932932932932935,0.8008008008008007,0.8568568568568569,0.5475475475475475,0.43843843843843844,0.994994994994995,0.3993993993993994,1
0.29429429429429427,0.7387387387387387,0.10510510510510511,0.13213213213213212,0.20520520520520522,0.9309309309309309,0.7827827827827828,0.44744744744744747,0.25825825825825827,0.5765765765765766,0.2042042042042042,0.6316316316316316,0.8688688688688688,1
0.8348348348348348,0.4954954954954955,0.35835835835835833,0.8498498498498499,0.9629629629629629,0.1991991991991992,0.5165165165165165,0.043043043043043044,0.8788788788788788,0.4594594594594595,0.14314314314314314,0.3263263263263263,0.8698698698698699,1
0.5275275275275275,0.08208208208208208,0.5675675675675675,0.7067067067067068,0.7797797797797797,0.91991991991992,0.5345345345345345,0.2982982982982983,0.9819819819819819,0.726726726726727,0.23923923923923923,0.1781781781781782,0.3933933933933934,1
0.7917917917917918,0.39539539539539537,0.3023023023023023,0.8208208208208209,0.7847847847847848,0.45845845845845845,0.13413413413413414,0.4794794794794795,0.9849849849849873,0.38538538538538536,0.8088088088088088,0.9259259259259259,0.26126126126126126,1
0.7117117117117117,0.5795795795795796,0.8578578578578574,0.9089089089089089,0.4034034034034034,0.14214214214214213,0.5355355355355356,0.8378378378378376,0.009009009009009009,0.46546546546546547,0.6206206206206206,0.5735735735735735,0.45345345345345345,1
0.9549549549549549,0.44544544544544545,0.17917917917917917,0.9279279279279272,0.6076076076076076,0.32232232232232233,0.24524524524524524,0.36736736736736736,0.7937937937937938,0.7777777777777776,0.09009009009009009,0.2552552552552553,0.7177177177177178,1
0.6296296296296297,0.7707707707707705,0.46346346346346345,0.016016016016016016,0.5315315315315315,0.04104104104104104,0.6426426426426426,0.17317317317317318,0.8588588588588588,0.7307307307307307,0.04704704704704705,0.2032032032032032,0.9019019019019019,1
0.7127127127127127,0.5085085085085085,0.5065065065065065,0.43043043043043044,0.7767767767767768,0.8768768768768769,0.29429429429429427,0.15715715715715717,0.9029029029029029,0.9429429429429429,0.5045045045045047,0.5595595595595596,0.25425425425425424,1
0.7417417417417418,0.3933933933933934,0.6926926926926927,0.5605605605605606,0.7697697697697697,0.5275275275275275,0.3833833833833834,0.13813813813813813,0.7467467467467468,0.8398398398398398,0.3383383383383383,0.2732732732732733,0.5435435435435435,1
0.8568568568568569,0.716716716716717,0.35935935935935936,0.5945945945945946,0.4694694694694695,0.050050050050050046,0.36336336336336356,0.1921921921921922,0.8618618618618619,0.6016016016016016,0.13213213213213212,0.2082082082082082,0.8858858858858859,1
0.01001001001001001,0.2732732732732733,0.3083083083083083,0.7687687687687688,0.14414414414414414,0.8778778778778751,0.7867867867867868,0.8458458458458459,0.3063063063063063,0.002002002002002002,0.7027027027027027,0.5295295295295295,0.11511511511511512,1
0.93993993993994,0.34234234234234234,0.8488488488488488,0.9629629629629629,0.9209209209209209,0.5305305305305306,0.3203203203203203,0.24524524524524524,0.5265265265265265,0.9459459459459459,0.6136136136136137,0.5025025025025025,0.17617617617617617,1
0.8828828828828829,0.2852852852852853,0.5865865865865866,0.35435435435435436,0.9769769769769769,0.24624624624624628,0.8358358358358359,0.4824824824824825,0.8048048048048048,0.983983983983984,0.07307307307307308,0.05405405405405406,0.7077077077077071,1
0.25225225225225234,0.4164164164164164,0.6066066066066066,0.6406406406406405,0.1011011011011011,0.8598598598598598,0.7897897897897898,0.9419419419419419,0.5245245245245245,0.4444444444444444,0.9669669669669669,0.6536536536536537,0.4474474474474473,1
0.2862862862862863,0.4924924924924927,0.3733733733733734,0.4014014014014014,0.5995995995995996,0.4594594594594598,0.3173173173173173,0.6916916916916916,0.7447447447447447,0.1891891891891892,0.7867867867867868,0.9129129129129129,0.5845845845845846,1
0.6316316316316316,0.5775775775775776,0.04204204204204204,0.7107107107107107,0.5505505505505506,0.5145145145145145,0.2802802802802803,0.6826826826826827,0.5665665665665666,0.46846846846846846,0.5705705705705706,0.7627627627627628,0.7057057057057057,1
0.3973973973973974,0.5605605605605606,0.5495495495495496,0.913913913913914,0.6296296296296297,0.2772772772772773,0.7007007007006995,0.43843843843843844,0.41541541541541543,0.97997997997998,0.05405405405405406,0.02002002002002002,0.7317317317317318,1
0.7147147147147147,0.21021021021021022,0.5935935935935935,0.8398398398398398,0.9669669669669669,0.35835835835835833,0.3313313313313316,0.8728728728728729,0.3763763763763764,0.18018018018018017,0.7527527527527528,0.9519519519519519,0.08608608608608609,1
0.5535535535535535,0.2162162162162163,0.8078078078078074,0.5305305305305306,0.6476476476476476,0.44244244244244646,0.1891891891891892,0.12812812812812813,0.9669669669669669,0.6986986986986987,0.22522522522522523,0.26226226226226224,0.34534534534534533,1
0.5645645645645646,0.07007007007007007,0.963963963963964,0.015015015015015015,0.6376376376376376,0.9749749749749749,0.6276276276276276,0.1791791791791792,0.2902902902902903,0.4954954954954955,0.5525525525525525,0.21521521521521522,0.21421421421421422,1
0.32032032032032026,0.8358358358358359,0.025025025025025023,0.9129129129129129,0.05405405405405406,0.944944944944945,0.8948948948948942,0.8788788788788788,0.6726726726726726,0.4094094094094094,0.8548548548548548,0.8898898898898899,0.3083083083083083,1
0.009009009009009009,0.9239239239239241,0.13213213213213212,0.1791791791791792,0.023023023023023025,0.6656656656656657,0.950950950950951,0.6266266266266266,0.7817817817817818,0.23123123123123124,0.1831831831831832,0.8668668668668669,0.8338338338338338,1
0.8758758758758759,0.2982982982982983,0.9549549549549547,0.7057057057057057,0.6456456456456456,0.986986986986987,0.2602602602602603,0.08808808808808809,0.14114114114114115,0.7047047047047047,0.8658658658658659,0.6026026026026026,0.02102102102102102,1
0.19019019019019,0.35135135135135137,0.95995995995996,0.06706706706706707,0.3063063063063063,0.43043043043043044,0.1091091091091091,0.2602602602602603,0.14014014014014015,0.3303303303303302,0.4924924924924926,0.2602602602602603,0.6376376376376376,1
0.8208208208208209,0.2122122122122122,0.5035035035035035,0.6536536536536537,0.2012012012012012,0.990990990990991,0.38538538538538514,0.9129129129129129,0.20020020020020018,0.49749749749749694,0.4094094094094094,0.8018018018018018,0.36736736736736736,1
0.9059059059059059,0.48648648648648646,0.1361361361361364,0.4444444444444444,0.2962962962962963,0.998998998998999,0.6896896896896897,0.5155155155155156,0.6856856856856857,0.7097097097097097,0.3963963963963964,0.8578578578578578,0.5955955955955956,1
0.965965965965966,0.07707707707707707,0.8908908908908909,0.955955955955956,0.964964964964969,0.8108108108108109,0.11811811811811812,0.26726726726726724,0.8998998998998999,0.8468468468468469,0.5675675675675675,0.6246246246246246,0.011011011011011011,1
0.13013013013013014,0.3883883883883884,0.27427427427427425,0.47847847847847846,0.2852852852852853,0.7757757757757757,0.8858858858858859,0.94994994994995,0.6436436436436437,0.2502502502502502,0.9449449449449451,0.7907907907907907,0.045045045045044876,1
0.7987987987987988,0.7787787787787788,0.41041041041041043,0.028028028028028028,0.7347347347347347,0.0960960960960961,0.34634634634634637,0.14414414414414414,0.4124124124124124,0.7397397397397397,0.10510510510510511,0.24724724724724725,0.8448448448448448,1
0.34434434434434436,0.5355355355355356,0.6156156156156156,0.7727727727727728,0.2182182182182182,0.9379379379379374,0.7167167167167168,0.3113113113113113,0.37237237237237236,0.8138138138138138,0.6756756756756757,0.14914914914914915,0.5385385385385385,1
0.2912912912912913,0.6216216216216216,0.38738738738738737,0.7737737737737738,0.9409409409409409,0.2552552552552553,0.8188188188188188,0.044044044044044044,0.6616616616616616,0.6596596596596597,0.22822822822822822,0.044044044044044044,0.5295295295295295,1
0.1991991991991992,0.20020020020020018,0.8218218218218218,0.16016016016016008,0.5935935935935935,0.5355355355355356,0.4744744744744745,0.35935935935935936,0.3123123123123123,0.15615615615615616,0.97997997997998,0.32832832832832853,0.2012012012012012,1
0.4944944944944945,0.1981981981981982,0.9569569569569569,0.9879879879879879,0.6046046046046046,0.26226226226226224,0.28928928928928926,0.34734734734734735,0.07407407407407407,0.21921921921921922,0.3683683683683684,0.15215215215215216,0.3923923923923924,1
0.3163163163163163,0.6096096096096096,0.5505505505505506,0.5295295295295295,0.6236236236236237,0.1091091091091091,0.6836836836836837,0.07907907907907907,0.7887887887887888,0.5905905905905906,0.06506506506506507,0.035035035035035036,0.8878878878878876,1
0.6066066066066066,0.16616616616616617,0.299299299299306,0.001001001001001001,0.948948948948949,0.5115115115115115,0.6526526526526526,0.4894894894894895,0.7667667667667668,0.10710710710710711,0.6366366366366366,0.6786786786786787,0.18618618618618618,1
0.07707707707707707,0.707707707707707,0.12412412412412413,0.3103103103103103,0.06606606606606606,0.8378378378378377,0.8508508508508509,0.7437437437437437,0.7507507507507506,0.14014014014014015,0.5075075075075075,0.7647647647647647,0.41541541541541543,1
0.7087087087087087,0.3333333333333333,0.8938938938938938,0.4744744744744745,0.3683683683683684,0.22022022022022023,0.5905905905905906,0.4904904904904905,0.06706706706706707,0.32232232232232233,0.46846846846846846,0.1981981981981982,0.47847847847847846,1
0.7277277277277278,0.7617617617617618,0.7437437437437437,0.5215215215215215,0.3583583583583584,0.40040040040040037,0.5155155155155156,0.15315315315315314,0.26626626626626626,0.9049049049049049,0.6556556556556556,0.23223223223223222,0.5475475475475475,1
0.4794794794794795,0.7327327327327328,0.5315315315315315,0.11311311311311317,0.6436436436436437,0.14414414414414414,0.7107107107107106,0.12512512512512503,0.4774774774774774,0.8648648648648656,0.0,0.12812812812812813,0.8208208208208209,1
0.1971971971971972,0.33733733733733734,0.8528528528528528,0.3353353353353353,0.25625625625625625,0.4954954954954955,0.5095095095095095,0.4024024024024024,0.09109109109109109,0.16616616616616617,0.6936936936936937,0.24924924924924924,0.5815815815815816,1
0.18618618618618618,0.965965965965966,0.7087087087087087,0.6636636636636637,0.13013013013013014,0.03203203203203203,0.4114114114114114,0.5405405405405406,0.11611611611611611,0.7147147147147147,0.5085085085085085,0.5625625625625625,0.686686686686687,1
0.8298298298298298,0.031031031031031032,0.7237237237237237,0.985985985985986,0.23023023023023023,0.3603603603603603,0.8298298298298298,0.9719719719719719,0.16316316316316315,0.02702702702702703,0.2652652652652653,0.029029029029029027,0.8128128128128128,1
0.12112112112112113,0.5345345345345345,0.9649649649649651,0.6266266266266266,0.6336336336336337,0.009009009009009009,0.05205205205205205,0.2852852852852853,0.02702702702702703,0.10010010010010009,0.8968968968968969,0.043043043043043044,0.2802802802802803,1
0.1781781781781782,0.5995995995995996,0.09509509509509506,0.26626626626626626,0.08108108108108109,0.8568568568568569,0.9329329329329329,0.986986986986987,0.7407407407407399,0.3713713713713714,0.8348348348348348,0.8398398398398398,0.11611611611611611,1
0.978978978978979,0.6646646646646647,0.6566566566566567,0.029029029029029027,0.45245245245245247,0.11511511511511512,0.2902902902902903,0.998998998998999,0.028028028028028028,0.7297297297297297,0.5265265265265265,0.8588588588588588,0.47047047047047047,1
0.9369369369369369,0.5855855855855856,0.7607607607607604,0.9039039039039038,0.8338338338338338,0.43343343343343343,0.21521521521521522,0.23723723723723725,0.6056056056056056,0.975975975975976,0.6616616616616616,0.5545545545545546,0.11311311311311312,1
0.44744744744744736,0.8078078078078077,0.5045045045045045,0.4994994994994995,0.7777777777777778,0.043043043043043044,0.5575575575575575,0.1021021021021021,0.4804804804804805,0.6946946946946947,0.03203203203203203,0.24124124124124124,0.9029029029029029,1
0.32932932932932935,0.9829829829829829,0.15515515515515516,0.6066066066066066,0.32232232232232233,0.03903903903903904,0.2022022022022022,0.050050050050050046,0.2912912912912913,0.6256256256256256,0.1891891891891892,0.4544544544544544,0.8548548548548548,1
0.7627627627627628,0.32432432432432434,0.7977977977977978,0.6206206206206206,0.8588588588588588,0.9569569569569569,0.5255255255255256,0.21521521521521522,0.5825825825825826,0.8618618618618619,0.8268268268268268,0.6506506506506505,0.07407407407407407,1
0.036036036036036036,0.6936936936936937,0.33133133133133136,0.17517517517517517,0.17617617617617617,0.6416416416416416,0.8538538538538538,0.7667667667667668,0.8518518518518519,0.24224224224224225,0.9469469469469469,0.8148148148148148,0.3793793793793794,1
0.16916916916916921,0.42042042042042044,0.46046046046046046,0.2922922922922923,0.4174174174174174,0.8068068068068068,0.8278278278278277,0.7247247247247247,0.5835835835835835,0.3253253253253253,0.9249249249249307,0.7827827827827828,0.07707707707707707,1
0.9209209209209209,0.5915915915915916,0.7617617617617618,0.7717717717717718,0.5885885885885885,0.06806806806806814,0.16816816816816893,0.8678678678678678,0.12312312312312312,0.6276276276276276,0.8758758758758759,0.6486486486486487,0.22922922922922923,1
0.6566566566566566,0.23023023023023023,0.7967967967967968,0.21421421421421422,0.5105105105105104,0.2872872872872873,0.6666666666666671,0.6976976976976977,0.17717717717717718,0.27627627627627627,0.9229229229229229,0.2882882882882883,0.24624624624624752,1
0.5295295295295295,0.6606606606606604,0.07207207207207207,0.06506506506506507,0.44244244244244274,0.3893893893893894,0.3993993993993994,0.37237237237237236,0.8508508508508509,0.28928928928928926,0.3993993993993994,0.7137137137137137,0.7377377377377378,1
0.6966966966966972,0.7687687687687688,0.16616616616616617,0.3183183183183183,0.8408408408408409,0.25325325325325326,0.19519519519519518,0.15615615615615616,0.6016016016016016,0.6586586586586587,0.15115115115115116,0.5205205205205206,0.94994994994995,1
0.7567567567567568,0.6976976976976975,0.6186186186186187,0.2932932932932933,0.3303303303303303,0.16216216216216217,0.7527527527527528,0.7427427427427428,0.062062062062062065,0.6026026026026026,0.4074074074074074,0.44244244244244246,0.4064064064064064,1
0.5675675675675675,0.12912912912912913,0.5255255255255256,0.6496496496496497,0.9619619619619619,0.4744744744744745,0.06406406406406406,0.9269269269269269,0.938938938938939,0.13513513513513514,0.9619619619619619,0.98998998998999,0.06606606606606606,1
0.25425425425425424,0.9369369369369369,0.17317317317317318,0.7347347347347347,0.5665665665665666,0.25725725725725723,0.5205205205205206,0.06306306306306306,0.2802802802802803,0.8268268268268268,0.056056056056056056,0.38538538538538536,0.7777777777777388,1
0.0980980980980981,0.6406406406406405,0.5555555555555556,0.7187187187187187,0.41541541541541543,0.48148148148148145,0.9379379379379378,0.5065065065065065,0.5685685685685685,0.7757757757757757,0.9069069069069069,0.2172172172172172,0.0980980980980981,0
0.34134134134134136,0.5025025025025025,0.5445445445445446,0.4754754754754755,0.5865865865865866,0.6396396396396397,0.7267267267267267,0.5425425425425425,0.4044044044044044,0.45845845845845845,0.3133133133133133,0.8598598598598599,0.5105105105105106,1
0.19119119119119118,0.48748748748748744,0.46846846846846846,0.7747747747747747,0.15315315315315314,0.7777777777777778,0.7727727727727728,0.8518518518518519,0.3263263263263263,0.4324324324324325,0.5735735735735735,0.6276276276276276,0.2922922922922923,1
0.22922922922922923,0.9069069069069069,0.37537537537537535,0.4934934934934935,0.21021021021021022,0.5385385385385385,1.0,0.972972972972973,0.953953953953954,0.6746746746746747,0.997997997997998,1.0,0.005005005005005005,1
0.9069069069069069,0.5385385385385385,0.43343343343343343,0.6596596596596597,0.983983983983984,0.13413413413413414,0.7817817817817818,0.22422422422422422,0.955955955955956,0.84984984984985,0.08208208208208208,0.35935935935935936,0.8898898898898899,1
0.7877877877877877,0.1921921921921922,0.17217217217217218,0.2782782782782783,0.5025025025025025,0.5415415415415415,0.3153153153153153,0.6376376376376376,0.7187187187187187,0.26926926926926925,0.25225225225225223,0.5725725725725725,0.2832832832832833,1
0.9629629629629629,0.06706706706706707,0.960960960960961,0.43543543543543545,0.985985985985986,0.017017017017017015,0.26126126126126126,0.4184184184184184,0.16616616616616617,0.0890890890890891,0.9099099099099099,0.07007007007007007,0.015015015015015015,1
0.056056056056056056,0.36336336336336333,0.12112112112112113,0.5755755755755756,0.13713713713713713,0.92992992992993,0.938938938938939,0.9549549549549549,0.9369369369369369,0.10810810810810811,0.7377377377377375,0.8288288288288288,0.018018018018018018,1
0.03003003003003003,0.5265265265265265,0.42842842842842843,0.06906906906906907,0.18618618618618618,0.6376376376376376,0.8638638638638638,0.6336336336336337,0.5875875875875876,0.07007007007007007,0.6496496496496497,0.7117117117117117,0.03903903903903904,1
0.13313313313313313,0.8128128128128128,0.4844844844844845,0.022022022022022022,0.21521521521521522,0.5725725725725725,0.9729729729729732,0.8828828828828829,0.8488488488488488,0.6286286286286287,0.8588588588588588,0.95995995995996,0.12612612612612623,1
0.25125125125125125,0.6426426426426426,0.6356356356356356,0.6676676676676679,0.17417417417417422,0.9119119119119119,0.5825825825825826,0.12712712712712712,0.46246246246246253,0.7207207207207207,0.5435435435435435,0.14014014014014015,0.7657657657657657,1
0.8678678678678678,0.16816816816816815,0.08708708708708708,0.10710710710710711,0.8168168168168168,0.6356356356356356,0.11211211211211211,0.6896896896896897,0.8708708708708709,0.3653653653653653,0.7967967967967968,0.6496496496496497,0.2172172172172172,1
0.8498498498498498,0.7137137137137137,0.6006006006006006,0.1091091091091091,0.8948948948948949,0.07507507507507508,0.6466466466466468,0.1971971971971972,0.6096096096096096,0.9139139139139141,0.023023023023023025,0.29929929929929927,0.9169169169169169,1
0.22322322322322322,0.2682682682682683,0.9519519519519519,0.6726726726726726,0.32932932932932935,0.17917917917917917,0.26926926926926925,0.48748748748748716,0.1991991991991992,0.1841841841841842,0.7387387387387387,0.0890890890890891,0.7367367367367368,1
0.9579579579579578,0.9419419419419419,0.2462462462462466,0.7037037037037037,0.8488488488488488,0.16516516516516516,0.09009009009008993,0.42342342342342343,0.34134134134134136,0.9949949949949947,0.09309309309309309,0.7927927927927928,0.995995995995996,1
0.7657657657657657,0.0970970970970971,0.7417417417417418,0.8678678678678677,0.5295295295295295,0.23623623623623663,0.14514514514514515,0.983983983983984,0.15015015015015015,0.3213213213213213,0.23223223223223238,0.47747747747747743,0.6846846846846847,1
0.44844844844844844,0.36736736736736736,0.8328328328328328,0.9749749749749735,0.5905905905905906,0.04604604604604605,0.3063063063063063,0.7687687687687688,0.12812812812812813,0.44044044044044045,0.24424424424424424,0.4144144144144144,0.5825825825825826,1
0.2932932932932933,0.1841841841841842,0.9169169169169169,0.7877877877877878,0.3163163163163163,0.23123123123123124,0.16116116116116116,0.8128128128128128,0.14214214214214213,0.14514514514514515,0.6306306306306306,0.2462462462462463,0.7577577577577547,1
0.9649649649649654,0.17517517517517517,0.14714714714714713,0.5915915915915916,0.7857857857857867,0.46146146146146144,0.050050050050050046,0.9029029029029029,0.9469469469469469,0.3063063063063063,0.5775775775775776,0.953953953953954,0.09509509509509509,1
0.8078078078078075,0.29929929929929966,0.98998998998999,0.07007007007007007,0.1931931931931932,0.40540540540540543,0.10710710710710711,0.03903903903903904,0.6176176176176176,0.5135135135135135,0.22122122122122126,0.2852852852852853,0.11011011011011011,1
0.12312312312312314,0.97997997997998,0.011011011011011011,0.39539539539539537,0.001001001001001001,0.6316316316316316,0.8808808808808809,0.7477477477477475,0.8268268268268268,0.3613613613613614,0.1941941941941942,0.7767767767767768,0.8388388388388388,1
0.5685685685685685,0.3173173173173173,0.4824824824824825,0.975975975975976,0.32432432432432434,0.988988988988989,0.6996996996996997,0.7357357357357357,0.15715715715715717,0.47047047047047047,0.5005005005005002,0.7337337337337337,0.5455455455455456,1
0.8558558558558559,0.5575575575575575,0.8138138138138138,0.5345345345345345,0.3173173173173173,0.17017017017017017,0.7927927927927928,0.8368368368368369,0.11311311311311315,0.5825825825825826,0.43743743743743746,0.5425425425425425,0.6276276276276276,1
0.011011011011011011,0.8878878878878879,0.04604604604604605,0.4074074074074074,0.06906906906906907,0.5435435435435435,0.9269269269269269,0.6856856856856857,0.9349349349349348,0.33433433433433435,0.10810810810810859,0.8418418418418419,0.7277277277277275,1
0.35935935935935936,0.29429429429429427,0.34734734734734735,0.9169169169169169,0.42542542542542544,0.36436436436436437,0.7017017017017017,0.2772772772772773,0.8878878878878879,0.6846846846846847,0.043043043043043044,0.002002002002002002,0.6736736736736737,1
0.9309309309309309,0.49149149149149146,0.9369369369369369,0.45045045045045046,0.9169169169169169,0.5265265265265265,0.1781781781781782,0.18118118118118118,0.3103103103103103,0.9519519519519519,0.8568568568568569,0.5845845845845846,0.17517517517517514,1
0.46346346346346345,0.04004004004004004,0.92992992992993,0.9239239239239242,0.8108108108108109,0.3783783783783784,0.35135135135135137,0.5625625625625625,0.1871871871871872,0.06806806806806806,0.6426426426426426,0.1961961961961962,0.34634634634634637,1
0.5355355355355356,0.1011011011011011,0.992992992992993,0.07607607607607608,0.6646646646646647,0.6456456456456456,0.44344344344344344,0.14714714714714713,0.42042042042042044,0.4964964964964965,0.6026026026026026,0.15915915915915915,0.33933933933933935,1
0.8958958958958959,0.1871871871871872,0.25425425425425424,0.12812812812812813,0.7037037037037037,0.3563563563563564,0.04804804804804805,0.9079079079079079,0.7067067067067068,0.16916916916916916,0.6246246246246246,0.8338338338338338,0.16716716716716717,1
0.13413413413413414,0.988988988988989,0.009009009009009009,0.8178178178178178,0.004004004004004004,0.5335335335335335,0.8468468468468469,0.6166166166166166,0.504504504504505,0.2952952952952953,0.2032032032032032,0.7967967967967968,0.9249249249249251,1
0.23323323323323322,0.31931931931931934,0.27927927927927926,0.7827827827827828,0.5275275275275275,0.5025025025025025,0.45245245245245247,0.7997997997997998,0.5735735735735735,0.024024024024024024,0.6726726726726729,0.8468468468468469,0.5535535535535535,1
0.1881881881881882,0.32532532532532493,0.48348348348348347,0.7667667667667668,0.3083083083083083,0.9169169169169169,0.6596596596596597,0.5145145145145145,0.3833833833833834,0.14814814814814814,0.6606606606606606,0.6136136136136137,0.6476476476476476,1
0.2012012012012012,0.6036036036036037,0.11611611611611611,0.3883883883883884,0.04104104104104105,0.9469469469469469,0.8158158158158159,0.7117117117117117,0.5485485485485485,0.07207207207207207,0.6056056056056056,0.6896896896896897,0.12712712712712712,0
0.8238238238238238,0.5235235235235235,0.8598598598598598,0.6106106106106106,0.10810810810810821,0.950950950950951,0.8868868868868869,0.7817817817817818,0.11911911911911911,0.7967967967967968,0.07207207207207207,0.7947947947947948,0.40040040040040037,0
0.8368368368368369,0.6136136136136137,0.7587587587587588,0.4794794794794795,0.2682682682682683,0.4394394394394394,0.10010010010010009,0.13413413413413414,0.8138138138138138,0.894894894894894,0.4164164164164164,0.37237237237237236,0.5285285285285285,1
0.9119119119119119,0.33933933933933935,0.9719719719719719,0.8598598598598601,0.5035035035035035,0.34134134134134136,0.2752752752752753,0.3073073073073073,0.6766766766766769,0.8368368368368369,0.7237237237237237,0.3893893893893894,0.2082082082082082,1
0.7377377377377375,0.5485485485485485,0.6836836836836837,0.5875875875875876,0.47047047047047047,0.3933933933933934,0.2952952952952953,0.08008008008007994,0.9179179179179175,0.8118118118118118,0.18118118118118118,0.33833833833833843,0.37737737737737737,1
0.07907907907907907,0.7047047047047047,0.5885885885885885,0.7237237237237237,0.22422422422422422,0.6286286286286287,0.8908908908908909,0.45545545545545546,0.32732732732732733,0.41041041041041043,0.3083083083083083,0.7617617617617618,0.2272272272272272,1
