0,1,2,3,4,5,6,7,8,9,10,11,12,13,14,15,16,17,18,19,20,21,22,23,24,target
-0.9166625743734901,0.0414191302930525,-1.3783417696559825,-0.3803515625880128,-0.4180348794576564,0.5999127722783287,1.72143116314009,-0.3063349974591017,0.29458774714997915,-2.0013812655639818,-0.24213809767250244,1.0424409639004564,0.12187335579429216,-2.380579938380017,-1.045631030865394,0.3378860664966366,0.2840328809557312,-0.21392372056595135,0.5389123379816388,1.1487165095158849,-1.5353087494519353,0.9847352619821642,0.15707207447833652,0.2631806523110137,-0.9184059792785823,1
-1.63055361683344,0.25487490211445646,-0.2743735169877512,-0.31875178358033557,-0.09443260691451887,0.9279959351249883,0.315943284304853,-0.2562278461237547,-0.27038768853520384,-1.122807614288311,-0.055774527012165946,0.025011698918241534,-0.11931209005121358,-0.8400793170317353,-0.14418386549173948,0.31237032286217087,0.005309073161364234,-0.47927429886643286,0.6388865967506343,0.0995706152611302,-1.6325653313215738,0.7776136983223442,0.4276731700297983,0.36175623154440234,-0.21358332561801563,1
0.300481239844499,-0.589730876805708,0.022389423193442004,0.9778416856818113,-0.23529962296595494,0.5201414642158173,0.2541881131365446,0.13827316497980796,-0.7039313563588564,-0.2146248989736635,-0.2677380687734867,0.3266272037362311,1.0341701543296287,0.7267453484509553,-0.3657065417719135,0.6960458237413744,-0.45476632083412843,1.6087710871607919,-0.46810545559475425,0.5371093608267556,-0.3364939924800604,-0.08698959734448791,0.6921818353187666,0.3431733718688909,0.06266825129034745,1
-0.8064824010021383,0.5210218297581123,-0.6487442452058355,0.2552848758415746,-0.13190158145274228,0.7397933095819978,0.420828993366694,0.6014719441590557,-0.524983035576746,-0.6075731199781191,-0.21405367305931133,0.8941092851728935,0.17320349455384645,-0.6960373494782625,0.12185399360338207,0.27495475397233343,-0.12997597564094673,0.11456327758751139,0.19652273716563942,0.6659779170419714,-0.8836165733228359,0.1898467030290573,-0.1273262964415437,0.968702401599834,-0.8521471104429289,1
-0.29914257963342045,0.3384508713884917,-0.2599915813489812,-0.3178717191231556,0.3279272733027955,0.6691564138388764,-0.5283568458792062,0.6185089881264489,-0.3117223867116587,-0.20238677505310337,-0.6534401017282743,0.025015108347749598,0.4350952556583619,0.3420650023225935,0.9642003883757135,-0.43354785186028705,0.5020987665125449,0.4527666856436108,-1.208454901745616,1.002841692059289,-0.021021111721819634,-1.1356907254616895,-0.42950722713192374,0.17223299905906025,-0.16768977145450933,1
-0.49958210875678793,1.014331179471937,-0.6524981922302472,-0.7759036368877649,-0.8229176841790917,-0.5784691693169841,-0.2206899565233987,-0.9238587481320649,-0.10863646266901993,0.3298097981097951,-0.152881883118248,0.29746463031801396,-0.4001425214333907,-0.7010730246552294,0.01225615507538934,-1.0272745794300882,0.6515316566992742,-1.5023759319834589,-0.11035620870655004,-0.9477272370464964,-0.3648909890098482,0.22439913223154856,0.16732991298578165,-0.4489626167980784,0.47158803413337635,1
0.6650889263529551,-1.3362853053331458,-0.24848070072334166,0.15640748929508863,-0.5853614419319001,-0.3915707985878856,0.7237644215667707,0.19995147098870975,-0.41145575740689283,0.20538866706748274,0.8520123404420896,-0.5969600704119971,0.47690087172566653,-0.09227328623783207,-0.2360983872442554,0.4663166015693758,-0.3608639386946816,0.2819683243508414,0.0857653805570224,0.46607099841460875,-0.06923206207590987,0.30118534300276273,0.2886697867317515,0.9388557233390699,0.48212750877033483,1
0.13076272263470007,-1.1165789951366296,-0.23151778560174904,0.15436494758316316,-0.48769163211602773,0.5646006825425611,1.357411961340464,-0.413446423645455,-0.5421651477621409,-0.37855071812251023,0.3907597636073634,-0.42596732858895847,0.5002490512158064,-0.46773993007775055,-0.8089307230540147,0.3924318941257154,-0.21444730622022873,0.36051808227953824,0.20136754314977795,0.7928719104334102,-0.24861204186667538,0.706043947092931,-0.20019536627745008,0.609658842495593,0.18292974194641737,1
1.1444265695463212,-1.1171146082141388,1.5575365773649847,0.521785602118093,0.5851546954407957,-0.6288138575437251,1.0028455729275092,-0.23189777844410128,1.333986851665072,0.5359387665276949,0.6283167035130939,-1.7674560248279987,-0.7883867421158939,-0.10136954586074927,-0.5797540710111592,0.5620788906761687,-0.4254788994584894,0.30979332126889597,0.8888808736518168,-0.25966712889798377,0.6070650426451311,0.40703690638359374,-0.24650009882810944,-0.5391136860393949,-0.41257113191817996,1
0.0059328360800559796,-0.542389247643209,-1.1716972497584799,-0.6594201843613365,-0.97442625342752,-0.5352411790529292,0.596436007513162,-0.6284263841450458,-0.1637474981916502,0.2926408937041474,0.513329495869726,0.46653136219950453,0.03391137236068191,0.1894978921247468,-0.11611964430505271,-0.22396128420734956,0.6189694504254749,-0.738170028969878,0.43677477676221177,0.40602903808782037,-0.32052879600039996,0.9245234197686361,1.3164734496659218,-0.7213089231298492,1.4609623341883125,1
0.17289396439199278,-0.18794329816069844,0.19177128535090177,1.368105985631485,0.3861051159453684,0.29654820251591013,0.7253603262245976,0.43683933186834245,-0.2743597509527378,0.19759809908885023,0.5172260949254596,0.06110670524286473,0.7808755976459694,-0.5330968743619703,-0.2981862176599588,1.3693552480160345,-0.8018850498012229,0.35820714190530745,0.14583184403126193,0.18980465326319768,-1.1449141543908645,0.4978607758843659,0.45308565660188543,0.761708174672184,-1.0665516179471877,1
-0.7935230690373829,0.1628902977878321,-0.6546272273448308,-0.4253323710229072,-0.5669146344345902,0.5058658561179409,-1.4457665611345258,1.002216268211353,-1.587536802289278,0.5951322587462646,-0.3498671676300713,0.2341527509881028,1.0585853210788518,1.8882551242782961,1.8099553528450287,-0.4781141744934327,0.484787598574235,0.4283784995985622,-1.6141834031764783,0.7583460431361839,0.5535232879969605,-0.8162417019795226,-0.23557101269607342,1.0829654568853502,0.6757592372396328,1
-0.028051800940515327,-0.21095701312327567,0.45630526460943094,1.0797053498088887,0.1392929634163536,0.3516100951141464,0.4072803096014251,0.06909710423136788,-0.40957630499961795,0.2753941207617974,0.39859808092753396,-0.1666379182265658,0.9877565599323624,0.1809320538796832,-0.7592266471376794,1.3494585078380765,-0.5716503276311585,0.3925854742563115,-0.2638477351004428,0.16889601436600934,-0.9157061604938139,0.05783166141456074,0.4461052039004122,0.4684402457577712,-0.161838140945797,1
0.7671928642599389,-0.4722586181017328,0.8652120444812463,0.5344549396605506,0.053114951056650685,-0.6685914306978413,0.8255967823674235,0.3586321815082324,0.684312652843269,0.6220058333527461,0.3322845453999772,-0.7747535842013997,-0.2622948722717621,0.3046350418586301,0.07641048582342597,0.17036389734332652,-0.13823124182845745,0.1376609412922803,1.1484004556066845,-0.20876569771030126,0.524928359686265,0.19317268310702188,0.23233267216708153,0.03600367728573513,-0.4375041144167289,1
0.06060682387726761,0.07834094538871493,-1.0502326361311225,-0.6577941152118428,-0.7628348817429417,-0.3449230831524896,0.3127966276935391,-0.890883047757329,-0.08919765449010579,0.3989286260543872,0.368201453759483,0.764502345046392,-0.38659412350451644,-0.10853421283113843,0.05586282954551034,-0.29342792918622906,0.4982894368241417,-1.4839139358373887,0.05274835449620948,-0.038129337282701826,-0.08956695510694983,0.721790499172576,0.4208880953392299,-0.5878145716418123,1.1359845235297297,1
0.1646107300368597,0.01886619900393947,0.46136833719994047,-0.43588308313312946,-0.025981793659844498,-1.2294321100755379,-0.20282194579586876,-0.0942495706315787,1.3382959210544283,0.327470494303474,0.39272717194651047,-0.6289596502376497,-1.7810074427520088,-0.7038754037396208,-0.5056279903689725,-0.07217905389838321,-0.08566956841016783,-0.13144640464517962,0.36014841402446884,-0.5606761329490971,0.34931994475856326,0.4048535462026024,-0.30170980748663967,-0.624748697430262,-0.17250029094815,1
0.09717501112673133,-0.6133162259578605,0.4458161963350556,-1.0611809000409014,0.34969619266797264,-0.07875805942980656,0.2663022130148735,-0.1135233996956345,0.8467350570529297,0.409367456152153,0.8875296871818316,-1.079837346537628,-0.7201764323488385,0.3097023088851573,0.17891053982877003,0.46200827968117725,0.46220932645738605,-1.7576937396549037,-0.19339867617348977,0.7464418924791062,0.6000147641166248,-0.3964228885594517,-1.0777546672616778,-0.09212783611996585,1.055315324988016,0
-0.8959542945149718,0.40722172380808774,0.10303684410650514,-0.3888759247722768,0.6819882628609465,-0.8206026948601413,-2.067534179729713,0.40692276612890793,1.0268230325388883,-0.24608564080505968,-0.45277577946538644,-0.33162987552901424,0.02150096708797058,0.9146119916611789,1.8424239979381662,0.16858762060850388,0.5563472092824051,0.2980924257884838,-0.8737044113019267,-0.6273057033673874,-1.1146021611868548,-0.09965149585032476,2.2194892606653376,-1.5473109758991201,0.017057511077939333,0
1.1704026236257978,-0.8274826336088508,1.2205094728217454,0.6254442214449458,0.21679498776527073,-0.9882344088602767,0.8445275075889205,0.1885465699844051,0.9699097547440269,0.999412765297266,0.9802969457670331,-1.2604773665774844,-0.5180618487955904,-0.04012638055956868,-1.1512701584645537,0.8955033871090395,-0.5174908812712351,0.21140100916259927,0.6041807778788696,-0.030457316753351973,0.4579393629780598,-0.10071352959148139,-0.20958234976098927,-0.015417121304958193,0.017117585848100362,1
-0.19146090657921644,0.4908766875213388,-0.19020845594008243,-0.2237788467216819,0.26018039717213964,0.22040851465756348,-0.3504006699396595,0.7288219504698698,0.035582095526547244,-0.33454987448882223,-0.8157195876761519,0.003039991192787242,0.9276668391718476,0.1989352632497205,0.9129100862411336,-0.38170749329969345,0.724796468327436,0.41260835754822356,-1.2374845086706332,0.8605061306223802,-0.0007306106499189801,-1.315057639745587,-0.1956385314092765,0.10892945987196796,-0.5456422431976283,1
-0.14626988161740556,-0.651597630523193,-0.6812587120110439,-0.2519879042957194,-1.5169971888797928,0.42990922251804536,0.062101101425909286,-1.6730410976185701,-1.2588017799482436,-0.17481450213733096,-0.0639423957523004,0.7662278674189774,0.9078969707002122,1.5344087242573368,-0.17135389761519199,0.05672754004550136,0.18376817844608098,-0.7019263106467314,-0.21821770419196468,-0.5401087671652162,-0.06833631495065191,0.7222154548214474,1.1585926146072059,-0.17837139616043501,2.340125313472937,1
1.3936540354218094,-0.9759082439779185,1.30705360722068,0.47250671462820176,1.1220805917339136,-0.018404899776778467,0.746768790690748,-0.25221599486548946,1.3746635721707035,0.43990525798002955,0.6927471777968024,-1.0099943128679603,-0.6090825635385786,0.3895076180017126,0.04563463693290967,1.1636293805746838,-0.38401811060137303,-0.6790435171167754,0.2855950499912096,0.22348505302964755,0.46426583066832117,-0.21346258693440343,-0.3834732047831167,-0.5973701240733974,0.13436314552283465,1
-0.7256012057337271,1.032838067278811,0.04230377660858877,0.3507425664597817,0.062470258754191266,0.3931868554655544,0.46550508320890804,0.5583212417510014,-0.26761133370692947,0.3281479691830524,0.08307696323482867,0.3150430681268372,0.2046078826963655,-0.6374533717290959,-0.545534512304513,0.44144919043203906,0.013799669984718491,-0.5134797593118815,0.0005528666843198172,0.4533540088564455,-0.5831703739859518,-0.33477185154633976,-0.77633138891323,0.8164214734525836,-0.8198184027554504,1
1.5252095230559095,-1.7378521860944796,-1.7545088633085886,0.415479775230465,-0.02886119357693158,0.22452726166103285,1.2238395458423992,-0.5404169433376627,-0.309230054427964,-1.3076295863491447,0.5202476263277309,0.6137218229855017,1.1067752779240512,-1.9457074268673806,0.6341240084629204,0.6958676795646722,-0.5873001408347973,-0.04835315974787734,-0.881963146542407,0.7720396625109324,-1.3891560922986963,0.8605442771032101,0.9248847371727692,0.6314664285823889,-0.39431100738590974,0
-0.07227458432850682,0.3481615734233518,-0.7739200289978513,-0.4062899648858227,-1.1277614126088518,-0.16302769051239083,0.17185539237892836,-1.1429160316056357,-0.3630740791823338,0.006967698740357742,-0.22863663410748525,1.0412698725455014,-0.05156973308695532,0.29283657304751043,-0.17111324384947937,-0.44325250962834156,0.4144014103321737,-1.0481795278075772,0.051295751083924486,-0.5522657769722744,0.06734665620508727,0.46746600251956866,0.47474772580000735,-0.4001429069049896,1.1241735217250162,1
-0.7844070310999235,1.3084156337140285,0.6331644361661469,-0.5858133603248502,-0.06376582657976403,0.6385574542248386,-1.67946191797448,0.4008861090408829,-0.3767728403548293,0.008376308124956216,-1.005646894579677,0.2919075284854232,-0.34407713440391324,1.512524517761923,1.2567946805317272,-0.598491357289964,0.33993525508400774,-0.6083723186541088,-1.1301146880487785,-0.40850968977925667,0.9518784829159479,-1.8193862315671674,-1.4457626741062728,0.8007552068860676,0.3736380874104155,1
1.5287009504925386,-1.5920135475140265,1.0663196299143876,0.3929306955383424,0.12040075284005587,-0.6006789156627229,0.7531401158390841,-0.7828985450817189,0.7821672701388935,0.4605714715370486,0.9203553078932148,-1.3857928031556346,-0.6818126201908813,0.09763182620640248,-0.677904932599533,0.6764390838153197,-0.7048357738016547,-0.0010004225803858977,0.5306018320660475,-0.4850823706607335,0.3996083666620052,0.3944084680582641,0.13429505648573387,-0.32195000692368053,0.7199053542245208,1
-0.05524271824970803,0.4695540066748206,0.5282834480519542,-0.3277526224831381,0.5971057673424265,0.7439042527495691,-0.4934893518619644,0.11227256761062214,0.26932361958489565,-0.7652994703494383,-0.8371844223351345,-0.39482450115628986,-0.22838560416255965,-0.2633015149332533,0.6321263907849366,-0.438991149930417,0.14184011507641675,-0.0020885393736716517,-0.9561765715710328,0.16687015249314074,0.02220113914990769,-1.5064429324795292,-1.106841797368515,0.32789607773222473,-0.4457486885493387,1
0.13567442558205622,0.11250287821611635,-0.24756641710972122,-0.37754178652372394,-0.18719270259830906,0.3325032359668219,-0.2073009251408583,0.16260768954178292,-0.21600595814714096,-0.6359189168737612,-0.7513501799872261,0.06933248591914201,0.5622219528634068,-0.0022544950551825053,0.7904649751014494,-0.5386242690012387,0.3868637074782233,0.08453478265430513,-1.2083812128206801,0.41030184990438046,0.4643618607905567,-1.0531765876036854,-0.8568796744776233,0.6559542472713918,-0.269171059669634,1
-0.21368062382339936,-0.012136930764867434,-0.5736945129518495,0.1213905407152499,-0.06984063878796129,0.15662043719009128,0.9799160034636994,0.30690783406696887,-0.05290073628688227,-0.13344622251113702,0.3536219271288145,0.3394694114128243,0.5434704455439249,-0.5923499165126299,0.079913067718342,0.4769460297904006,0.1988687310466282,-0.6871834242324771,0.46458777978629934,0.7130538547772922,-0.8511799846246312,0.31749786964504284,0.448430788622535,0.4028042670328918,-0.30325503525481756,1
0.3328150352122088,-0.48929742676625054,-0.31702824125348267,-0.41392321622379863,-0.957779413669019,-0.26565271000869656,0.21883354292153417,-0.9264258171070503,0.0011869290153499817,-0.5565177434340501,-0.2507469793592904,0.35910678629722886,0.10269623833633904,0.510917647586437,0.10856114272947129,-0.26315032054261084,0.24232848194645773,-0.4897610564070053,0.11479128274892322,-0.4876795249272286,0.30160482667014166,0.1919975065969127,0.5871727889596607,-0.14596917399430265,1.084649187976558,1
-0.36451415896593714,-0.14271288815161615,0.2840523871807792,0.41697468026496876,0.12292564015782848,0.5015983266673998,0.5268160920121444,0.11802734402296144,-0.11768368546835047,-0.14161779925757245,0.07004752726556136,-0.15984458749649652,0.37811364692430005,0.2391178287431818,0.02354789789428772,0.5500341302909104,-0.09177156467769164,0.04584359832384671,0.5568046737336664,0.26209866777978647,-0.6902187447417273,0.23444407394851907,0.5510728780863671,0.1770923885333445,-0.12532543789155634,1
-0.7802568687003157,0.638811032789094,-0.12035695353360745,-0.8131565280704528,0.3792541929017571,-0.3952226077419622,-1.6130564901520992,0.20839090059041285,0.3824464860839123,-0.20069926012024789,-0.4973586106539898,-0.6326368641819616,-0.48546077009185074,-0.2180805122221972,1.2635329939141446,-0.9066823241848246,0.5354429948995286,0.11071646561199049,-0.8163832593915352,-0.4609198902483101,-1.0114183611571737,-0.6642729970569843,0.9639107144559431,-0.807050888246926,0.05058710722102131,0
0.50507443807683,-1.1800780328052052,-0.33169832302562935,-0.8930224617259668,-1.1509141182037341,-0.91183517986874,0.9534636886980097,-0.8350928513457793,0.7100475075104888,-0.6630272144810272,0.1048965662021426,-0.24883109390834413,0.24246965368071122,0.2997079031628271,-0.38034446086637974,-0.08302813270402758,0.6891806801265365,-0.5404862161710391,0.22580099374601909,0.15540228655390134,0.8645152633196008,0.448637507234704,0.37775161508899263,-0.3683162877905404,1.1377488691818474,1
-0.16011873402612042,-0.461733548191858,0.40189715686133476,0.8272170904386167,-0.0662021038135137,0.3117189495701133,-0.3980209889380412,0.31849896171481884,-0.806630917505432,0.28566219522117975,0.5082418371700492,-0.31252809692878986,0.39484352520254795,0.4979962360749567,-0.24706447971662673,1.0357307953813948,-0.9098295385828767,0.7501554713822004,-0.2697016589839343,-0.1394617026906994,-0.8289996873968188,0.019920514477369262,0.4717021531780072,0.9610754895622804,0.24885650553306035,1
-0.22918706976066047,0.7177362765175545,0.427454292312799,0.09158881436885888,0.26914661140890006,0.9116857098641225,-1.8831577278877476,0.8807877239443999,-0.735213308158608,0.2952045090693717,-0.6563222608340016,0.7897507320954849,-0.5365854252066724,2.140587592595289,1.4467881857302678,-0.08134554364802661,-0.3026143080282417,0.4255686331431523,-0.7845774035164192,0.0678576887594061,0.39376664995783395,-1.772882733718705,-0.2942191785517385,0.6933098060948152,0.9067849239388669,1
0.36358297916049515,0.45071602795656973,1.3137793995562035,0.5733557925077134,-0.16181389592461476,-1.3917113145323565,0.7125250464419046,0.41798454445229394,1.1308194401897507,1.158785381568374,0.3154178874926435,-0.866356624351202,-0.4761269322085553,-0.08053678935033826,-1.4221500519143502,0.33863103436564473,0.021777774236327877,0.25862727426740206,0.8186275952451331,-0.43671172834540883,0.7511068065935537,-0.16591427442239703,-0.41202180957566725,-0.21145757284819666,-0.7478768793535467,1
0.3174493817190506,-0.04366303841053839,-0.9077804773781837,0.633798441661349,0.3309311528791127,0.954496389563491,0.6976546057932457,0.03468314861992815,-1.1138787988508638,0.3040500838396361,0.38681911446077794,0.14641230070171377,-0.03680416919318683,-1.8759402303765977,-0.6807052776131624,-0.11277827823685714,-0.624907380070883,0.7614516662171964,-0.5198127775064428,1.0026366555859696,-1.6081724785608547,0.06559367486225148,-0.14261033536985446,0.48063866933693544,-0.5129835661859506,0
1.2479623133121034,-1.211289353332868,1.4646975413634309,0.9525632078924322,0.360847385737596,-0.587829194344232,-0.5024939563381706,-0.01556346201859521,0.31209039590901216,1.0363562693226611,0.6516418734058752,-1.481100433578255,-1.1675050849643813,0.7005116622988149,0.1338617671428062,0.4322167246577064,-1.2646701345493403,1.3066134518265975,0.24969239522346556,-1.0243047451249576,0.6366512113822614,0.4712400227597831,0.028240140568241038,0.03386479315793052,-0.05462075378368247,1
0.34986461603844826,0.33654438107394896,1.4249473127481973,0.8387633893653601,0.48628889815667425,-0.42440021254540183,-0.5727854304163901,0.0861636243359938,0.7930962796808104,0.5991801184286434,0.07187919506791468,-0.5509374551090416,-2.0078003020103425,-0.2313752082685578,-0.07641476953072678,0.2406349476070051,-1.1264280943650227,0.6247524373257659,0.6007045671908251,-1.4098164829822748,0.4924561826918692,0.5165267981379651,-0.8393841011280676,0.08964380709636115,-1.2129620544506539,1
0.3842292534318273,-0.8332586538085782,0.04131432961595715,0.05845753400382077,-0.2700136098375036,0.1604717492125013,-0.7632935428163198,0.934644629546371,-0.9064654172874888,-0.3909565569415701,-0.17873474072670423,-0.6121939670157033,0.6647493591765201,0.6638004480828873,1.1161734743495115,-0.324174967374266,-0.390204884488363,1.2361413312665517,-0.6304330277075886,0.21790358189237757,-0.17378079901807592,-1.3048876184831477,0.3831115142489521,1.501521147824021,0.38377540959501516,1
0.08045103142530528,-0.5325892717508598,-0.635351262216238,0.42377468843849464,-0.07987990127266043,0.35241948471564355,0.27185758964002793,0.4055571978385092,-0.4195023804316501,-0.503827047465011,0.1551906707361902,0.4321705881564191,-0.37924842486273747,-0.7277826393387717,0.08423378413143584,0.21287882290347732,-0.6566938281230482,1.06553325140817,0.3314783121431835,0.4966646360731451,-0.9540992343543079,0.5333443058335211,0.6169662200452409,0.5864150098936566,-0.36355487426065247,1
-0.14539753403810857,0.4889359544512065,0.0009850770950471112,-0.8160525254187861,-0.37718614737338796,-1.1283541556492591,-1.0691931591908637,-0.206770636483106,1.2373566898968178,-0.6034081129183817,-0.6402108390023767,0.433310653956361,-0.7173448034789247,0.5519816135687842,0.6021644295182438,-0.3401407245200218,0.6034006033507717,-0.3926921849625101,-0.24482409421682994,-0.7981325878415336,0.24895498930632237,-0.5173838031944459,0.855011643154362,-0.9514568728143711,0.5919412964688816,1
0.8963984135222148,-0.034061416819010155,0.6941945596789875,0.4776623781112248,0.4229096122976268,-1.3110500093733157,0.24950665968078434,0.059361394031303645,1.0562442990883418,1.2823175504614819,0.9322696197685303,-0.9219902796405617,-0.9445729648862382,-0.77952180058148,-0.8006871706002914,0.4071190824051265,-0.35897942298214247,-0.1861108785537936,0.4750699636188089,-0.5135900098975592,-0.41824347894655234,0.06968683400410113,0.481014041597988,-0.7036664413226497,-0.17960907405419277,1
-0.1607144764828987,-0.12072686217255729,-0.05048696651249448,-1.1550496966763366,-1.5013566717494722,-0.5571559396749037,-0.09011321213456873,-1.5528981751866542,0.13337855876212618,-0.953486426120412,-0.8288762506762295,-0.0644798336795574,0.29235968447140187,0.8262959520421783,-0.26943188422232556,-1.0912541988446016,0.9227328200012909,-0.734488208679921,0.18369629669251042,-1.099430742800869,0.28197029609085456,-0.4693573580218144,1.0563016744227958,-0.7077297401082424,1.9611023014150804,1
-0.2994734962156543,1.701412137448493,0.1984948819141849,0.13921865958078175,0.1927086119688997,0.5509462371721915,-1.3749517981787787,0.3921934238685887,-0.5459063281708888,0.5312003899199329,-1.1154098268367496,0.7192511123458221,-0.6094854212429224,0.5578394369499293,0.951556225427315,-1.0595461262552133,0.09053705616041038,0.2819378915456617,-0.883498754250644,-0.4332567132456459,0.2816073223840334,-1.3891751604275313,-0.7952356215415518,0.1439676997845337,-0.3973736514733204,1
0.33945040343423666,0.35690583464227366,-0.2318466705098686,-0.6035535585242023,-0.7948274402520896,-0.8761345745845807,-0.24316300402706478,-0.7800894262665361,0.6201198924337411,-0.461120887259508,-0.6756809666158464,0.4579185228358609,-0.5296006378824613,0.05921712708501071,0.38204903797537404,-0.9846742392529627,0.5160152253574892,-0.5829296450407165,0.2717156573426718,-1.0718770603026544,0.28996679055931013,-0.20981100655308862,0.7445659272633058,-0.6906707120854165,0.589291748606117,1
-0.39246189068211684,0.6885420855778537,0.720011537811554,0.03828064885540541,0.0679055402316022,0.45167957336820524,-1.5113523014984958,0.6427868649978491,-0.42435656385939885,-0.02427087617601071,-0.8131068396099662,-0.024234421901139648,-0.41387222376705024,1.160584471432026,1.0302627909738933,-0.4285292081822548,-0.2334729800307385,0.6756222370907475,-0.7172554927785388,-0.4609105625368439,0.4564930438042186,-1.344525060973778,-0.6544144415453822,0.7935818765074706,-0.042490044260169745,1
-0.565772459182949,0.4804926294257428,-0.11367535055663769,0.08429004405304417,0.0030694735058720084,0.17067136549332568,-0.18282265954556665,0.5400920266144182,-0.14970620595023873,-0.0642052736619226,0.14366804990388338,0.3537623398613165,-0.15912478656788365,-0.1924688643874593,-0.17140198897796877,0.4314788290741822,-0.1555735039238466,-0.11907344404623109,0.09855784062511468,0.2815756776969547,-0.9215294884800582,-0.4502542106101022,0.26793373780879526,0.533948535099089,0.06123160637614114,1
0.5956857853694751,-0.8502524867749374,-0.7078387402822166,0.3373504190855157,-0.44654761842123325,0.29069591550931473,1.240289049483726,0.2570784596578151,-0.6106107777259903,-0.05472063770980141,0.46028636710978654,0.23086804331182972,0.37493662410315653,-0.6972122766508693,-0.5149858529750723,0.3215017839404023,-0.3223818118322538,0.4985662322228537,-0.01679389655294942,1.141840247015745,-0.08928108409664663,0.3070031274095372,-0.38176549438598895,0.9964566104994839,-0.14928596258670057,1
1.0616840087895565,0.49571416804485346,1.1143446484358759,0.36054162326545386,1.550787956123392,-0.3646245391480475,-1.3361770672096471,-0.6534392747044546,1.32697802559334,1.5681147184863515,0.6424108169418522,-0.5462877992770416,-2.829004041813803,-0.3332969310624536,0.5416366411396346,0.3303559374337418,-0.9135289285497318,-0.8768502230630788,-0.6097960625548167,-1.243667442471848,0.23293001633079577,0.2311803531087539,-0.9443072097254305,-1.4358622426585503,-0.23455838515628982,1
0.3908351941459312,0.3161402262369509,0.1687798024208784,0.9954159654186651,0.651794914244104,0.023381719918189752,0.320034100534404,0.7804642826398508,-0.14768216576760276,1.1308752021890103,0.816483468692525,0.027105065705568376,0.06203467078018759,-0.3892258975719004,-0.04019909592349621,0.898881720049409,-0.556697577251859,-0.31449911724757157,0.2131187626226597,0.3372394829901172,-0.9919691171141088,-0.2425102229568272,0.26507514034471946,0.4907830545257126,-0.5138611047723959,1
0.7409018544820076,0.6162842234632301,1.5613213017521845,1.1792515362400275,1.604328121172495,0.060521008955980664,-0.32889160774285603,0.10958768367543914,1.002483364202585,1.4058720618680658,0.6531266151197995,-0.6876771820594252,-1.820960741079371,-0.6410746678464151,-0.6099627472277949,1.0476401662295525,-1.146626544394592,-0.04021318131455974,-0.14837447369786813,-0.5134658693932304,-0.22583831671877438,-0.1674792341578194,-1.1610686725596813,-0.4950125596217085,-1.0810670439282164,1
-0.1585468365326167,-0.044551968978526174,0.19141000695304544,-0.5945077192986012,-1.4192596714919654,-0.5228530713229705,0.846079042480013,-1.359083371772199,0.17397619659233268,-0.41094806505521736,-0.4148369313247408,-0.20248987991511366,0.6380911360920797,0.2965369497169777,-0.7714221407757761,-0.3487085508818278,0.7363993162331114,-1.0818374520532172,0.012269716711315234,-0.7872441243387096,1.0183728671646726,0.3616812556784609,-0.4975624729444506,-0.023605859228573178,0.5943275588552822,1
-0.7260595021423508,0.3108617819349836,-0.4075988028773204,-0.6660684323023449,-0.177384070559606,0.6044349458143315,-1.330140570090448,0.7592837276626607,-0.8088536476347941,-0.08421205877406408,-0.5576884519268703,0.25428367952319597,-0.0361103335588261,1.166179307523275,1.698976760914044,-0.6883098625155155,0.3577082354351616,0.21932610878718037,-0.9419138074094365,0.48742303213011257,0.29058185826899197,-0.8902114342435917,-0.30895480514346546,0.6953141955994872,0.4734393926434734,1
0.04307953335175695,0.5908009637237828,-0.28624397342892133,-0.5408691579972633,-0.41729278442882145,-0.7845512951020477,-0.6075122705652354,-0.5123451282480613,0.7764195591728988,-0.06992086955877015,-0.20400322682180888,0.7685795952481892,-1.0227160183245114,-0.004057105344011579,0.2504426274156643,-0.17728237073801212,0.24798846355045154,-0.9415673146307724,-0.24566272819264917,-0.7452810488993793,0.31715870696037324,0.08497798024712196,0.04231076193449388,-0.5960336630468842,0.39377679822244305,1
0.3832054927479707,-0.773990689307109,-1.5936170936185698,-0.5167879125785846,-0.8593438430126767,0.15319896052258405,-0.01932806084686235,0.7048437277213675,-1.0474355364287966,-0.620381250402286,0.021073896304381716,0.8063152985719162,0.6131039464610464,-0.1452111679427311,1.2930455111912738,-0.4006741187123613,0.05251962624671116,0.14097370710983634,-0.9117427566420863,1.0451291955138204,0.2047306591019432,-0.3360035086351362,-0.256379679350686,1.653596973066887,0.2873690989397858,1
0.7118955632065879,-0.8293398328242096,1.350763906505106,0.3046373943965824,0.2818142830206333,-0.24692726772350912,-0.3362645829482085,0.10376199887184281,0.7661950972144917,0.014118334609461766,0.24603033101756003,-0.8188113043791441,-1.3974881999598536,0.8760093636860927,0.4443096057065705,0.40612929971348044,-0.8300163722057946,0.37616043910286845,0.8930329772647244,-0.7947880982065132,0.6437287334329459,-0.04001674865881936,-0.056790742838282775,0.23339403772200012,0.2473422066263293,1
0.3135923919777977,0.06528236113332174,0.10993774723158582,0.8286369132262654,0.7535513698044776,0.2525405116594567,0.5722161586392553,0.5777308287547052,0.0038054403559322648,0.7008658508629991,0.4840921141185724,-0.1253356468612582,0.12053529434457878,-0.24415566461078847,0.6836125880511166,0.447275868793601,-0.25794433162289465,-0.2851441933046299,0.7739311529774922,0.29552227879392146,-1.0597581783280021,0.1740765540323286,0.855793475189478,0.020747146225421117,-0.6256416348519017,0
0.7481775669543674,-0.5570894579516652,-0.5129330296310913,0.6066522747330563,-0.06492629586723879,0.2393125001509394,0.9161603078596228,0.5102768296764009,-0.49245179172817505,0.2571766326918881,0.4239120651879854,0.22525958989193287,-0.06780225655511106,-0.7836557673875919,-0.2551412119039782,0.18467102471146327,-0.533196100437372,0.7441083781152074,0.13065278107740733,0.9178991596947379,-0.2621104683321651,0.1657826047311849,-0.2382249481075417,0.8214333063680705,-0.47443521721058174,1
0.168284971752673,1.2982086501210337,-0.49463757399844743,-0.052620405855562734,0.28491842108601506,0.8616428115980431,-0.41959424546550617,-0.29069386270158176,-0.6755883390122641,0.07574391723981397,-1.1245533233665914,0.3688628146337431,-0.23159798321121594,-1.2393580569547527,0.27890926480156186,-1.499721615029646,0.2441889465666696,0.4069160652041781,-1.6392189183957775,0.20956681448078934,-0.1771358145418935,-1.19453234362474,-1.3515091006821491,-0.0628936361356562,-0.871898203336896,1
0.48400784479134423,-0.1724674808493468,-1.4879732870609688,-0.2881773918827812,-1.267134391216018,-0.7017135401674894,1.9389268446089554,-1.105877699480984,-0.22407632093357688,0.907204016005419,0.7610043223295817,0.7246942258611837,-0.04723701560750722,-1.2351001310554868,-1.209277650253902,-0.38268088180637455,0.586056096203247,-1.247823606474972,0.5192801924186375,0.47799244372471306,0.1874315028835045,1.7157391008094094,-0.01860811652199907,-0.5514870583001632,0.42323578916350596,1
0.4118581019282893,-1.1767699351851462,-1.318142395787975,-0.9890686694479583,-1.5245070770149678,-0.3670017801824069,0.8431315268807945,-1.1775368414506535,-0.5904696368443053,-0.5944213334539203,-0.044363559452099174,0.1628517922911316,0.9497939114993845,0.46036541663757163,0.16289174307910267,-1.0292487790667173,0.9305619669000136,-0.49993056521358786,0.5383614828829995,0.17995586062232594,-0.46332684321910117,0.26497883902509906,2.165015491169573,-0.6170600862996446,2.30406325603168,1
-0.957577233786919,0.5220469431259269,-0.7313531761491192,-0.6788584564358449,-1.0172492037385645,0.07516219639362905,-0.3623736500434229,-0.959846056001471,-0.9011087878110003,0.38770379610217565,-0.06306712359253175,0.3861690887244432,0.4023955717507854,0.6925219139055969,0.31183900189960445,-0.6194424489421226,0.7110647934335513,-1.270663720426779,-0.06054187663590824,-0.5537132930236243,-0.5904149324860974,0.4467760098181289,0.9967836930021208,-0.4320830007835543,1.4658431521574982,1
-0.3998150020858479,1.0183670038632482,0.13800760218986388,-0.46257466254162777,-0.3186258734001704,-0.041052761148469535,-1.3134088108957316,1.1025879393696638,0.20121861580328312,-0.48391540580720505,-1.0616317492328793,1.153162396896157,0.3518605032758817,1.8188345390300633,1.0926505724872806,0.07092958578218142,0.5916597356172492,-0.12765421716429856,-1.1393538212639969,0.37306937119120515,1.1069659580282856,-2.1184191414744142,-0.6718038645462203,0.8020365946693191,0.36707653018030045,1
-0.01662303526553405,-0.5537284382025407,-0.42068387268245094,-0.36082621588792796,0.47833039572976127,-0.0837564894222273,-0.9467019428395593,-0.36260169185112323,-0.07086614243813646,-0.26180692258750976,0.17153654940408555,-1.1127206354987467,-0.3251208440695772,-1.238738351732738,0.9353170798528078,-0.4495272749631215,-0.22436695051893468,0.4259134523003226,-1.236521029478518,-0.32324244320040435,-1.3073349802039447,0.33860033077374485,0.6090342006630118,-0.38841742274423247,-0.24607084486538794,0
0.19297465445364068,0.12977231350016888,0.1621620598776268,0.8215249096920696,0.12024524238409659,0.05306965657257259,0.34122714861253206,0.5640461889981968,-0.3164315515049509,0.6381629083285444,0.4322253084105116,0.07288525496246223,0.5093939599012121,-0.07859608279829362,-0.5113985701789513,0.861777794519855,-0.4000925358572186,0.22336650360144195,-0.23591969290140472,0.4443480797296439,-0.5215305901528353,-0.34533548901656197,-0.02501730024680757,0.6595134856282322,-0.3183714443556541,1
-0.8433251680515017,1.1632774146293359,0.026928917605544618,-1.2541533897120112,-0.8308562749001741,-1.0042500501130764,0.054235277825613416,-0.8788846812748486,0.901351404289105,0.031877164621347875,-0.20489110918188788,-0.11147541572774285,-0.40880828349441484,-0.4005661436596942,-0.3497060346127713,-0.6401601957415302,1.1552939311954682,-2.2583912281799874,0.09821897967862449,-0.9310834363483369,0.34930407614895126,-0.06388619163209137,-0.45999108487983376,-0.5718518014052208,0.41615530667968054,1
-0.588624580671519,-1.070638565630073,-0.28765984694728763,0.012776180064003877,-0.2364299263234078,0.3762195248184291,0.792872542793561,-0.1891153188064855,0.06790764964643396,-1.396628919205877,0.2757544303859888,-0.19312245087432456,0.1111716981954558,-0.5772701541098223,0.164444324736325,0.6886065159536741,-0.34501069037110726,0.13529225502700865,1.093239034341759,0.09749223037630327,-1.3140800636609338,1.2880561825991599,1.240253117876852,0.4275720535721081,-0.1140371165904133,1
0.1451356201760096,-0.07543855608286232,0.18441947455030402,-0.020225946074734456,0.22186451755610048,0.308143187110596,-0.39104587516986383,1.3034630763904522,-0.14097907112966176,-0.2091643746782111,-0.364826485947681,-0.020400169219692867,0.9625059350855474,1.0700711245063554,0.7315673942808449,0.32800741544826667,0.28736357634251125,0.6022402527943109,-1.010804378503335,1.2481714734501124,0.2854729282732612,-1.9410407947800747,-0.2900710625344582,0.9272246367159128,0.17682141883969651,1
0.26256097985621873,-0.920531418364854,1.3795978984103057,0.282433379196212,1.2211022566598164,1.0404045121522412,-0.5049535125784926,0.868770458255498,-0.13032943692641952,1.1140589017615095,0.677312476679712,-1.2102741390261482,0.41124932718214086,2.8337590649850397,1.5800640043210303,1.1440585225060813,-0.06563904819139045,-0.4299613847845635,-0.08056623738290598,1.0170087426392531,0.3316537356382391,-1.1319170999342267,0.17147672435773462,0.13646141974637824,1.3325543082122315,0
0.23931337568275104,-0.280696392039767,-0.8823807964347048,-0.5696683620884907,-0.8512220711208353,-0.5731667111065609,0.24675038346767827,-0.7025081487348436,0.27557994295079186,0.013099546081920724,0.20095205191266666,0.9426674076846037,-0.2540565161608025,0.5103571604072696,0.09884863576542083,0.05734484503261567,0.474384990064805,-0.9745487964209454,0.13685402739475772,0.050182799833934345,0.24363891365096124,0.6376841088839016,0.8002056611061252,-0.6792916559431156,1.2769952242341978,1
-0.10801341223402572,0.10552184211540867,-0.01286352825761984,-1.0583103051026055,-1.585719717820667,-0.7434723026963812,0.6965704086760799,-1.593524118914517,0.14256883145867333,-0.6109265748422751,-0.8372760897608651,-0.48447831221027315,0.9074392264758426,0.22539029570566382,-0.3270062238577219,-1.3828488778056574,1.2897387365528683,-1.1830981730064414,0.1997748553956534,-1.0898010227238581,0.6315050796872059,-0.1947556362387772,0.41811524881692713,-0.5316111143683443,1.0529479766413998,1
0.3797056017244707,-0.4283793184211277,-0.6496625975143853,-0.6418380646359599,-1.1633024914244976,-0.7446802633903676,1.3534301409377274,-0.9745971069710635,0.4217437107023199,-0.30225908564294224,0.2526429605959266,0.3130894815196914,0.0020828741646494366,-0.4786687370714136,-0.7419476245973062,-0.2433266604774864,0.5917355913530021,-1.2345525369142685,0.7994563529013887,-0.0642605656470963,0.20306236829724142,0.6206276445333614,0.4283749925064573,-0.2893923901342205,0.9021682775044,1
1.134087084557021,-0.6009613901343777,-1.3122505363956778,0.564188142011658,-0.7433888923958799,-0.13840488447023253,-0.19548506838149504,0.785123496004096,-1.1096893652330762,-0.23183470839611778,-0.23898121309714088,1.2053464121726463,0.6986708401174085,-0.013986673038172068,0.8256725031936212,-0.2609787239535324,-0.5155598777342112,1.4597198656595207,-0.9139744007185665,0.5818814880597726,0.003740372502549429,-0.5076590787431124,0.502092748156806,1.3057428500961314,-0.08074880726249913,1
-0.6003112581511857,0.6722641152616036,-0.3898724652680727,-0.673893137693484,-0.5642905912417255,-0.22786306245523585,-0.630689441009835,0.9229678016355172,-0.20382373734065096,-0.4547217295411984,-1.0721681743963556,0.11432934625981302,0.6809591136997374,0.3473131504163878,1.0645122339061437,-1.053870747896396,0.9042469410481074,0.5694249796529088,-1.0454512644990122,0.4795236105034551,0.6986933535514441,-1.164624819632135,-0.5652812807983377,0.6814305559319582,-0.5923811982056671,1
0.8939003830804707,0.000780015299057185,-0.010308616170655526,0.946737747885798,0.9492147387620384,0.46114745626843273,0.6027923463526912,0.8022997998609916,-0.18652999090963326,1.0238513820305255,0.6309976798095684,0.0813967778554008,-0.21897563700813988,-0.36042154784475433,0.45840118786988576,0.3886533712851093,-0.49657853705848976,-0.02337341087509963,0.5159432385467614,0.8026039965701885,-0.9091627929512544,-0.41267857899716476,0.3989122501382933,0.20467178515972168,-0.38731904965505193,1
-0.6208061382888703,1.7740196971078444,0.3413133922513028,-0.10498444459207179,0.5059191906962365,0.07783207755316368,-0.0637638565949296,0.4822444661670876,0.7803965711125282,-0.2104182520606399,-1.2707859999274096,0.06242915945957601,-0.36357919994138443,-1.0317759240202073,0.1652854856739708,-0.9247101944482129,0.7269849676382061,0.24580309068648698,-0.5907014609440835,0.1511480751226613,0.23480612884901542,-0.8944527511610408,-1.298362059557783,-0.35765569131562197,-1.9920334781320332,1
-0.7351131394376714,0.09486617413225351,0.4382828207570354,-1.058337128110156,0.09441509852598844,0.5698098559667772,-0.3524461986018005,0.3181931593484827,0.501368471767224,-1.0962320652227948,-0.8024576384649525,-0.42576188202340115,0.7640140100532709,0.9871567623307892,0.9795737368904156,0.12180245861606452,0.9745920449426988,-0.7411103997371666,-1.3134391658821432,0.8436933977690166,0.9602057476362268,-1.40865661448537,-1.3901788383556357,0.533919946083906,0.09842282153789246,1
-0.14941242481983955,0.38533003788522385,-0.4323162286828964,0.13911726875551592,-0.5899691646685286,0.20847736485265267,-0.9585950840655562,0.5854033260340502,-0.9086585409152302,0.14495807847964598,-0.6459565954287522,0.8687153637354081,0.3540784529687936,1.063968585931778,0.9394421856341594,-0.295838758140397,-0.017691850683252013,0.7933591665212395,-1.1541430798630172,0.1638934991319234,0.7070130978310714,-0.5346732722667127,-0.45022354312318125,0.8580026955252744,-0.05241885072908642,1
1.2537098166207954,-0.19692031425028544,0.6867769468021051,0.8307400830543317,1.4775222871750522,-0.167665815510042,-0.20126935103816282,0.10045956473679588,0.808818260721997,1.7985151918156164,1.319237873229966,-0.5200638987435416,-1.8174781620991045,-0.4625956987704805,-0.08688977387475132,1.0595944675365856,-1.0110002083292993,-0.3943812402294074,-0.21314773364881368,0.10842231842311457,-0.2740146119393316,0.2847479481872709,-0.5142223015693733,-0.754904980148121,-0.1859191966450532,1
0.1484275006891153,-0.24673476391247112,-0.7032560787067451,0.42763990601247487,-0.17872572351938923,0.22246546351566704,1.2310418187435843,0.3241898881708256,-0.10842027418679571,-0.36604802238060924,0.2723122915237055,0.6392416737779896,0.3718671358210598,-1.0041209542807825,-0.6041026175665575,0.644137603080428,-0.17274514859396697,0.19786617362252457,0.1976943133407535,1.0241792143088215,-0.6526690284855655,0.3851449762353903,0.02411075373579133,0.6026348472553283,-0.6029689158338235,1
0.20850426875451877,-0.015625846517351875,-0.3999744878502017,-0.21245699567964008,0.21367039789249825,1.2238361216548788,-0.06925204764476799,-0.3396685797389625,-0.6453397905482748,-0.4068088108150531,-0.43709163123141476,0.21920658826088324,-0.24581665060917698,-0.41976014658203664,0.4434697815578286,-0.45568670585336774,-0.10486602117711197,0.05586926682389376,-1.1399564166608134,0.6669008870518636,-0.0028165862724428775,-0.5915098061792681,-1.1978827297879726,0.4207550716643399,0.03540869447321401,1
0.8083726036831459,-0.04410871023134451,1.3425917849206177,0.8921112303208462,1.5544272757296265,0.15198548170129417,-0.28401029193120403,-0.11949745894002421,0.9581580346109203,1.3992756271351174,0.8180541674366933,-0.9358357626683091,-1.8753358754955354,-0.3446326409330337,-0.3491434447447909,1.0106712367465123,-1.0309856987504675,0.10862996577662015,-0.3249108701588286,-0.17069350452854834,0.06807117377868085,0.3609693958678047,-1.1105969060188374,-0.8119349667673134,-0.7007682171376916,1
0.8215391367072662,0.7837768494745033,1.6198457898079976,1.2330410520188075,1.5335308095450577,-0.11833929502896036,-0.8384538108513129,0.6601492569623251,0.7678617867714489,2.1872567998747616,0.4531360000779997,-0.4613759299706383,-1.0544505254269425,1.1030333699174042,0.46223903018304024,0.9507069395373707,-0.623281369325221,-0.08761669804120108,-0.453867866878992,-0.2878338191796136,0.598156807733097,-0.6324413792910931,-0.7899739392319056,-0.6663899205159876,-0.6598458968852324,1
-0.6818670337574678,0.2903088923366898,-0.8587436668883602,-0.5866033411783788,-0.6971938284370323,-0.10098121144057111,-0.12970799686497583,0.6468847692163289,-0.44243284138310734,-0.4255024696742934,-0.8369351899291414,0.09660062072107889,1.0124435293903697,-0.18695997316698873,0.6453808853036981,-0.7966670005065176,0.8924830886266596,0.8291973011812758,-1.5030198975125328,0.9549736269910502,0.6845126583828255,-0.25540341884682033,-0.8745547678171808,0.6096735146227036,-0.9518412884625392,1
-0.46024442564948165,0.5629071896672796,-0.45386729391092745,0.719953574653681,0.1400123486186667,0.1091946892170353,-0.1553883606859897,1.1922982568304545,-0.20845111356243848,-0.3496733820870956,0.16259954201140597,1.0222876518599153,0.08870464149367467,-0.6723632512643194,0.17932445852358,0.9715397827891789,-0.6283723478559337,0.3026602330427628,0.06503773321597553,0.3393922594110235,-1.2630844680529727,-0.1544447001374824,0.38980334427438057,1.2253603644334459,-1.0050753796272196,1
0.5055826885195038,0.3459079710117878,-0.3240530178649357,0.22773880417670922,0.20476971631298702,0.30907101025083644,-0.19264426758869777,0.18646564403627108,0.2978004762801656,-0.7459022537251048,-0.7123989920493807,1.083060849609015,-0.09717212051806891,-0.15188047542500477,0.6530122714351017,0.12277444355339229,-0.10830418720635913,0.18384804326719317,-0.7682203973480014,0.26512300300229785,0.09622392772928633,-0.7050719232299605,-0.34776904635379535,0.22093978143629617,-0.5544614998230104,1
0.4529640069977386,1.2102391489122097,-0.3374799167688646,-0.09665043065559709,-0.10502240648181692,0.5887223211924749,-0.9215221553697829,-0.05273003169970796,-0.8604517834748588,0.27146241915289954,-0.8975600779802898,0.9135133181949787,1.0203781231215765,0.6144638305770548,1.0244731536619216,-0.5791565663754327,0.44053563041136046,-0.9726841476394308,-2.1708101383356344,0.017722224030810214,0.4596038055770737,-2.2156510665600315,-1.152800513968889,0.7322005251616417,0.35174209760687164,1
-1.0438715813477584,1.9658718440167138,0.07220334544743708,0.4985463404063517,1.193039190925365,1.4936438046442622,-0.6004629936438152,0.9032054917878575,-0.5399494422422673,0.5355369474408106,-0.2715283303925453,0.7955033027151691,-1.1317899895563295,-0.6860167376260004,0.30667080419556014,-0.11206874155122182,-0.3457181108552814,-0.2293161179064047,0.22956074718949837,0.4992676863128477,-1.666126345702781,-1.0044775484370971,-0.4225302259901676,0.26571274247135906,-0.7856526708917398,1
0.05673217100160925,0.6542203639435522,-0.29997341145486706,-0.17074303372611657,0.17725412951454494,0.6133903155726486,-0.41301598396890593,0.2428947235429816,-0.46284977151840856,-0.09851450609998476,-0.7255460058505625,0.19627182258195994,0.16505216496516495,-0.2959215227063972,0.6644093654956917,-0.7805610808321061,0.27727490267493293,0.197407441341171,-1.215891636439054,0.4800118052781245,-0.015081631642900618,-1.222648692234182,-0.8312568562346524,0.36144370704477186,-0.35921588522095294,1
0.7822066912591551,0.27745987011671647,0.7734336016313664,0.8071680702077277,0.835362899600807,-0.6289855676138094,-0.8075461592913851,0.05713994731194163,0.5719023946187224,1.3963855453164606,0.7061709707227917,-0.5348039105521858,-1.539302045017299,-0.5570543437942334,-0.12307152206299816,0.5149756437886437,-0.9940960273050884,0.1708001292812766,-0.42614025142820944,-0.8547797860554883,-0.2379511918643998,0.1817974647239755,-0.35774390116209415,-0.38715740708526125,-0.6006476116485252,1
0.7965024464884725,-0.27114167711339165,0.5760208546193339,0.06934269068778003,0.5765326933821598,-0.7391724934212409,-0.32418689035339454,-0.4521438713087938,1.0381545334589648,0.6392044112689039,0.6754249483481262,-0.7865475415262048,-1.9171366868913655,-0.843791520262341,-0.010347284311421604,0.07710597960141521,-0.6440203912136228,-0.32475017190506367,0.2818022391611801,-0.8862629916270005,-0.20188763856810815,0.5203234764178151,-0.027896584675248026,-0.7379604914105031,-0.09746853067101954,1
0.436466256336795,-1.2628651977519247,-0.2537487624769316,0.7215373714736251,-0.13910495654571653,0.4884898035440542,2.2285948092401413,-0.6683186755704451,-0.1471640214420622,-0.4508763374156621,0.6019065637106529,-0.3552805450778964,1.5747605588974103,-0.7961665132009835,-0.9883493918107619,1.2227719904923446,-0.0902715460856425,-0.16125887202282382,0.2836456954768375,0.9271517922927821,-0.8666495718540457,1.113048008655552,0.517026235250959,0.17520789365355346,-0.28239119192859874,1
-0.013360887888336342,0.13991208798329718,-0.4292457714982378,-0.058924756250654395,-0.3929187999645975,0.23799442079861421,-1.1309152051734925,0.8012166797444363,-0.7207502767012137,-0.16595382199804617,-0.45549338881742324,0.8789386862162257,-0.05202606156740077,1.1300964798734023,1.4506857869452217,-0.2519331345061291,-0.17698174679014286,0.4387795596063972,-0.6141121411919597,0.09494937435965514,0.34298597582883456,-0.8212669946282256,0.028950293935841566,1.0425385741792734,0.36340372327807396,1
1.5722436446211963,-0.6741558968247975,2.1089125759196894,0.7989589777111026,0.9688819449887565,-1.1119822240650625,-0.22395938578301122,-0.13204314645436738,1.7258193225944956,1.162040965930635,0.7341420781506541,-1.5758490568991532,-0.9514561121514369,0.6161268167541989,-0.6738357165475305,1.3016632714748484,-0.7415528974253636,0.1572446547694213,-0.38919721181669514,-0.7298733060272586,0.9928534617207541,-0.521465899112811,-0.6332651165843528,-0.7250138955921598,-0.07806612276643023,1
-0.11147504176677434,-0.6693968370096656,-0.5184311044679136,0.15917770514262466,-0.2519979644002678,0.0886306530504742,0.21002390306305435,0.6356288115590855,-0.26674708054186075,-0.574961381036703,0.4926746550321299,0.3336867315276711,-0.2407260632267356,-0.37695099955793887,0.2896683225844789,0.6136952984279747,-0.59598923168666,0.3105234368164363,0.5567538214261578,0.3992854756911974,-0.8403679778776154,0.413076688642318,0.6075065193690526,1.083780238983199,-0.023043021584315232,1
0.30499322213872887,1.0852582018304247,0.39415801677885554,0.5496588552391761,0.5808706036308017,-0.7564486767855488,-1.2916765553534817,0.6386241687060302,0.3108743942642059,1.7181003342013084,0.5420341931682748,0.24765972317535223,-1.7159307858870116,0.08752155873968735,0.5258157175653306,0.04253904112169959,-0.6308771660064222,-0.30079766377741457,0.19215608241616244,-0.9106960331066064,-0.40483093218576366,-0.2727246924294042,0.3048802918561103,-0.30658723722233167,-0.14028758803114982,1
0.11780336112331449,0.2572514484040884,-0.4140216392923026,-0.1793255617116667,0.05526085145419105,0.6789115414267016,-0.7830396290038127,0.7528082375988832,-0.7696005612048888,-0.11588848937302157,-0.3103568201457478,0.5267262112097444,-0.008864943494093539,0.38507328038978095,0.8189179826967239,-0.3094362816332153,-0.09998068780552072,0.26265358784046744,-0.932513978367728,0.7317242441726158,-0.21506344799903104,-1.600404595460265,-0.37601532037273994,0.980254555633129,0.5264664288753544,1
-0.29059069775075785,0.6012616399078964,0.06768227759138738,-0.38250779109673094,0.14891497887542218,0.42660255294637817,-0.3110467790964741,0.669555258986534,-0.01685962874020389,-0.2812458470461684,-0.7280848256106813,-0.01484032259833054,0.03621194514146093,0.12195622008839237,0.6783739306136825,-0.5856880901722116,0.4707085556885509,0.18998243419158445,-0.7126838708241467,0.6595290183824715,0.36227081208293915,-1.2753932131444483,-0.9348986499427959,0.48559292309767227,-0.42976989832403295,1
0.24033536447838794,0.8389377247329299,0.5876173245972383,0.29752342593641323,0.3882969464389962,-1.090610256315255,-0.934843273596563,0.4209787061439067,0.849191172124815,1.1540601924915976,0.2953484936457838,-0.1586409050144079,-1.6468770673509496,-0.2177345604168315,0.30888096857686165,-0.09717750493228265,-0.3856051203008542,-0.135525057405496,0.31892167738077604,-1.0482613163622112,-0.051456753559113555,-0.0009068128039904881,0.15018496072524173,-0.4765569720177888,-0.5289629220019308,1
0.20609455928163153,1.0168673008144273,-0.03853949397169043,0.26052589456951625,0.17798755239585462,0.11794616468209372,-1.1524538853518627,0.9275986603289489,-0.2354066506754047,0.07742527151063801,-0.735601864965394,0.9072208754037131,-0.4371664836691434,0.5046916238607138,1.3469040077128425,-0.549072181849007,-0.1769179643470982,0.2910397496923455,-0.35352565923574636,-0.2801467984086116,-0.031086059345739648,-1.4336660406951351,0.02778430988518224,0.6354206489080887,-0.31453068531521267,1
-0.1456515508958447,-0.09783160307005422,-0.318215504508824,-0.5223490083616948,-0.38068276536851425,-0.2914397458698923,-0.8063536821995978,1.011560997198866,0.44867574188449805,-1.3203858323141615,-0.8228361328535947,0.7876287572743975,0.511852300328309,1.0519443196729097,1.3294376623243518,0.18279363695004855,0.4166169797704521,0.41660408675599425,-0.7710705339660933,0.5124776136833723,0.5585739999663045,-1.1996442812511279,0.21377135215220378,0.7700981273760432,0.07260693075952722,1
0.4513070768686895,0.05384639972199513,-0.013156308539955437,0.07344812648640514,-0.08562413601479701,-0.06873794724847114,-0.4608044812106047,0.6837527286656744,0.11265635298647762,-0.7456417587018085,-0.6163849552142049,0.43475221856360596,0.36814764194369204,0.2752769651646825,0.8531540828206028,0.014296565285809089,-0.0730126309508231,0.39901155940888755,-0.7229399796956394,0.12169895155646676,0.23685029014354786,-1.3043762662863596,-0.17976006550800344,0.9206301341757541,-0.30114972902677156,1
-1.0627223851232352,1.2540278809731205,0.4604670404628718,0.5088594712480381,0.28346564994631446,0.79678910896336,-1.3964164004595232,1.0451584462145962,-1.033623307013222,0.8983742675751635,-0.10781132917678214,0.38818214453964356,-0.3684315363161554,1.0834764447362122,0.5639137568366517,0.22243665945551858,-0.458426427293649,0.27379940087696186,-0.2453519116348622,-0.0896860257701723,-0.6226859106555669,-0.9416803749077389,-0.17751730990001588,0.9128146187287134,0.0692836136456426,1
-0.7198502300231029,0.18630397263059623,-0.2934386501759202,0.16962374709323233,0.0542039308933885,0.5440663722583977,0.13342428841206658,0.4683238570592016,0.009450296626788483,-0.9823828742398686,-0.42964958250371305,0.6270489792516329,-0.07241746020432696,-0.1614951044141541,0.4671829758424878,0.2042048978541193,-0.07097213151963594,0.4861779068423647,0.679728230762862,0.3329327696949195,-1.0432924740736387,0.1921359682133298,0.9018878940099341,0.2395081343913843,-0.4729381225211755,1
0.34878060753780976,-0.03378028726648292,-0.28651415782531553,0.19143413425547254,0.46452304710366066,0.6807561071890325,-0.5913641247457321,0.5982346715936698,-0.6038857275197421,-0.08177864506930665,-0.43675207606543337,0.004010883523224686,0.5914533118280432,0.1330933371009619,0.9224657673933188,-0.2137531678383528,-0.03655927182284621,0.8789165961703153,-1.4315523638305854,0.847541924728818,-0.38002535807375454,-1.2483666108181486,-0.12220038646045092,0.4180571959914952,-0.15002832383594336,1
-0.5172825176775377,0.2347078013667673,0.3955117909226903,0.5951781779677892,-0.26767839758998385,0.3855265934760083,0.05022020945327723,0.10358647882249732,-0.6606072514652543,0.24310481266024714,-0.009517350239210465,-0.15277635135007844,0.7709916831113489,0.2704567132261891,-0.9602908177105607,0.7028507905869604,-0.2618021819287673,0.6155300118896463,-0.6350271278380637,0.21276088914557134,-0.39197842506776276,-0.2996080414732934,-0.2848782619809631,0.636407772054381,-0.07204852171412326,1
-0.9174535608187017,0.34791585573750267,0.01595518663910295,-1.3600971510086475,-0.8176138697217236,-0.5711281200885377,-0.29064458917902636,-0.6306351396541873,0.45635075008241316,-0.22195115153302225,-0.16354790575323083,-0.35080323478004477,-0.44139151709447566,0.5912628830498227,0.1481401794094841,-0.7500520554642437,1.0113841973777242,-1.3830804740500766,0.6052044510230984,-0.5691202394181444,-0.048187733549270036,-0.19012769973371157,0.7109450477471242,-0.6495497631644827,1.4572137733930235,1
0.28120417466242026,0.88941484310849,0.28377471310323515,-0.06142844193140555,0.5943378812846194,0.3044982557107775,-0.32806049297955575,0.44301505293770455,0.5679443333421381,-0.662198003287498,-1.1218297947876248,0.14839605606517645,-0.31931865198789744,-0.5446201572403409,0.6853787277579432,-0.7650291123342854,0.2652014340008027,0.36777948759503065,-0.6101059698694483,0.15458143834410384,0.007164185034259803,-1.6170147404402266,-0.6455221407700534,0.01338748099912224,-0.9608535764993986,1
-0.13609646529143551,0.9871971529851647,0.8760228491030676,-0.28480832732227657,0.6248718600995814,0.7795843623609465,-0.3202630383518416,-0.12816379356034815,0.5362635908163456,-0.5541691967986014,-0.9797743413618422,-0.2023760091013067,-0.2579818470593855,-0.03607001663642656,0.35975811965064963,-0.30161688057896474,0.33275843938873234,-0.6399532546393295,-0.9161979982297438,-0.02286639646863732,0.45441158674071874,-1.6262282362205396,-1.653310286385886,0.14612331819293825,-0.5315387626512105,1
0.7457600249184048,-0.10900377388773864,1.342227355081228,0.5136939978378557,0.9224496159007083,-0.5193335606926849,-0.24483935396726025,-0.09171228003750204,1.1961087483876736,1.0731456646060569,0.5018304207208437,-0.990731299715594,-1.6228620104446463,0.15444955148942208,-0.044503692124589184,0.435131448452108,-0.5586318085167958,0.051941006774005934,0.43198765053973853,-0.642752271107732,0.30938518670238424,0.23056978081792395,-0.19960627504369732,-0.9314320746894668,-0.29716281237822445,1
0.22919032168522063,-0.2619865172823965,-0.7831442187256351,-1.1192015470357213,-1.0907555184423432,-1.017433675306244,-0.38388657544181265,-0.9006169583201105,0.5334203954948057,-0.9633155383972153,-0.27258604411331055,0.4953124607709255,0.018422206897050267,0.05027418067165684,0.3448912887378342,-0.4451118165393901,0.6215104852682528,-1.0575369661978844,-0.39912455943518155,-0.6943793586370738,-0.02683763666463074,-0.27236607746103325,0.9983755403524853,-0.38150073267666557,1.391688909989842,1
-0.8759040616782364,0.7722647724010119,-0.6178581844463674,-0.5342846436031065,-0.017212744092760995,1.2423382826910807,-0.931251813727533,0.17498040040132593,-1.399761488174962,0.585644800833588,-0.617192106026775,0.16186986933056935,0.35555746760958656,0.6953680171400062,1.0165893252656164,-0.963468450548662,0.6237303090218596,0.12022986133410157,-1.7172207296344217,0.9464748325730553,0.15910464505505512,-0.7602814647967766,-1.0265064995954831,0.20222872896881272,0.3350665150173964,1
0.5960582504393098,-1.465627489460484,-0.8740025624375805,0.26191944948146106,-0.8626225837296748,-0.6268623568987154,0.9884223822415964,0.2670698172811164,-0.15496757988624052,-0.5109061782864772,0.7625810541959694,0.2926700398568534,0.7152190532618926,-0.3662962462406016,-0.2848625300610178,0.9387444262089765,-0.38625771147990146,0.43421564558532305,0.22172473860072742,0.6263994283228234,-0.341784587896652,0.8727403095604247,0.8916603256481193,0.9410834665166036,0.19825521951605427,1
1.705274527780523,-2.4390605534898655,0.7358526663155643,0.13004271528147826,-0.12344462861153202,-0.5509684671829892,1.531839938108461,-0.7094098302923633,0.6564370645253238,0.009818224414469931,1.021095122571394,-1.8277599226619172,-0.40747003638054297,-0.18490708460487348,-0.434225830381762,0.259229388471744,-0.5223176089014425,0.2817578061050091,1.2188111127832333,-0.026052735469306556,0.31717634262633115,0.7465107252397956,0.5845481358475646,-0.12318371753554234,0.7906378323058063,1
-1.263604324140558,0.9412591976745645,0.06791646589142122,-0.7164699563593914,0.19956503372768414,0.8453938105951815,-0.5520489858195523,0.5786125662554658,-0.40057443518321717,0.1344213072641717,-0.7718439220511655,-0.4380749615945986,0.2566371529995092,0.36253140623422614,0.41145916888736295,-0.7199105758908981,0.91964828430063,0.2877476155240897,-1.305966109369657,1.1294681460098313,0.3291121671532115,-1.0534964218531557,-1.3549618977368787,0.0918159107713811,-0.33429584563161957,1
-0.3961542772416724,-0.02976260350175863,0.13548145033701808,0.6192039983718327,-0.09497375561688616,0.6808352300362088,0.120734729195172,-0.009892207084544446,-0.7040507908206852,0.07007838286151077,-0.1468437942752362,0.06676415055187608,0.7283896692189988,0.5623407200283808,-0.24541698616502935,0.4870637541894314,-0.18486322181664733,0.7008249658106368,-0.21970976512935328,0.30500695345501605,-0.6163263678021861,0.06836890078402887,0.474660738639544,0.1795643937335548,0.08674298907293729,1
-0.44413512970102775,0.2617739008286782,0.9585336656666253,-0.5902261376504865,0.5084490568052669,0.6267643829574053,-0.6003450767843748,0.7048729419754266,0.5438464444567016,-0.7283085204750953,-0.762284406398335,-0.5448620993741826,0.21983265354436102,1.1611238646672548,0.9442906140482094,0.10069075929454953,0.5407585261906109,-0.21926769838665086,-0.7697467677405101,0.6318427407237119,0.7001075189609959,-1.8715853750307023,-1.0750179787651786,0.5177453647912392,0.0661801563925357,1
0.26125094027305007,0.14500271746135157,-0.9592022702269749,-1.1643183254406335,-1.0473592302232446,-1.2141356059777806,0.7606112458426926,-1.1472212587190267,0.6997281243534242,0.30625195047748194,0.36182853405704674,0.20814796106631273,-0.8935834260608456,-1.2217871402807103,-0.9962184167357597,-0.7776242476479301,0.8241519573461528,-1.439294858159538,0.0052570588797216655,-0.11017169269088903,0.3560745451142597,0.6457384652079354,-0.23899171114194606,-0.9372144086170072,0.8185482312852874,1
-0.4038968480276722,0.010311279490405717,-1.605918581725099,-0.4757501929001646,-0.5099621763464516,0.4478662853417844,0.3108679581260242,0.30211929799372034,-1.0382337578365104,0.04147400936740415,-0.43808576661526843,0.38533689121906767,0.9669123332933983,-0.5049948762090517,1.008793751879752,-0.9850970228379771,0.8392880927048638,0.4748127251537847,-1.3386178383940779,1.3938285924300406,0.160946917148974,0.46440291007305884,-0.49046935258855073,0.27029476424836074,-0.6710614246303935,1
-0.5089615311575303,-0.6988640910791311,-0.3871005695210246,-1.1440212883679668,-0.3013159526605928,0.6279491585897174,-0.2868496650808288,0.5224079129347294,-0.5004838204994173,-0.8152709127061143,-0.17730897009271704,-0.5796272264624642,0.2929473593102539,0.5003084602807265,1.5538858698762767,-0.5432643076209214,0.49769726823160104,-0.3686848893889156,-0.5958010031514828,0.8754947594501368,0.4193661665610209,-0.6473805084740943,-0.7443647506783467,1.211502868290447,0.48204334428662665,1
-0.49546415855993925,0.1716510699821155,0.3052480150147303,-0.6942201972196277,-1.436321384055045,0.3325160796679047,0.1765661706730616,-1.6629074180049044,-0.5532906244543087,-0.7590827265918092,-0.8772283772419175,0.017404319959306275,0.6014090842635215,1.0782520078419038,-0.33988318849072524,-0.810327791806949,0.635059577033262,-1.0294389913169273,0.22459431284055587,-1.1632307980414358,0.4204545244001774,-0.32192439826698555,0.18238337103022964,-0.008001066787082775,1.60852169939323,1
-0.7535265281993977,-0.22579224581507903,-0.16178605669716428,-1.2827868120894357,-0.44104007147005836,-1.0730271016545194,-0.1421623676084607,0.1797575836477452,1.063704301798585,-0.3189820347913228,0.2518437164164298,-0.5493580192883134,-0.38339480089161676,0.36629569339234574,0.17903329090549364,-0.1567376833089459,0.9896418067400599,-0.699518740750513,0.6792604073891391,0.22928524167905562,-0.3662667430038512,-0.05101021296357887,1.3466331089069787,-0.8222161607115719,1.1258384268922683,1
0.035420250392796886,0.02256140144549283,-0.7697049910670368,-1.162161529123087,-1.0808531824635286,-0.8495490070440144,0.4713658693702566,-0.9855693726286373,0.2978798313713928,-0.19012215958856582,-0.02126096941644083,-0.012847946746733516,-0.21235790096452778,-0.6066056806171599,-0.22534409951113982,-1.018070185467616,0.8963982802245538,-1.287912056087742,0.19833389097147006,-0.35297527321286215,0.011534094823127915,0.13996195611755563,0.4402914511407592,-0.5561102275250805,1.0437611781860945,1
0.3063984885277259,0.20827791519387095,-0.8002534029031213,-0.36830062740837627,-0.4745023582367034,0.21415409772869712,-0.6829813140038348,0.3153290187861333,-0.4213475491398993,-0.596273557453132,-0.6895800693432292,1.2017480018623352,0.11885505422800974,0.6733347022099158,1.563837540504201,-0.53594218820635,0.19695404788166618,-0.28898008676809006,-0.6926674566609087,0.10878684372928427,0.4160296779974219,-0.9072400356405006,-0.04388038543951172,0.7532253201721582,0.3940439162777757,1
0.5972324865445601,-0.6317452614780497,-0.5071237446759977,-0.46222426042915754,-2.0980232160545973,-0.1701818832772175,1.0658749240710885,-2.395335756614228,-0.8416047973878946,-0.4991727075110759,-0.7635886487993951,0.18163335033146577,1.1921717523774418,0.47008135166751214,-1.031658074638915,-1.1172622970996104,0.686806775444387,-0.3544010075222296,-0.3782044637249862,-0.8882080172400827,0.9428739131184902,0.4890259892807385,0.23390021114177395,-0.41611065338815756,1.6074877982604725,1
0.44545611576092264,-0.5708758708791224,-1.4422776823522305,0.4258583822668994,-0.4624756992875667,-0.04503263708478418,1.4460158340057367,0.544300727747348,-0.31921749413580636,-0.4607182066310974,0.6045247460042015,1.0462222721193475,0.4253806000687842,-1.626038834036764,-0.4995986580169145,0.7325784008050935,-0.36727236849800216,0.1894921565801117,0.0647066195924095,1.273935947551977,-0.7437632852219209,0.7543134343204988,0.0030732965989960183,1.1408120433923536,-0.8031980632067214,1
-0.605844078304063,1.0568524368707322,0.1811453150203423,-0.17645542740688708,0.1164117881363635,0.6152533264751138,-1.2113300992481995,0.7835343153679855,-0.5871350787778499,0.5006949899712239,-0.8765085576308488,0.3558523937038748,0.40720982608022194,1.613218133497943,1.286426943175776,-0.5075913561213174,0.5902076387691206,0.16213845287681752,-1.175623234329343,0.4565486836408277,0.6177629706620973,-1.4756626115562652,-0.6005017383533162,0.26292520716395207,0.14877592756023456,1
-1.0904516779568716,0.7346130797298139,-0.6678165208261304,-0.3651089474755536,-0.36102508751384477,0.6135534906938841,-0.44652372010812835,0.6375960540563211,-0.5852595108440727,-0.44546175499722496,-0.19360892370017177,1.0064679531440142,-0.7037238862410322,-0.19340220846436168,-0.03823123709670602,-0.07332814776129928,-0.0785549955080805,0.11262852718168523,0.06868200325995445,0.6030957882958727,-0.7077571173628779,-0.37947723040204334,-0.1993444205274769,0.8338912144535529,0.2225054115463713,1
1.349810203341731,0.5116659088435613,0.7040431934577904,1.0180815630454443,1.8410951687555623,-0.3331380007914779,-1.1145587767605636,-0.04612139157245774,0.5011675326946707,3.1604735570635425,1.4255865360127802,-0.6155955143817283,-2.068982902226965,-0.24288087328182204,0.12631977501551794,0.7054737289977926,-0.9695440565353578,-0.46104475456061184,-1.10434756715591,-0.23990725971159838,-0.30909788372876607,0.14710791620023253,-0.5687725393157398,-1.515605845117837,-0.07230128395523482,1
0.013458694328111734,0.8622882606061832,0.9629924634665074,0.6379769694403793,1.1070809864973903,-0.03132223760914831,-0.39401176029446844,0.5395738767957123,0.6933472325017651,1.4115597925102674,0.32057636450960064,-0.5143910013589633,-2.600758941849872,-0.6837066146288545,0.20951738788847113,-0.2622564519812907,-0.7480350570208227,0.42133689381892697,0.931253160433507,-0.49778751884612105,0.0024554780940136247,0.6461189853113695,-0.8289584077387631,-0.5442355548917374,-1.4033293164162186,1
0.8563733274030624,-0.6327164341124125,0.45131019842859177,0.3620896100934603,0.8019290131837185,0.11038855016759075,-0.011593750807314743,-0.5971562975901696,0.6891427241017667,0.32713502315573284,0.8077698132013815,-0.4033347635362961,-1.7932093282918795,-0.7746593157888634,-0.029899552964131278,0.7047754007005796,-1.027385770921121,-0.36955265014663186,0.12632552064443103,-0.41462333732557255,-0.3249970184090548,0.792080888522886,-0.4144265390817243,-0.37175542338107054,-0.06945121287609304,1
1.4058894311772931,-0.5405037758368589,1.3536720509234026,1.1504797225564047,0.7241657163314509,-0.610588082238617,0.20267993185944175,0.11345903664613836,0.3705244909015911,1.9646202598831266,0.7942754028314782,-1.5396494948919044,-0.5709876689194787,0.18748466838827513,-0.3057403494043713,0.37687293650272097,-0.7312128061009804,0.7402029914923214,-0.10710261831311373,-0.35977906782576224,0.6237262036018617,0.1567948788545493,-0.4781052868433645,-0.372610809711315,-0.5755449541588472,1
-0.4157257008251674,1.041741690210329,0.05629931271937577,-1.1623141679243587,-1.2383663992115557,-0.9142574667807578,0.317873952719729,-1.1980853410790684,0.8712320856515661,-0.6189483726278059,-0.9426095664771466,0.27571242463426987,-0.11897615919349523,-0.04743112029061445,-0.5736921618331133,-1.1188000348395635,1.2722979080306436,-1.5444209298691765,0.31506127170347203,-1.0491521102659591,0.6681920989318901,-0.5232842293179163,-0.06676282239528011,-0.7520522556324358,0.6985602758010927,1
-0.24227045372704503,1.2749419698630824,-0.37297207587084685,-0.7277591247450262,-0.5010759613576674,-0.9376985072404954,-0.9269056584481584,-0.6512066910083137,0.6803296598198856,-0.1399209425712176,-0.5350904853651688,0.693963272366424,-0.8527663616402731,-0.5900565002256083,0.3471625148048559,-0.7277321285667607,0.4747092696934353,-1.2775209592566308,-0.6013162689124417,-1.2591496533821311,0.011438562238275477,-0.27749520600606525,-0.08298897241289205,-0.5411555175878442,0.03985733497457891,1
1.2644322501684349,-0.9289817016847386,1.1221050814147315,0.6653443763219888,0.9119440971636469,-0.82457317313181,-0.32277786207085063,-0.18169813274539892,1.0544048835044286,1.0844829005755225,0.9565752367370279,-1.427201873633645,-1.4280160526867174,-0.2763703095327234,0.03665850552442533,0.6966976899735515,-0.9716120962972168,0.4272594379060615,-0.09038842042029276,-0.7148668301801351,0.1308644146198494,0.6320412193388152,-0.033848591604261784,-0.6872570682729328,-0.35167835475255316,1
-0.2670973297156195,0.24121849495333747,-0.8345238495911167,-0.674248918615516,-0.042408772012433434,0.04030766286517389,0.13023044845761278,0.9267436602904328,0.3062622848212962,-0.7983805049904618,-0.717481745219941,0.4809702953442378,0.5541481415492145,-0.15185980476948827,0.9995582287201792,-0.5116899650470182,0.9503701105963432,0.23538161662147933,-0.6486128010540658,1.3635834091195698,0.1038453517364802,-0.8812495748923651,-0.07267771388284959,0.16987537400226102,-0.5024149070654285,1
-0.3705457176027812,0.6619498067541639,0.6009778013180674,-0.5270210353518417,0.7184296192968842,0.3266630191526854,-0.3171848403496882,-0.40688518472065816,0.652005825911455,-0.45459758352272167,-0.6304662894149385,-0.9409591149153601,0.34683890479169494,-0.3929319041149275,0.7712506545537477,-0.40340340519675727,0.7088560668373278,-1.0426993329883663,-0.8571354111707805,-0.26971362212357286,-0.4936525563540543,-1.0497650161596404,-0.3423777580628666,-0.524848823627173,-0.3848413484614964,0
0.697129359964446,-0.14656745585300676,-0.4289250570326401,-0.0202191227246333,0.2634390333749365,0.15619409208143195,-0.061437957269961645,0.4970402179208373,0.1708017870213719,-0.9599871236415758,-0.8361278874678624,0.16919876727565322,0.5768144285450427,-0.5148236838184654,0.8959037874723549,-0.5079672147262487,0.22218714789525312,0.9011103004012339,-1.0043651524231312,0.6885489528093744,-0.2275509335843014,-1.2600581106488493,0.12496864411064205,0.24214482965337644,-0.6201621547421416,1
0.441720757048892,0.38295084568919685,1.162570160986505,0.37240504097591093,0.9993012892506393,-0.4752000303543583,-0.5248758312330555,0.11255419105634629,1.0902207306059273,1.606109453463879,0.5143853765672447,-0.7767465394970889,-1.7003683627188109,0.26177620617325165,-0.10176579574905072,0.4260832966320966,-0.31688294553068125,-0.07035997346864344,-0.21637833017956995,-0.23972827709290712,0.6519198340006708,0.15138076768473752,-0.8790870265068722,-1.0505517494898478,-0.4236849219603491,1
0.6922507992761574,-0.5133824427882064,-0.25236121710168763,-0.8509127534005526,-1.8226052878604653,-0.9157118384359065,1.5265429884768893,-1.7627256440188823,0.5721148856005095,-1.1325496161793331,-0.701954263484959,0.17889362352087482,0.8933468012860886,0.06616965567106202,-1.0074776186054712,-0.7841623629488866,1.0638863459940884,-1.0553162554612159,0.46681765228725536,-0.6700455860439369,0.9683170601565219,-0.06488273635137923,0.4240860097598467,-0.4666009876124054,1.2519324320895582,1
-1.1853593542767715,0.6622013884397662,0.2500720356706889,0.3751384148243288,0.19553994437574784,0.6155203005721229,-0.6076532997440756,0.38512786624107115,-0.4342472124058214,-0.09116448670584754,0.11136856914659156,0.2185051475609386,-0.16512701424496082,0.07085181341743518,-0.1498098028735086,0.784183538480391,-0.46886710365226936,0.020468375180471326,0.09631686175787149,-0.1398237682641267,-1.384568251576371,-0.07917380308748136,0.4202534110880555,0.5531947663921909,-0.0603291384144987,1
-0.18569394743033588,-0.22774787747206313,-0.0744417530678875,-0.6883686557761481,-1.6655155716229335,-0.4170562784912927,1.1942509012840397,-1.3897686030507401,-0.12805505050159133,-0.5244041892551329,-0.5660505920926359,-0.27340456592171214,0.8806680013495201,0.2545233019249459,-1.0537171822377582,-0.8325825280138832,0.9617057114218364,-0.521728918197983,0.3840094560863943,-0.4423724144432273,0.6940437360927448,0.27180777592470595,0.15095203001240373,-0.25591455923226564,0.9586141604963015,1
0.3350293838276287,-0.2531106283609837,-0.5303955645002872,0.7621721527362378,-0.3803814056279171,0.505313274881425,1.4941617573266548,-0.10517482420542089,-0.8720173442165192,0.4558188026858907,0.35051571320569413,0.2411791965714759,1.284802859965447,-0.7144809733239207,-1.2602399712640415,0.6672396300736723,-0.09858940032415749,0.3178104956573696,-0.7274390643972263,1.2012372917778387,-0.20919432938690938,0.27753070927064505,-0.7236517236389924,0.6936262243786486,-0.4544592746290562,1
-0.5269738209765262,1.2345994488679861,-0.9169624838236615,-0.34406261748192357,-0.07282801472448322,0.4791396382244792,-0.3606822022532231,0.3561165842016394,-0.3833374040557182,0.15176987607615564,-0.869510472589537,1.1114651949115766,0.4922290149635915,0.13452671522514398,0.9257084581334127,-0.6127297877909543,0.8909643069368456,-0.3096137647360443,-1.433140527317264,0.887478731872866,0.36513162796959314,-0.6097103555024105,-0.8472104141841811,-0.06618262460661974,-0.5627370663181452,1
0.10716668307065293,-0.34878837854894396,-0.058278425286511275,0.6299280024982464,-0.10912824925802196,0.6351150029075361,0.48710673777070684,0.18881847643673894,-0.8615008990703489,0.5333823223320704,0.3471356452737142,0.06249821039822085,0.5958268019525487,0.45286844947781296,-0.22922155194994095,0.5695839637240514,-0.3157761343048343,0.3588366660831072,-0.14705477040309775,0.6942859926260811,-0.2966645339183827,0.05381548334621787,0.020645181802968378,0.5902235143724367,0.2478231601275385,1
1.2223513204577987,-1.0042573040478355,1.8977029947792823,1.0077505238498246,0.15285044753017982,-0.25331519734520813,1.144885835338979,0.17041188441593907,0.9360132790685822,0.0780213279894336,0.3431980637406367,-0.9404443450834497,-0.04869970289413011,0.9057444109952552,-0.5798884913844764,1.2708790662922516,-0.7492111967522785,0.15156448323344335,1.0176205844755688,-0.32985953403803986,1.2375227614414361,-0.29165604084315955,-0.7818182180495428,0.8322781108641797,-0.35892497730337125,1
1.2254109717792767,-1.1267696108066554,1.737421158395164,0.6281301665109346,0.088650782448716,-0.739540368423687,0.8142949688605945,-0.9368928143216803,1.2249134142603921,0.11739337931611228,0.6371874342147081,-1.3797291757008274,-0.4073603107059021,0.20102083361301618,-1.526437407683152,1.1705243773676721,-0.7018541314011914,-0.04598735788043728,0.6429979748608441,-0.9087922207986069,0.2788440520183909,-0.018561918981976733,0.1452943570321614,-0.3936602141565736,0.586252607860402,1
-0.7111988348387972,0.0810679099770088,-0.05208505937330617,0.24286146341134104,-0.012586761625165433,0.6680096521822307,0.24040883806336588,0.07135086831260419,-0.33315540341789296,-0.3893174299828864,-0.08937720612358094,0.18405900487037455,0.16837888709527998,0.01765481235051483,-0.05377199885731909,0.3913325763298044,-0.11221573106527633,0.2070379260231253,0.346590138915838,0.2971542570786233,-0.930121449518155,0.278024322680406,0.5228599838487772,0.21362829192615296,-0.06976393122575558,1
0.5025995938128652,-0.7043807859011771,1.34615511078597,0.12849227454746381,0.17538126115293995,-0.4130836159202353,0.2380997774796901,-0.10628228130239609,1.0463012040541075,0.076890369641661,0.23506581582756422,-1.0848516920127775,-1.187483334074693,0.3829370687223708,-0.4478242158831374,0.4007773900446046,-0.43282242046343716,0.4104456683572938,0.6890971592338228,-0.3840193658693985,0.803043158866491,0.11818894974022487,-0.49600641838270365,-0.15496077132259517,0.0005920187095887615,1
-0.5793800368283217,0.6370994306287191,-0.6293119073987382,-0.6780786327453218,-1.2476792558055578,-0.7605263114723517,0.34771285903845695,-0.7330776823902325,-0.1458659023013169,-0.1168944863856717,-0.4158129571249023,0.14855324040164916,0.47553199070434526,-0.3585326812054806,-0.15433280270129718,-1.0971721333571103,0.9439860488059182,-0.8692533602980546,0.4448408141585782,-0.7464223719577658,-0.3989263870908501,0.230938441274413,0.984705299771349,-0.3762652415073914,0.47858001208744927,1
-0.6955372235213213,-0.1940102972152002,-0.5706186472532451,0.19740070240504504,0.037235169996697695,1.2490366881314767,0.799511314883393,-0.18985114088127195,-0.32694818313653795,-1.3530640744944549,-0.3295219562045667,0.679208683993882,-0.02786059009903472,-0.7954631377211354,-0.3230415029820337,0.37647052983850665,-0.248192202929445,0.5688921946920514,0.5146309997937408,0.7901581468770706,-1.3865795090646544,0.5999989063830156,0.5387669732430292,0.18604977624092975,-0.2953466002580795,1
-0.49271099374840693,0.3254141779142436,0.5620432706320564,-1.200255236200261,-1.534336342783259,-0.4445249927955742,0.4289940204062638,-1.6199298304371215,0.5697717864127668,-1.0432320467611949,-1.0978325357548324,-0.08276880620844379,0.6967507776742313,1.2962356532560746,-0.49392547112105584,-0.7761120018203622,1.3529481308855797,-1.5349218505353714,0.38675944883869784,-1.0980255319396093,1.040060353504897,-0.6562007235691458,0.2133254671569607,-0.6016701011009921,1.629005474468518,1
0.18900431653501343,1.730114178445304,-1.1424313288921333,-0.5790808959736944,-0.6215817702037626,0.11150535211382535,-0.3378386770692199,-0.0476092089309548,-0.37681266860329343,-0.20176878919021562,-1.0217660736182117,1.8416570791297426,0.09337963103106678,-0.5172453007959933,0.7526937312417402,-1.1241878060988764,0.71494529715161,-1.4609206915261659,-1.2194954257382478,-0.002327356115836064,0.4911564789998738,-1.5513781916209877,-1.247754580655811,0.6678836801920905,-0.1272357134612055,1
-0.7753720014408058,-0.3113018355132537,1.1984014821267364,-0.6462112689167916,-0.2203248894795308,0.932262198784173,-0.3030490904816328,0.28371910424706875,-1.0157274350334748,0.9953884254176357,0.7081740671119806,-1.3851364878995165,0.09425197787594469,2.2992791011272096,0.9897952819298054,0.06701275121315925,0.18076599871630988,-1.7973307551609448,0.7260835432377232,-0.010439826342136029,0.588255373982873,-0.9516949189704242,-0.7743125821529728,1.4161361492912365,1.88858085060312,0
-0.7787631891445178,1.607625534801468,0.5128654576395106,-0.30304071983479247,0.2131182104001172,0.16032433349945535,-1.044834590213048,1.2065456792637053,0.2692055619127055,0.14225488626504837,-1.1166035763111466,0.4548085633084333,0.2208404493042095,1.2032384807280705,0.8937319828476326,-0.3303930474373324,0.817627904935566,-0.024186291730415106,-1.0333173849513777,0.4920187525353354,0.9050057501404309,-1.9640617948387618,-1.1356030855655066,0.36752819518916197,-0.5429283345238365,1
0.502628562365279,-0.7190203853644525,0.17038936917914543,0.5316339717067342,0.36738491409987445,0.21837466866630206,0.6772838915493644,0.20153465637258208,-0.348521020848821,0.7627498871045625,0.9073398342122716,-0.7796016598644474,0.31972875649382465,-0.09776074040699148,0.2508988138343912,0.5272759809532751,-0.36424252488270437,-0.33771278477482886,0.4523187981351968,0.36324492802579655,-0.8047254678873114,0.18913450962943723,0.5571344155867097,0.3726864035344689,0.18045710706142806,1
0.20547031428196808,-0.7728825552371257,-0.9101685495426367,0.3976642945684543,-0.3825269361795639,0.06869435135984554,0.7330682638479203,0.12940261101247566,-0.617351756064759,-0.3426845616707181,0.2740825919881802,0.1771628570666001,1.33348942592242,-0.5523049282599566,-0.23406758140016504,0.547075075100889,-0.0669903092436165,0.6630112031792275,-0.548274322754892,0.8834891133684879,-1.026070547841022,0.31370864712508756,0.9479589735509818,0.4511472295814437,-0.04635930589644329,0
0.37155929675068555,0.37459575154888436,-0.08474560790299028,0.8849418775372841,0.5026647890989117,-0.03404386223783197,0.2260210536752239,1.1992369011648703,-0.28460904557504274,1.0084455593383101,0.7948489787551857,0.19836826030636143,-0.37174040317824536,-0.8284763485472565,0.11999651050811731,0.6218972070144215,-0.7381446046612307,-0.04709871321290848,0.20921662502812274,0.44583243554448815,-0.7354816898387995,-0.2394797519792144,-0.3267690755582627,1.1227753880428781,-0.9614286976758613,1
0.01509594310746651,-0.6934287914740427,0.10310187903045498,0.6990999359855439,-0.20448277631445486,0.4248661132700932,-0.5660926633349588,0.273115121106541,-1.1580084043757157,0.43618676736691997,0.5290484979070734,-0.2923146731517051,-0.12299307166617661,0.3733409169380438,-0.22477257239063791,0.5696467615993243,-1.0754921767197871,1.2846194076630428,-0.3930243668107783,0.011952351215157876,-0.6374792903095432,0.18641757862036248,0.2631390233946061,0.9724003613474902,0.4405071459726555,1
0.28826726557943716,-0.041452900843602876,-1.0272169801758768,-0.4716387025068323,-0.05613831184957001,0.4827140724506492,0.4616341097288165,-0.18048143661143265,-0.2718537012118562,-0.7703453333507905,-0.44067562615551004,0.22164017560518848,0.18483896535942945,-1.3857664057793935,0.7305758153404079,-0.8531924814337729,0.33413914907662057,-0.24250735234994994,-0.7979239214543083,0.6375308344428265,-0.3542051766636666,-0.2711428685760694,-0.5599906689949208,0.38188169970188873,-0.5648244446277608,1
0.7304828247200242,0.9897393282062297,1.875825892660481,0.8128306007493947,1.7741843512778517,-0.6782714057808915,-0.9341252700931378,0.2502624121162385,1.5887370803497343,2.3084278306262136,0.5564473433920671,-1.1523820969510392,-1.930168465963127,0.11345514847096713,-0.28241473719611093,0.6850010011547477,-0.4692768631347589,-0.12191238035205708,-0.6939364791359869,-0.5376808951404946,0.5828484697002289,-0.43156923072552134,-1.2272753704923824,-1.5094554327408038,-0.9436127002296911,1
0.9087049313406286,0.05405458888414209,1.3083145002327636,0.39457455618919235,1.8089456558023154,-0.08853309198228955,-1.1967462767480388,-0.16755983702050836,1.231243167028006,1.4408475863408357,0.7935092415718864,-1.1043689894386768,-2.3042589349874434,-0.23322268735320972,0.2520350976471167,0.7493147780198659,-0.9104853349130645,-0.23040746153356534,-1.0002027220753789,-0.40553772512311914,0.10095431195320517,-0.16301407032438642,-1.1294913202542296,-1.1360499450245276,-0.2721123021710665,1
-0.39485504476792854,0.05848954608220606,-0.13776543032715774,-0.2892622991636874,-0.9937849278052576,-0.26494901606743193,-0.13948054115852834,-0.8817281383484419,-0.21913261596914413,-0.1167678520381017,-0.21247746373002924,0.35017714987597776,0.20760584870113408,0.8643524109617564,-0.0877136178783771,-0.12271905353338103,0.3227923927043321,-0.5566911436849931,0.2267581282495195,-0.7631028824750812,-0.07367460836442583,0.3940008111801579,0.9437289721533179,-0.359847067609983,1.146749010069322,1
-0.24067547820899513,-0.677838989022152,0.5223643816431952,0.6826862533407625,-0.1006117926109405,0.7936007330796817,0.3388339902844448,-0.042214871858540504,-0.8013976360576115,0.010969419173282697,0.22687652592464191,-0.6190573860301601,0.18518511364893486,0.30192628062406424,-0.2057292270616893,0.5166322504102396,-0.7156240809945709,0.8213033965349471,0.28983726779129204,0.01806808596605914,-0.37808371544263386,0.5769815400949645,-0.05153059575812235,0.8164367634774379,-0.12558734011859346,1
-0.10435036777563539,0.13818201578236974,0.2933220687698495,-0.10794963649477238,0.12859092912980286,0.4396565687372902,-0.4251258524480403,0.7407124435288054,-0.13860784095432876,-0.35105641183764547,-0.432501429398873,-0.10892376607487017,-0.059193371133018556,0.38269501426511837,0.7005491295347385,-0.1361864542483015,-0.033535900423882735,0.36746449349542654,-0.4739046649977104,0.4159452959518466,0.26825252237893754,-1.12768336084589,-0.7247879673502016,0.9117220667345249,-0.22532451313904908,1
1.0482551352638234,-0.5195615695293002,1.7571533878956085,1.0380026247179546,0.7309972501140987,-0.09383207584254401,0.615603844881441,0.06028462906885581,0.6781405526913579,1.0943096404109411,0.44175773371764876,-1.3115758163473912,-0.38753812974209767,0.6447695432173244,-0.5354479049698702,0.7609626891806824,-0.5839178372789215,0.4558498213006902,0.461720415023263,-0.15827524952794975,0.667556884646741,-0.21977690632224692,-0.5360759307092903,-0.20875988021963351,-0.35101180104071655,1
-0.6272634959743455,0.890648641482359,0.19288473279398205,-0.9195634776779144,0.2061395744419962,0.9699035914538177,-0.3103607926855497,-0.3834512726922247,0.244286989294071,-0.7262456629171901,-0.7790428242041257,0.21030998949463098,-0.8604428264271134,-0.07493400356862923,0.8273354106293009,-0.6655689360755767,0.4824675635605008,-1.3847958469565491,-0.3731771440638507,-0.02389184231657415,0.4226507892943691,-0.8313301058583048,-1.5814396648805784,0.23080471050846876,-0.010950376665198101,1
0.26595055438047255,-0.23288445039985456,-0.25402868985670635,0.09435597277855517,0.5176356767593016,1.2505136147544496,-0.38697876591797853,0.1704057627017482,-1.1129670646230465,0.14452361855203974,-0.34280977922346795,-0.5094642582218748,-0.05824958250432008,-0.26233474091555486,0.7290588376612672,-0.8788288343560742,-0.22693808857605927,1.1473656812392614,-1.0025555809830158,0.8181250772394775,-0.5992265405638668,-0.8363565832480888,-0.3274740251268406,0.2713164981837897,0.04518058233460505,1
0.7530719357367007,-0.10439224669531072,-0.9593461855157673,0.3017211770725914,0.39093656989569003,0.21692187674905228,1.4384670004814555,0.6025197045532038,0.03280842725560797,0.1278543618240538,0.5537077761528942,0.45999723293468703,-0.10903651115694675,-1.7664873665366045,-0.13538925721104678,0.097652100577654,-0.08681518851163138,-0.30192481175057106,0.3978925149488014,1.364274209963691,-0.9674787486350893,-0.08910501472502493,-0.04970678457979098,0.44105491215886805,-0.733358091896266,1
-0.5237549851984652,0.5404001391711579,1.0433948510229587,0.6047594880013394,0.5748244568356913,1.2799742215057222,-0.38983368073482927,-0.012264618121983744,-0.8276574016590176,0.5424842555963544,-0.30645134378505257,-0.7897889185434482,-0.252486941185542,0.34697916323711747,-0.3756699835000659,-0.1492477717319978,-0.4503468408146147,0.8366302709323973,-0.18638118931770187,-0.01916487235007056,-0.6842907793986812,-0.7739325486206006,-0.4463567396589017,0.16464111486806735,-0.016518359915633694,1
0.7181892044810596,0.381681029517207,0.9083121171609504,1.2519209668950424,0.5724267945055761,-0.36915804354375253,-0.7989686749385343,0.5370710457621973,0.09972906890757474,1.1896102589401305,0.5125628525293814,-0.03607523470237866,-1.5634175679968751,-0.041867778624810795,0.4608175096516269,0.445219915667479,-1.4021295691362934,0.35373965122474316,0.5861354631518635,-1.285480930119479,-0.21608915573771595,0.1872251096497485,-0.043864161212291815,0.5358652833159325,-0.8155383710159273,1
-0.5297314539993989,1.751146337264634,0.08466277471538626,-0.7161982018112865,0.6010766530349784,0.0662403989150132,-1.036903064569003,-0.2166753692734625,-0.0011869290153499789,0.49071345929938587,-0.775701909532169,-0.6773839076521591,0.2514497484793449,-0.5155572488277149,1.4357024061026638,-1.6250337820826022,1.083761507558839,-1.5173330451743536,-0.8057594865540431,-0.767815416345518,-1.0941150765148695,-1.6629863128979632,0.3537344930253855,-0.7612500956820377,-0.08088716105365278,0
-0.05960927142827723,-0.3923252155912986,0.0187019238065177,-0.30588656351779575,-1.2824554977386047,-0.38329950669823204,0.8433909421773925,-1.2087157279563463,-0.07570280602815556,-0.098648948343624,-0.04514261762249843,-0.11549315574440194,0.3692207454798122,0.37641031387472945,-0.8714111329784621,-0.0876550522634842,0.38573359373055033,-0.5738843161645547,0.23717402804858537,-0.5024064527881177,0.6716159933997436,0.7924359099024503,-0.04508607428789485,-0.13810500812204493,0.793052545340367,1
0.9283122354776222,-0.5435411319280243,0.5990586835719666,0.4705073683056789,-0.17102113522519832,-0.8725769282495293,0.3012526728037449,-0.13313374579945317,0.3247850202165597,0.7661136962651182,0.43097761428446985,-0.8735062781998862,-0.12681257759998846,-0.02263160053407537,-0.26520639475548075,0.09348640636144649,-0.31399446290184296,0.27684059020136875,0.1547412796256956,-0.5590449834544075,0.30319708316054933,0.14267951171183202,0.20389200645651784,-0.03331099899951659,-0.07386402812883451,1
0.0394491222609085,0.003877324449742737,0.25058736664891035,-0.08769399435493642,-1.5061257691468461,-0.4933779002995811,1.2142467827804253,-1.5174981042122062,-0.1030225187128382,-0.15027877991357197,-0.5545356205488168,-0.1881449301476398,1.1117217505824948,0.3572606011956786,-0.873438222636379,-0.4969799526182148,0.708140069501629,-0.7409939533488936,0.3190662315955546,-1.0040599804378143,0.8670066501650944,0.6183431905516781,-0.003996630823571195,-0.20845881796371488,0.34665363943678845,1
1.3800115485910789,-1.0098901455455092,0.2041839285181736,0.16814990318028766,0.28473172758772586,-1.1189108238810626,0.41866880738971596,-0.4206799379115406,0.7449455112704063,1.0619575218077248,1.348963436831576,-1.102392756438631,-0.9596635608710725,-0.9339922945389485,-0.683222117204248,0.39978807152483115,-0.5233284762220072,-0.32826763963275785,0.2520893338623203,-0.24173776370952668,-0.5771445964103586,0.35240924805490004,0.6879174136129599,-0.6646933565287099,0.6540263323377075,1
1.026255404511969,-0.7215308530694277,1.0689550534034005,0.6649401065516969,0.9029468646620011,-0.3557947959454527,-0.3735018875595113,-0.3714507826823278,0.6589758610091516,1.1721793766515178,0.8502751517790489,-1.393324627774228,-2.245550059167969,-0.7030858255429192,-0.19896113165279167,0.18692828722244317,-1.2471616319428795,0.8175411210865708,0.16386078057031245,-0.8073216674507437,0.05999095714808268,0.9728075486015471,-0.49588445602045905,-0.6550365499333355,-0.5082289229794344,1
-0.5747033321297701,-0.2560845603067257,-0.3069642340354835,-0.6864884730305543,-1.2632436556454198,-0.33421093051560746,0.447500567318071,-0.9122327890639085,-0.005249135476110619,-0.17916108917570187,-0.31454699030544647,0.39480435303438915,1.1284026936862486,1.9244763780100549,0.012618390034078737,-0.0585854551112606,1.2262029388749438,-0.8706352937479561,0.5506618286737713,-0.013815922631939885,0.23343820492077239,0.3591709886914842,1.7341316115282777,-1.0295508573801442,1.9469233700970554,1
0.12888152683157475,0.8703152928547458,-0.234598942258512,0.26975204389315277,0.016625036745418657,0.2829842434482021,-0.21486556076614832,0.5385096441710628,-0.49600868621259675,0.3176070979633998,-0.5371996902801264,0.4528782313066977,0.4098570146641214,-0.259066306914037,0.34884840835179487,-0.3835767802628649,0.12570561001836586,0.21792726156653106,-1.1260712929788421,0.40359279262614656,0.17548460838738694,-1.053151244899387,-0.9681031032249224,0.6906228374306949,-0.7664377194713111,1
-0.07711393382628266,-0.5382244589134033,-0.8252324848931879,-0.26648871007356256,-1.9114625677316,0.2057415256342347,1.2652540528509202,-1.9106552699466728,-1.4179981543858575,0.06985244883291741,-0.1123964995497803,0.2261273179697644,1.5804930646656157,0.5487531629629756,-0.8017871691338836,-0.6027431674182394,0.6631510203983428,-0.8529191679589048,0.04824830379203783,-0.39420398909814863,0.1153632206079988,1.0249080568844113,0.6910539621453177,-0.08322884702142891,1.6147324396498497,1
0.6802672888492308,0.26513147377273155,1.436968201553277,0.6458586960688009,1.1216488862193519,-0.22965615013981144,-0.5219957955675475,0.19744782835961988,0.9175884476230208,1.7575549140348483,0.469158655802104,-0.7874070890278577,-1.3599720131348372,0.8887749954626348,0.26061652122769724,0.5960781627527738,-0.399961590970891,-0.12040221731068504,-0.2156821938092664,-0.25156975958915484,0.9076920720254392,-0.07398937654812417,-0.9109683319849147,-0.8561841026942606,-0.33869543314082273,1
-0.434800858117114,0.3514585370138927,-1.1342084103004597,-0.5987088796703292,-0.6403205870735814,0.5421488171944122,-0.35280800158751896,-0.010711283637594505,-1.2683334567994724,-0.04385315914709593,-0.6175331432654574,0.17022942104157476,0.6765644284230619,-0.4915237117070291,0.5808256307825116,-1.172005680416859,0.5530408038389177,0.3667612721626927,-1.796252643122493,0.7194803740405423,0.1752411952214741,-0.40482046302189745,-1.0431507718945636,0.6693870380175381,-0.2077146148695598,1
0.5925942593983596,-0.7099584337051323,1.5258929523849527,0.7447551021856684,-0.43712979300154076,-1.255188956577322,1.0676627962083494,0.47084143133513556,0.7246244683747467,0.671321534104398,0.3199436660284908,-1.6990244360649371,-0.190351736690376,0.05493488275868724,-1.236194910727874,0.07677618686130162,-0.32399672536070145,1.4264696053519177,1.4116189084518163,-0.4884019113245263,0.7508156220853455,0.2560031775408001,0.10781035511606914,0.27726697517243243,-0.7582302877254915,1
-0.0960565293133229,0.10092274958911104,-0.008719645965899463,-0.3406870930317289,-0.18530320927002478,1.0384727195874304,-0.1633372399077982,-0.7517551434572101,-0.7503991372896109,-0.36296283608841645,-0.32632260047852923,-0.15262372231458057,-0.23298549460246515,-0.3817290575674586,0.5095179440438512,-0.440468631724393,-0.20083273354474446,-0.7987688514370882,-1.0488630225651008,-0.2738066353725261,0.40854383377643355,-0.20442621249637505,-1.8318055616464541,0.9904792972316353,-0.08777419904200484,1
-0.41967301179128275,-0.5278056949975828,0.05287406483873583,-0.9926158390848413,-0.9866740642513449,-0.32783073390543804,0.3562590319987087,-0.8276761705583334,0.3605197149077806,-0.2881433268275519,0.10205871235330792,-0.1729768546751593,-0.37271567917050313,1.0483402211497748,-0.5191881868726276,-0.12592601525944835,0.6624838192408149,-0.7498011139408326,0.8220131180601241,-0.031195684600230512,0.33187332754292415,0.2635857022105402,0.7280889968062245,-0.6521098740297475,1.8973138317468086,1
1.3304768007134753,0.22979281766599552,0.6108469792570079,0.8064305539485841,1.1419793709264643,-0.3335450784018994,-0.3093115738739456,-0.7574654030758184,0.6640457320434886,1.9816855600481444,1.0044655561780822,-0.316969420254642,-1.0090885182791993,-0.22862652350639798,-0.24335251417003698,0.9259250897588427,-0.6093308670865167,-1.088279586959734,-0.9887155592797895,-0.47503173958126516,-0.11610288433513717,0.1773545402993816,-0.4639560133135236,-1.238153438553078,0.13203511153571268,1
1.61862536358482,-1.2249597603740456,1.3086023503962199,0.42428904790878336,0.8838070129798725,-0.40185764317104905,-0.17973114038788304,-0.6098823892851739,1.0246913882546196,0.740964295466929,0.8584878584813223,-1.488657058569798,-1.6568587921671973,-0.1635211673792411,-0.07628243934937327,0.6110786330692891,-1.06457941482783,0.1151358284108876,-0.24621109483600212,-0.6708527848321583,0.5803922207579432,0.22728102866901448,-0.7448203824607609,-0.4672567593804216,0.13586275744226056,1
-0.3532468239703999,0.18713360377724017,-1.367910905622987,-0.7982364747559547,-1.5529716519951402,-0.4324550956616355,0.703956485770777,-1.1888862931636046,-0.9403439451763929,-0.019277512847947487,-0.0021057564008005163,0.22805747183588382,0.39913172961889043,-0.9918091745525729,-0.7105523279198513,-1.434975333933718,0.7436410595962014,-0.7712117456694604,0.5707083482512266,-0.4241900177621947,-1.208385662550348,0.4250270357841316,1.4926989913432054,-0.3556472875390609,1.355710733858235,1
-0.6144055438644521,-0.16119725767939613,0.18702662416583107,-1.396276886061733,-0.6092109270980668,-1.1574211294106678,-0.6556255187137069,-0.15939887763062152,1.0858973022726575,-0.8529661924045895,-0.17646827122661166,-0.7863118616070841,-0.5170425857648833,0.21784463616813612,0.3082808030440049,-0.5193137837507322,0.7755728989906931,-0.6096532797317684,0.3215826418817858,-0.6161146368840675,-0.16790804996517922,-0.5076480191003518,0.9965494631298889,-0.4781271946392396,1.0495065937466885,1
-0.2074288275564763,-0.34965490748413985,-1.1984246224934316,-0.857889158114451,-1.4078184517168135,-0.43926226292261483,1.1192170924583056,-1.1573023357124268,-0.5418986794458982,0.14312477526993747,0.4647862390481564,0.07153600853979315,0.4306350283422361,-0.6552329351270898,-0.9040758368492847,-0.6145262887064017,0.7627385565499983,-1.1436947130274349,0.3193065647903055,0.1754646273406048,-0.485323312826732,0.8325623256698165,0.7238743413170861,-0.31500722290729843,1.3798617714257906,1
0.024310534343028545,-0.04453278012734979,1.190847716882364,0.37457050747217735,0.48052452075083596,0.6068913816394872,0.13736878419658083,0.6681106887578975,-0.22044040884336577,0.9959166796917645,0.2127346509554894,-0.8150872203824809,0.6507891807456373,1.8674785774400615,0.6699460814602525,0.5166337832297007,0.1918978021917213,-0.49120683541301874,0.2839642829972616,0.5163946222633544,0.4376569185930276,-1.061914946224396,-0.21166693054907512,0.4292568916976101,0.5379737529702933,0
1.507955849317717,-1.09736259513843,0.8564890104327657,0.8993727817747351,-0.20498295932411736,-0.9318000112500624,0.4397277013551429,-0.5239922577823448,0.1523908480383421,1.017753472764464,0.9079313583354306,-1.0164179241874953,-0.07911544379101386,0.28337696828025855,-0.6607901412874677,0.538957381162089,-0.8112495175304641,0.23072936850213283,0.6039379487567667,-0.9621582623061503,-0.14293855589588111,0.19879421027657596,1.0319677518937929,-0.09979298602820759,0.7495112690903367,1
-0.6719867374607579,-0.13718666090376694,0.35610504902876416,-0.8300359460014396,-0.8657857093167695,-0.6162646030096227,-0.6546923714640327,-0.3743897908237305,0.4675642055288236,-1.0762530630387153,-0.6631519605966202,-0.30323923005082853,0.4703912512696547,1.254747499979436,0.5717424174068687,-0.2777976117394798,0.685910102645523,-0.33195430185756686,0.28248231665891466,-0.891457948929685,-0.07220009922338919,-0.5328037712547634,1.411838147129229,-0.2389169176559768,1.1767197031828933,1
0.0012416219491779006,-0.15689805248240396,-1.22264769669885,-0.08175819107141163,-0.2578714422078195,0.5613717375055577,1.4567303129747093,0.26682672624600895,-0.3667852122017087,-0.5158644029712597,0.30020938072152653,0.6653551986308422,-0.4121598681099992,-1.9829258976651962,-0.6076608012907283,-0.09681498124242052,-0.14479129863191903,0.022907154322618983,0.3287995525693369,1.3456996391973723,-0.6658457592856785,0.5503181424576608,-0.7652561320238785,0.8884233054190119,-0.7686849663364159,1
-0.0004474587296492115,0.7332587013746517,-0.13163354242936964,-0.614611853580864,-1.169377518426347,-0.6443115810060408,0.8882043928214427,-1.4079587495710733,0.32996643640880596,0.15909873041702288,-0.39527561713044207,0.1635203784141557,-0.35686152342064703,-0.6982376753085852,-1.0021604875489116,-0.9644345696472045,0.7445010509676641,-1.3196698321261577,0.17860192744237033,-0.8454294166304698,0.8462014185978969,0.43108187990250874,-0.8742981654989963,-0.4928982575515175,0.15538687684477073,1
0.2672221372440418,0.018996924709119598,-0.34526507784494864,1.1924539790610538,0.2013708797652805,-0.19406073299122126,1.1042801334578447,0.9620099863001893,0.4649909069503146,-0.47576979613242737,0.23379296171660383,1.1937779437387679,1.4433836214889675,-0.16661588279771486,0.04926424694075679,1.8139389080662944,-0.19566867435617472,-0.15903919620701737,0.4020757473506516,0.7451791702313654,-1.0198612908086844,0.08793913879631206,1.1693705643849766,0.6470587599405033,-1.060806241474701,1
1.7558684137095515,-1.3448485598829536,1.3672103932459603,0.7664281406524944,0.6436064784534087,-0.7315797660100116,0.05991671103169515,-0.7330599145106539,0.9602647257710148,0.8818987123049109,0.8500454080960281,-1.5239437341424804,-0.6976834406476782,0.22327637453084279,-0.26222811289326975,0.8831528348613474,-0.9080129154929528,0.21225907807527997,-0.26575338679047583,-0.8396205935404852,0.4558964792799871,0.30140821862373596,0.009108779337802556,-0.6544752923392134,0.23830041361581386,1
-0.04882077650612405,-0.6316298610288812,-0.753612399440652,-0.03816680791270815,-0.35417366315921345,0.038007148177162275,1.2270770939301832,0.045650794769864333,0.02346131281533331,-0.6418080838036319,0.42506594881764326,0.19943686880799083,0.4018456778288699,-0.982236057009388,-0.38179234844467197,0.5078276734386975,0.03833307569771092,-0.20821786003190182,0.4412511232098724,0.820552353925964,-0.8229718931288298,0.6450013689956493,0.4612902807339583,0.4539988609562434,-0.15594988840585247,1
1.5858953294270866,-0.2515715507815085,1.6044448417059474,0.9043082887209511,0.6903503679803545,-0.9409285449162996,0.055199371514654795,0.5798009837631104,0.9252082839238855,1.8498796953848382,0.8027719514181516,-0.9274154721260808,-0.1955553559644913,1.3901872324475606,-0.01270698026714966,0.9272411426783476,-0.3350151703949341,-0.3764082950380718,0.2503558464531177,-0.23077548775575335,0.872947877330711,-1.1388604354489285,0.004301127126605336,-0.2239244158298243,0.4241012691856509,1
0.9043082047536675,-0.5082389649813202,0.7107488452179687,0.6831976732679257,0.6536775086545608,-0.00943654695022326,0.27428402248310196,-0.01726239977823337,0.3166376262572857,0.691503421988549,0.810912572263538,-0.807080533047684,-1.4922802688991559,-0.9277300194366167,-0.37470123944237615,0.39602383860229123,-1.1117787672365584,0.26611883889554055,0.48311610535266275,-0.30890595847432234,-0.316476882484509,0.35225312629493655,-0.5284148716798421,0.23868425004393964,-0.4616337577339212,1
-0.044843850158845226,-1.0009791503501393,-0.1897651856445687,-0.4880511365979068,-0.2857550675918676,-0.6529566862626727,-0.5403233413363061,-0.9199072761596518,0.0923082961370858,-0.6814023786245049,-0.11535667531215597,-1.5022602752239533,0.8585932899806843,-0.6198096397967959,0.6760835081871127,-0.4137117019339389,0.2633627438344296,0.3905572430966267,-1.2325821449973893,-0.7936277522626192,-0.8086206668415025,0.5940220781390307,1.1448165930930057,-0.5588093440043442,0.04020606055153693,0
0.8577013859297578,-0.6539205331655011,-0.5696488404461819,-0.09638161073614725,0.0856693684612649,0.517210007616373,0.3111934280724728,0.12918993237157056,-0.42352169902736025,-0.6533628631964696,-0.2444267941888059,-0.07885456962775651,0.7579789732251885,-0.47397319769669993,1.0026132932594407,-0.3384610383462268,0.03286638106407445,0.03846658534103041,-0.9214550485210211,0.7042314038732956,-0.1938545856121797,-0.8937220225396274,-0.24372136255414664,0.808541970541747,-0.08288462600100041,1
-0.604632161181032,-0.009516626948104203,-0.26561478961992063,-0.8758127765796302,-0.4720540676069608,0.5127040421212415,-0.24316756027150233,0.14343123247049283,-0.5862567379750167,-0.5728291224746559,-0.5946241561442532,-0.4643229798398073,0.9075719810123382,0.24445852022826123,0.6955295937767764,-0.5922302310207086,0.723744663117739,-0.16051535267339728,-1.461981044430896,0.7015026324939199,0.5956434997287424,-0.8992689935637324,-1.254406315343791,0.9223605164066043,0.05148186160302268,1
-0.38681726358668195,1.1255698950552138,-0.6382989145594845,-0.17501319555317998,0.04374662024576816,0.727530067806823,-0.9274563145960412,0.2905296133354531,-0.9097639669713463,0.3929602524685312,-0.5428561536685903,0.8018456172409478,0.25841869485823216,0.17809219267739484,0.9187785623044835,-0.49272208062512723,0.2971864128150534,-0.3879865234429471,-1.6242615763888753,0.4289366524404684,-0.05258585530564564,-1.0321300296282008,-0.9194348873510871,0.49562288466487825,-0.0710339953972903,1
-1.1800816877778502,0.29149695921660834,0.9780618488458922,-0.49552405797606136,-0.13274242974933456,0.2239494428859121,0.080246934321625,0.6496396688654875,-0.16742292172481255,0.8197015072591851,0.3979448772177493,-1.0762738862604437,0.6557217818699714,1.6502055682018661,0.16462588551518048,0.4066220720316546,0.7542889784018203,-1.20333137075408,0.46307837023252996,0.5046014218471911,0.27060721683316324,-0.8069761185582511,-0.3107917207982966,0.5740863761974616,0.8957271003330237,0
0.05790575961871952,-0.0018317574256179292,-0.5332675493019368,0.26422549935534756,-0.11397929769451016,0.38778701109639496,-0.9911193639961645,0.7292146364863622,-1.3400337854322186,0.4333614820278125,-0.3335634258844883,0.0018431751548276148,0.7938827655766073,0.6022233681244886,1.2285970311653314,-0.6223401942230034,-0.07846894500461012,1.1703807989826307,-1.174140848560222,0.3794063605563161,-0.46500367636091433,-0.8493022064057925,0.5435140080984006,0.6747778784195043,0.14024251922822317,1
1.0051525175812799,-0.09145889506438733,0.26560199175842286,0.19540754957656847,0.8681437036633524,1.2008751923607868,0.18161050252211236,-0.13359725746124018,-0.1327831596562911,-0.40817147790745006,-0.2597853141819765,-0.07925152406099518,0.013105444960163201,-0.4303450914063652,0.39086873822782553,0.05533678549832075,-0.3255601300150303,-0.37376323171369813,-0.9293460944132723,0.624691542075687,-0.33971703638535367,-1.6885078930482402,-0.9841612082461145,0.5275004590166277,0.11724576127441352,1
-0.026769801738228297,-0.26997711646822076,0.007114153547801812,0.6378190378111698,-0.067090645564321,0.37035254042344173,1.4868062092801386,-0.2290210689551802,-0.049447779448382606,-0.13293452671649217,0.2120767576370669,-0.007990877646191316,1.3401677211509986,-0.26861734999093656,-0.8346759517007604,1.0091230104779758,0.14779309302610122,-0.23565163470426487,0.1233911765833391,0.7288353177976468,-0.6589208132752103,0.3726532269454463,0.32234202955905406,0.09815095002508158,-0.33026822375066617,1
0.05824057942772335,-0.7087284770342515,-0.30370429557144635,0.5796239855898031,-0.05856005734905607,0.9238544834511465,1.188917346744771,-0.22437198427435676,-0.6496968125047639,-0.46564443904667113,0.06175502392049939,-0.15254440813189915,0.24299991546461852,-0.9411356368002973,-0.4510001530382541,0.1767055214679265,-0.4707353604566568,0.9006938377286955,0.25956855268573553,0.6852248578267883,-0.707567225094298,0.8653531324691943,-0.08853987529146781,0.5064456874116805,-0.6650239642359722,1
0.11413128242703952,0.6637911939172336,0.7680123154201,-0.32014223479335624,0.28242090053294777,0.5394938635522412,-0.5040872639073612,0.09113923307123002,0.7646641326587521,-1.0816150539794918,-0.9727209131798988,0.5030793178030529,-0.635994851879872,0.45803828692625614,0.4797480347544901,0.0896222766500518,0.025307982299125318,-0.5527800300944288,-0.578857567173287,-0.12551327029964673,0.8292523813452669,-1.683576994882618,-1.4765634639279255,0.5809632837327247,-0.12989395713840057,1
-1.1646074174809091,0.4572480127546219,0.38580020191376446,-0.5578764256280027,-0.2965859212334711,-0.2842606290034158,-0.12696678111191456,-0.04014411312460566,0.742096946943127,0.22392885377936153,0.3302180924332441,0.3151380574870753,-0.4128371031905723,1.3903740101746833,0.0061445643093878295,0.900807814923282,0.583136597636047,-1.5516273686290887,0.8063450299896683,-0.07061665135401715,0.10287994954963497,0.40108974328452707,0.4658476178211505,-0.4913952474130485,1.0031565729676752,1
-0.43998591437083345,-0.2085700810333333,0.39394745294845995,-0.2075302296476904,0.352992100867297,0.740112019146057,-0.8248955013797802,0.6603315698194123,-0.4351965178888538,-0.27916568159989275,-0.46390925456312143,-0.8059681629994032,-0.21871228114772723,0.5458167198691506,0.9352068327402123,-0.5043936648253822,-0.06289638988676793,1.172440828855528,-0.5065596901156469,0.46955224125109346,-0.15965913142476754,-0.8396214966695426,-0.1833216314289576,0.4434186199764339,-0.016849531571891185,1
0.8129448193126236,-0.08264319588230186,0.7992046055294482,0.421329406847382,0.5361053518074917,-1.02484976920944,0.11463528349633667,0.005867620323090586,1.2371544995401071,0.7400469687788328,0.8266586148297734,-0.7107912174469939,-1.1366464732699832,-0.9008551655653196,-0.9102692677093196,0.8466028712461054,-0.5896827659198671,-0.24176392009479042,0.014730155147285403,-0.4235014907176096,-0.17607792638907832,-0.01291401418125979,-0.29482110718174737,-0.3449646512525894,-0.39193300455265073,1
0.9339558371038889,0.05909385984417269,1.7796665460779595,0.9464188161149564,1.3629187373049994,-0.408333195231356,-0.49545607167544337,0.19193961346874966,1.070753846858334,2.032728850312693,0.6902991308412868,-1.2976186626883626,-1.3525555090395684,0.5974634454514239,-0.3623645145278537,0.9083431079462916,-0.6557161659373163,0.4250190427754529,-0.5850812872927239,-0.19153755149460658,0.8367180595270888,-0.11279230750646874,-1.0856885322156677,-1.001158274400538,-0.5538890209474626,1
0.7271030369217676,-0.783228710184232,-1.5376039283768936,-0.18910914363015174,-0.4111915284152238,0.31259826332250384,0.5818928338597213,0.49996129925780125,-0.9918040063041301,-0.34404088993649456,-0.027888319388795935,0.3265892474547305,0.8946588222004698,-0.8424040765126444,0.9330743063168611,-0.688092688681632,0.17726136804210688,0.552902024957298,-0.9064222245519096,1.3412399735217337,-0.26946663860837067,-0.30556077761755496,-0.009347313948264976,0.9949367714756713,-0.17219664476499313,1
1.0967163801384185,-0.49532041392988807,1.45059916208748,0.5408262134975098,0.5092323120952115,-0.82568460652315,0.09260604633608237,0.0006125095687367569,1.1141111550400995,1.0804903950815525,0.558468611395747,-1.2120028748972171,-1.1403730937635344,0.35789666433654904,-0.20285779841508067,0.4666739850624231,-0.5289228830779809,0.15083330473993334,0.3523972046269368,-0.6074878305453123,0.9468380548229737,0.08789289159837492,-0.5504805657503015,-0.39945879547963137,-0.2891138318055225,1
0.028258608028157384,-1.3175676516665473,-1.2204130991676452,-0.2240906962538489,-0.9337031018356236,-0.09855554242181715,1.7625099173099315,-0.27181225579716245,-0.010197799176796023,-1.2958301357728164,0.38285135986898317,0.3654141152363925,0.8616008836583975,-1.0904906197098385,-0.6238957795623854,0.604140098337941,0.1590312226940657,0.049721862701302674,0.4206283391066723,1.059077087416755,-0.6036524544385046,1.2395474656012524,0.6523229057205654,0.5538207920281599,-0.021370868563299693,1
0.9479709650666089,-0.9598164060360905,1.6482376591979349,0.9988942209401187,0.10027641086187249,-0.28219723216799214,0.3373964297599672,-0.08026348228291935,0.5299001670818703,0.5335493788820527,0.5359165664110165,-0.96036704411906,-1.0998610652582557,0.6453742255067447,-0.6331670686938935,0.917639758516551,-1.2081276618786803,0.7975958329737864,0.8484784863752353,-0.7849893735407466,0.9479570406885909,0.5052396429168214,-0.6476088637914549,0.4844668591065059,-0.23544089363734047,1
-0.16884787410941307,-0.1821353883759967,-0.30279544299919975,-0.8039234377157908,-1.245249217342577,-0.15092942499833856,-0.6365911759010382,-1.3052348478917175,-0.1994821738161536,-0.7758282449403725,-0.8565840677827132,0.6808044793826792,0.8327158961353951,2.0454105424580016,0.7862816681487431,-0.4823490623916799,0.8612845693328998,-0.8194669573288325,-0.24684846681122474,-0.8695229485234999,0.28432019345244447,-0.34178151043051835,1.622046031620457,-0.7893450537348716,2.236036613431206,1
1.2509964019145934,-1.2597478943493676,1.1539090864422559,0.4137655600662848,0.9651669394602792,-0.17731937474520412,-0.17740133028444202,-0.9113961391267502,0.9649430237264788,0.48983626426096993,0.9712239158606689,-1.4854473679830533,-1.956657875624272,-0.637700334528908,-0.46085060755569063,0.7191434932528181,-1.2419155693037298,0.26213414746072816,-0.03405630747300765,-0.7287860425601149,-0.19161309015031777,0.6877720860948263,-0.29542476882239743,-0.7708414876044453,0.24316156610112893,1
1.187506133988124,-0.6780209432657631,1.18939487296405,0.4546688081411266,0.6667406693385857,-0.9261816443483396,-0.36200800879209377,-0.03649282498229681,1.0641323625671226,1.363562667142998,0.8578370624646252,-1.1825233277376583,-1.3084162902029368,0.4575923317555544,-0.005926443414581441,0.6381613516953442,-0.6184539523129333,0.1347569443913677,-0.0939382353665455,-0.5120545568089739,0.724978005010692,0.2160290537139532,-0.2596066990076098,-0.6995071223796644,0.10203586604161753,1
0.10946003041113823,-1.0267553265624223,-0.4394922403471745,-0.6984863300954143,0.09183378271751351,-0.6972599235497874,-0.6857909308844833,-0.292327070226217,0.20643715083246958,-0.49934441319945794,0.25458126109799134,-1.5657830922798792,0.0227593689833334,-1.2228345402012875,0.7026815322048394,-0.5966172838248981,0.08049768678860333,0.5896088554305559,-1.0159164788339357,-0.2449430427420836,-1.2076131397718208,0.1878640320286297,1.1004246164421485,-0.4218964821876586,0.0985401664529918,0
-0.2198817865994223,1.0734856433614814,0.07967726792792,0.6238337387691195,0.7950649981019661,0.31517419098197985,-0.31135810557195853,0.9207884359614471,-0.06757494400188709,0.6372121831270429,0.3110230723284878,0.38386158755852595,-0.7548659087090904,-0.832744127897508,-0.08520598504735552,0.3969914445485706,-0.5302430432505971,-0.08401808247231349,0.15578708649549886,0.26149884152080255,-1.366090050819665,-0.7446356323610184,0.02608590778742037,0.41567263608686816,-0.6468245099452712,1
0.33800441032086936,-0.3035011311849384,-0.4125588266723835,-1.2264666717118027,-1.0839905964840044,-1.0841806618413459,0.5821607576935318,-0.9136067901481252,0.9659866721110659,-1.026214497143945,-0.12620496553530428,0.027373330588181317,-0.37161056099346385,-0.6260421597427291,-0.35690915761426945,-0.6087885127347407,0.7054595679831107,-1.3287276298446902,0.4755518843078421,-0.5307119141069617,0.19553961929280858,-0.2590473844884701,0.4047587622655488,-0.24506375952006157,1.05413840751892,1
-1.4816632058835904,1.205349822254497,-0.16985214572911064,0.14889865933347773,-0.10046773130484968,1.038186158742681,-0.4891798347228629,0.21819973525994033,-0.7131524417727797,-0.5575440392336523,-0.5581375577065263,0.8339054647238345,-0.014470513939793678,-0.29716330658062406,-0.7229468690257853,0.324623654059546,-0.15408137944745187,0.41640900071880727,-0.5082698921498296,0.32958978224009583,-1.2047944475718346,-0.5091954891540795,-0.2622189683380943,0.5594512817487851,-0.20746566483788842,1
0.04622370582623753,0.17799677878891207,-0.2080344517678012,-0.5407600070573146,-1.7778802333162371,0.07195424284479546,-0.09098003383976529,-2.101101191382015,-0.49212043265818195,-0.7550445410846823,-0.9815334640802761,1.183195346401247,0.5331483184755433,1.5174569810853977,-0.30842968649096725,-0.48050231804635574,0.5093824831803181,-1.1835532538631544,-0.3365492223272388,-1.369107783038988,0.9202447402696854,-0.04113269241482666,0.28087108452730053,-0.32642699853822854,2.0117327199953827,1
1.451743551253946,-1.0560492500648293,0.836187537416259,0.6340300907089252,-0.20588918258194536,-0.8305592922944433,0.3584749392945163,-0.3799248264987825,0.34583922972841924,0.7770466503655624,0.891077289829134,-0.7181580353568696,-0.43028096895874657,0.4698770302045041,-0.400522021288072,0.6487833649290067,-0.7918107657112471,-0.1902595995690206,0.6688748907736004,-0.8362002172367184,0.23713235142463707,0.05198444473646602,0.5565924626393676,0.17718617387903376,0.8470342919742614,1
-0.08326347501727077,1.20309657692326,0.6108610959781343,-0.2238868194765045,0.09600912293549495,0.38345243414143965,-0.9668623777911417,0.2020313464197146,0.325207096813032,-0.4799969349351391,-1.1368508692874162,0.7209787490233535,-0.13890007928068204,0.9569686513219035,0.7329673127319489,-0.18090008944106495,0.2900742006753476,-0.5740748839449026,-0.9848187902010648,-0.30587979718113045,0.8375869205050008,-1.916082212093142,-1.182945984889651,0.4503472499285416,0.001258832717347849,1
0.44132842203200945,-0.7087217968565392,0.2750170140749405,-0.012916774085667094,0.10139957172751234,-0.06268721802265326,0.638398718882634,-0.1975845164396668,0.16996040601166335,0.10394395715951418,0.4113873576299565,-0.97228468812631,-0.05921380524358556,-0.39591119412533504,-0.510189569327438,0.009702794326601264,-0.042144430467225824,0.19144636424812436,0.34386023453720854,0.32921805680272315,-0.635022789857149,-0.23184404784088963,0.5483026432845848,-0.21919682113039127,0.5144486496810843,1
0.5526676283044929,1.1571084576874076,0.9391300813001018,0.6376966094929769,1.5687382500789084,0.7851058367836508,-0.5871745584055391,-0.8066321628425679,0.37268916901012467,-0.023975469553916884,-0.6221725595222847,-0.758378693670656,-0.04136424402858567,-1.43305612506892,0.9506944155586334,-0.26810407618719306,-0.34935202424331674,-1.0850433466229632,-1.2762238926532203,-1.2660682387271127,-1.1848623940674394,-1.1358802981034934,-0.728213436423728,-0.3464987300233719,-1.4136832692572776,0
-0.343068830003133,1.0159314882425954,-0.019824262007801033,-0.1639304887110954,-0.236137010067619,0.49918832021199033,-1.0516796320602815,0.5925682527686793,-0.924223236300631,0.5519026642941129,-0.7329713947496022,0.3885581199251562,-0.08841482693613785,0.9764420189635749,1.272089729740433,-1.0088848441485747,0.24928549539160905,0.0007021837567776094,-0.695579268472018,-0.08059900117938008,0.5909811221826068,-1.1887271673354654,-0.7858873215666214,0.7763981162657897,0.053680839676222974,1
-0.6852235798775583,0.7568314720542118,-0.05354197106063434,-0.18933060288631667,-0.047975855100642,0.59678907984173,-1.0902993208038492,0.501059776413553,-0.6788853067415928,0.19500744801222786,-0.6348120609868373,0.28198428372169154,0.17684876691512083,0.8352310584235839,1.0072199047363108,-0.3237560905175037,0.23664919264938233,0.18367604576328128,-1.3327290326617252,0.26672801028253434,0.4479375198386265,-0.7783763923278632,-0.9561586520159592,0.6044516633660568,-0.18786471072608152,1
-0.2080273674391185,0.557082076643932,-0.5215141847918385,-0.5078249408482459,-0.08193204041434447,0.42562421913235443,-0.2369653150526773,-0.11484747210201583,0.3225016790055757,-1.0573719727978443,-0.9761486167701491,0.8641104086193515,-0.2599378320229254,-0.4812923412841798,0.5377003583183004,-0.3262131206234294,0.3707518836518945,-0.07624479892736334,-1.2567935534768302,0.42604969583844055,0.5638927498073779,-0.41282087992781,-1.3036795057222463,0.17079400056650382,-0.7296137888668877,1
0.8387103044511396,0.5101061278335656,-0.11676053417233621,1.2694594216223147,0.6680135146071448,-0.1437930962633175,0.4324495166609552,1.0726830697093606,-0.06153701429184502,1.0075215321312683,0.6637496921494356,0.5917251626826159,0.34365002591366545,-0.7813373674204609,-0.4506802894370101,1.0915394429706082,-0.6323102131680272,0.09455219785867161,-0.3124980059167092,0.7246119817961564,-1.005600903106316,-0.8147027473552774,0.10488843333969791,0.6579389153075936,-0.813884419900457,1
0.6648730650391644,0.34498527836917,0.504396264760832,0.37040341965437396,0.8440901897726834,-0.47367003677709274,-0.4793665852036986,-0.2777543469883532,0.4247164737960296,1.6475438436575442,0.9288637179023029,-0.7600098458432283,-1.4294064692121873,-0.7585039532340321,-0.6466887141897827,0.17569045169964004,-0.5379482804088469,-0.32622398830212906,-0.22846309107235144,-0.4074214233799466,-0.9107625350955487,-0.20825297951875604,0.19150800419612143,-0.9869409767970657,0.36850894310676713,1
-0.692467989411318,-0.4103766715603676,-0.9484786372108299,-0.7109202950683899,-0.20452598787020002,1.14832098493942,-0.1467009536272772,0.22476150177144838,-1.2925986264766594,0.00726131249036219,-0.08336477873939288,-0.22276142088193088,0.777069159405444,0.34423957865285093,0.8870498232874041,-0.44665581847263647,0.5556181969398464,0.18285601694605044,-1.459514470282527,1.5622228946196073,0.015162003436685289,-0.1526742978309694,-0.7693890107960062,0.5965689717952821,0.45742088949082915,1
-0.24041951005896622,0.5410319078319029,-0.5938453010909089,-1.118410848816742,-1.0807128500378484,-0.9215057263311065,0.613644907177467,-0.7581714332740159,0.37698954951873453,-0.51123270619391,-0.31652129709280497,-0.22200770585265034,-0.2841148124950129,-1.5117970997430346,-0.5424019916907304,-1.393322142857386,0.8698296292086449,-1.094189264722928,0.4116118685198961,-0.6137183073013048,-0.2847667958965625,-0.17449700820467381,0.09172126997744544,-0.14335528444837356,0.21373188500192175,1
0.6298911099778775,0.6592174699931139,-0.5791993219888572,-0.09242364520862993,0.18051019531306892,0.19753411421612488,-0.23373608795874565,0.6646072423492643,0.3158911006014839,-0.6992567623951349,-0.6397619882540012,1.432468626110804,-0.16213062500231668,-0.13328205981653735,0.8001339903608362,-0.08690759443172617,0.12123171730190373,-0.35578940418403676,-0.5423407147193857,0.6047213148474456,-0.06244892468492446,-1.6640159143883777,-0.2239683500133809,0.5275092419019715,-0.058040875540855866,1
1.5753783210228982,-1.4439255164710967,1.364612141700759,0.42672790417033807,0.9708289177589039,-0.5934700614839655,-0.2584824138801856,-0.8777876312631612,1.069846067813162,1.0323990562184646,0.912061717018655,-1.98536975978976,-1.5338776841028492,-0.004992691351033721,0.053749299899802865,0.3885948637172992,-0.885628541467825,0.3854822691291945,-0.14415006981836198,-0.8490808977277873,0.3070448046153244,0.6647722160373964,0.04711724842517013,-1.228361991216622,0.3017043814918363,1
0.046771011597013565,0.42715583450105005,-0.6549440938340405,-0.06810610350942795,-0.07673237357950827,0.5160130835872673,-0.7963160032354112,0.694706158941817,-0.9309444198768189,0.27501179044233404,-0.48002040255224704,0.6545336252121521,-0.04018482079929347,0.5743280028258413,1.5550753303248737,-0.8704851957685269,0.09685141764322952,0.3107307676151937,-0.5239774969241285,0.36740982807002714,-0.049373252477584104,-0.8269177105211224,0.09283103016380632,0.5881938266915295,0.14344734896845424,1
-0.5197195476202889,-0.21786026118715668,0.3454474717218669,-0.626035286623614,-1.0846730101189566,0.0348911480395098,-0.7714348813290078,-1.162620918915005,0.018885977359377606,-0.7488360819588459,-0.5410284101781904,0.5774174885214053,0.22724555446073547,2.3638098871733484,0.3061820744638082,0.3308839711573503,0.37870178625841705,-0.8696200836740791,-0.003228530616817461,-0.9696039000242285,0.5406253128244422,-0.11906358270627142,0.9392264526529244,-0.39765585368388773,2.1884383569316346,1
0.35324608260786433,1.40808084107659,1.1394540861924378,0.61639560573941,1.020390624980389,-0.8956445586107722,-1.3284084259796616,0.07222355148111305,1.0265201499963779,2.0858381638384222,0.4187402548630453,-0.35918885539677103,-2.3957154399565472,-0.28766839601785604,-0.11698721457097827,0.053173854281382875,-0.6325019412534626,-0.25150869402094583,-0.2428644048666095,-1.2879025920304932,0.16741149832921925,0.028821759337323685,-0.7098818136831911,-1.1431583218882848,-0.7597019774298003,1
-0.25172386553470005,0.261680198599328,-0.046780190867823195,-0.1192699371507521,0.3314499988036116,0.3160440202152368,-0.47791220753796,0.8388366412504583,0.03534547254100796,-0.39771306013665986,-0.5005670319053885,0.009578792764127824,0.09716425122696977,0.10520558135020247,0.9800893265853914,-0.18494116221799442,0.18340879235459037,0.48002005464658554,-0.585493260569193,0.5827194465925981,-0.1595205568577483,-0.869128500483284,-0.17778229171845042,0.43371322570946713,-0.536261931371133,1
-0.09575313506614963,-0.38691167979772795,-0.0896119488394548,-1.2789997260817,-1.293005504960435,-0.7777435099101158,0.268627849973289,-0.9692943345789171,0.8160219262547421,-1.2636437883547105,-0.47810996232252095,0.16907563221009195,-0.03472016365701235,0.7306460331016427,-0.3008086086277805,-0.4380150593823942,0.895409519581026,-0.9843611495677822,0.6442086028907252,-0.5001054289995687,0.38415490841888345,-0.4644124289658631,0.9667415360069043,-0.4891591277925194,1.8299849338545546,1
-0.3907363478944272,-0.26120683882976975,0.4539465968975633,0.7495862512636868,-0.44746459844115044,0.4166624823787709,0.12713157526855393,0.0880367629624107,-0.8323953374638849,0.20530625169867697,0.18267521221072022,-0.13472680351310426,1.11364431391366,0.8639956614957717,-0.7729168647159151,1.112310693953815,-0.421421396361277,0.5962824277565817,-0.5292499069063791,0.18803456814559602,-0.19728714474164832,-0.03944632955611976,-0.06521482011890216,0.9151361861993151,0.23005979144872646,1
0.16390742509442371,0.8156429605950551,-1.0682734302793337,-0.14271539086065424,-0.1034876613422636,0.5221181006278315,-0.5951884829192484,0.15447632405028927,-0.36945372471923604,-0.36134938499948177,-0.946236164833226,1.6538313691513755,0.3980355731671761,0.2733656507414969,0.8441529244184465,-0.32383768721206735,0.4448786357009138,0.0527866948600168,-1.6472912169619982,0.7789959680966583,0.17548339044279154,-1.027808620316252,-0.3727599177109102,-0.01322420629297975,0.01964102203933321,1
0.6953714296630359,0.42884613243593395,2.2952996978467026,1.4074413866710138,0.8799558716072702,-0.002500340396884877,-0.05900784269432835,0.5492349239887547,0.5584602313438154,1.4897263809384835,0.4528519184643143,-0.8817817164379886,-1.0090460101408192,0.8532767991256274,-1.1188105060850133,1.1250582331661678,-1.0695954587558965,0.48902793429953134,0.5602847471089859,-0.5189562398608972,0.4771765152374644,-1.0222006454401091,-0.9753906470037668,0.30935757461875124,-0.3420944440387103,1
-0.24984884147666248,-0.9989865750589236,0.028550037356357992,0.09497273398503282,-0.4036168602193702,0.01278817910920873,0.10815105942583765,0.01060357320004585,-0.2814512509241958,-0.3479439157550058,0.6139175716665503,-0.37411170547904027,0.1190408598882613,0.2941378980061571,-0.21743882615452234,0.834881132102381,-0.48621945059682153,0.27555076828523556,0.37169117314449146,0.05764575589869362,-0.7457898928736423,0.5197438798073988,0.8754782284171746,0.596742166372308,0.7234334660434841,1
0.1986581319712225,-0.04037456398135234,-0.3474073286447219,0.49736146439622886,0.046257276326221834,0.172123208372605,0.5686737544877173,0.2893805725900661,-0.29384092165498177,0.2440952523367153,0.36101596303123873,0.27017684230051014,0.4104431113233487,-0.4891794162495848,-0.4631735730259605,0.5675160799534098,-0.2057888097516814,0.13632379226285357,-0.14928917003698178,0.691575309148343,-0.8275442155755593,-0.14297306909297874,0.29694122996294287,0.34215815457561893,-0.09852404176799284,1
-0.442714657599333,0.413745241788587,0.3465135912610513,0.5056003613229592,0.4816851468057991,1.0900981954308162,0.16255051489777642,0.13617459187637831,-0.5019863343574611,0.2414011019747362,-0.13940143274290354,0.052122233642713824,0.3244609503518146,0.5221387806783365,0.11819341873544884,0.3267079223166501,-0.043448533699025516,-0.014050593986856262,0.2133913493954594,0.4553348313251237,-0.904257076373198,-0.4425138886953774,0.38178377613552567,-0.015643111340622413,0.15161315308345233,1
0.4549505142300885,0.11196900547908614,-0.3587561677474051,-0.3245600186731044,-0.9957572298222391,-0.8213927525328766,0.44321140532383546,-1.0911720236132088,0.4999101645388473,-0.02833659956118616,-0.31280826337475254,0.6622374092831962,0.10437532630355315,0.2589371300089226,-0.11615408778860885,-0.23689805216728288,0.5773667550360685,-0.9966220194076478,-0.1822001990586481,-0.658061471540741,0.9063368825298299,0.5370986570411119,0.044197768441274855,-0.6334868732821911,0.4384690118809772,1
0.14046786878922574,-0.7637542853935063,-0.1672336280514417,0.5274740156699456,0.1260417316912209,0.634357834033329,1.0357332287021281,0.029309904274964486,-0.09221492158919216,-0.6222682330970434,0.04922864046335981,0.16821760754992607,0.8329712338444547,0.21660714609343,0.3228737048354036,0.6925016675189352,-0.0668686485562529,0.19972971651209168,0.6910096261753329,0.6781529070144771,-0.8754953942593692,0.42487021232550654,1.1943602094485821,0.05784640315285079,0.001612205430834284,1
-1.0752489227281683,0.6146847141787587,0.38681794949679443,-0.6172533278109641,-0.1543508817921652,0.06409647152249154,-0.7001929560682246,0.8501909874497274,0.1301836440481045,-0.35640551294928136,-1.0083162999760897,-0.45514260462638007,0.8942074811714671,1.0825954846425245,0.9220455678504805,-0.3798034538025272,1.0153661418986846,0.4198888978917382,-1.1716333938256687,0.590299541260661,0.8856308823772769,-1.0814002451496523,-0.81708164716625,0.3484700435882473,-0.5550119652872744,1
2.380918504306781,-2.1092334128460326,0.7271255225305205,0.31684967795866265,0.9646693311150485,-0.4701596930350044,0.3640789797441857,-0.9880969821466785,1.0676260224516467,0.964808768058195,1.6612301331963462,-1.2830259067772463,-0.9907940653984058,0.14719660402568213,-0.025555092821087047,1.3604148739591262,-0.9158502251646202,-0.8930552603892407,-0.3987280018359568,-0.016663460100837822,0.18357494232468752,0.29313287488716233,0.1325368144283638,-0.8659116931654792,1.4004248314481331,1
0.06639490679874624,0.5102349599611355,0.04068560541871899,0.7747890833137266,0.7196537427986979,0.40615864809379243,0.21615243062347722,0.7803660929441564,0.1177955665564981,0.18659307844544037,-0.004036509514646032,0.5329411866839495,-0.013755657755235335,-0.09947317195243877,0.4728080147695489,0.48724953391769915,-0.22729973974122406,0.11092415839182158,0.5575603170156561,0.45215503006610563,-1.1037511838884093,-0.40488618801748144,0.8300816722249887,0.023256969106122172,-0.5858055206796474,1
-0.13070632862366116,0.028926051272492946,0.18550722287573237,0.567968458020915,0.09592856392660255,1.2665497930720635,0.39444466167859954,-0.3928090725512524,-1.0747491620205407,0.21976201216007166,-0.2611751564525277,-0.3689055724437143,0.09816104334568818,-0.44136223161644483,-1.1010803694937321,-0.19123101582669436,-0.4020694118084456,1.2916630838693033,-0.6355474333081087,0.6429707016722092,-0.5815468345992852,-0.24313831264782032,-0.6649119234672956,0.16060478219991653,-0.07370158610030579,1
0.06257585265488005,-0.9025449673794484,-0.5209224530943304,0.10829981163067448,-0.3560230105038681,0.04095922416115318,1.5818691625750767,-0.09370463635856827,-0.10074673477743475,-0.369431513685305,0.6053441636540342,-0.33870831389679196,0.7138554970832194,-0.96683501859225,-0.19197202717292514,0.4784987552789754,0.03604846454187335,-0.4229993389986668,0.616134651940463,0.636598136385578,-0.6216611281309391,1.0417918473034955,0.30023869294358474,0.5999384726204072,-0.4177546577035229,1
-0.3677535601859453,0.3843936530954955,0.5779211419735221,-0.6146340005398666,-1.3803881681311705,-0.5404601824860598,0.8407531969318631,-1.3008696320622128,0.5689011936821734,-0.7188927109237612,-0.911130056056274,0.015693067868523505,0.9946212618431586,1.0237471926015893,-0.48260866627636845,-0.37966547777513754,1.1508948040326947,-1.4048241988637382,0.5139767061752964,-1.0254033345702533,1.0570932967323057,-0.1523019956375919,0.07711532250512196,-0.355155996806237,0.7323755176705636,1
0.09232103311104714,-0.13913703823329449,-1.100521381501703,-1.2439449918847472,-1.3004393570451327,-0.6063815318085272,-0.02722470800496651,-1.2941448109114524,-0.06587304119399598,-0.5045932388793047,-0.18474024502524428,0.6047951521150389,-0.05680019862589976,0.16401021584989384,0.1426339434522396,-0.9990479811290794,0.8449676090173892,-1.3270504717165286,0.15178760303168837,-0.5328616351519824,-0.3503210713556888,-0.07987437436566022,1.410613615707178,-0.7568403495248465,2.1116174019564595,1
0.4567114635760727,0.4337643740845457,1.3138437627537987,0.6770341825032243,0.6412681368876679,-0.7383478087416858,0.5307174746049471,0.6641766412178505,1.0494272272366598,1.478693838449231,0.5038614507765233,-1.001986447214141,-0.9790377161475594,-0.29960582982451184,-1.0786832018664618,0.4383038993046254,-0.20365563421420294,0.40658339731100895,0.4356219935714258,0.18120121507457634,0.5662260775311921,-0.2456930988375777,-0.9479932111952598,-0.35261643936371667,-0.9987618317468088,1
0.98539794390768,0.014482365201476268,2.0240097356544635,1.0056380329723285,1.0338079366409507,-0.4552459998261469,-0.17359561471234575,0.17755616327142207,1.13458992389355,1.5989351202131554,0.4801681853853134,-1.1206361262229267,-0.8854194881385081,1.0791026963462154,-0.34905113717430325,1.011843707539088,-0.5617409944186854,0.12866647622853652,0.02300716195048588,-0.4630454123972933,0.9500311931257993,-0.43872708458507514,-0.7199860262243925,-0.6585758716275918,-0.29535204890803574,1
-0.6903459203349572,0.03519949435410189,-0.1612188956354573,-0.8868253832298885,-1.172998745455794,-0.8595217770397696,0.18055466087461672,-0.5220075545377351,0.4500746601526122,-0.7517270296334905,-0.2378022917432027,-0.08789025902437773,0.4207305818423862,0.15066806028861363,-0.39181382289769795,-0.160101799065891,0.7775020731652718,-0.7780025559522088,0.20549831222762716,-0.4791604576289591,0.0070134428536863065,0.046103001375419464,0.6229330274221899,-0.06330326765157986,0.7461657203333785,1
-0.7679794166418478,1.3072155876909928,0.2125936777148318,-0.24895560016592044,0.43773447945308797,0.7184436077496579,-0.8414408863755384,0.4331379656873473,-0.014289511316775975,0.054580062901516437,-1.0296892274272338,0.2783554673401886,-0.2741088228027542,0.386822536093293,0.6840749187655031,-0.582963593252381,0.5350262961426488,0.23700834016830233,-1.1095252138002318,0.45391682711619485,0.3585494674177183,-1.048303250193768,-1.128804569163184,-0.1741498463778602,-0.6447864868469863,1
-0.40101523551594254,-0.24061626810658943,-0.11508706192432966,0.23541141597220283,-0.23759354934529953,0.3959390365739694,-0.34627167476332,0.24943934932984824,-0.7047106661394013,-0.08776966323219311,0.16676807299284543,0.013590324496833945,-0.2041463692120332,0.07394235787529137,-0.13971284961705588,0.2691566603767457,-0.541499315918918,0.7892406237756852,-0.0740746495692514,0.14592710058273828,-0.7429306562171069,0.07679117083495417,0.3449713717698098,0.6506717592117275,0.2908094097361739,1
-0.0021131138648835626,0.7952960658944288,-0.6097075306840893,-0.9437917205045133,-0.9592882131110934,-0.7613030914695769,-0.20445863536448589,-1.2756232053825494,0.43548022005613435,0.006903551949258461,-0.4903142815180342,0.7643533944770274,-0.391953710583471,0.007301492785927072,-0.040399541256835196,-0.8748966370049116,0.9024934542898839,-1.5151661560442462,-0.4097951515265024,-0.8314169344835438,0.4378873912872255,-0.021452268136669037,0.13415173798759367,-1.0138742150297029,0.9843012886250483,1
1.0790500293808623,-0.6333384250384655,1.216815561320214,0.5713511030989161,0.9495846880927175,-0.23653908246499766,-0.42704023476580855,-0.13941235964776358,0.7236284641056434,1.2553253302364367,0.3934453670499037,-1.2685410449218222,-1.3683934942797016,0.5766667174442176,0.9112916435461321,0.08005841857151763,-0.6095035845966563,0.4196842179774554,-0.08219085626371887,-0.580619092470266,0.9179299971647503,0.577369061544049,-0.5311222157126713,-0.7685493961270704,-0.48627197644898124,1
1.768891582738867,-1.7331935497842583,1.340483595626154,0.4029083158463929,1.426198634089266,-0.1560134753196076,1.0797663709740064,-1.0378175633667543,1.5506448623516327,1.078809142872443,1.1329673618729952,-2.1364625208652543,-1.1239954571638158,-0.2993209305753832,-0.46563933204945807,0.8500254277014628,-0.4085686882444536,-0.10223293759770359,-0.045564425191808325,0.36379783970977664,0.5167256714455568,0.911507400416738,-0.4939781762463418,-1.7717237976284863,0.07041579195674527,1
-0.5646409195359279,0.6300911566279951,-0.6759141209974551,0.10474535178489135,0.2890598431297296,0.5648525244693122,0.5454253804665206,0.8948944967233922,0.0037139948987852138,-0.32910538369836045,0.07155410015097088,0.9578391224270151,-0.7186484486473231,-0.942185204524237,0.5486495865114256,0.1059468544802693,-0.10520032007887585,-0.40069572326141745,0.9911996083222021,0.7597506667694254,-0.9720824002608818,0.241978936532206,0.04767874055387102,0.6478659704027667,-0.8967018805530281,1
-0.28394185676504125,0.5384519991484464,0.08456628995131232,0.0434880117486584,-0.2315630215583345,-0.07520393123306005,-0.49363011871288526,0.7541422614081255,-0.17986556275548826,-0.1928680096044013,-0.8983993807601621,-0.006709052045558312,0.6351211723820747,0.34384005847198146,0.5201296837782537,-0.49223728323059024,0.3745724325425478,1.0406507982269781,-0.9627619158094041,0.28189490522506055,0.445118312220733,-0.9558369108262541,-0.43067448456549734,0.5059398632909345,-0.7916327955691405,1
-0.7097877082122805,-0.6393893298329534,0.543977164357378,-0.9862744379471274,0.21301577672357813,0.25563987467221905,-0.1912478460567647,0.37970067250699274,0.10130506044597011,0.4451638343035024,0.8023712779010238,-1.3418032304946637,0.3708092691317721,1.394080740088415,0.6317638810184628,0.6242684353060369,0.6615019429137632,-1.3727197341382467,-0.21786546640650772,0.9251436202897154,0.061457239664350655,-0.7007672723130542,-0.15513320001481543,0.2537545064868943,1.5063789653028048,0
0.213572497785431,-0.2537098259800045,0.2898647750410792,-0.11737822347220646,-0.9697117990281163,-0.1217015798784096,0.2974385057012237,-1.3240278297731394,0.31063685543577746,-0.036190212651342604,-0.27732339293205904,0.7990515278584129,0.05080470089556703,1.8722841140412692,-0.2127705526379378,0.5007368052092754,0.33081506489772694,-0.96144650076188,0.18068537808393403,-0.608896796401035,1.2872885517475552,0.6304963931769952,0.13547867056330895,-0.6989148787473575,1.4031918661978526,1
0.04007005639583683,-0.22898365944131632,-0.4874386146532105,-0.3332437086335581,-1.2467708164760796,0.024465552188671205,-0.2557973547423615,-1.4828918279146253,-0.8703687532916735,-0.053831453700956336,-0.5706434284207814,0.33626873472791596,0.9317638548163059,1.220507470031034,0.44921075567944035,-0.700689217587522,0.5304996728658253,-0.4436100275431485,-0.6249617637214229,-0.8512113576488224,0.29080818809812603,0.35639231223895657,0.9160432986913031,-0.5181700382267965,1.4768209870785645,1
0.1365581062714364,-0.13343693640818483,-0.5441754034750392,0.5967183055554406,0.09478595526212236,0.23061291253850114,0.9338081593048242,0.3135820610028084,0.17311382100588052,-0.5747731633408881,0.1142074478661979,0.9448132190801973,1.003093476930328,-0.2399902053185629,-0.39366556695073013,1.188277753612002,0.0072580301608279685,-0.0035315980951940423,0.1028501036523508,0.9902538351766464,-1.1715074198626658,-0.13133355248464193,1.1083256147220524,0.07259298583532565,-0.07460471724446419,1
-0.4252952580489819,-0.3029440178628973,-0.5225872346509989,-0.717571920872419,-0.8783860243755588,-0.6356306831035419,0.2980230167867896,-0.5193591005759749,0.16592463639551205,0.09629520821449516,0.20117773802119354,0.04277540656716079,0.502649782465713,0.785246439416421,0.12059161312463629,-0.036070618725893726,0.8880345391666827,-0.89603880010463,0.30327208203135325,0.07386440642979601,-0.0805899298234786,0.5838856868081915,1.2570659601713357,-0.7247327269238891,1.2553971971598499,1
-0.188157625049754,0.2399905026936377,-0.5912593908269117,-0.6012086366279923,-1.2595332453840942,-0.47252365242199074,-0.19664116012261973,-1.2444299533894894,-0.3044355355132,-0.20360836874531812,-0.5325492877987236,0.5131560888611733,0.6538498474938811,0.6347255751301291,0.17259854200455518,-0.6758720973145003,0.753776216498674,-0.8819249983356267,-0.4116646666822567,-0.877685569831531,0.10502675729958975,0.1781520716226181,0.894387948459705,-0.577236422076497,1.2026284342141838,1
-0.42607145188851114,0.38638200044535365,0.5271379280400148,-0.030367561947932595,0.6809024889076526,0.5377355267500978,-0.9121998373770911,1.396228311868358,-0.019820972758168433,-0.008948027751787914,-0.6491687459808057,-0.32165765998960044,0.43276509571248084,1.269760441846173,1.0976187894369411,-0.06500885395066255,0.3937842181060695,0.9793196378404587,-0.6999396377936412,1.0256795499411593,-0.06819857095448181,-1.8101753228148056,0.11010350961211093,0.22696259240102445,-0.052174603180005046,1
-0.15709782900160427,0.24848396861464228,0.12926405277689695,-0.4522628081592979,-0.8214431216884347,-0.5238225230634688,0.19877097690734816,-0.7199410708389012,0.42403025609162837,-0.06946138221695439,-0.3935705271374839,0.12965511363647092,-0.21014204794885014,0.4733402071542777,-0.11454905209775586,-0.39014790357453394,0.5520299924539064,-0.6470831804577379,0.2018033572594749,-0.6085756211605282,0.7903661386006072,0.3110284128140361,-0.10800833296617193,-0.4262179668139092,0.37423371917898396,1
0.31382517438676016,-1.102613257292868,-0.9067922539887568,0.1959583239366548,-0.741150213847824,0.5537789724270247,1.299434942827158,-0.018241136620552045,-0.8552177228709803,-0.5861593026431956,0.13354103025225544,0.25493182810751225,0.4798648349412639,-0.6857562351058852,-0.4203663716997937,0.03866836154411038,-0.26926714080369274,0.9504255979303466,0.0028990379726072458,1.1147424584312147,-0.04185445801986607,0.7590062750060382,-0.28612501268869905,0.9879247043503475,-0.19818751978134208,1
1.0541937128529153,-0.9893813239719015,1.058516834680229,0.39910231030124377,0.039105656111602334,-0.9363409026132982,0.9831304119166006,0.20282589131671566,0.9355155454285571,0.6241695885098727,0.6129129616379142,-1.2494203026988715,0.21581527061598796,0.5165742275685041,-0.5216398363892901,0.6073418548254039,-0.0029581643701856123,0.15506058479410484,0.7400311498178922,0.11953917097848582,0.5342028883963831,-0.2114172347170509,0.4124514089825888,-0.18842491053121344,0.213983155802385,1
-0.07000457510017653,-0.8265635877199525,-0.7297441308152233,-0.7110398029550322,-1.4333076022071538,-0.6299543242771323,1.3802722743236107,-0.9035585852266673,-0.10137592433725444,-0.12327538528179477,0.3634615206216353,-0.08848596481688663,0.742816243762382,0.24957002363549474,-0.6160949773891768,-0.26888397047845713,0.8615110459673762,-0.8823717701521666,0.9461602005048219,0.20710019513253516,-0.03241255687603593,0.8964408289816795,1.2288199438186393,-0.38592551384754625,1.4371822404741335,1
-1.369390373015196,0.38900302975938256,0.46785155056446504,-0.8027998391104305,-1.3414330158334347,-0.1405309769570265,-0.3200856178674087,-1.0843072622694778,-0.22028022900536745,-0.3741611410503396,-0.6410932377707513,-0.197649497557065,0.8101931525178273,1.7588323334711629,-0.2754972654719491,-0.2671474879539142,0.9670732231552508,-0.9028657814893608,0.22214508606953456,-0.9683966861414719,0.24440083723797315,-0.013705022746578865,0.8068230583405475,-0.4232656631709907,1.6054192741184752,1
-0.14022980093821655,1.1318200730524397,-0.4822040488051164,-0.9010371336031969,-1.3709097047917387,-0.7469050599326944,0.21571891789674924,-1.7334537549850144,0.129504792367079,0.06790883051221455,-0.7728463325432727,0.5544122958180348,-0.09596475929542962,-0.3221465257764667,-0.5742499672523764,-1.4342685839275429,1.0837523822973665,-1.5747060248534774,-0.15903108578799457,-1.2626135645150276,0.45645440679541693,0.014301841414752898,-0.01279795858248897,-0.990679279128228,0.8425064541905158,1
0.724754349096496,0.2812777929054501,1.1348211780737223,0.551959508566215,1.0844547703949616,-1.2910200335486093,-0.35601978439501614,0.5062206207993467,1.488870987388603,1.6765290746038906,0.8719319807420964,-1.202118890320678,-1.5047070599972279,-0.6495977738091038,-0.6029034367138948,0.600234074913779,-0.42339535112260324,0.2567777045851583,-0.1406610093021224,-0.2814442215609158,-0.007710070622175396,-0.04516218087555853,-0.2827244270942956,-1.0140344175108118,-0.8260678177620586,1
-0.635512057821208,1.1828316582198137,-0.009376489334276693,-0.48066807517591364,-0.30109103574947393,0.44928093283387294,-1.466318888106488,0.7706489566908973,-0.8394242225607469,0.3147947442419721,-0.7518534128619382,0.5313301245765109,0.2552121064503367,1.3312897593919788,1.2600149596445038,-0.6248879892819401,0.4347676304178106,-0.4140274721517384,-1.3062444889895946,0.0876908881159101,0.6598401051423699,-1.8272730487367865,-1.0305189729951307,1.0669514434636989,0.4311418995552737,1
0.33291068537891155,-1.321829587548737,0.47458642784981103,-1.1248446695829648,-0.01957910254518761,-0.7718475261638055,-0.7404485629738149,-0.5930068623269279,0.9618643125404498,-1.5404252760000556,-0.6929008385131531,-2.0368335413061907,0.6419066611840544,0.10152867000295898,1.4099661055850707,-0.9422909824175733,0.6998698482707392,0.43312240056287415,-0.7606737752860108,-0.7330191325757313,-0.29563097198637117,-0.8018732726063507,1.3997394800505452,-0.7247812367640215,0.5694250529703521,0
-0.5272416830330791,1.1895012628853912,-0.2643084687885704,-0.20284195255417736,-1.3042781993691015,-0.2200466523674492,0.010963234321290611,-1.4316447832799497,-0.5483026116410902,0.2756808596797081,-0.891997092360216,0.7333544134294983,0.715977042467303,0.5810680189461566,-0.08203726841831344,-0.9388082395793638,0.8334341675584642,-1.1493260702794577,-0.22584631173207823,-1.332181238429788,0.35973300469326885,0.3333930188971012,0.2587360979878624,-0.5683155705539317,0.49242540630308773,1
-0.040208547196644115,0.4875293437689986,-0.6450718916391971,0.005635684421761934,-0.04673399781252354,0.2953002072762464,-0.06420192517426208,0.3288578710136594,-0.3958916117905568,-0.20392553205485667,-0.8136851703948452,0.2697717981644547,0.4259634266794188,-0.682527701147073,0.48957030589491995,-0.8139692158892442,0.3679873336104729,0.9150649952955043,-1.1947839148954003,0.6560018259254705,0.0077617857479178355,-0.43846526066737973,-0.55957813668255,0.15457203499572528,-1.035032395677475,1
0.8476583980371668,0.12876779043911019,1.4320525429199726,0.985308417744437,0.8020573482753128,-0.3380329505513336,0.1234483420769308,0.05427730261648725,0.9115028689031263,1.0061976034271785,0.5297700555822353,-0.5810346425441824,-1.0712873591448537,0.11309051541126303,-0.5057181823669391,0.883786334963308,-0.7918577154834754,-0.12787580441912874,0.5958950613772248,-0.650053049513775,0.04381072929652243,-0.18753036291448946,-0.23506449352843173,-0.28633134701204876,-0.3751691223214793,1
0.19177177178771138,0.7735832614226532,-0.9054936552124917,-0.43713336827418514,-1.1595427970631405,-0.7198375778587572,0.7138711691884927,-1.2220510952116337,0.10340618560116965,0.04624010134622733,-0.17969887771898355,1.0149357156630854,-0.04232030901689261,-0.8869095843623476,-0.4490017272021358,-0.6480955159969205,0.5915647226650779,-1.7231860271943102,0.09617990523282582,-0.8141776470474104,0.08943032548952745,0.4992158707285006,-0.005147003583869268,-0.31483535555107145,0.29543326504394973,1
0.4286263293437987,0.4714468650141001,0.7889412690439414,0.31060975483036574,0.7981899731714276,-0.9462087809025045,-0.20430711395631754,0.019403811548618467,1.0373987514756529,1.3814821504497812,0.707527409923833,-1.146915260694133,-1.6368443408495268,-1.3488037647708735,-0.8678770280421152,0.051426970097310565,-0.40600258870168354,0.09911988517367186,-0.09674526194958026,-0.4747123319244983,-0.3876699605102835,0.14399362380975742,-0.4635241721582273,-0.8872588181106325,-0.78396325917307,1
-0.7376388793262784,1.3839633439832746,-0.33706904064616244,-0.26733529611227314,-1.2611774808183027,-0.5349781542930064,0.5998198021372586,-1.4131382003224864,-0.4847051649495535,0.9279104908662806,-0.2916183045126295,0.1007379646671858,0.27228537537501096,-0.7918667600796372,-1.044287543556493,-1.0483179349941685,0.8073011780165606,-1.328670792334816,-0.11176344287200206,-1.1290348051153787,0.1385921406270439,0.8967597277086338,-0.5071268036594976,-0.5162660948941289,-0.16516412299428235,1
-0.36627821311425257,-0.6876164391240934,0.23714115075551462,0.8985985662482796,-0.12418762794677504,0.1507005142334484,0.14924352559374215,0.18954953937062613,-0.30084886220519286,-0.4534889795852783,0.4966430313177493,0.015001465515936873,1.109437770335512,0.49801426963341655,-0.10043220601509685,1.717658595748319,-0.6847323366737978,0.24800560248389816,0.16289623430958278,-0.14913980238000246,-1.2300556258398971,0.5833181215366282,1.307625780934843,0.779744205650293,0.030217828969767133,1
-0.4798435315315434,0.14310332901571088,-0.32191778401138166,-0.6222976654848439,-0.5687013129015747,-0.3529165479956682,-0.2262268259788943,-0.4438348450886461,0.4088571013640203,0.33152510894265264,0.12068744001597882,0.760605694521551,-0.46918731406729564,1.3804083585188156,0.26104230920853194,0.2700527943138343,0.6391298889220257,-1.0445006012617688,0.3042304157815501,0.043247232378854916,0.3784761280895451,0.5688762169416528,0.7435180485352538,-0.9640187523485539,1.3802525800934047,1
-0.1798427600613767,-0.7025906254477329,-0.5616015234547828,-1.0413845414534508,-1.174594579337505,-0.7354230097734387,0.5644110189720212,-0.6295230784009277,0.20454738059947133,-0.7894192672707611,0.05890056398277525,-0.2547751453359943,0.5603642338729061,0.2179489520171842,0.045770758349667685,-0.4691644292020422,0.8362226041248476,-0.8897830168113251,0.7779230158239091,-0.17456529130647275,-0.459072473353247,0.0535811635419053,1.616026153577964,-0.2313294639443537,1.5378411510855163,1
-0.15794116038135167,-0.03651637428992108,-0.41330395755453164,0.619012903494463,0.3901900011812838,0.6826445708549418,1.0368169236512157,0.04276498672288379,0.17947289870463165,-0.7891413809871617,-0.10181425040042026,0.6539809818819008,0.26797785158255516,-0.8519527018266733,-0.2260650740894778,0.6801204790370793,-0.16233655708111672,0.2902375107946091,0.6382118099982079,0.7151802812886707,-1.4630428214994817,0.5117577181788935,0.9922402551173864,-0.21874595432730307,-0.6712362752859868,1
-0.19337031177898395,0.2691689068853197,0.34222185833987107,-0.40036870908024536,0.36234724332797746,0.566194467658324,-0.34879427399171614,0.38112095025984555,0.22475481744650064,-0.7323477869158569,-0.5875688766611794,-0.24992443186501076,-0.03641134077273309,0.02627762078264392,0.6244163643024564,-0.17588496406655163,0.2182495920307733,-0.10081637449183839,-0.6717697839665789,0.41818009808486717,0.021799237988625157,-1.3498321644963287,-0.7933791283883346,0.5286099815794714,-0.18133371327987682,1
-0.7985349502737042,-0.5628929766069365,-0.3621028691773774,-0.18749433318961203,-0.36231560226578996,0.6108858247392986,0.9163747091371066,-0.2866356144636724,-0.037629898807604256,-1.3356322888097532,-0.15188535732843672,0.052538244513861965,0.3254934526289626,-0.43475201608290936,-0.1088357761009421,0.3153511514876769,0.11465717450156436,0.09072538159302482,0.7720315594510829,0.43717711971506473,-0.9521145517660216,0.8656672126362996,0.7471518901274807,0.21022323944888868,-0.07216417953619172,1
-0.15417054769901808,1.4072773547258033,-0.26570484877617395,0.012609023039033246,0.4154112769565507,0.35852764636556683,-0.3557075914671167,0.8144148463663569,0.014611725979909852,0.16555044641934022,-0.8250657323857084,0.7472729896283032,0.1789868319354191,-0.24172287775779497,0.4504757307584474,-0.45206490105729047,0.536037854900408,0.07815862757391716,-1.1135968704980268,0.8254953320757449,-0.00019792447813310365,-1.5421308108045688,-0.8456316482554646,0.12240147942283071,-0.8203824392942781,1
0.07145747599235165,0.09092105318364152,-0.7344891074245803,-0.281875268394961,0.13806957022849536,0.3472696687414269,-0.21238017351807595,0.7363570865512348,-0.2343975087690739,-0.43967628719875873,-0.6462106662975263,0.27469649588680306,0.40593700114547043,-0.2141812471925969,1.055568534011399,-0.6495196476880588,0.45411311681634053,0.743342433981518,-1.0030179790423783,1.089904446377938,-0.08709589120784393,-0.8673466799027916,-0.1342911482350455,0.26121846992894954,-0.4782312388923108,1
0.4449647565421462,-0.43020234532600304,0.7175354747767362,0.1051618318428789,0.7967087789954587,-0.19932167964737257,-0.19747017193053168,-0.2688110213845286,1.0526820146423213,0.3749503329115794,0.42742163834397756,-0.8061156444283308,-2.041305857991257,-0.4743582348329595,0.31542597639946407,0.12805033587187967,-0.605441094595782,0.15423485164103543,0.4797696518698163,-0.46257936004735245,0.09314366165289086,0.9182080284579228,-0.28932111580501146,-0.809930764218711,-0.47281324443752104,1
0.5404407363574664,0.3200454883167664,1.173074631470754,0.8516691135706553,1.050237011443649,0.2682986321676745,-0.12164887856827436,-0.33803041502891595,0.7936656697952601,0.4772292493530751,0.47297020356390085,-0.3005864183587245,-2.0388553332501633,-0.8655215581688476,-0.5258960068260908,0.7681431954676727,-1.2486815954183534,-0.2472125149808605,0.5037017314080039,-0.8748446034777881,-0.47304758717174794,0.24912112253296048,-0.7863345155876544,-0.16444370000776443,-0.6994661377361189,1
-0.1375982305565174,0.5119024362461397,0.6238592114651561,-0.30551836986280473,0.1407384592396278,0.615325339341991,-0.0780275885221877,-0.09345323668412035,0.22931528192616632,-0.5442195128892946,-0.7353494907780905,-0.24762006528289973,-0.19361146090194037,-0.07926747940992193,0.4321922721882124,-0.26655634938063194,0.17383512506767798,-0.5216091102036786,-0.8401928910009547,-0.03655794411218373,0.9230811320083623,-0.8923618999039375,-2.0045770950971304,0.7322995054737337,-0.7207136881885731,1
0.32720121190321694,-0.4724206261286739,-0.6664811312767126,-0.1240363498674073,-0.04360910859924145,0.02969596651377483,-0.22290351031314135,0.8305865126741904,-0.30898898210780995,-0.7544100515914742,-0.6041158115847934,-0.17494582957564628,0.6036066671277446,-0.453622049127176,0.8973251412123434,-0.7210373529734901,0.17106942550050502,1.5752313089705654,-0.8724966081257374,0.8747248584985207,-0.39927605639819025,-0.8722096834836478,0.4700717251325769,0.49017566432883497,-0.5001409719809533,1
1.3664390982325694,-2.0789198362298187,1.0590308282604508,0.3266572676314065,-0.23852139053513535,-0.5710148479709954,0.5860324483353628,-0.7901299385336433,0.7080755398559587,-0.4263101863025463,0.5802657148457209,-1.397705870885191,-0.9340850756087901,0.170957894735441,-0.04944766027823927,0.3934069982654897,-0.9965574675316989,0.5843336126897783,1.0577831853568715,-1.0267776001346756,0.5540437450681057,0.9755859467114827,0.40705360135098456,0.1508095133214404,0.41372579319634845,1
-0.42227360590323076,1.27791612708966,0.2412666989470401,-0.2441702250649646,-0.20938332901597004,0.1071950424734084,-0.682640024655167,0.3356422814868429,0.07688735331511073,-0.13661959246305497,-1.1296691699549624,0.5127290445093798,-0.25313653566794125,0.4573771454379668,0.902482355175015,-0.8340634855052869,0.4682196250059329,-0.16481531473394181,-0.5503017957670272,-0.3675076296964866,0.9007037615157016,-0.9363715518705571,-1.0857502019493142,0.3728068153115762,-0.7219678619565278,1
0.7850517586223439,1.0552075396311646,0.7069893014897279,1.02827210579996,1.1179959209054295,-1.0022741371617527,-0.6076688642070084,0.4006997914924548,0.6372311280294862,2.784040694434146,1.1292705701509322,-0.547025770247887,-1.5905449649485062,-0.9283764472688891,-0.8014470133326613,0.5674515230428345,-0.7167326018003423,-0.08691338080142744,-0.7356258807197571,-0.36919132092773066,-0.20848967274891603,0.07957944950135949,-0.8123130963114054,-0.8521500157284779,-0.9497793880463772,1
-0.18083070919765773,0.0036397435928355285,-1.0484134730494663,-0.2571328701096095,-0.9151281235581735,-0.4554456670085876,0.9598068748160687,-0.6687317477908216,-0.015536898543009714,0.6631343664547037,0.8020979859359179,1.0501499440139117,-0.15125875006719,-0.05332801657230978,-0.6936117828316876,0.586784604515682,0.37428772450579095,-1.4741837581783037,0.41592955845945984,0.36484043255167525,-0.01599135539776516,1.4325224555965645,0.316659899073137,-0.41002934768181093,0.8444370353994339,1
-0.43392547041951335,0.05084685580125676,0.47046464919686176,-0.5747898649006541,0.6427683952503798,-0.38333954666422715,-0.8086566717823387,0.1335503281123905,1.0951593437473888,-0.7890929714623783,-0.6640572976168583,-1.1315320344005635,0.09944111759701789,-0.15316752697291083,1.2256055324044508,-0.3793679408393952,0.6303272910130546,0.23331317875868438,-0.6935261158307023,-0.263052518763146,-0.4826118000122607,-0.48967261519093214,0.6539742738602734,-0.8504183356465527,-0.6342190313835344,0
-0.16602438268710143,-0.5872526107424966,-0.598108852109062,-0.09540907036318616,-1.1414153466947443,-0.41184591348866406,0.9621532571809512,-0.6871308008844413,-0.34891927255032656,0.06687325151945922,0.32204779721452687,0.13965923444225872,0.9770766535539248,0.31564958578782487,-0.5243727668365448,0.26848012854901016,0.436057699038698,-0.4331435728240305,0.31065765468989437,0.09078945426499739,-0.15019137048674747,1.0489457105856057,0.969261533631077,-0.13347132115011429,0.7776522073936747,1
-0.45173182944001566,-0.5340846362757966,-0.5555252446533442,-0.8781889629900343,-0.1676091325057983,0.27583247182897697,0.08993478968447466,0.5686711126523009,-0.05661097474407608,-1.0971434244093745,-0.6232014010974766,-0.6218842467282907,0.7946291176611082,-0.2833207216154315,0.8628386711857152,-0.6562180504622471,0.7945414785681315,0.7574391491079528,-0.9936703629645657,1.2584264164117092,0.07772044772492942,-0.6000088308369246,-0.31405289179979234,0.4393152403928319,-0.37887178054838866,1
-0.42481718865637114,-0.3119179778958633,-0.6422107371001525,-0.5802766678890271,-0.4376664856015018,0.21587264995399325,-0.260626645133241,0.5898488656852656,-0.5034807036997933,-0.5661381800291964,-0.42306509820734883,-0.08716611425480997,1.0469547249960474,0.3317746335778572,0.9982482319952691,-0.2369186666351524,0.5749952463188608,0.36006759689770984,-1.3645216324920035,0.9686191045209163,0.40659901542990573,-0.4850927384109753,-0.5480766764636895,0.8729371226700778,-0.18130792919425626,1
1.776217473702495,-1.1111408677057197,-0.720094591161053,0.5359494002537619,0.4587673973984425,0.632905906611561,0.9586432094332955,-1.6579870756964548,-0.29264685210516017,-0.2676277039668386,0.8350250956156695,-0.0735147865118367,-0.5561249968736197,-2.4517324302371173,-0.48675156711073514,0.37020637441169274,-1.1752714513064921,-0.7522437164061914,-0.7666492129272301,-0.24458762169076445,-1.338442034895519,0.7113809634373061,-0.3104162651668495,0.06278533182209772,0.05841390738417084,0
-0.31043124036113945,0.651262398225237,0.41981599521364044,0.9159781497552455,0.5218464244219551,0.5119848637639106,-0.5429485765744732,0.6826581137351783,-0.7300596947645775,1.1380060833929737,0.3338748649790603,-0.0032946694239412064,0.11031220591161209,0.512029488624832,0.2428992708271963,0.5910167774147355,-0.521227614550259,0.16988547664775838,-0.15370659495230193,0.03160250877012213,-0.9049758781173443,-0.41315442028815974,0.2717319101517423,0.4518313724707261,-0.17019446916796094,1
1.3225202874770563,-1.0137160040196773,0.5646309371913677,0.5815821771512355,0.4864642575297636,-0.5936552472974239,0.38926225331234504,0.21382126632805434,0.44574567593077735,0.8690917638945843,1.0712547597006774,-1.0641690058860676,-0.9159662522738338,-0.545459399052792,-0.24420119690212774,0.43670672950533584,-0.8489827235148696,0.33514721178138895,0.5606826966077713,-0.07859596117857764,-0.36916832732019267,0.06674019633869713,0.3647203325601505,0.06834438944137484,0.10545663182284391,1
-0.30032289073224855,0.056620011830904544,-0.07791631112546138,-0.4284868379457851,0.4129117116998902,1.3231274068611703,-0.06162624140553329,-0.17479784963574047,-0.9027915714464729,0.1038485512075891,-0.34085887573903095,-0.8676493809305513,0.4024886900425005,-0.2359272543338412,0.7418084981041676,-0.8065667163766931,0.38202473263417064,-0.1349595044959777,-1.234146024007052,0.8208136297605837,-0.18402385416331654,-0.7489511208880325,-1.1534145873276898,0.3183460556600148,-0.029762613218886003,1
-0.14314092471768433,0.5578168331323873,-0.25131507577517936,-0.17939408944890017,-0.027516133838239244,-0.21138391353829739,-0.5435517750589827,1.1558761683974759,0.3453754487049433,-0.6056723268190544,-0.8893894902454554,0.6127923736735006,0.13122582542148034,0.2995919097656106,1.0206192077453575,-0.3918867708009073,0.4293048707529857,0.7577449699590018,-0.4921785732356024,0.5573325769903037,0.2781225645262874,-1.132759213333449,0.009255688955462821,0.4010441212014467,-0.6939971398158257,1
-0.5748582294724258,-0.14096574653637753,-0.06992978230920785,-0.9752503553762881,-1.3299139367959971,0.03746930877621899,-0.37360783768709555,-1.2185202984917158,-0.2338233367872677,-0.719766279859181,-0.5474938759709649,0.44167268366956447,0.043595507366206744,1.6773701995542256,0.033831438321653674,-0.4474740828505905,0.6334178078908574,-0.840220709051245,0.37013390563011916,-0.7274028493545872,0.2656808949801679,-0.17862491876505687,1.0121608978572814,-0.43287277199320195,2.3163173296474477,1
-0.2731139508916346,-0.3838287607315918,-0.30599261874862677,0.23850282360771827,-0.09374418393653808,0.2864211958359639,0.6932479774158369,0.20469607488989272,-0.28731264385051697,-0.17573618547807496,0.5783807790208028,-0.09596998621510566,-0.22419539274604192,-0.936170629104194,-0.28710880198943955,0.5032106151033326,-0.46715633921636324,-0.006309789775701119,0.5115758295929628,0.38271010554501705,-0.8889201420910418,0.7357640813606721,0.033345777776785594,0.7781464554905188,-0.4020341565176303,1
-0.2280633832449413,0.029592164207800017,-0.0434567503936275,0.13841710430134527,0.20353294619305615,1.0183329983915799,0.47212555369593245,-0.010037267108883637,-0.45667606149843515,-0.12927871352744735,-0.29225979962098586,-0.05064228204690452,-0.38359248542696284,-0.24342414595409706,-0.10997438796358303,-0.4104851239910899,-0.05621383535722331,0.6719101230191785,0.3596980518175659,0.6944139435846611,-0.5591150543353666,-0.06507701929578641,-0.028888020529924476,-0.06534385635839726,-0.05459924711250105,1
0.7736070059834883,-0.6071678920897928,-0.05152182712868165,0.8630889885938458,0.008714552149620778,-0.14240224616945646,1.0210696219846986,0.3345455977994603,0.05544294634156572,0.03001351382657285,0.3846078793372151,0.07730731851626022,0.7451442538458273,-0.3762411593522511,-0.5901133847669188,0.9163929931766486,-0.3789491462181107,0.5582016536624411,0.061311645824129,0.6430815713787335,-0.48890302738573055,-0.016382743462025905,0.46845761976831657,0.4296337118531819,-0.3772185246655048,1
0.5784370570140609,-0.5542249938821865,0.1987906692686751,0.819532848136545,0.262412940336266,0.22348534774827536,0.5860587557931908,0.3615720293789854,-0.1863344356650929,0.22474023176944152,0.33069520770139216,-0.23564268618597722,0.26080201921598856,-0.10200287060349374,-0.11586916577295991,0.5604125778170658,-0.5218097526315183,0.7034939712575213,0.2684158370115766,0.43043058348741725,-0.5808232431436691,-0.019015328904018053,0.48407203363408763,0.36394718310138663,-0.2592946214631802,1
-0.048655176032143435,-0.7171973308312037,-0.05556400761571558,0.4472959713742654,0.32688269837100886,0.9797809498616771,1.4156643641599753,-0.31920734034813836,-0.007895371743686201,-0.7931139100120344,-0.026035758471095797,-0.13665730501492218,0.7093586639996599,-0.2604614346995311,0.10532555784237463,0.5225206335306632,0.02777869625774167,0.04912979449637145,0.89294824871019,0.7203271969333226,-1.114693990603964,0.664697200031087,1.0064057546282055,-0.2178852521528034,-0.2211084508214351,1
0.8465451032668379,0.18285604071354353,0.7437507828700819,0.17553221513473943,1.5521479354662275,-0.06144190075146372,-0.561458329830744,-0.7418863822466376,1.2196717622809274,1.3740069950565412,0.8908282800342849,-0.6472046527207874,-2.0658834925756584,-0.568576050561477,-0.04191054339822217,0.6516535224707545,-0.5196306962562575,-1.0775539135169983,-0.6098852024460487,-0.30455529309034957,-0.34864546700645016,0.21499197728224498,-0.5754674357503766,-1.6368813155072994,0.18108869778948286,1
0.014154871317491349,-0.37443177334398137,-0.2738623167676709,-1.3020745299435257,-1.9421006859015282,-0.9142910482726493,1.9737703140379068,-1.7011232601205584,0.36090778900536197,-0.543154833592904,-0.3499710397631715,-0.6547694998966881,0.7287835066032881,-0.48527254501244327,-1.6441528383801478,-1.2439412955111542,1.4746313942189684,-1.1666765997246615,0.692797053262498,-0.19199331804375563,0.9262915160572658,0.2874271217047766,-0.12094891364195727,-0.5537855152689847,1.167123945621903,1
-0.20741995772006114,0.7575701230555141,-0.24354085950751034,0.4552718077498912,0.3127604068564063,0.12767647724664818,-1.2626698344549618,1.4167249616166027,-0.4671639848861479,0.48232260199020144,-0.6956548639470828,0.6786987302090091,0.2616619121159408,1.0676810009102042,1.436913117367872,-0.3104104211102788,0.10569008208104935,1.3774709455543583,-0.8074686631716593,0.5408467141372176,-0.1375585112602992,-0.99725158603501,0.616905571385891,0.14221048272445597,-0.499179301061557,1
0.11482505062062467,-0.43940987099889006,0.5985025947909107,1.2132665309216637,0.15148449876083944,0.7344299505673305,0.04462112624531158,-0.0004314342245962932,-0.916675007357131,0.44081743581717814,0.2562435233705191,-0.35668504667143386,0.7782719077914775,0.5618079557545635,-0.6412300858894229,1.0320972627421965,-0.8513341312465931,1.1303500631605083,-0.48820310113259424,0.13453631007543107,-0.7270237255737817,-0.04437069341437397,0.3025468808088876,0.5389417349794223,0.08170576414601892,1
-0.4595334904768252,-0.18699411515865827,0.06844996196543209,0.198470628832521,-0.21460170251924018,0.3969093577757199,0.08831110851346678,0.1624883417553474,-0.32741510129910417,-0.3535837689796206,-0.0109578201546181,0.08829562455761558,0.45315098678732707,0.4739364539054762,-0.1811972345025931,0.5728052989544553,-0.11191806857949445,0.31827918390155596,0.08431721328714883,0.32720626338197634,-0.6438623889574406,-0.14172469955479602,0.5825341929625795,0.3930183084667325,0.38589990398668483,1
1.1345217784643657,-0.1248002116694702,1.452856620430549,1.0096841010059363,1.0387866943499864,0.06547288108565007,-0.12018052364618194,-0.3335883901105226,0.6361942332041269,1.2817193533813134,0.7594017762394917,-0.704216622742089,-1.2474986461774504,0.17098399126111244,-0.5769464362530197,1.090129406945426,-1.0660391958307,-0.2470528397449666,-0.15746975954374692,-0.5325111323405566,0.18162269236845108,-0.20618819861856363,-0.83714566045217,-0.32143102650949024,-0.015341164475888737,1
-0.521409944887035,0.6617708975057265,0.37237049002450884,0.9664930882090514,0.838124476165247,1.103289689060503,0.07873518055766027,0.29327446815809044,-0.35493602338587404,0.2399132763164935,-0.19473437244258862,0.22519622616599513,0.17292131658842488,0.11757943459111468,0.21682839724734576,0.5367154190415238,-0.31703281414058965,0.3486006514933133,0.32034657758316265,0.2673665306943913,-1.358645646742387,-0.045619875938985754,0.6629399942087343,-0.1936364660553006,-0.6112190875731712,1
1.3150804600801183,-1.6642791703540945,0.5471903544919787,0.10841971034182923,0.1252918308540261,-0.39991760318790437,0.5765474003089703,-0.4143676246160465,0.6585538422463435,0.033571286333431136,0.7948004936395129,-1.0128547738646034,-1.0981225868703457,0.007866201998282663,0.4006697211312175,0.24327349625069788,-0.6908577712266903,-0.05541135605740347,1.0320868668690262,-0.4012544567168186,0.2471516099280079,0.7122971293117659,0.43580652504377376,-0.047603613073400185,0.524005287917833,1
-1.0094981709283388,0.6215986721380949,-0.2687099439252436,0.38008245186636236,-0.06503552578311292,0.9846730279695193,-0.040950373748696325,0.3995177368413587,-0.9576747563130499,-0.14172848876481747,0.011036671981966726,0.49117601695219704,-0.02823845298804602,-0.5713564236682436,-0.3556029334139358,0.4237626073289466,-0.4779841799856544,0.23533269922988054,-0.23116333593315716,0.41047822184116384,-1.0023258430738509,0.05243812249359537,-0.555971708462118,1.127515114308145,-0.5311628194091791,1
1.0190219038268815,-1.493133910556475,0.813092448994256,-0.1776464798099992,0.07650418004999553,-0.7978951783236253,0.5729072040607828,-0.9434274572271129,1.168760604658126,0.02368333648733902,0.6343556631458912,-1.6112899816785833,-1.4337732674469807,-0.5615303574598504,-0.31749763066598474,-0.03848788833404529,-0.43544513187144546,0.16645805455554535,0.7479826064948605,-0.7120338267779771,0.40708674969401487,1.1073979026051033,0.1071402435537005,-0.8005587106911901,0.20450731565067468,1
0.30104298480762015,-0.7562420040491377,-0.785147192316602,-1.2498598572318813,-0.9674917711769303,-1.249889642058016,0.7743076618780808,-0.5083726460258111,0.7835794497802114,-0.33872354841901564,0.22595421911426042,-0.4072187060924066,-0.3111520174396656,-0.501867460730541,-0.30373006015279524,-0.873869727050018,0.9690609780447804,-0.4726051342253818,0.6682859424062838,0.2891402774132238,-0.02219166190550156,0.25350300855065316,1.1719207789902162,-0.8934339769459234,1.1930531233420394,1
-1.1586467635760855,2.062394615980997,0.29345093837931846,-0.4150519034465291,0.016268804894486837,0.4864064022508974,-1.346944081568932,0.4902567795679028,-0.3879598940031287,0.6468415626758448,-1.1986129233913754,0.4806900477245202,-0.059628139966058855,1.1305312890742316,1.2305892232199152,-1.016797423509001,0.8699649425784252,-0.5688596171363559,-1.0731903865898906,-0.20248108415927063,0.8040128205947865,-1.287972115246813,-1.2593579302062752,0.08897440212650955,-0.4276721749498918,1
-0.2860246609970311,0.5604706527433068,-0.029503908383388074,-0.022640935801386507,-0.18156172378896124,0.38595560686478414,-1.0544593781419738,0.8443607129177214,-0.7922063642529461,0.2535593715702897,-0.6579541290545368,0.27776231757038156,0.3480163576855873,1.0310968974080057,0.9024254107945486,-0.45159535442885557,0.14811070774027066,0.7442687108732916,-1.1642436902921547,0.397665013139464,0.4681104349580178,-1.2849872670321452,-0.5768108084534196,0.8096014289564091,0.028630965866550378,1
0.26708820594553473,0.10813861375845452,0.02371806969097391,0.8861971835247848,-0.111734760828263,0.005176352916869175,-0.02908768018942116,0.389703070286702,-0.7271791149490635,0.74950662748839,0.4029787485328663,0.027294964880905673,0.424035231814949,-0.3791866694279867,-1.0869554893546638,0.7116792040295482,-0.6720900108513606,0.9219252294866969,-0.9512248909081475,0.36201303377485977,-0.5539680085945292,-0.4592774318256518,-0.31197796686331086,0.782666286288189,-0.2062370481529679,1
-0.22664570087734462,0.7399760885957134,-0.32101891575978536,-0.36884557278911184,0.5448690346419716,0.7112258110020233,0.26414970499847307,0.2382455240162627,0.5512180609456371,-0.6212989860018914,-0.7437216764933758,0.6545391118001169,-0.09083658476552181,-0.40464144589426276,0.5588289628327228,-0.13226524209944251,0.6511991218383338,-0.44932094325274763,-0.7400909934792765,1.0758895254448377,0.12698636682496592,-0.7232248759678271,-0.980447128623704,-0.24263449635381085,-0.7333062643024194,1
-0.6992000826276191,0.40964796656058283,-0.504465946301409,0.8242098881950464,0.061604101979298,0.9712619986912104,0.807859878806399,0.3083585099634155,-0.546049235873258,-0.6164912234616275,-0.14035640600582633,1.0155698354726637,1.0131707713462386,-0.5567516188783799,-0.32817184050287906,1.0717342943216837,-0.23074081570090416,0.11929696450290415,-0.07587718620100835,0.7848732138136635,-1.2588662377860458,0.369566411877164,0.21503142600766367,0.7308912217705769,-0.935034072019562,1
-0.5203757410192549,0.6482735598078366,0.6545990480479063,-0.0518173832172334,0.46895139478614933,0.05383624131908981,-0.7700441888298394,1.1339375196707246,0.823625656222994,-0.5478267677829094,-1.0552286917681846,0.13343990763723337,0.23155281814018633,1.1334796478870561,1.126504900023274,0.18178489229266115,0.5293387945811385,0.7101450248182494,-0.723273264111338,0.5116804611557202,0.7593455540411268,-1.1242127539296807,-0.45605745615512483,0.03737302662594041,-0.9492172660220509,1
-0.25535724665720133,0.14598781243668033,0.046448326267363234,-0.11328693626057237,-0.19259807224698366,-1.2111767309037662,-0.8442583732556354,0.059644910055379564,0.11963658538763905,0.7491759728775259,-0.046821156313081994,-1.0932339037333276,0.5854508043078535,0.16500549209128326,0.6925499902394967,-0.6680655914350472,0.5502915995076952,0.4458862119894667,-0.43183206789779505,-0.7810738274274979,-0.7333341599977816,0.07980392502738352,1.7245716502185002,-0.9131945481017995,0.0072598308719291245,0
-1.74160815760411,1.195161341435434,0.9372353534638344,-1.0419958084467784,0.23889150690798777,0.41138385430247043,-1.1712800258342362,0.45799055089518914,0.5515199059835981,-0.6800689770232136,-1.3022456464602188,-0.8407978438985222,0.3492262024722042,0.8336799815018472,0.5770935567870953,-0.4057426066832972,1.155918071145737,0.01142929324730149,-1.5811351753230567,0.3293822257252759,0.7711812562392246,-1.4534791456382095,-1.5630615511321855,-0.02705164537446384,-0.5966392004193593,1
-0.39662627290154084,0.9710375587430731,-0.40235985789846457,-1.068706409660312,-1.2955661144658392,-0.9653038184698747,-0.004794567675774667,-1.2590781757359408,0.24330988335177933,-0.4473809887936651,-0.8249660832629373,0.005488284322378801,0.3051133032698845,-0.6923757801628024,-0.25750020881915825,-1.444238097545276,1.1180200610939564,-1.3166436458547417,-0.3300906696723444,-1.2773542668773048,0.07952734560049272,-0.33748179150184016,0.16125713476036163,-0.49111854712500763,0.42212430983587046,1
-0.24315325829683976,0.4175888498203331,-0.189915411054764,-0.584144371015603,-1.7218521448544406,-0.3850094490653711,1.2368586440346008,-1.8607855981605452,-0.29618227496368305,0.16877293658930143,-0.522642831168162,0.06174267440417912,1.0050357774755139,0.16218092934339629,-1.1092983881465481,-0.7990698356211088,1.1269096136882817,-1.446248080261269,-0.198060755476976,-0.7238754464694414,1.1397112469441808,0.6581824814767059,-0.708257340044629,-0.40787818784132207,0.6477625315438789,1
-0.2595632392457443,0.456399701298045,0.038175150691266396,0.3992022406142128,0.2756241567028594,0.3679390361871687,-0.15909386869014988,0.7176468177397385,-0.2755860358322946,0.2808511458799033,0.15681163742741752,0.3899019370670494,0.09758809616443381,0.2983872355855805,0.25357733219237966,0.5170321859892654,-0.18681419657322354,-0.14440394972601037,0.16237303079938054,0.39150746252538965,-0.8487571091497697,-0.6615876396635184,0.44421762387769537,0.49713003003751716,0.08913213702250272,1
0.8810840075360716,-0.9151755612997178,1.3053461879788404,0.34265797266150555,0.6781858566086416,-0.10002510361092912,-0.11124292332362302,-0.572459488889702,0.7592040670253417,0.7322539904633322,0.46510239276596943,-1.311163349885733,-1.2333899547395022,0.7316657545639468,0.1777367038176684,0.28956629108200677,-0.54207350912376,0.232038718874755,0.47522166340903677,-0.57635346481593,0.35479297232074564,0.38300174868856807,0.2049897143611236,-0.9535299495293632,0.5049096605754234,1
0.2153640133232275,-0.42030025760393935,0.6878457451580909,-0.222031191920076,0.6130928578941547,1.3804173818125756,-0.6708441456454649,0.18682148415015584,-0.46496956862488276,-0.42218351276608573,-0.051304734391122375,-0.4583708908262156,-0.29406235949726,0.8894019663266548,0.9138985401440515,0.29248012603313334,-0.4596363180280188,-0.4090128235500078,-0.7165065318865502,0.4307390069635552,0.018365652760587506,-1.6368580160603607,-1.0286217889141154,1.1030068776105195,0.9413554373959873,1
-0.48124756377466194,0.7452447825764219,-0.2884029652097698,-0.5310982970379682,-0.1190115268178201,-0.015046114011665423,-0.3094402126240487,1.2709683878282272,0.2624361683297876,-0.3863922702801657,-0.9135978989655049,0.5936286971667065,0.83628511663279,0.8375176657297997,0.7554479962456421,-0.22006694382656217,1.056095521449862,0.3033011288770442,-1.0360549152380134,1.3541388634654479,0.7183393871437579,-1.6325527572039849,-0.5530565532533903,0.3808795482525468,-0.313562785349485,1
0.5028968578635183,-0.18353405415502597,1.0998480365222154,0.419492097393949,-0.10213079319244527,-0.7402834916779524,-0.05159645671530669,0.020283473820123146,0.6254557037919225,0.5390561493413014,0.23277264897147107,-0.6867316755428523,-0.9943847977815741,0.3618788279914165,-0.22654181575762347,0.14162874166181472,-0.5159372343064792,0.2589845924257838,0.8306873387655002,-0.96099783823605,0.4946104653689785,0.11091067460677126,0.015769969629254317,0.05086413457998475,-0.09211682193718368,1
0.2293819613984185,-0.28079393213297676,-0.5782580571490791,-0.5028356427534287,-1.4673496745928167,-0.4213000121735688,0.617722569031713,-1.3459231911928924,-0.3240131858556879,-0.7398284234873022,-0.4261930559322247,0.3221192323383844,0.8417873865322393,0.03749416881549398,-0.21505734608164756,-0.6710483383543009,0.5369791164711948,-0.8548843399388079,0.1605872724828938,-0.8370517922943194,-0.04390453717967325,0.13673668592459792,0.8848381863013431,-0.011131697834955248,1.1206958233817417,1
0.5301022667501846,-0.300782591419541,-0.1023753112171992,0.9566767375386399,0.15365567772017297,0.19397003448974515,1.0548114885131363,0.2484617217427583,0.13434121887400602,-0.3338828762292061,0.1502315666030057,0.5126609305100618,0.8228270219470138,-0.49392072311231777,-0.985191561272959,1.2027175306292688,-0.3700048611971644,0.6467721336396799,-0.10201021588621055,0.8693168548218124,-0.8359750314109744,-0.20402155584408396,0.4926530573907812,0.24823092565929597,-0.41389316329912806,1
-1.0607631788153993,-0.18404539840854403,-0.44242405135916,-0.6323109691627352,-0.0995057725525248,0.8587225015231105,-0.932944879658478,0.5143365982228253,-0.9901809227326555,-0.003233025512966203,-0.40518595746753916,-0.425485273920642,0.32694369225015446,0.9038583087237703,1.5533145423446135,-0.5874855476404456,0.44887739062655563,0.6661480398509004,-1.2572142972999591,0.8638067793716273,0.3285602207105816,0.09239455840006804,-0.5809257020737459,0.45733756788115026,-0.01601423665179089,1
1.7564890115019824,-1.3255404096602241,1.594866813988791,0.7951060459024887,0.43457973627859253,-0.5115133573101573,0.5879470010486856,-0.4903170031474123,0.6341138700320066,1.2032367736588314,1.017804728836599,-1.6043727820913918,-0.2213189808201575,0.7046936151721231,-1.0627243830047841,1.0418303434028557,-0.7302023493941726,0.14457791312016646,0.023796919878400644,-0.21896954773955818,0.5525649376532996,-0.4823698477565924,-0.1384726503849164,-0.3060042795913836,0.9289688906683742,1
0.04586986441938918,1.0917787326231412,1.4601106388871663,0.7182590482582274,0.659374067257962,-0.9228478575311501,-0.6351744417309517,1.0067521526769316,1.1235545387197676,1.5937557237380677,0.12704191853724164,-0.43945116915471477,-1.5316374932200296,0.4931135593610507,-0.0498108349099181,0.3294706578205857,-0.3231964536707744,0.38937415823854815,0.3787098849371585,-0.5897055755361694,0.9464204515638901,-0.16317418883648066,-0.897058810728105,-0.3111735678299807,-1.2776399969850676,1
-0.7937458313648077,-0.35014284842803195,0.19443110738057293,0.5854608916582553,0.003219283811555815,0.9052504156676077,0.3842737533563433,-0.2552824867532474,-0.4521407130967017,-0.6900401166955809,0.009436686917656919,-0.04463626125481343,0.5487322684318128,0.0749159944329202,-0.38939384009114164,0.9650245745900609,-0.44066805364588,0.49967031241379245,0.2737042112287994,0.132528797373437,-1.2275620214428988,0.7115188046875401,0.7361190463937006,0.28578869169876836,-0.09985621363995546,1
0.3069099452152976,-1.3636355612242494,0.4069673095596019,-1.0701393372516377,-0.8446536710955896,-0.660597925482686,-0.9347139806777247,-0.7439270040479997,0.6950458090044985,-1.267096118915844,-0.7040038547186329,-0.5843327114326824,-0.008885417824495619,2.045109074919045,0.8155225242115899,-0.44691482280003797,0.5294178773454579,0.6040712123071859,-0.13350109585315198,-0.5994906122876692,0.7409568378063077,-0.5964540783150372,1.5805369108319023,-0.8547027075478912,2.1462541540734543,1
-0.39515434088050094,0.7995818744454961,-1.186936421399593,-0.33837038100429007,-0.6259523457393089,0.0562752168467097,-0.23661568277944545,0.5819557629093755,-0.6157821654709126,-0.009267497445101606,-0.6090221039655064,1.130581567577205,0.2995858497667628,-0.18893387990298527,0.7067603307388984,-0.7031402195066795,0.5538559023396271,0.1301158943178834,-0.9983336502208111,0.7223617992076579,0.3665717151519768,-0.28758122369900246,-0.6520869476212672,0.5970999565259093,-0.5374800525638824,1
-0.7258321667950179,0.6306449508774821,-0.35966050331019006,-1.0031726820127336,-1.1020105281340518,-0.299746110545655,-0.04976263510155431,-1.2181606333420627,-0.3105619075087226,0.36837306503627804,-0.3438727253156664,-0.07954392792557735,-0.034737567263802956,0.35882633164618716,-0.18300341702256123,-1.192722088730142,1.0337888958809425,-1.1779788003600196,0.04719386596494865,-0.6639168944586357,0.10157874725882461,0.2265270518058283,0.3741127298396897,-0.8558038396181489,1.2692411914283155,1
0.3531066090437611,-0.24730072125758412,-0.09298261970089773,-0.15338310218910656,-1.6646470741888877,-0.5726675699361643,2.1009691829991124,-1.7524968968971162,0.1526994426936274,-0.08080371030202331,-0.08292404997272446,0.17939371319425895,1.0325665501024406,-0.14049214598223195,-1.6580748001818009,0.04501616186572227,0.730333506582394,-1.3547462296042343,0.3160627390526639,-0.41370998236105677,1.2085319391446354,1.040852086865892,-0.6917373926875435,-0.13838951550250275,0.4007972632556292,1
0.44477509413975097,-0.24526802027035396,-0.004904437880968725,-0.8573698689719043,-0.9817882816357014,-0.5318168828608989,0.1930902188789356,-1.1943569217525585,0.6458628828777353,-0.7495759735185594,-0.6591751701131907,0.27077824415876756,0.03779709575341686,0.8427162881817012,0.23086330246809939,-0.5767612809889743,0.7686716548725561,-1.0034583347240966,0.013914406869540562,-0.6680745416601446,0.9900498117620677,-0.2888182511324093,0.26572913976867996,-0.6233758993822238,1.2496556113066812,1
-0.021976813263224166,0.7786970941838097,0.5132279506507261,0.2390415085529411,-0.6000071552962011,-0.5128862266779889,-0.3626935822259254,-0.9033072762710735,0.5126314640082952,0.1656718747146614,-0.7773027802429764,0.6510994928848658,0.1624587981581118,1.055834534064357,0.15589665487190102,0.17810042540999768,0.310807401312465,-0.6069751135831677,-0.6643149743860304,-1.2337689609703144,1.2632932288376717,0.40319179135075256,-0.49178385617036097,-0.5673835959834269,-0.2829430773213172,1
0.5885962295109047,0.4287261667101277,0.8440424171397237,0.4185821021399668,0.9811339626719833,-0.46695071601906846,-1.3299392239521168,0.09945147971900004,0.46358439266581974,1.7248287436721863,0.8871297194608349,-0.5324386660627728,-1.779865493736489,0.24878639542398945,-0.1522219811771136,0.44088527671823363,-0.7695065381530832,-0.19885315185735516,-0.19543767208350332,-0.6450938579841423,-0.7615628535703057,-0.6645102385803965,0.4626614614554972,-0.8732225458413486,0.8559225207537112,1
1.1150136871897691,-0.2960659371202346,0.4279212132219219,0.6076982213883457,0.3474682177003554,-0.6768013953747212,0.18189359350206233,-0.12258413082811044,0.577487120876668,0.828468702965066,0.7972357784458861,-0.41102022207740685,-1.2663192167366777,-0.8639915578671445,-0.2316737177430707,0.3741453115991237,-0.8650155576003786,-0.19612397391408742,0.35597748942220875,-0.6584074780368808,-0.13352296856629106,0.4123735068915805,-0.17203916292690052,0.01224388340847962,-0.3908083189963191,1
-1.3488939007324152,0.45430376625354163,0.3373238251383674,0.16734311055523585,0.040583548470290616,1.0764257211589925,-0.6020651343934451,-0.031204973749139584,-0.5562246845268113,-0.6728160012946891,-0.49640985427034984,0.20369994072546482,0.15615209868182928,0.7187580898823488,-0.013698553189015458,0.419596087523511,-0.15749527295101554,0.4478404718537602,0.09722368538566709,-0.06305372215532257,-1.2255211670210757,-0.21522614608563104,0.7669405472606238,0.12383805279916553,0.401374641500752,1
0.2594271840743684,0.5187700185235691,1.100479318065804,0.673669142918773,0.7060988544807926,-0.5091830520289833,-0.017502942343466363,0.11015516433486594,0.8794622083609301,1.2410527866371113,0.21900971822196083,-0.8356097369885441,-1.2125598633178918,-0.41350563764205184,-0.37909352970383187,0.17602463598816112,-0.3461780303408894,0.3688476204530782,0.08839442945013877,-0.4824967499014695,0.3955456411601372,0.470747763058101,-0.7975945985816846,-0.6865299392406817,-1.2656451948750307,1
-0.25362769654961115,0.04909186588921865,-0.4086066892666785,-0.3406976997608143,-0.03332186004669136,0.43157411143223307,-0.6950519901687374,0.6583050616589637,-0.797126330329112,-0.07212682241593803,-0.4121458131891857,-0.2739067199550817,0.7007613973584057,0.3273200401166117,1.3465931650463385,-0.6543600311080373,0.3420850369483634,0.3486271086889465,-1.1158569716793072,0.5655494468915628,-0.1550403588312848,-0.968433348438525,-0.13917439065981324,0.7461068696072642,-0.02198085514160079,1
1.5587773105983471,-1.1106796326853654,0.393532187504096,0.5953254754279639,-0.14521312680496504,-1.1530172647544197,0.8425499447406528,-0.5054164240551063,0.3695218484649279,0.9858068147998135,1.3189498393385837,-1.1208786019588308,-0.6491071183753624,-1.085073891297966,-1.2640928428741964,0.4091532473877571,-0.8524849150094673,0.03506979248346313,0.6495515267861413,-0.5936538251974887,-0.5771534489772393,0.3822882499771206,0.6818176848192491,-0.0679484824676819,0.5068694294099351,1
-0.8177423532735885,0.44819622814925014,0.3101649509213391,-0.33252908039637885,0.20158989046917145,0.6345826399064162,-0.8553033279346508,0.7799732105234519,-0.43494201121373227,0.1065823885405079,-0.6749352552794348,-0.48669702373871804,0.20483074468610055,0.9301363224982535,1.1202411734356217,-0.5596896195148795,0.46051852352514666,0.6126096489605609,-0.8695275877668694,0.5771422488538727,0.3947018001118178,-0.8842711684458378,-0.6912027666038097,0.3818791292260527,-0.28648396561344863,1
0.38054586591928696,-0.7845649288286649,-0.0009850770950471013,0.899232726856139,-0.17521062759800954,-0.08532192977700574,0.2595751559390891,0.1807318542551868,-0.4870765160198243,0.3251048709418905,0.4858942590048115,-0.13455971188477076,0.7769990284423068,0.33777851380122803,-0.20277112100239314,0.9180064409021068,-0.5758978329467058,0.8536031963063588,-0.14311108989694624,0.16709841897919192,-0.6174727207540028,0.43995901679642363,0.9538007482862494,0.3890018239870856,0.07319362725867948,1
0.730143213919061,-0.18585216195702278,-0.1872464975239679,-0.21840950986523458,0.6171360339261406,1.2903749216884504,-0.20335687567017527,-0.09403843042089374,-0.7195900209408823,-0.2887409011741646,-0.3578154325689229,-0.2593538439441664,0.6323568870007511,-0.08267982410130058,0.8855338870912324,-0.4067671497136064,0.08808815096391341,-0.3132829264068939,-1.5899550183625906,0.9126526279323846,-0.3690542453886173,-1.8993429325335849,-0.78449859089514,0.5576808787400818,0.5750914393999333,1
-0.94159981603162,0.3385421166020639,1.52496649742391,-0.4827383044451373,0.49124913594972625,0.5466128269993227,-0.8429857934418413,0.6748895211995349,0.33585866429158445,-0.5569186358575411,-0.5886494759435522,-1.5212657573793193,-0.36752498237635517,0.47218455185730934,0.6066442574535708,-0.1818111018773534,0.07334766487772632,0.19254332126111556,-0.44525850913144327,-0.1449147276052266,0.44754672321265626,-1.3862351958847643,-1.5081452155390735,0.9604579016800918,-0.5751699488480209,1
0.28336061311409777,-0.46854279147212624,-0.4207631898189413,0.00864161638576284,0.18611098216928515,1.0021414896194776,0.10988248625240432,0.24361997553959203,-0.8039028285004604,-0.13611858272625804,0.13852431959739706,0.04351281971601289,-0.3410374296350673,-0.24669768369828143,0.8138175278541783,-0.2390317840800987,-0.4113632328787377,0.09042978313778005,-0.13412726962959035,0.6703721047282535,-0.3802616839195572,-0.2540642624128025,-0.41323612022075545,0.8966081370535663,0.1505180133788214,1
0.7053903189583197,0.4993549150105088,0.813144604907434,0.7729827640000032,1.4628901926654163,-0.16436129888314513,0.08619591722482839,0.23911919479655466,0.8815686852369515,1.6462247109240848,0.9173330817340453,-0.7466846506626765,-1.24372898490387,-1.074775550095523,-0.6902303071201643,0.8389275813917215,-0.5700867356587918,-0.29805552161030785,-0.5162316822584267,0.3040160555381552,-0.4428177998832096,-0.14659589896232492,-0.971262671562673,-0.7135305348913434,-0.9060838827271515,1
0.20286381159060662,1.00286666633564,-0.21738197511664087,-0.08919178651185962,0.06604015080621124,0.5224676887667525,-0.2771394517635475,-0.004704698397195878,-0.16168070412174035,-0.17127178389892136,-0.7611506471657387,0.7718385447164502,-0.2135837450119495,-0.37421287069791964,0.672294419723417,-0.5493983791250232,0.13897748129049348,-0.6040995307212985,-1.0267829694064523,0.010695232313814359,0.4656552690932622,-1.0012528316404106,-1.4524253585604872,0.5730256072525627,-0.6267478149001007,1
0.000447458729649169,-0.5661763154638755,-0.3587971563151083,0.24272183602370548,-0.42301062463775596,0.20547948856338444,0.9465096438413111,-0.0600320305266422,-0.43220113555401174,0.07287038372152636,0.3909042092887777,0.005626314744345033,0.6674970969051373,-0.07307830082210272,-0.4482951869059427,0.509982754007707,-0.0012702694841456618,0.05103388648402117,0.09264831171836799,0.6988147556234104,-0.3173751948674067,0.519793849457791,0.21624753163441437,0.3886495613754992,0.16472907083539975,1
-0.9048351526855071,0.6916596235056006,0.2869536674145757,-0.726308080926285,-1.6572911749684,-0.07862959427053252,0.34323879648662675,-1.8064876443023292,-0.46078907863118823,-0.11276034596908538,-0.8546074500261241,-0.11094989538794178,0.9068027780318137,0.9044032296754455,-0.9077947995193847,-0.8129364035754655,1.0659904158899762,-1.2030292742949427,-0.2746303546196411,-1.1315100251647918,0.8693452232758381,0.15306069745873524,-0.41222854304733186,-0.37849022793067644,1.1040423420353225,1
1.387021983745646,-2.7935356163728016,0.6048439059338985,-0.07023973974266137,-0.9646557119935454,-1.071155109262514,1.0007878871348628,-0.7648369165860296,0.5942987649062985,-0.8447298297489219,0.47326048058457454,-1.6809198935296394,-0.2885365928974528,0.33267428159547946,0.28188996435766545,-0.14819374852045927,-0.5453106448120466,0.9640931417756134,1.46029915531152,-0.9230645875818786,0.7826856036961738,1.3898089727827696,1.1987681912041115,0.21527493991507493,0.6352769010356475,1
-0.11725951541207189,0.44369879738707185,0.24600731884171131,-0.5452007641247671,0.8027738280135551,1.053042053246049,0.0761621585206968,-0.14179815805095478,0.6064909951439924,-0.9423599197185607,-0.8216118986941073,-0.08760943912554083,-0.3161223240445283,-0.4345159528419389,0.41131015702056956,-0.2700941999822651,0.4787640845487052,-0.392060451265687,-0.8563333758696429,0.8273749226518585,-0.0017125116654999957,-1.229399154779822,-1.1993439080738986,-0.26390406609858635,-0.3421869322166361,1
-0.2523141017033943,0.5911485025949638,-1.0769948458188312,-0.2956412147024675,-0.9012302622796717,0.38059663802709615,-0.5769075708624772,0.09235104350732735,-1.5500969908833198,0.39848410876381235,-0.40423460621009694,0.6923876875987873,0.7563490515462084,0.07502986395748146,0.7997338430059413,-0.8320410788856387,0.2828066318678207,-0.23679290397595937,-1.6998114445536299,0.24303801166979525,0.4841273173174993,-0.4660257248390751,-1.1606890302295616,1.238040566256943,0.003906664012029528,1
-0.4508073273094509,0.260376188120018,-1.3701166029799143,-1.2468034743098964,-1.4198625675947543,-0.8450622262725954,0.2623557738264955,-0.650018651982514,-0.05400208072963119,-0.9123042355158651,-0.15697516161852199,0.6392418374092586,0.045568788560194924,-0.9317374892360638,-0.42151624626143425,-1.0603388251662178,0.8458485515379301,-0.9960574272760344,0.6383961140002132,-0.31398648255916173,-1.2672322024186202,-0.2910754520155656,1.7332141229113132,-0.22236372123213613,1.4785338000018915,1
-0.26668613586987755,0.01774037244877145,0.28683567519259523,-0.9213852911423036,-0.6141123623317055,-0.468649215787259,-0.7798978649500818,-0.6391092595929151,0.7005642326863263,-0.7465412066154343,-0.5165335759563177,0.10490929822938344,-0.5846037912206903,1.0544711149726893,0.41712714958693003,-0.26910373044006847,0.457602665859594,-0.665246271007347,0.020232839163653035,-0.7948958015288256,0.4328876169018668,-0.4632893823559164,0.503034238331264,-0.5043639137478142,1.293182402324397,1
-1.5000097662907024,0.019699229919254362,-0.340736946999244,-1.204500712701869,-1.1272660073160359,0.3020348810644251,-0.781448013477283,-1.1362041801790597,-0.993700870166164,0.16068216110745015,0.10586325153311056,-0.2719188208551529,0.41427911932195216,1.5495163360659812,0.12830082924130667,-0.3978576527255129,0.8187778487468452,-1.2640488753208754,-0.10124757538290823,-0.4421744722487402,-0.661030818984749,0.21040128132523422,1.2437798738112391,-0.5090472295358763,2.6196390172839714,1
-0.07141173286852179,0.08543457438375705,0.04753735411473275,-0.2250776786456352,-0.01761798427406453,0.38650944054015607,-0.1397567546615035,0.4275842857383563,-0.20697633231608079,-0.4446289648820139,-0.6318563440360818,-0.32719050588589993,0.2127074083127031,-0.1412597173482923,0.4860777045519178,-0.5582804281981147,0.2137932131069574,0.6343491790075969,-0.807546954912689,0.5140662699142652,0.30296067545147176,-0.9014118719308016,-0.8537903076485155,0.6415679383065819,-0.5169732222820363,1
-0.7216319257189066,-0.08007560274383194,0.03180965641737278,-0.04374949322200275,-0.09795302776657515,0.7454617405470733,-0.5615980146423454,0.1594471318237795,-0.9029270938557188,-0.0008189737558535883,0.16235349285986989,-0.35138205837325875,-0.7182402372434495,-0.06972010228044183,0.034156779131843416,-0.16701021992496667,-0.5555830187704491,0.5959127754011253,0.08702866957561085,0.017833097500574078,-0.8444484861592522,0.028429409188262318,-0.0026981919025284417,0.7066800424619285,0.38526975839874894,1
-0.9370690001134695,0.06393156399805326,0.016642893027814562,-0.8804976573290015,-0.47766847484814545,-0.4615784768299868,0.2855292796738774,0.00045802478745608354,0.5671044220501238,0.29088281158610463,0.30551219932126905,-0.19493326229952893,-0.2200499357710912,1.0679428779952262,0.2780454833898234,0.019528771309471178,0.9748784521251992,-1.2332505397814675,1.1451537689521454,0.2310318086108207,0.020753057985647933,0.4466305918684175,0.9617023971184835,-0.7147472844687146,1.1114440177102558,1
-0.9443927135127934,0.2980417409758727,0.026807258907145762,0.48252126284597324,0.09993247324266033,1.3820745631072697,-0.21778565700520824,0.22304929534589205,-0.6531492274551648,-0.9476664291575384,-0.6864821510888093,0.7251210028969758,-0.1716640161379944,0.25695968829233,-0.13596282452254574,0.3452859374864996,-0.47960002028791276,1.2557850838316769,0.13182710212478163,0.44184578676635505,-0.9826868788476049,-0.07284183258025259,0.29752217697801997,0.4070625999387823,-0.19781879459571666,1
-0.05188485641220202,0.6527939877069794,1.4362531726586198,0.8097227863994918,-0.7638974236521691,-1.1866829182552956,0.5434878802102038,1.0149328179891415,0.4998402518806174,0.5030190367425365,-0.3566951730376908,-0.6035026688331669,-0.3088802996057467,0.12854831793932162,-0.9597845372561578,-0.17547737922098083,-0.26777603066578737,1.1471262208758606,1.313632253212678,-0.8964448461956698,1.1493141596139247,-0.27164692032210375,-0.7307367438975989,1.1207533668607066,-1.5306378810515364,1
0.7420676554229353,-0.7335034342998766,-0.35731592439326354,0.3188239010798498,0.2870472859364064,1.3173696610169385,-0.7396194867774637,0.06446714441710574,-1.5170359685902317,0.04220704647136225,-0.00909308590309621,-0.08052464604755961,-0.03542008047567354,0.2496728163334065,0.9975243536747573,-0.35142859920945835,-0.8319671326965672,0.9052133258063196,-1.1138806749185872,0.45943171114463566,-0.6003508171000794,-0.9106116343092778,-0.1271386929711429,0.955370599724615,0.7546963286296999,1
-0.9741199291285247,-0.23967597150549544,0.4509116419084308,-0.023166956311113752,-0.1737600551227528,1.0244674688222692,-0.6478052162577528,-0.11741677433853676,-0.869777294767985,-0.404125550016374,-0.04421175344742416,-0.4167940695361083,-0.37779188103744493,0.6205449299170958,-0.33585732124557127,0.2494144165024216,-0.5462774827646274,0.7631334776668377,-0.0005528666843198957,-0.0235747285243624,-0.8179699028827415,-0.18642778957770756,0.16364193436391702,0.5910582385133217,0.8862414479107612,1
-0.23914088738178038,0.14070463689547147,-0.8174483528885512,-0.5160386253581726,-1.2810406977118822,-0.48454021537509806,-0.1899698262860872,-1.081467867215877,-0.38894531913343316,-0.35600732465559237,-0.20512661060777945,0.6980516090376365,0.21958184410118559,0.0005788653926713292,-0.3400900432990722,-0.3848141567591933,0.3200573904074611,-0.6335962768451324,-0.29419393484843015,-0.7581120815352324,-0.3947299624019052,0.31185569890491693,0.8929533451307223,-0.22091706291850094,1.1777835589759869,1
0.7751741872383392,-0.051322799536969,-0.8234000897882776,-0.25968958628033745,-0.3868467027381064,-0.10398648506938223,0.28336618291516896,0.5762271555504923,-0.12481549939515632,-0.8383206049318948,-0.4643358041965467,0.5624191706443655,-0.21677294802139452,-1.1485496448108787,0.5983073237357452,-0.8725663637319966,-0.05073645612780583,0.3361526296454914,-0.24630179438126176,0.43400041551127044,0.05152988975309613,-0.9870541111786861,-0.49299269119590844,1.1572010568403683,-0.5341675489107053,1
-0.20062357866011862,0.055079610212667926,-0.6156092415077743,-1.2691377674500286,-0.7943648040598194,-0.8617877795095091,-0.04494138222041191,-0.5404493038321974,0.6128047696699617,-0.5464736427878532,-0.04616294403264434,0.09239438490416048,-0.49875895354688426,-0.25312365117836483,0.2262310122459805,-0.7679827287292104,0.8094198498426003,-1.2507247060952196,0.48855570463992004,-0.3772585661990389,-0.3687694399423655,-0.227695955866466,1.0107306043022122,-0.5410599905837624,1.2466140072891712,1
0.1222857091560618,0.48233715180502906,-0.6337131575407394,-0.24248689026098408,-0.1431445743962911,0.9931521280021774,0.02878166187974027,-0.5546311966581051,-0.9054970202597199,-0.04636138587350485,-0.6370593463698612,0.3414680983121104,0.8425984659177341,-0.45701932319025446,0.18679085956418723,-0.49324773022203955,0.40314197938774926,-0.39367599576293494,-2.25232664277233,0.72543633814922,0.4548680698937076,-0.81179588676746,-1.862644155853851,0.5055627149522779,-0.24315076755198045,1
-0.43537106380028906,-0.40753012552192347,-0.13442512934071665,-0.832359267880965,-0.9891318066947989,-0.5407327621025851,0.28512783654268337,-0.6866398555542316,0.3588435334357871,-0.13791482806331623,0.12337503470481997,-0.019927401779560778,-0.12806045050766116,0.929277494938399,-0.44665019193839417,0.002545323949762287,0.6851573651106727,-0.6372932744418563,0.5382620190458681,-0.01223155142014611,0.28921840721832487,0.4555519413578107,0.8106225449498088,-0.6835544720328478,1.5467522375758405,1
-0.6155006464956341,-0.020681660797373533,-0.5998491265088021,0.8249589556377421,0.1164308838408888,0.9675572953609745,1.1009850195220283,0.0035392062781713003,-0.46866399805187037,-0.6868321344789616,0.21686042686744902,0.7627534944617543,0.7052385410450982,-1.0579910361403229,-0.5206651690623411,1.209531787391837,-0.4570617730498152,0.053881521264601995,0.20709215101646422,0.7200598079734364,-1.5695330889710286,1.0280611807055273,0.36898899036121663,0.600016450355712,-0.9373026268805137,1
-0.48657723649237533,-0.30241257988531034,-0.7360197814386584,0.17402708644402243,-0.5772794864299048,-0.10548266708000943,0.6416641255935123,0.20239567998126454,-0.26127867912058683,-0.4256895319849028,0.5312157162907819,0.6338820371793881,0.9847147499060236,-0.20351539376708097,-0.2729380827291817,1.1608224825228697,-0.024162837976337368,-0.5414029554867359,0.08763074047151552,0.495135170056641,-0.9772024032267501,0.5937937308733574,0.8241372827686696,0.7452675869762092,0.14002853036819957,1
-0.7744321909372825,1.041807704976807,0.2998173276128938,-0.21475195509986247,0.1276647197695044,0.16276662718152993,-0.9784049199014684,0.7490191633526929,0.024368434921656586,-0.1527624741789837,-1.054044260328906,-0.08547351344895004,0.10121279771587406,0.358192179542156,0.7953594865560976,-0.6229786584343883,0.4878237693855349,0.7171627678556269,-1.1025639628268982,0.15474155409656717,0.42221695429203965,-1.0404478547169584,-0.8239721415903694,0.23700394750390716,-0.9381718436369495,1
-0.4931637298008699,0.49419886780283956,-0.8401345628017703,-0.6540910320210527,-0.8486049973421605,-0.4828695654918975,0.7035232849818328,-0.8842117984175739,0.0332505316726451,0.6553647026398116,0.7773683345098072,0.5627350703411227,-0.5790436590088192,-0.7890387861878213,-0.8876477976532386,0.11715874007981265,0.4344971562127542,-2.0371680381003308,0.28997990451278716,-0.09443556776710273,-0.2562073026476406,1.0497398439140722,-0.26644928234888393,-0.26148298465305064,0.7408232523564924,1
0.1608084139373234,0.8768486539113396,-0.3653997333794914,-0.3822977705222489,0.29366960598774916,0.6414228601128383,0.15577014846454915,-0.22081624882178452,-0.1561573935976825,-0.4517219134440878,-0.7937983156037655,-0.0041231203045246,0.5192318561106608,-1.3308617814126171,0.0020782424813384293,-0.8186750143936127,0.5630687458939381,-0.42847727828892396,-1.5913522082286113,0.6077685258135398,-0.36335365664638153,-1.609806407867491,-1.2539618319418067,0.20988391037175277,-0.5621671788898787,1
-0.19601925370447867,-0.18279952356434792,-0.5611778208955103,0.16961253912596785,0.04229441892426684,0.41454503085685723,0.9226874863511093,0.2943671345166007,0.13904586587141146,-0.8387812574584674,-0.1441384091846872,0.5021686537681657,0.0077207360733629595,-0.7486747685905353,0.21254279697972697,0.1473230743625883,0.017027633268986396,0.2686373878606476,0.8067082278883598,0.702069315419819,-0.9096538119489568,0.48963833146147395,0.7021234511677421,0.1447189019457577,-0.6158335562011794,1
0.2812085271047997,1.0153449730365884,0.04585656578628583,-0.20019089151293396,0.3493317585275844,0.6681890606511008,-0.12296846598025764,-0.045526628492566286,0.03099999138815308,-0.24764484371568074,-1.0267299768697584,0.3264939692829154,-0.10742410841712116,-0.34361832679046017,0.6002537040569622,-0.9503844881719986,0.4459530132490317,-0.32979905520045927,-0.850980672692524,0.22740619423942307,0.25303583318558975,-1.530072260722493,-1.0965022474992847,0.03826408669182586,-0.4617275813035606,1
-0.18927279545566236,0.4944921969283911,-0.3601496356880112,0.505897565221666,0.26549981322729665,-0.08381270052211655,0.03319291795680199,1.0795432307689015,-0.1833881046067905,0.45192347038313596,0.5766264300888054,0.4900347115684102,-0.035432352529105426,-0.5609761909555502,0.4732604593516248,0.6467076177730731,-0.3671534402350581,-0.4670913330296394,0.3112785697775097,0.3121408043212724,-1.049831540372633,-0.11859278375038114,0.32734102934005505,0.9505104351813929,-0.666086023186393,1
0.008927555137495,0.43085824893254876,-0.9557697559174544,-0.5425819917241446,-1.1840151168094553,-0.6479153726052495,0.38363210221930333,-1.102292138297778,-0.19946315888297397,0.0039531635130425615,-0.0842812914111114,0.6677517248299564,-0.06778808008503578,-0.6971192250428349,-0.3536899345515858,-0.8084316573451509,0.4986490979106398,-1.1635439316482157,0.18988487770333526,-0.7460567092553966,-0.36136271121696595,0.4660861054287945,0.6446721705486947,-0.35779653643030895,0.7485889828991322,1
-0.7777627702650062,-0.06649261929024086,-0.05749106536458192,0.3488954950200123,-0.6436887701594468,0.7435362051615714,-0.4976037398643479,0.19173015648951167,-1.2734006345823536,-0.24555516408377914,-0.19224057628706612,0.20290171214738714,0.27352709995953717,0.4123507545458753,-0.529680948852649,0.32501502779618824,-0.5901028347451045,1.2772013881735451,-0.6923916105127776,0.19732316057717536,-0.33662837443169247,-0.05038848027461001,-0.33231667650080665,1.1693621001829222,0.19707034409267637,1
0.06584272768546609,0.20048718425396944,-0.9855613723752029,0.6282233639187863,0.42041218639344013,0.5379935181492512,1.7274490843763204,0.5107985256884664,0.23894373709402109,-0.4983993444911238,0.07680515105094225,1.1299678010827088,0.6549307323475848,-1.2181753767561243,0.3509708111751293,0.6223299807246352,0.20427233685140475,-0.5336750516045248,0.8855978076051896,1.232861204009897,-1.259726716712107,0.6546906207119927,0.7504293787186258,0.09104690098985868,-1.2800970680885568,1
1.1294362003673446,-0.6357354527792947,0.7200235621863681,0.5911349585452175,0.24537620574632452,-0.6826690019982079,0.20314110100289404,-0.3775168977511409,0.41864496855933364,1.0907328785425991,0.7329441473912068,-1.1288484435658257,-1.4085058167116107,-0.748446043035274,-0.28453943577975177,-0.07079879318698656,-0.8691319431041997,0.4082910395961779,0.34639475663641656,-0.8312520181265655,0.29946187451577,0.8512484379287493,-0.4028622245212118,-0.21203888568790694,-0.5033337215615221,1
-0.4662705948948619,0.2153885296511757,-0.38633493891478277,-0.06287742615945066,0.12729512554078512,0.35902717918589844,0.833263030724622,0.3583785556490324,0.030424695673643982,-0.17725685606993757,0.2997150216460683,0.18576167667870488,0.07640982191017653,-0.6866625890599813,0.20925428449443803,0.2616992420025596,0.20514232564988086,-0.875614033583366,0.7369692707068682,0.628380230705383,-0.9566946457820584,0.1771938221547828,0.26475369139969596,0.3905368579194342,-0.31969987767337443,1
0.6082076506136324,0.7889740744806977,1.267823938820697,1.0636100667719153,0.43734228593698266,-0.6467811469447157,0.24307968795165866,0.6896948278191204,0.6965694225756908,1.3098394591644038,0.4590175171345222,-0.24648121076195792,-0.8791863815101599,-0.23374296917793852,-0.8977828930767705,0.7588764980740158,-0.6862457078533956,-0.05231932008524926,0.43975112158581325,-0.4513303208442998,0.4143808387992682,-0.5284411805594396,-1.0227066983865871,0.4775740086396459,-1.026054794987345,1
-0.001970870305100203,-0.7658700997824909,-0.05152879111071646,0.26089315851155015,0.08669875431755074,0.7665754868254241,1.0935298701490404,-0.40285144714045235,-0.09929330801189991,-0.5554350020794645,0.12495677015221567,-0.21684378172424784,0.09550461741354688,-0.333210930454089,-0.42952643826453635,0.364753854512867,-0.16477586300732727,0.38269924412696493,0.6812416888986702,0.648503075100929,-0.8615694263322662,0.5991771908819911,0.639828392420869,-0.18792430806383315,0.16612428067202367,1
-0.42573209498615,0.42346361367720764,-0.27399920891296103,-0.6313543102942976,-0.9509327635551721,-0.3662211376410553,0.3473360623535062,-0.7967808034876337,0.3308716655714633,-0.4303380721546804,-0.02358643341857073,0.7852165573633539,-0.16205754486073043,0.27376324795931534,-0.2570694788809062,0.10405025535109293,0.4845608094077937,-1.7955412326752156,0.7072722956204883,-0.6251071521096505,-0.09885647184666521,0.14615690460873587,0.45665025096792755,-0.06471289306052747,1.0751606355843393,1
-1.1357069278890954,0.21319809346433385,0.5472150809325387,0.9235165154132918,0.1595538147727483,0.8548585692710072,0.22538820411444255,0.06590104335006541,-0.5206721814048336,-0.2529741609523299,0.2273419464552973,-0.06829317142057072,0.7326701751228348,0.04618166032775504,-0.45237498352317074,1.454718512878494,-0.6187237942329916,-0.007136150486045037,0.17821370590382907,-0.1651647910403494,-1.3028402908744505,0.6470501499153601,0.2560856324593266,0.8100168023316492,-0.6347814107888351,1
-0.4421135774589237,-0.10169444042440907,-0.2086951347675685,0.2374400311145841,-0.014834184688304618,0.4982783294462688,-0.05669009946922732,0.3657700173176816,-0.39104070930347934,-0.46105731755776436,0.1528243037452515,0.1994551743512178,-0.6474174585715419,-0.6531279323183317,-0.22718403792007852,0.30046509068258376,-0.6630900669480317,0.6986923685550869,0.29272754617444263,0.2508344348335532,-1.0191409081173997,0.2021410065136931,0.16481826083551276,0.7336422849339286,-0.21776233173080792,1
0.49968541744774625,0.19541439723014328,0.491098784141198,1.4906836288911949,0.7819562657586948,1.0101158663561558,0.28069475628902185,0.2293918703087704,-0.6042212710858506,0.8725421171950146,0.4060667514892281,0.22884649380866,-0.29152297768899904,-0.42212937064894657,-1.0491599081524638,1.146757597366231,-1.1871826249811512,0.9394777827393089,-0.6269256206369598,0.585819657306581,-0.6020614808938084,-0.16676207034991,-0.9193486293130182,0.5130597523468088,-0.6952340448953962,0
-0.10047669304882255,-0.18249210587795459,-0.42908415883608997,0.289292813509914,-0.1311371244513094,0.26434022484219494,0.8463029171168696,0.24931227193185265,-0.1660961059515338,-0.24247810899927513,0.21893411210224445,0.3567392771483192,0.48092181532628825,-0.395100842161611,-0.18524114547269674,0.5404807856535665,-0.02233600905709298,-0.06855577599211363,0.2959532004326209,0.7056093979260397,-0.7128942810807852,0.24558888343609955,0.39173309804226886,0.4261265829514346,-0.21104250833021407,1
0.6240544815377288,0.5939420975528289,0.7308009620025827,0.1285167387379182,1.204794311480631,-0.7709155063708918,-0.6403740239072717,-0.2736789156009075,1.2349648535509359,1.7333214210984582,0.7713525222756268,-0.9069847452098497,-2.0726525599431826,-0.8785092892218394,-0.30330679518003223,0.05807806665954879,-0.2873564540139818,-0.5227881737917749,-0.3698107291500904,-0.48610381322140717,-0.28378411108927765,0.10268191307890454,-0.3937935796153636,-1.5882764842446198,-0.2603511745927408,1
0.6671242009551502,0.4309426628245412,1.2591897275641841,1.1249409986283758,1.1795040172712943,0.0767913048071169,-0.019215398331030593,0.4069240408828503,0.5649170964044031,1.4734569187738067,0.4596097318327224,-0.5932301431957469,-0.9681751750111887,0.0018293964113098968,-0.09470513280325821,0.7403489570312135,-0.7166776652144426,0.11675670511862948,-0.03608587517153406,-0.13574007034778926,0.2082767154665731,-0.10920639346803288,-0.9287763356374099,-0.22318299451415513,-1.046358602476004,1
0.797994264372528,-0.13911581380139976,0.6997852284743258,0.37722227508904227,0.9213838166076972,-0.41515453476110475,0.06357232793154809,0.07412404217664023,0.9336385562403624,1.1133018583454481,0.8798255020148386,-0.7192599835851632,-1.609465847124985,-0.5584605347982212,-0.2571723523117286,0.4694668016599788,-0.5735739562189153,-0.2505999661922464,0.3989344228657884,-0.08446978970378563,-0.25864405573402777,0.1579882289224761,-0.16436258052815605,-0.6626561549608158,-0.14339997416181782,0
0.4393121449529155,-0.5720058526557428,-0.7170072874226138,-0.6617599536667735,-1.666933479405186,-0.9461494991643077,1.4321063540834766,-1.328333865277379,0.11601731683580481,-0.31685311019231305,-0.061146264141259364,-0.025042935623080857,0.4070034973925855,-0.7657997881048966,-1.313625255188609,-0.6679774536910048,0.6900259257765227,-0.42854077522699147,0.013003613283707078,-0.13852458324249994,0.7682218313918464,0.8072073483698692,-0.17879469086212066,-0.24022156753696958,0.5780470043088158,1
-0.4306192344259572,0.43614704083141137,-1.6441580185161024,-0.700155505663687,-0.3230961698467227,0.1995903795862427,0.9021243196509025,0.6295371350300685,-0.1379607513408654,-0.5435589464241136,0.2801387892355777,1.05119721575265,-0.8971323020717963,-2.10754672116368,-0.10564009659131375,-0.48589649852678973,0.2173535258946871,-0.6417103911704746,0.473240478067227,1.2812918725349716,-0.908921115610398,0.19962887599509793,-0.503131802930228,0.8256395030272626,-0.5248487790944255,1
0.01569867959865389,0.02101028394007034,0.48096708274252004,1.098001068812619,0.22252542754381804,0.5982497405289356,0.12407793790506165,0.2991319034227664,-0.7053893683104805,0.714316216450774,0.33011097585370786,-0.025141600429930612,0.5250969432582002,0.48367871248710553,-0.539419184569758,1.0073778199626235,-0.65364671387412,0.6005823843365116,-0.2846712025491826,0.3027548762376985,-0.5676821442582282,-0.15814745167252608,0.0238938037020966,0.5594978783633602,-0.08987826131337878,1
-1.3380944156572498,0.6806772248182543,0.6609203182608121,-0.6527540792138933,0.048854942722684105,-0.289343696241232,-0.8643351894373933,1.3131894403991056,0.6093500789834905,-0.6045011482945347,-1.1316041484633568,-0.876307849262809,0.615393060276481,0.7476581718299227,0.9745251890304375,-0.48242010584110695,1.0220457887183585,0.9944641444224289,-0.8901073712171365,0.5072350216462184,0.7171593054201204,-1.0888698221234332,-0.6156908815973062,0.278008444168084,-1.1787202354085209,1
-0.08005716300276944,-0.8587087514116825,-0.7952443952336407,-0.7112317551626425,-1.033247031945678,-0.056136504603149555,-0.40962962754240895,-0.8414843788510687,-0.5242369405849356,-0.4363341021160468,0.032364199160548786,0.5524769147907761,0.35688227985535187,1.5961233589516197,0.7439040060176733,-0.17828265757178974,0.4111019477136399,-0.5306238139691429,0.34523678929747736,-0.22270839920152538,-0.5513200668715454,0.2076894076752456,2.264297850090486,-0.575942978556697,2.5527234587622103,1
0.8847955855148123,0.005529740946641154,0.5456040156182262,0.4224941600392766,0.49243483562156626,-0.9819603391981718,-0.24254637579376873,-0.27709606855268776,0.9638857679421519,1.0735340710857524,0.7896258262376064,-0.46436639453227607,-1.2689481070865614,-0.579539246724887,-0.3555211160667499,0.5448082571086025,-0.5684012479277901,-0.4298025815519659,-0.05789572239231428,-0.7514059187464553,-0.1749252100262915,0.31667866155264013,0.06126415988244981,-0.6983702706411766,-0.12351007272306001,1
-0.025689371602043876,-0.7836060678394158,-0.17074648500696843,0.3503746276215764,-0.24948126410388632,0.09935771282468053,0.12272928589966206,0.17230453254042094,-0.4440957436971311,-0.17233063378571647,0.3633535795774708,-0.10939836540436478,0.6120060034461711,0.42647139410326645,0.25065113803126066,0.6427697631084972,-0.3149231773506254,0.39941591966087686,0.16267923594026867,0.1972055044578922,-0.8016703524439229,0.31750711851913443,1.1581909162999056,0.4416839900452524,0.4480010119369349,1
-0.7099953018037393,-0.38463933275279477,0.1498797952877973,-0.576186272064677,-0.7685860965720763,-0.4590279882859391,0.08177189739334763,-0.39144907087278813,0.0697394723742451,-0.08195228417125044,0.002346894157936279,-0.6601980016168676,0.6413457130675586,1.06360171359463,0.24706589182274646,-0.1186830354320495,0.7354875235644854,-0.4437039299887946,0.5161315450455082,-0.30357895350475356,-0.13693915269627344,0.39163588278233097,1.2808998329054877,-0.44354426799401137,1.0315722498853026,1
-0.9887648229665082,0.9127847379340024,-1.1159109177053743,-0.3704205693348698,0.302270144471356,0.575342288637869,0.9237001743871778,0.6835570774901574,0.5029084586297834,-1.0615236589477288,-0.008611332521290309,1.3751568719454546,-0.7512570358638586,-1.6421952567136278,0.31912292365267053,0.20089588162736272,0.29810249171225334,-1.1675870290461126,1.2618039812748834,0.9980038315278372,-1.5946221274158237,0.2954471591079294,0.35477481912096515,0.3149507894067133,-0.8566861515126662,1
-0.380085001914608,0.2546978832537603,0.4412487502755373,1.0776850754280807,0.1526985867465779,0.6371024336447182,0.11838347174103636,0.42039585565189325,-0.6056729467677876,0.22518268553160747,-0.020091153064651233,0.173843140720952,0.7361462301039188,0.46467812298723365,-0.10077972915475031,0.9257754748857643,-0.5090190069178693,0.5347799876542002,-0.02557000764911058,0.08202035430890077,-0.6592649318369457,0.031901987174315076,0.2167225412531807,0.696052150623021,-0.5837681878127549,1
0.2073307620751427,-0.09510086084084558,-0.4450521162249811,-0.6263662684417418,0.061989841159505774,0.7677054759122566,0.3394872312970237,-0.4405711633445313,0.2116772583002936,-1.2163583230335062,-0.8327770009512864,0.25956186577419293,0.08523037953742887,-0.5713446198881295,0.5983966302992475,-0.5025458638038508,0.46575704525427575,-0.25861019538684066,-1.0436319268368621,0.704928698791326,0.38274500132947203,-0.5772613715342622,-1.1123257852075066,0.1023711721663903,-0.30219767019541044,1
-0.4071186063115381,-0.647382973822469,0.5580923193475313,-0.25397147092157746,0.27868617985704947,-0.2996555557545998,-0.9441310196846857,0.06564111251592544,0.29100443628227884,-0.35717621702361857,-0.14046617689493693,-1.4541469367179352,0.3301321782864648,0.5408294186002406,1.0995567378675215,-0.09854003453176977,0.14350352331118238,0.6559529289837375,-0.3756665232783788,-0.48870500777466325,-0.7293727951143875,-0.0589610996534329,1.3275207329368726,-0.44737943839713556,0.1623737744735737,0
0.21107935175563905,-0.2689119706992954,0.0037654782295249837,-0.1328933821370436,0.11472303207569902,0.2860095780093832,1.1100084772138015,-0.22807299616735915,-0.02039928947191058,0.17494566436668535,0.34006763011633906,-0.874679925148593,-0.4130073789841324,-1.347406423317678,-0.8053053991493665,-0.4183253526823738,0.03606981405639315,-0.010098402329632548,0.3416327000038702,0.6300585459599494,-0.5312321864672458,-0.0070728522614118446,-0.49800009836496567,0.036480354979060506,-0.18002341586830753,1
0.032728028441729076,-0.874900961117215,-0.632035854893418,0.2738272000908134,-0.3586298299558129,0.04600337025612647,0.8514397976723161,0.10154064637247943,-0.13939957957850782,-0.7059748297230832,0.320037376654372,0.3124265119518928,0.9155774166401989,-0.15568141285887444,0.08217180604338857,0.8137979766481716,-0.08526320779160823,0.1149950811175011,0.35381308275806445,0.5862729734533166,-0.9329503015341136,0.6256395738581665,1.242548284203526,0.4033329834171348,0.11075367148140566,1
0.7920857077809971,0.07716056807984017,0.33657365210596746,0.43633186777524874,1.573548409318772,-0.147659203088621,-0.4924186280525335,-0.5519582320518257,0.8545095582679749,1.631127018671369,1.1578459846248421,-1.0039658023973503,-3.122711122136701,-2.302572564905828,-0.30351901453952396,0.11383351172111489,-1.2041663977098962,0.04669123580754777,-0.6546440342278992,-0.40784208409107825,-0.49329086844787284,1.450440442499221,-1.4341238759516033,-1.1943293031417468,-1.2786889820275964,1
-0.5044869103505456,-0.004399540477083419,-0.040642557476190035,-0.6638450783301829,-0.7958026399830516,-0.3545638590731849,-0.4778051465256482,-0.5009142006889884,0.28829071323001687,-0.5341470856478153,-0.20001704610775425,0.40620956466916064,-0.32390539076275615,0.9554492899761019,0.15063523829868705,0.07728555378071625,0.3161515611936121,-0.6608969583168159,0.23189591440515775,-0.551560657261384,0.09284786535281626,0.029927760440595103,0.7025509612195194,-0.2184548032086814,1.2406562690101128,1
-0.5463102967658839,0.6160745096367948,-0.6518411724044911,-0.36076532806155137,-0.3066651530382309,0.06720452489013201,-0.5387148833646591,0.6508238375301202,-0.2901320978434967,-0.2024743767446633,-0.889794365692283,0.5168500154622631,0.5556770830785956,0.3777102630515607,1.242249864471819,-0.7147058357021444,0.7346163948641786,0.45036631837423735,-1.0556483475293978,0.5645729468821156,0.4785810247809589,-0.38973954380692316,-0.33129782269662084,0.23087090418672948,-0.6861999293277095,1
-0.7274141498061285,1.6161231656690034,-0.3860369916621103,-0.3461228694505677,0.2513988464276403,0.4341278435095187,-1.016732208101803,0.6092033238366036,0.09886508993296704,-0.032633438310201726,-1.1531728529697922,1.1746516407628227,-0.387683552858604,0.4539269319964689,1.2106358358115425,-0.6794169331554188,0.6937683190018902,-0.08463026491308226,-0.9992705631401516,0.4121476157649948,0.38023984116370474,-0.9113109330061178,-0.717621108008213,-0.2705094963671151,-0.6600349537071668,1
-0.7967414050474784,0.6328874395067566,-0.28849396719684123,-0.48247444549965995,0.08223940581922845,1.0033583283156784,-1.1128338466164838,0.26296717974884126,-1.04533525282217,0.24933481304164748,-0.49013864650468264,-0.031169754710031382,0.19119221975191267,0.5153967488231083,1.02004256469676,-0.5774895821632531,0.3167781067503481,-0.02119912111058624,-1.6712514668061929,0.5529337599082353,0.08427415815909674,-0.874929589937426,-1.1113727582485944,0.5603518630120236,0.15551990573985128,1
0.8207684426880135,-0.023487043846651425,0.6492857590591646,0.4568538766410832,1.0237810249742179,-0.22068067248245893,-0.7720508245272832,-0.2077963384918638,0.7230244734673354,1.2194430994665473,0.8122003180088558,-0.3493774026604001,-2.081266292296449,-0.21992643164297102,0.2715101714740956,0.5452038138064612,-0.9370330440008822,-0.32122222276570334,-0.1535358234964241,-0.5971873734652412,-0.1117000353403441,0.40090119462233087,-0.36904421263521664,-0.7152724170487303,-0.01515947543003576,1
-0.8480355197666507,1.075326592529502,0.3779645138574601,0.4080780522562912,0.5003960217498444,0.6031337592440505,-0.9625645758439872,0.802592974072907,-0.4047792648577905,0.331292875001018,-0.031542658039231626,0.330066659519371,-0.41038166828150474,0.2948946682559695,0.12589792641236386,0.4488587078765295,-0.408796015984607,0.07968430985139546,-0.047311052025342026,0.002327356115836064,-1.2235907084073983,-0.9894707789798096,0.26838601335570234,0.5091155408646248,0.03153413623890273,0
-0.8057533835557592,0.10598193456717171,-1.0600930946129472,-0.1012885354292295,-0.20109772856090996,0.5700489288244195,1.2511987976039067,0.15651624926068108,-0.10949590173414225,-0.9712416637232345,0.21259655366105187,0.7305276665007322,-0.13431766804339296,-1.7617109484076268,-0.2497146213414312,0.33874527760451595,-0.02303447216376851,-0.523438649716543,0.7339746832536673,0.8220968508360587,-1.2620095478641469,1.0478488222805973,-0.03427854712396563,0.7180925803401769,-0.9369826771681486,1
-0.15789485824564653,0.762573641822499,-0.3611548467988831,-0.3645021885614636,-0.6319327845189623,0.47197386352485743,-1.2324892392589692,0.28319444157326595,-1.193779682900446,0.20624448216986596,-0.7271591613070381,0.668933134931047,0.2307192574004563,0.9956182333096479,1.2997218249128244,-0.8922773423310908,0.171665136637404,-0.28740655770737356,-1.3410673515590434,-0.2016991912244009,0.7726161218550102,-1.317178075484094,-1.0388551706464424,1.2130861789532161,0.4586765444338779,1
-0.36337500830559555,0.17594355786623386,1.6271951461280008,0.1265828082451563,0.5868452437095208,0.6064417989199633,-0.29189728215248667,0.4214344349237651,0.1700812749154917,0.850654420310094,-0.013934873059338503,-0.9795686613139799,0.5602691870960832,2.379631754309309,1.1020306948081917,0.6699573258778362,0.38784748835859906,-1.0421790684054413,-0.003552082430626344,0.07017210218434002,0.9567401437027249,-0.9233844130069748,-0.6775598034183765,0.23486166432096536,0.4135920055007802,0
0.23525678425611973,0.9694175420798173,-0.6570008627424002,0.01831580363225542,0.040420128660904844,0.1363675894710137,-0.5876154442471262,0.5479336805275861,-0.05013071338321664,-0.35313702140298825,-0.9444566048482345,1.172370092897963,-0.2853470133357037,-0.4127742865586151,0.8789303326734157,-0.708037504573638,0.13828201653217165,0.4241711816903739,-0.9143469561086102,0.25299023506666224,0.08501500694009446,-0.9993168756923323,-0.45624377279285067,0.2848263502679089,-0.7852703169230025,1
-0.6926858871007202,0.5798485973428835,0.6017153305520784,-0.5668019200488443,0.530789694787933,0.47927182768136267,-0.5474407092856459,-0.7576020881841449,-0.27697361536832255,0.12521603688701854,-0.15078726021958427,-1.7648757037464367,0.7356178349637961,-0.672475028498476,0.6202671661623917,-0.6500510268710413,0.5442214368170061,-1.3846951989773584,-1.085702661134302,-0.719700527349506,-1.2089199788899974,-0.9349712432190556,-0.193731872747512,-0.13684216875482205,0.06985640124748355,0
-0.4331809522051001,0.7722647729216064,0.14859320884887925,0.6924845277008517,0.6936794077106806,0.9532118502945667,0.16510587693676337,0.43355727154941737,-0.07177149070457012,-0.17116081845807968,-0.35553255499968495,0.5860124986324047,-0.19561006197424358,-0.2615003153862635,-0.09030571569284997,0.3855899613770274,-0.2483404254134253,0.4466501821770449,0.3456143845014662,0.5132712886759282,-1.218085957543926,-0.40091231602542765,0.397215014594262,-0.0905167543110057,-0.6004176009510157,1
-0.4144545313220193,-0.5423721201121545,0.04316285966081758,-0.5806744677777527,-0.7930683472351865,0.16611073582317398,-1.1076768899209257,-0.5756354667288085,-0.15535114679763945,-1.025696306892128,-0.46025154525002054,0.589654518721779,0.06946238129038708,2.192963332703619,0.8859875870465334,0.23717831217524993,0.10759912827968321,-0.23239528779503624,0.14827198007298728,-0.6605391933651229,-0.14034615614928872,-0.3739975202174553,1.6567241595267983,-0.162255946271119,2.207906119850379,1
1.2703552418291209,-1.3123226092509162,1.0935499523351613,0.3702663665633488,0.4052001812493257,-0.7267070390629089,0.5489832002834146,-0.43937392270999576,1.0180409873997824,0.5563065072304879,0.8586142338667102,-1.5400369705134143,-0.7192568036553528,-0.1656342462503636,-0.6294640309478623,0.691510043455213,-0.5746289679707746,0.2430248879398353,0.21788251112177465,-0.27519928415011335,0.31277351759523714,0.3367227229082494,-0.02734593764744864,-0.4865072046958537,0.1910049493284745,1
0.56526060951615,-0.2609030850058425,1.5641387070491022,0.37381010630173284,0.7212385546823087,-0.3427302541873054,-0.29791106214052643,-0.04009784346923587,0.936480608717238,0.9540996141681203,0.15401508166549793,-1.3205830422485938,-0.778846859681586,0.9642810185047159,0.04234073868332463,0.30129261639669613,-0.16821994070055965,0.37885560180257044,0.055058058562938356,-0.3758233155152578,0.6781296413024701,-0.2769947247120778,-0.1859427998069247,-0.874015537042194,0.03939698866602277,1
0.8879043865464253,0.17210300123240577,0.10674777587061987,0.5126176109200122,0.6898418584676967,0.42866014733068725,0.012081232105672185,0.7182601069832251,0.11582126888251489,-0.3036058716489722,-0.4762932980217126,0.1593056298881211,-0.4071638008189429,-0.6829270643984868,0.5387524174390431,-0.34468941577424433,-0.41610055103023763,0.8841348928768029,-0.21501329445711628,0.45697516382489767,-0.38249405281563176,-1.2848629291240752,-0.24470323516885664,0.46422261858353053,-0.8097496894249987,1
-0.8732402628610063,0.148595129408475,-0.0872590640047247,-0.36565050997340176,0.19276111535153592,0.7279226005682189,-0.17124045538453578,0.36403904420641586,-0.2528068194035049,-0.3918955991616752,0.13718347475605663,-0.056509303389889624,-0.7064838595415326,-0.10194741321368707,0.5958415229884116,-0.07297600538344358,-0.08773704964742642,-0.4327097164927428,0.8269247864835402,0.24759533421607538,-1.131151281649717,-0.1197738316993231,0.46917219251935244,0.43994919123360243,0.3695543967454266,1
-0.18945369959815794,0.24343477867871735,-0.12474440349692872,-0.45106040098667727,-0.006141554759374859,0.0843938421720605,-0.030700788326372276,0.3261902580493749,0.46699516415390163,-0.9705203992297374,-0.9615116773086058,-0.007602942124090644,0.30762010638917753,-0.27532678972566477,0.8114220338192707,-0.5191033680659555,0.6063042442040288,0.32275850907265535,-0.8304552425891306,0.4537753144283689,0.488473267467872,-0.6189783343949607,-0.7150552666613159,0.1978837539330045,-0.9554065378951712,1
0.12491195488249973,-0.22108527232537525,-0.3847550889951139,-0.612083700430188,0.23299804521793166,0.8165282059697434,-0.22840160565204337,0.20685379990959657,-0.35237520672149303,-0.7400980035917916,-0.44999438725927754,-0.23990313259212226,0.2170362319783427,-0.3115576020000679,0.9649934091914188,-0.5706111849649885,0.25975134578891634,-0.016912416100333,-1.133592291330908,0.855176172233137,-0.13263889694009662,-1.2081274723209814,-0.7472804634023512,0.6453524049580537,0.11386439109956878,1
0.36081662442808193,-0.38595420444712125,-0.9089000343578886,-0.928896190407141,-1.7283203779546057,-0.6014767259795901,1.2260540702502503,-1.4801530028015477,-0.16301253502098292,-0.8368703676861502,-0.3721566287371345,0.22632148511838437,0.5480869407570411,-0.6705733328280867,-0.87217831107048,-1.1381215633357658,0.8254569199366133,-0.8359370598152851,0.3663644494632984,-0.3794965184889757,0.08606032265604799,0.10880605984039504,0.5851154805092192,-0.16952509769594543,1.249927555696663,1
-0.3441799904040052,0.489798523596174,0.6335522886677067,-0.4786999863106961,-1.2399435429705785,-0.3432644887306293,0.07863982408786302,-1.4942771305000813,0.20561432769664703,-0.3302216367087978,-0.962819311261782,0.0003614486703029784,0.48759781196112995,1.1950284527246415,-0.30815150997256713,-0.5725729517100332,0.800039283256762,-0.9525498040197713,-0.049869946434737855,-1.3604113987254427,1.1327196465271245,-0.023635677622491587,-0.16093306462788268,-0.5238453507854545,0.8123212494785791,1
1.3293311389489413,-0.9030921189670528,1.5709018490969777,1.0396076088036592,0.36290695868416123,-0.2140665809877947,1.0901681040988311,0.15433561230023465,0.5149465904390071,0.7928853808246598,0.7851653795626045,-1.1832157198071007,-0.19917607384610594,0.33097938584195724,-1.0499448168950325,1.028096296796707,-0.8175028113296552,0.27499960656203515,0.8421109882403657,-0.019156509500464474,0.41500063052520547,-0.48252935008444997,-0.4032492241965401,0.5062976751283549,0.05851675568871338,1
1.648203660225365,-1.1182485793186818,1.2465882412639788,0.860290801822565,1.13030353574808,-0.12977020283780782,-0.1424437996871548,-0.15432685025314774,0.7921429933326818,0.7547139869034956,0.9432131671421166,-1.0790077058649048,-1.0779672658743586,0.16754448658621504,0.3016705814639703,1.099915458773235,-1.2000794512420465,-0.03145097718025054,-0.06802619863891615,-0.45907176036019703,0.06030430058640017,-0.09164986223862592,-0.18841384998884858,-0.11596390826758315,0.10277437815573756,1
0.7481239773922609,-0.8188717810204953,1.555653592199192,0.6073966689602386,1.1927579134996835,0.39564998115873323,0.1923108929628529,-0.03552302547582288,1.0548615146738691,0.6327268530505527,0.32333885511533544,-1.1203342244725707,-1.4977385936171925,0.8445891018745217,0.616247806459028,0.6416240370898408,-0.6267184862341009,0.38346744859455273,0.6510984039740992,-0.026350721460218402,0.9104504675111122,0.6676184793046269,-0.6844237872506787,-0.7123660838449719,-0.4989931316010957,1
-0.544715525665633,0.5664894088013475,0.31183545903775206,-1.3443322934503912,-0.7824687581554239,-0.6181741823154145,-0.8113378510276029,-0.8986147821526922,0.9585079355941045,-0.9167996750487295,-0.6512503090762176,0.26395019929171215,-0.6849392418110197,0.8897202853641561,0.2829442165040365,-0.4548132151082314,0.7939430225870581,-1.6212283715830769,0.12363636013284698,-1.12946842351475,0.4155151703456412,-0.8269201282210125,0.31031802080081844,-0.551009241543572,1.527562568116736,1
0.6766668978520807,-0.264438193046674,-1.2182295477213338,-0.5239870191120598,-2.0385688165098257,-0.6162715006418851,1.7439327724750084,-2.2149379255587176,-0.6206521132533387,-0.030095003779775784,-0.2938722939132983,0.5248445682531677,1.5890144818478222,-0.4273101713785966,-0.9263180496889798,-0.9750592104451608,1.1012625594704366,-1.5059856894137997,-0.35418163603170144,-0.5119841170425773,0.6493376331151116,0.8818846094664249,0.21919491560759938,-0.4734035286583587,1.060386541601608,1
0.1257212817860981,-0.34629870460408413,-0.23231991061864546,0.26066203723544484,-0.17199015591731007,0.29954099867176254,0.28222471849116276,0.38564614220604976,-0.7007778804767014,0.2857253101919063,0.439542489727165,-0.1708807838622864,-0.10741195289172595,-0.42063048500892064,-0.15893305491869056,0.10336479730251664,-0.46344025102769454,0.3897263023959296,-0.016410377435616595,0.4808477105475492,-0.4409842691653706,-0.045733533287984414,-0.23363668050578923,0.9459296776396404,-0.0005920187095887615,1
-0.22315909619433835,1.3736632617363522,0.3887746879544439,-0.1356424423874009,0.5447539526699055,0.846603547783337,-0.20692625429028155,-0.271613429267312,0.11365176531384305,0.050271050138066486,-1.0470248261778958,0.08091022932173077,-0.08245891196846807,-0.2691175052718615,0.4715059077986543,-0.7025536967056055,0.5452058814907653,-0.6077547907512948,-1.1984440904447156,0.08586003173648209,0.4834039462506993,-1.084781130286294,-1.7380722108258213,-0.19492739758620792,-0.9143938104122612,1
-0.7090515622380794,0.4198238614000819,0.16965483467519826,0.14833007102536472,0.06826589098971513,0.9329931857991064,0.46807539164855977,-0.01758405614328012,-0.8482344153800581,0.50899430707815,0.2718999805063239,-0.5441026857561486,-0.21066127352971545,-0.7529026644037093,-0.5736473876368958,-0.0924489901353125,-0.21225341431476216,-0.2160192924317538,0.002768112152226295,0.36935318093846997,-0.5981850259205441,0.0962769148388361,-1.069605687142481,0.7523980873440742,-0.3784524609295713,1
-0.1413765958628009,0.2802552792512506,-0.5046208056685748,-0.10523550263692072,0.03521223863167984,0.42264060819626775,0.7510536561106146,0.5303963440749045,-0.1277817689998742,-0.04110602123931,-0.016527452467620028,0.32820142501561966,-0.44130034939093987,-0.7753265011303528,0.11509654219087365,-0.3899969392992581,0.1648233686506229,-0.06371961014907174,0.5606746524563061,0.9040633457635995,-0.37437121189690975,-0.10503094467805918,-0.30265058242684295,0.39963719101815504,-0.4588430678837433,1
-0.5768688292550068,-0.37645410459653234,-0.5488447669821778,-0.26981859479266507,-0.4069843973267331,0.1832908400130368,0.30300838441081107,0.1942240565943602,-0.4571924435778235,-0.41394025585269334,0.6396712566915771,-0.12355761166040295,-0.38245508045082544,-1.0732247882344483,-0.3931363399275467,0.3296021231883212,-0.4076605108452732,-0.18366455798563464,0.21870862692924614,0.3561078045939352,-0.9844707583351886,0.4564133346025302,-0.11913862186908988,1.0974352965972718,0.0737321129771394,1
1.2429555385023592,-1.5365566801200565,0.9012759896631913,0.17569524782757948,-0.16248555035001794,-1.0587024314961457,1.1275222801769282,-0.19268706895869686,0.8634873563809383,0.1746670139969018,0.7235530383239535,-1.7837595637484613,-0.3124623982578353,-0.44816628786010765,-0.7226931383180436,0.07422185023450767,-0.3087522881180218,0.5303050180542658,1.0640883202130262,-0.2651954403164341,0.1507017536719879,0.20078667062872885,0.582696253023459,-0.08188804999836923,0.20391663978649438,1
1.5188261776889056,-0.5701866580132092,1.4652646658648634,1.0449777495124668,1.0271526786294511,-0.7339063778234863,-0.571033585011385,-0.10606953133157744,0.7791052851768139,1.8562575791002642,0.9720925884123063,-1.329155803469411,-1.178283350044366,0.36699816817848435,-0.13194623609291614,0.8826468149203663,-1.0444826714994018,0.39414382651219143,-0.5712520056833227,-0.7292894556124034,0.5206499431415982,0.09275069601116605,-0.44048824428807015,-0.6522080584686509,-0.16825522530830697,1
-0.22453068457174344,1.7915115696571569,0.2548027953018135,0.3997012248433937,1.0550749969745925,0.5528553391230382,-0.8738992399125065,-0.2000883672760399,0.04546344669895028,0.06997283284201608,-0.9890924108811816,0.02477598585473856,0.0654457841516116,-1.0000173742853964,1.3412439350013063,-0.8356095473811486,0.16848896249216538,-0.7114877972544799,-0.8354976911075447,-1.0233749779143853,-1.299755487767538,-0.9760512317917667,0.07408264396366879,-0.471722043730994,-1.4002117201562003,0
-0.06775918830939427,-1.462383788416838,-0.5466597142088782,0.3447666906685098,-0.5463059032159612,0.47222548985903595,1.6147197467786352,-0.3918524836469967,-0.3329116273294619,-0.9587298657051336,0.3072931585040954,-0.011875765287503972,1.3232728319955103,-0.0087324250212388,0.07600107547268446,0.8818712627209088,-0.017447452245256033,0.10197222518367702,0.703602198503345,0.6780019334643262,-0.6317629925203825,1.525974431236749,1.0854626664092546,0.4017314092740384,-0.03886776711838927,1
0.08699643189971244,-0.7223076888184109,-1.1585716713656264,-0.46911121068274475,-0.3531210326198365,-0.019234621075688733,1.4739750624394,0.029239405649052738,0.24853973168818352,-0.8919671747462847,0.5012082955747464,0.27273440356154255,-0.34056722331690514,-1.746220311190175,-0.36525367056959446,0.025737922456665358,0.09998321753354208,-0.35952319782179415,0.810436816536127,1.045157852734749,-0.9074500425720594,0.7488575966981266,0.31565621854641573,0.37406901498368883,-0.15735244879462207,1
-0.6990798144632441,0.3256281808996632,-0.5241001484270866,-0.09006056948293276,-0.364477282674935,0.672989114625612,-0.5226788492949955,0.5046469007724876,-0.9123019402454109,-0.24923616667995138,-0.2157942658357071,0.6252412641627804,-0.4614499024367343,-0.016522287646305388,0.022534987741428876,-0.21601642907630192,-0.29279301857623485,0.7431578460976884,-0.22843339938154958,0.495172191136686,-0.5668352059055591,-0.34808824334900174,-0.13612330759598248,0.8471234796955923,0.24341236138422112,1
-0.15033613054187805,0.16936709723552607,0.06746366052973975,0.6424519188299809,0.4933249540292379,1.0051568947766123,0.2840658886322922,0.20694500676719726,-0.4213652297080261,-0.15634836207813627,-0.09915639929698407,0.21188550494844036,-0.021899390229859723,-0.32834719066920254,-0.2272929601635788,0.3746269445494906,-0.43195328056601257,0.5949756911807224,0.10425804380205146,0.5704504573108752,-1.1395910581948197,-0.2905277594019294,0.26340809851264546,0.20349659566232128,-0.25968628539960786,1
-0.8164060847122553,1.2329994134606914,-0.5069815855391812,-0.6782576554859205,-0.6907477090410576,-0.07621822276005596,-1.2300164712024748,0.656532858379353,-0.2966776347037867,-0.1689855051213734,-1.0528753851557717,1.1901323567804516,0.033856800173157744,1.2594646588330338,1.6611818698419163,-0.8409521093066347,0.7724016007799059,-0.46726316262055795,-0.6603182467204861,-0.15972021778994477,0.8823160517701759,-0.8510833879796587,-0.3711668079325692,0.5375817254314199,0.0407997977926861,1
0.23663681680653564,0.6168153660894439,1.7995995237812203,1.1144775246180179,0.9663297491821682,-0.4967845511839987,-0.3661891481420016,0.7896642895953878,0.6974845623606097,1.73510489632179,0.18827380777831532,-1.417437337299292,-1.5642755281033593,-0.10534311222888204,-0.37762770155055486,-0.011601002859976568,-0.7280537774086109,1.4000056397970826,0.44578105708174703,-0.6184579014991387,0.5032370847093975,0.11556497481461465,-0.8980092439927406,-0.3588518052936717,-1.67072239344265,1
-0.6154278747376221,0.8382732600381665,-0.13480390472560222,-1.2533417739169435,-0.6391388659271315,-0.9678394600908967,-1.040326583932164,-0.67408369551113,0.8540734196041059,-0.4069716352045569,-0.6492547518754859,0.22833995155824466,-0.30547100658330634,0.6209087097147578,0.5823979668014815,-0.7559463551360418,1.0905586876262567,-1.2981546372283683,-0.27857404860454665,-0.9811136193168551,-0.02715389364784782,-0.6507977797291702,0.9666821218793792,-1.102393461526275,1.1804102433143293,1
-0.15370006503555436,0.12401700295822486,-0.5561329358344931,0.6421084300297587,0.26512661120548686,1.001616930825111,0.7805020429433414,0.09798608751501932,-0.7225559754035134,0.04426805808114223,0.12252213252690691,0.499259598538315,0.44225383811164953,-0.6981339364917759,-0.21447567789949512,0.40565335730741237,-0.2400551304567348,0.19749567558719586,-0.0490281474898713,0.8998690131462185,-1.1863215450021523,0.26686686289020434,0.1888122224023422,0.2934717773945325,-0.4433682898093315,1
-0.8526986072044354,0.4242140171845023,-0.7567701788998052,0.43955716886260565,-0.13791172411884955,0.5742922694492351,0.7439164970691646,0.25868600486054405,-0.008599497570290644,-1.2622499096063113,-0.39479896042803225,1.2726988553899479,0.6256865234249049,-0.8798102742249342,-0.49584728066878825,0.8726851687477194,-0.03277661458372105,0.3527139282833886,0.15749193678068402,0.7384854392606586,-1.3808760820830872,0.4477968259972386,0.661832589754611,0.3344765129072085,-0.8886038514594098,1
-0.2131377703495083,0.01835562068977427,-0.18473865334332784,-0.903344670079559,-1.0946933523329863,-0.9364267209821078,0.9956896951428514,-0.7319132835083054,0.7690889284452759,-0.19993505636749598,-0.10365940689716527,-0.13098182486918075,-0.10716996593917556,-0.18398817118578695,-0.9028752797066127,-0.48989322568502053,0.991383917040589,-0.8497439506555696,0.6053077722138293,-0.03737146029460444,0.5935579220295413,0.3652356074168951,0.08668844366608044,-0.6459238482769901,0.6139252091879981,1
0.09303859113003728,-1.2906292573352571,-0.7699217967540344,0.4114134334629121,-0.4196937264116792,0.3861698213741718,1.5156037754772616,-0.1823936498535163,-0.43791273434621203,-0.6996805678016496,0.7577224253576013,0.15562232809966878,0.9795538673178183,-0.7333527153816384,-0.3653623878663945,1.1628982138567472,-0.37449864067145805,-0.13843978559871015,0.3932771474975608,0.8235471647724164,-1.001634117419082,1.2555765121163307,0.6573771370938711,0.843784969967332,-0.06886998147950162,1
-0.8392633369013636,0.1622315456395421,0.2666664293319124,-0.1762408898077142,0.14512202506770414,0.707876262023935,-0.35449810510084123,0.2580887023618526,-0.6032176558946422,0.14010833516509166,0.2619565853229602,-0.612370800979679,-0.7223145278554463,-0.13883407603184897,0.2924444693586113,-0.19604936290488528,-0.3140128169124166,-0.14860088066087648,0.4675515956484022,-0.042550316808790144,-0.888748179777196,-0.0994892302278339,-0.08783450959891204,0.6628506211127263,0.22695174457689618,1
-0.3004385432375222,0.2033513541528582,-0.2401025596891524,-0.7748152596786431,-1.8279687218335128,-0.27864116879689954,0.9131748163794653,-1.7345226802162697,-0.5112819368658802,-0.5035678410560609,-0.8164702879666066,-0.07533951638896891,0.9402375917701344,0.2088812121659955,-0.8089196852921061,-1.3604100301100146,1.0512229122769436,-0.8903986528817708,0.408768876473818,-0.9640846988320366,0.339349651912447,0.06362082141754995,0.47216562248204574,-0.32302238690090274,1.2325086386626087,1
0.6771137205817334,0.9414601820687825,-0.3997728961928736,0.10667725869524713,-0.03509616001325185,0.40581869207864274,-1.1051009495260598,0.759650412678789,-0.8082893185582684,0.2311867086326181,-0.795461786821583,1.1297911733142554,-0.05693907758682041,0.6357385996367354,1.2766771465888378,-0.8909233684014495,-0.05954540505585124,0.14837213465502994,-0.9544847816317223,0.10204646547566781,0.16756508537154005,-2.1831169113535074,-0.30367071707689214,0.8918809752660185,0.36445111765950156,1
-0.07255931894509078,-0.7254520544101665,-1.0089205372947425,-1.2430320720088708,-1.5499348683161192,-0.7471462979637815,1.8488522221091133,-1.2818392583507963,0.18677721791497728,0.03116536306660785,0.673813903839636,-0.05478355723106831,0.26363270838516306,-0.3553789952498618,-1.4674744573656837,-0.35722929896105154,1.1657291896670794,-1.5609117948329485,0.9432025399017967,0.6364515332958902,0.034737144859916635,0.891623706796073,0.7142168933712311,-0.7592493225754319,1.91472026463552,1
-0.2127413852554351,0.5268508202025808,0.49656744852586704,-0.21147884431984393,0.4090517454049431,0.9468606326035822,-0.9021017089591351,0.6530854895117782,-0.4016579583005826,0.14819879327577437,-0.40538932789620225,0.05806299292724844,-0.3632450401488598,1.1093015964132453,1.1018015098033305,-0.16838728276011775,-0.003981167813264456,-0.2995938673174805,-0.6326049285949638,0.3892676008343052,0.43369500908284475,-1.5585699153744268,-1.0755563826326244,0.8192366989441523,0.37308620681915794,1
1.2553516932916868,-0.990403614153908,1.5992687837481743,0.8837348810559438,1.1321449847006066,-0.07342096506502829,-0.3533696431068624,-0.09034343014946358,0.8459161639110044,1.0276564760350753,0.7658012552415459,-1.2392318760362766,-1.4819634627794491,0.746944817941289,0.23117418470402604,0.948964671951631,-1.1329340130766847,0.5225689051180961,0.210561299117566,-0.498543327612145,0.4397201666816568,0.24457635954734214,-0.21933230511783613,-0.5240497506658861,0.06208377648529714,1
-0.19144279387790997,0.11646863468994086,-0.545227821286786,-1.3577816390388,-1.1630622764376157,-1.0493116416303148,0.40183368053783186,-0.977918256510014,0.6830611021596966,-0.6343655162170615,-0.3002440952820717,-0.02724215650380928,0.28393056402268363,-0.13528870458961673,-0.15466418362702286,-0.8634297972598336,1.2685933838989218,-1.5213570436241446,0.27610054448502874,-0.46421923718246694,-0.027586300968712205,-0.27976833938347184,0.9344197852838774,-0.7509968481177155,1.2961475139482594,1
0.6360935599959482,0.25478185347927446,0.503133714343779,0.3294098228078449,0.5358918816862034,-0.592992563745345,-0.26750666151431174,-0.03565521774893246,0.6154636764553766,1.2852670869659506,0.5366054798217577,-0.42565632472453857,-1.419242976831873,-0.1809531885183633,0.31979618667287774,-0.09998717577276194,-0.34494895705621087,-0.402451190387398,0.4685929567033528,-0.6458455504362353,-0.06363138029951644,0.293015773356615,0.1564981988947311,-0.7084596243634004,-0.14392663969342676,1
-0.8785152658080012,0.801564518583247,0.02973353226851354,0.493043728539427,0.49733945664040047,1.4885222267739027,0.18646967958659547,0.3177446049754986,-0.7463582377094261,-0.09108556252103425,-0.22760494377853674,0.4343151018272952,-0.12125143244307193,-0.3495732472582441,-0.11388840388517833,0.27068141560953113,-0.2993511424063648,0.11596200302275925,0.11494194553255775,0.6385374365943441,-1.1492193953729806,-0.25835245651981636,-0.37954551699091815,0.541982882316775,-0.5128268415389274,1
-0.7737871267568823,0.8036744267451617,0.04553299146575835,0.2953737639919851,0.19183316065568673,0.8771605741604197,-0.052382382616190534,0.37885927745823084,-0.29046856955579126,-0.4440297895480187,-0.5003997505134633,0.5993528549909662,-0.08042836080385829,-0.13846769832283634,-0.3546411078103015,0.226253347296365,-0.10536273562299071,0.4715428678495862,0.00427125455523058,0.4944266984370131,-0.9148159793839592,-0.6270309576014998,0.004038088463517211,0.29929266723279035,-0.2828769005519869,1
0.5529063832823176,0.6501159522600978,0.030089782670159913,0.24029585533282236,0.2096294525578243,0.17745151737317297,-0.16355391423722027,0.4617868162986142,0.1608548894211648,-0.33478844600856295,-0.6114972990435765,0.6365910011564416,-0.011504508691656408,-0.2720141843962107,0.5817391046652909,-0.13567541827577206,-0.08278385030700751,-0.12105000141518865,-0.6409014858076649,0.08027006904910886,0.18998256755101828,-1.3057161587506672,-0.7634562817287267,0.7078002423269015,-0.6717775828391866,1
-0.6521562371541387,1.382978149880686,1.0457340378292463,0.1688109485592901,-0.09736967049781155,-0.09189820503792598,-1.2772370276898593,1.040208284664728,0.1543724751789798,0.20435133123728863,-1.0653224022901626,0.30039654900342727,0.266588281081641,1.5900690108591096,0.6458909306663784,0.09014466121206627,0.27743134932224145,0.34375341206712395,-1.0847059760598998,-0.2958193258331321,1.3522142753496165,-1.6002346871229272,-1.3701088519949098,0.8401592036525738,-0.7363144801059596,1
0.04258932059298895,-0.1328480671333484,-0.5089243262811579,0.530967744580191,0.1231226383636437,0.041507573570795535,1.2494119792688136,0.15827893960599027,0.3059473671213233,-0.3975727957702188,0.3256052675467997,0.4805394195710104,0.6911691782516676,-0.9458952091159025,-0.3925027142936025,0.9306714463576904,0.0012702694841456403,-0.28690583339651615,0.45452461598684707,0.703361784478486,-1.213287438829145,0.5083493317943553,0.8552868732225702,0.04791732189347749,-0.6227666665245164,1
0.285659030330312,0.32061423027531527,-0.5873112198688454,0.14712771607378858,0.2656738319941386,0.8452281921599883,-0.7340349900433611,0.7449080278689989,-1.1543397762167704,0.5582042429406285,-0.40476198599818725,0.4470425583955167,0.37213641886293397,0.6601738899132388,1.370817932957546,-0.710988486043242,0.08899129483546937,0.5772788518818309,-1.0162402160761137,0.8576140450314906,-0.2542126369884333,-1.2676360434007043,0.06093262955505493,0.4500359831921437,0.29831371663024714,1
-0.651065934841985,1.2010222486706947,-0.06309209083524708,-0.9555575391868475,0.36313194505945123,0.12482436575445176,-0.6099366761295197,-0.5092395124272979,0.06290060210575688,0.16173436256198723,-0.48273461905616977,-0.8227808920002694,0.04663087282196448,-0.8267050058626761,0.8368841839023291,-1.3450229195288728,0.993016843101799,-1.4715364934022543,-0.7077752124476179,-0.46690048253738803,-1.030692009604598,-1.092547540053808,0.08991902093330824,-0.694282038853907,0.14112766079231662,0
0.9691002352903592,-0.5832858467886173,1.764979583203268,0.5019437360823431,0.46960683136820236,-0.9773131330211958,-0.25544479612779025,0.1970706272220361,1.238499510155471,1.0119293784609393,0.4545053610316025,-1.3866198678884587,-0.9072580627209543,0.9875285836344001,-0.25186391175041567,0.6879376557806086,-0.457545501570606,0.483266265359752,0.13234786995009332,-0.5839117610843024,1.140942856142884,-0.2814760405456165,-0.3965918766054435,-0.41996245063082704,-0.021338075304760482,1
-0.3440993716911504,0.3369989833254611,-0.8560190523207459,-0.8058863961882219,-1.0654814639084451,-0.4668302986899948,0.42233848202172164,-1.0739985234185054,-0.1489880784007439,0.3651528676997216,0.11256412624149456,0.4616398918938095,-0.20229972619761233,-0.06996988643296717,-0.4919895372677397,-0.7142640292446392,0.8111033794098519,-1.2390689425529215,0.4105369086826767,-0.23309382490461852,-0.30735092407605646,0.5603210641035092,0.8419702245699298,-0.895986338985831,1.3729018864455023,1
0.7895119856538848,0.5050434173863948,2.1513372915715996,1.2131650856911567,1.1092971269751655,-0.6214565792577619,0.5248459482977911,0.5510809427342023,1.42373104965433,1.8153458037638386,0.3076664708889543,-1.2547415868245082,-1.0336620780501433,0.3499149866767329,-0.6136123128930983,0.6779051517079235,-0.3613608378357286,0.360507790820481,0.5648940148329821,-0.3013295659922729,1.2377126725537513,-0.05432767862541615,-1.3086894411885526,-0.6324168693919215,-1.5812599434908305,1
0.2520742874063341,0.9575794944551617,-0.2143261729335869,-0.02160710790426489,0.017446723306103196,0.06138500082489862,-0.9072784530696371,0.918349333640697,0.0406197101146281,-0.3392471280263616,-0.93553091330431,1.171763845075263,0.12183159357549472,0.6269100974442349,0.8705066055001246,-0.26055360683855444,0.22868285570791244,0.264401641863676,-0.9979083338985464,0.3775489101425373,0.3151473091994348,-1.963717352171377,-0.3028705019243844,0.5621543903214753,-0.06927588121153937,1
0.9119246891303374,0.07129371113662114,1.1950445688470337,0.43971064935464726,1.9160906148561332,-0.31596651966970973,-0.4307891804682784,0.14493801868317566,1.676191637249917,1.6125223575807555,1.1520953314815765,-0.9861906282637821,-2.2230107418984977,-0.5943526739821019,-0.45216812463860223,1.2254697431337649,-0.6998240325231676,-0.40548659033070894,-0.6370469363472335,0.32838584278395283,0.00019792447813310365,-0.06532407763988564,-1.1419235541027024,-1.3153380044352587,-0.4388739616700323,1
-0.6226730699118248,1.1653958879714572,0.9910691289601901,-0.08005014404753243,0.7808139127729756,0.7727780218046166,-0.34261692891709805,0.18960969776965478,0.5619379158190679,-0.12425619133467591,-0.9581542743018083,-0.30206564212875286,-0.32151487747535695,0.28866499955279645,0.35797517137077234,-0.22563201310543896,0.4531605381101218,-0.12799140218383448,-0.5976800214063539,0.19370740620104235,0.3915095238614401,-1.08323196007458,-1.3164650869910366,-0.29636446819943935,-0.8693839326002163,1
0.7334644591723013,-0.7670846013149258,-1.7249296483828909,-0.8579113158181199,-1.923284685122698,-0.1840659053107614,1.1587537817611366,-1.8406009852635241,-1.1268303021140134,-0.7378061078896596,-0.2085607314883249,0.5947051259099492,0.9418496395646447,-0.7220613974790154,-0.3733301027471321,-1.4690748224139305,0.6524750687969328,-0.9124518847245982,0.1393389859839458,-0.3320489694285719,-0.5534757774168786,0.25577336472975015,1.3191981885748312,-0.050140770332348296,1.9454181303333113,1
0.09285357494491613,0.6249684650360406,0.9723162022493953,0.4893884303907724,0.9158423577373749,-0.3582261313312717,-0.686536589340222,0.2260401290962593,0.6515021128574332,1.5259086071063814,0.41128346596060156,-0.8692207677614396,-1.9698800977243185,-0.48576921042182725,-0.20211295851762337,-0.032173076131125675,-0.5828318323697348,0.5084030738919141,-0.062093027419705085,-0.49402282817106685,0.08403180178752476,0.3951510173806957,-0.8020832636755771,-0.7561453170022036,-0.9296815073911413,1
-0.48422509962971083,0.2330242916753366,-0.2053028174702762,-0.7212026332836312,-1.201669577080509,8.768007145509938e-05,0.580798184586438,-1.0653023835063975,-0.10206423094404873,-0.44278681248256846,-0.40205243949943964,0.49496387091906224,0.14299026901472245,0.7128620669880875,-0.4765819715566404,-0.5121838057320782,0.7650407966620133,-1.1292943078529045,0.839012983242792,-0.3897966563174871,0.06564044423601476,0.006243581762620466,0.6769037123373781,-0.38011234064842925,1.5128508100659601,1
-0.8975165271646685,0.14577857311330736,-1.0035411861984473,-1.5665963467375534,-1.1921529977727525,-0.6869278450705067,1.1024973509563267,-0.7850496688568719,-0.027295347297320197,0.34201096930785685,0.5239145469831467,-0.5057029963408912,-0.03200267298564341,-0.7921777594241731,-0.8484900729849593,-1.127399829185337,1.4252413625210199,-1.6982591598840457,0.9837577509704385,0.40423042760305666,-0.7231132060929738,0.47244885967594485,0.8877581986596358,-0.7771467517121133,1.523296406319813,1
0.8490758720802686,0.37670341351287284,1.0159923506507447,0.9001146326180162,0.6330379300081784,-0.4781776780605915,-0.6248865378448366,0.3708587552883417,0.2715934794619896,1.753061671448254,0.7325271663357393,-0.36078065011008603,-1.1991049395280173,0.3742682996684698,-0.24405028531225603,0.5801350863721304,-0.8594085378090801,0.002019810329819473,0.0012652759129126567,-0.5883075832922391,0.0687180037589187,-0.4879513352926684,-0.2789389890553669,-0.06398313265584615,0.05584139697079106,1
-0.08049309450495956,-0.5693483417208456,-0.7746235974260198,-0.6718518389170516,-0.5897692621480786,0.4450918649585169,-0.6891769144061402,0.3142461288159539,-0.8748227613325741,-0.7242815629660169,-0.40651123654790355,0.19120726114483996,0.15549769446044207,0.5255958190581179,1.5315445554916554,-0.7433071478702516,0.09754558484939606,0.3239248483553047,-0.7184430265095166,0.3558494607129283,0.2137906055339025,-0.4746624312950589,-0.06332383909457558,1.0432042281769922,0.5744724944641647,1
-0.7238472170728237,0.2528648389242157,0.456157523498648,-0.5391386240092115,0.38286026215841745,0.1982522328219125,-0.7328263553077593,1.2029935456847383,0.5830021445335007,-0.7858365940446479,-0.7718850945490018,-0.35779089765595334,-0.049708786724072224,0.7167784302799377,1.1219323910120447,-0.1432478193753661,0.5101810856670638,0.65911516190355,-0.456655361296096,0.744261101581974,0.3447136344403049,-1.2123837432592977,-0.38862001722895445,0.371377501465711,-0.5123072969847932,1
1.3188045657590313,-0.3741333108031178,1.1517344944502619,0.6934153823491127,1.3461185746140734,-0.5314963694637626,-0.7152714929405047,-0.2599753141051302,1.1359058792530563,1.4857526242667625,0.9035929184125779,-0.9732416324672324,-1.7615191249489446,0.05160184224440837,0.4228604913394098,0.7644619300607814,-0.9164559693975971,-0.2158083336830001,-0.3534773434669338,-0.7375106657761831,0.16719955185565832,0.3283865972767536,-0.2513940419807354,-1.0695686942036309,-0.17462095434330302,1
1.393330573998572,-1.9002917197497204,0.6669585924677476,0.12087081007572956,0.2446451956239394,-0.4625361947950895,0.5942011111133174,-1.1480970116108704,0.8363716917165535,0.17834229254812134,0.9757842626780509,-1.4427090873933368,-1.1947697322678636,-0.38120487426068883,-0.43354639051918387,0.48400811269120764,-0.7698663465872743,0.14744596568478865,0.4123126134863627,-0.4746517113039134,0.0823970107389828,1.1247308865263967,0.3301101878498717,-0.7835667724746592,0.7033310828148446,1
-0.9128123782739541,-0.07370120588619837,-0.004811222522577108,0.16460353715535792,-0.09662670392211518,0.872698857548861,0.20783584872692273,-0.1736788675104001,-0.6642131940796727,-0.4626303974613525,-0.008095593074688337,-0.29513769630571735,-0.04502563700504892,-0.5349545613624717,-0.36679372077275413,0.18135371965663874,-0.3516362355580381,0.4708244645876386,0.14529407345248552,0.142682395799761,-1.0598376173341313,0.547478601791732,0.0398970026631776,0.4976563752182631,-0.24014103326167088,1
-0.02941058897985029,0.5625759819200237,0.08950270648367048,-0.2844003744689479,-0.31936629651036136,0.020727866887822664,-0.4213111013607415,0.3611623286060014,0.2314011599482334,-0.6391317847054904,-0.9355485700951559,0.6234162153900554,0.21794880747098017,0.711926925744209,0.9207666109503292,-0.2977782698003275,0.4125504863684143,-0.21742058739310452,-0.5949014792776494,-0.038265358863224755,0.8751732486105652,-1.0867863811255993,-0.682016717651992,0.5928339692599183,-0.24298781187603943,1
1.0941981637228735,-0.9416180077607309,0.162122665929028,0.11874690287549067,0.360328408098101,-0.9178367906248136,-0.7470314832004449,-0.36503697456178436,0.6192214197206884,0.608808458068481,0.9953856875183608,-0.7521478933470102,-1.7784458703808617,-0.6959446044984291,0.2407232333296659,0.2460175341748506,-1.0092394392310557,0.16788184016492955,-0.09065473001984216,-0.8808358380336501,-0.45318197744199173,0.6752421212569699,0.5459165278584941,-0.444148074888728,0.3898987353534948,1
-1.6120668433651253,0.3557490750773943,0.4324929224723841,-0.9248417112791346,-0.06474989827215158,0.6387296249599869,-1.0232436342116944,0.6648715521229888,-0.28695812400335824,-0.2823896246800541,-0.7674629207111083,-0.8238469951052044,0.6282998781454747,1.3932555653210437,0.9714024780688452,-0.2914246843561966,0.9289179870793018,0.34898736776716593,-1.3702565214978375,0.8062300545010048,0.7544482137950762,-0.8149292915577424,-1.0883022385025336,0.38959395220937876,-0.015213677970738887,1
-0.12569574532898148,1.284087002882563,0.7747086304242715,0.10730016495687393,1.1312704869163044,0.6493268503377492,-0.9012028733797749,-0.6864911846717159,0.12829985906478303,0.2941752036559959,-0.8486241987324652,-0.8209251436559258,0.46946837784183737,-0.21768454746559848,1.260507529274018,-0.6925997244968032,0.4552697621753318,-1.028426443297776,-1.269343740759514,-0.9530503426152293,-0.865259128763096,-1.1968769866889886,-0.08911859923835282,-0.878513331563786,-0.6013989319345411,0
0.32466105869573775,-0.5435561122692426,-0.012844689541871407,0.040171528766115544,0.1060476707543655,0.6025656445006938,-0.37194123261114087,0.3483171323642563,-0.5609719356660924,-0.400167263067039,-0.22155242369204625,-0.2879270288382411,0.5616257056116122,0.3650951788110683,0.9958091817808874,0.027901017641426377,-0.20850446287840174,0.40421669948467,-1.0260970589347198,0.42836550495831877,0.04374245916368541,-0.8301110236038974,-0.4115674278482469,0.9710440980085212,0.030172793704995534,1
0.17899135618305495,-0.3084724653968991,0.40609433414798884,-0.6499331845075844,-0.9066474309454637,-0.17345040185165522,-0.13605196958490023,-1.1412653773352803,0.4499168665946725,-0.6658860847539784,-0.5628514540559127,0.23841181781866788,-0.3617017162941948,1.3055672299161356,0.09314979249502685,-0.17250003398408423,0.33188549272228246,-0.7264387507216337,0.013731497469083321,-0.7889951737642745,1.2101994142509516,-0.09802783712121088,-0.19565631372372258,-0.30664490017806517,1.2982600259117048,1
0.8938953945272818,-0.11066340271143162,0.6915867670981213,0.5877937193506368,0.5703790441716087,-0.44256531669071536,-0.12087596658022938,-0.18100391701292515,0.4337617300112334,1.32402258765812,0.7204058979770056,-0.6896560799858003,-1.655697129059988,-0.3630649726257648,0.005053421925084877,-0.030621155853571613,-0.7659404820065973,-0.00790591892261808,0.6663466741056929,-0.7604915688811009,-0.1780360470557127,0.47379212839050633,0.1218972460361308,-0.5497669729096162,-0.10503258437548592,1
1.0171903897384171,-0.7811447396135744,0.6372725125071357,0.18497335847993898,0.0353254122424971,-1.071074969058079,-0.1789980817676214,-0.07953989982016361,0.6282620637462616,0.9586735553946489,0.7767360332940723,-1.0048738340258891,-1.2176894150985154,0.07828652043547812,-0.06438130000155615,0.027054840890674264,-0.5357548319433889,0.27739843400424513,0.5038327155295795,-0.6729045499262656,0.23533078439407146,0.3007967498806841,0.473302507887159,-0.38746293089145134,0.4486837542545376,1
-0.345028622255666,0.5037712328444929,-0.29739929573350865,-0.37589800667681805,-0.01791376330309129,0.21215972333373617,-0.11247078300496902,0.5947807808041913,0.057666357287323416,-0.5318666993562263,-0.7697176931401366,0.10816571863857129,-0.2675912956689629,-0.5169909293235951,0.5990975536945345,-0.8616234325801821,0.3994840634836217,0.6013890119476709,-0.3335756652796856,0.5404554262686917,0.0757861389711521,-0.6180297050282263,-0.5366072559994977,0.29997074189370737,-0.8129440298817372,1
-0.24146542595764528,0.3807223082689257,-0.5391688962584442,-0.8744560710493744,-1.2493199563893618,-0.7799283192415888,0.5882242106619822,-1.0551003219627364,0.3456187777501686,-0.20193140787757663,-0.2089279376350579,0.486591029853844,-0.014761622665248749,-0.012249848081922204,-0.5125787061600738,-0.6546110391776484,0.9323888666145347,-1.4007337873020613,0.6049559959820522,-0.5506976364848952,0.08139445017566277,0.24187801090330657,0.7042672272705848,-0.6710489344967119,1.1258519837547507,1
-0.8603239683499276,0.28924973673654986,-0.42056425822264093,-0.8602779389946051,-0.17486912742595295,0.4988131564321055,-0.3006114284690279,0.2697900430427316,-0.5463899284270752,-0.3954665156779656,-0.8176181730588916,-0.7615788088371865,0.649089964083581,-0.38617207342723475,0.8941726475099993,-1.2260624614239968,0.898435196045026,0.44228409131026797,-1.393897014298508,0.7610882552653528,0.216981184752723,-0.5452039441697631,-1.0071976741864581,0.3565561397191644,-0.6705007038760551,1
0.8075237024250275,-0.564362398966046,0.19780729794957658,0.21279259891214328,-0.0006565721949718231,-0.5994923287470746,0.409566117148288,-0.03197106545489101,0.563910894510868,0.3943414288426053,0.8146505910510612,-0.2329331418446251,-1.2348860547635263,-0.6042938478368657,-0.31161339872222626,0.42414591008137165,-0.6593100556193868,-0.28948347633545934,0.6965204106634422,-0.27236853412978945,-0.016683853685380817,0.4765732483735906,-0.07736209481085045,0.21510797339200907,0.05860108544924749,1
-0.7843979310476357,1.1159734131656815,0.6172894112530092,0.1927743727481346,0.690807955161655,1.0088312873543772,-0.22368453965005472,0.3163727663541151,-0.2158129705894659,0.36244726811290784,-0.19970673751275278,-0.11331719410928896,-0.6421879853378046,-0.07269275811193132,-0.25472854907487175,-0.04542070693807745,-0.07104827728800438,-0.16746124522831224,0.2808784388082306,0.26988864234612286,-0.9789581014540572,-0.943977629850931,-0.2972968184348685,0.003223042268003147,-0.048567173683574424,1
0.03841411315194015,-0.7707547458763733,-0.13046951904664594,-0.009845539596921296,-0.16058611797333694,0.2452325433930184,-0.5467545259083947,0.7426293821317602,-0.8356979854609102,-0.4615680252877046,-0.3499244850827388,-0.905666939765672,0.5216391108574163,-0.03197060937643916,0.8036886402165204,-0.6649297056808586,-0.21726783897463503,1.8191901344995411,-0.7565609475992199,0.4369401865270127,-0.3859033527015641,-0.6924285564128062,0.30547473708484124,0.9514133978409941,-0.21386138688871933,1
0.08443788076843958,0.9956661766765704,-0.5974116279458547,0.18517855772607497,0.2325246841286211,0.8293616367499226,-1.017107020847282,0.36225200198358704,-0.8892899199854065,0.4334815663963091,-0.6635345838382478,1.1400582287238725,0.16017191825464308,0.5443776361039614,1.0333001246718467,-0.4005546970914857,0.0755050601708506,0.11135544963691697,-1.5427318606752243,0.49579410029477056,-0.060245365174185994,-1.2179645733569666,-0.49447187025084594,0.24851338815802473,0.08284641031382135,0
-0.15567458408247323,0.09972248405372279,-0.0823731052484683,-1.0208579036830676,-0.7202965363444975,-0.8403746794873558,-0.1408094604436161,-1.0445559641145934,0.7802262951702533,0.2894126169183921,0.16773128506788645,-0.04094761598444903,-0.8014919731621256,0.2641714830127559,-0.34290706291254197,-0.11226037134906243,0.6455793061711584,-1.3851825566473497,-0.46615783097153324,-0.4481052359776589,0.9615066396642007,0.5222447649749868,-0.6036175840968246,-0.8373265812246681,0.945019532975044,1
-0.6585325462995115,1.0399418507828018,0.5554290983374076,-0.2640365660516767,0.31354096846326573,0.9332807649452464,-1.3896078870495685,0.2558514721213157,-0.44926296130589327,0.17542507434856575,-0.8440997404641687,0.14015941192819498,-0.38665425783191393,1.2764954283422212,1.1192837353639793,-0.5124441696174439,0.19528272862823812,-0.1555536483409311,-0.8991172608696885,-0.13011555839298702,0.3591661091213535,-1.3720888848069244,-0.8514769561068198,0.2361811730162022,0.32044996647868945,1
0.9875239358393947,-1.3443402000444322,0.9514511105427982,0.1133119963679811,0.5808030038496753,-0.9107181550735177,0.456789065389731,-0.12300735831253252,1.0552452338421707,0.824019014539561,0.8381702190753572,-2.184661260845531,-1.3632906717464903,-0.6600006515183159,-0.28988788871070187,-0.22421706294219979,-0.38627067709588264,1.0000902152702003,0.7678353570059544,-0.15826479720858405,0.00722851147447779,0.7763367770721902,0.44744085031957964,-1.005531337612047,-0.19470492843879983,1
-0.40642064169530673,1.1333230364351403,-0.1880735553407672,1.221794673622258,0.4209465228883768,0.891394708637056,-0.23036333190006109,0.83414500147962,-0.7937118170146505,0.2615443738460462,-0.16155868044837765,1.2081224466449199,0.24560333802171228,-0.45339154276746546,-0.6024553692278786,0.9256784784649951,-0.737405933835213,0.8347099450005954,-0.7126358518632425,0.618772639829063,-1.207719215147257,-0.636416718469176,-0.2767255882649345,0.852945490087282,-0.9355567010334506,1
0.1445160455048186,-0.5750135864061318,-0.13196077060911388,-1.07866380241475,-1.093802159073766,-0.8328564487474014,0.21459782682727732,-1.0266518065506522,0.48877172322106893,-0.5885125638895026,-0.40782720378320636,-0.47349286914301647,0.4812903301830735,0.6706797232368098,0.2676355974570139,-0.7680126373183929,1.0146107684989027,-0.7441428997452915,-0.01828243756643945,-0.5077971936871073,0.6205275646102664,-0.06566861848933964,0.7782886309835719,-0.6861370582076831,1.2887764727553812,1
0.5321654465321535,-0.7088123589753479,1.205285120548372,0.33881515726376377,0.11653772742611695,-0.4768144011023752,0.5292125243526196,-0.05967871220633819,0.786154424036611,0.3394906490598764,0.1212063219504676,-1.2596995999287615,-0.5737993491995198,0.461440989761074,-0.01952182621978201,0.015471717240850825,-0.1732026714127434,0.5559533203452943,0.9874152231677866,-0.44085006581926917,0.6225419473406095,0.40299606707638125,0.15487032714262838,-0.35926021128005414,-0.27961696595304014,1
0.15166728047481678,-0.1201977239934547,-0.032698892425539014,0.18234762474391014,0.29876434207234037,0.6805357535285074,1.1532233003031538,-0.0394984833604985,-0.20609344330643603,0.17676149491445547,0.15459398918420741,-0.4697519663136052,-0.13773031097172855,-0.9253845928035233,-0.28994212810998654,-0.2791273862661515,0.024250638212443075,-0.0026688069584649356,0.49159934591961624,0.7574158313531225,-0.5580782729937966,0.07802511351696312,-0.32129096642092736,0.08582976316077912,-0.41881401914525057,1
-0.1353037065985159,0.5703557328892751,-0.048071645788608335,-0.19851142743300132,-0.15157823420880076,0.8631125258811888,-0.9507142463823638,0.31993218938998685,-1.4514760532962006,0.6070436506875522,-0.2876197347676672,-0.16610043469819327,0.43891559553397247,0.5855491340914563,0.9278389845678234,-0.7236115321844943,0.019470185839290943,-0.32820298901802675,-1.4145173593670362,0.14246592080617732,0.17866025764830412,-1.5690050011967211,-1.195296988549318,1.3165155478584363,0.4868256075040312,1
0.15464545741147326,0.1077679001426352,-0.3892481672433832,-0.2436325063491904,-0.06562885718377712,0.6553996185634346,-0.18750365102915953,0.04586490527036356,-0.4353152059972691,-0.39426024137017956,-0.4734364190810672,0.40054543746819793,0.14278805986818255,0.06944596590733917,0.8370627149423554,-0.364734290166424,0.12457508331323355,-0.2014708762495945,-0.8727037650658183,0.42878202585379444,0.2100752768608553,-0.7334912889490521,-0.7322974223331019,0.6143752763895662,0.03082420712142957,1
0.4502149919701402,0.08114680449112284,-0.35451654136902716,0.7384409603944356,0.028747971574562332,-0.17895887743567657,0.6808793898075755,0.876124171950676,-0.2587477353261431,0.582871500564492,0.6121926015107034,0.3527120831334432,0.2426030397152701,-0.8438270191913734,-0.35777131519260835,0.6783241762962826,-0.45461994895575963,0.1017577406959187,-0.0716933308437862,0.6950670026714176,-0.4606193994639146,-0.13479733182035233,-0.31822061869986445,1.0560688920650585,-0.7977975502891645,1
-0.9086134614334547,-0.27163263707186003,-0.1086211788823806,0.12376224841167185,-0.2632030580710299,0.9515419267770414,-0.15890594156699608,-0.08269612783921787,-0.9183260415620242,-0.4629224362931709,-0.027510825766970042,0.03236712188234062,0.3895565766689181,0.4992264810888995,0.07547414228906851,0.41776147034209293,-0.2634128158149125,0.3929420661693774,-0.0040492488181719235,0.2358163283716194,-0.9618621579760851,0.2850807255188093,0.5826480702362226,0.5387883688802387,0.5213345592284643,1
-0.31707656936991346,0.332186113095037,0.008858643437151049,-0.7664073958047626,-1.503926128838943,-0.5080013162160526,1.0820877109953284,-1.251872704119747,0.3293618636138618,-0.8344255364028067,-0.4915702351602382,0.23650309551320522,0.4242069719218691,-0.12926017384037916,-0.9353202612756488,-0.4595212097104853,0.8116039637818473,-1.5681077443539937,0.6651073535341282,-0.8223999471267124,0.5260272226908426,0.0026613662301869703,-0.21219892274184823,0.16309405309974037,0.7050436775766218,1
-0.3477825760049702,-0.03317290101480233,-0.30887945270928574,-0.33163536949242983,-0.4819684271783253,-0.12926795834331217,-0.6984501896194637,1.0093904750219715,-0.35894235343199593,-0.4257849943658195,-0.578214280996264,0.09294547932744544,0.5950697544031693,0.7072252365033784,1.2426588271283774,-0.35382903267373644,0.32415448319860757,0.7316392567379464,-0.8863398805706962,0.448594529276193,0.6093751533683698,-0.6904372355841939,-0.3084555656549979,1.0473890840271307,-0.3616644908048022,1
-0.5769412380597132,0.17527156399330832,-0.6021689341128493,-0.6421577796101974,-1.181330017040471,-0.07447407134372477,0.5825172412976377,-0.9516602842869155,-0.3335203028698533,-0.03264204307186526,0.07446688228814446,0.6426011817813361,0.009148011478683995,0.48542156459701324,-0.5461709726143363,-0.31467729285099105,0.6266275644265387,-1.2310148251681412,0.958419937413959,-0.20988581287900743,-0.42135486850597165,0.45249189584739835,1.0661902594218948,-0.4311145634730693,1.663369832073823,1
1.2096241124648275,-0.832628083021398,2.058905239809077,1.0092560863398585,1.2025215867499668,-0.32545921566278463,-0.11123097019554075,-0.3820560236447077,1.3551389385326236,0.8670356633197175,0.6973712973779103,-1.585538619314912,-1.4552288382676093,0.20916285750968183,-0.7331557858721719,1.274572050471681,-1.164787822168394,0.6623720026253644,-0.059985402201894196,-0.6849749590926089,0.4907966685076467,0.23146889796904502,-0.6852612872272261,-0.7450577414978092,-0.38771285848819914,1
0.5772467966899955,-1.3737566413265578,-0.14876610239414667,-0.994262851985249,-1.001419166868149,-0.8496342828189144,0.28052163185299694,-0.6931339203649562,0.7725083191445228,-1.1084807795782023,-0.13873795602333983,-0.2898694838438633,0.05394331025313743,0.8306347984608624,0.26043465599024107,-0.22922043815920737,0.5431248537668153,-0.21682917768775642,0.37137611755715294,-0.15454428958918096,0.5873290869616811,-0.06995988612736219,1.1217319281049585,-0.4084167593749754,1.6137168162899787,1
-0.045926315691926074,-0.770436947570264,-0.8863181608503555,-0.18870968857424464,-0.5023590260357924,0.301509529600144,0.5663251548633553,0.05208320599679757,-0.7003575359525521,-0.2198858982697784,0.6073618846289217,0.0018200755624456406,-0.6689828119763093,-1.1698977613507862,-0.46447350222726164,-0.08582896834879544,-0.5017789434609222,0.4910242071624674,0.176682561312903,0.7165782583012436,-0.6376982854177282,0.7401480953206068,-0.2184326402173483,0.8570831797836659,0.15344468041507617,1
-0.624096559842304,0.7473853516551525,0.12045859957326294,-0.30948157283244215,0.1707779280495071,1.437464138636373,-1.1009754895258832,0.08716188640354171,-1.4471874688006099,0.746249279714051,-0.48094552260869294,-0.26941704179369214,-0.22735399357754946,0.7640499637069972,0.8947602053982133,-0.9218546821602017,0.08434727025948781,-0.0008594921145355604,-1.392953916537703,0.36289127793029086,0.3226264368437868,-1.0848087930320516,-1.5737918025854771,0.6716576514084679,0.39753084552278717,1
0.6833941283935457,-0.6049355729437438,-0.961294329240808,0.3130134894564567,-0.5914847434327852,-0.39794372047180254,-0.09722604986085574,0.9805622329883004,-0.5426004627710393,-0.5053662422206876,-0.3912307532275075,0.5851585164332996,0.6129760404900555,-0.09481872386836972,1.0948143879088448,-0.4532808289661513,-0.18536400111066392,1.5367506382515688,-0.3925631617091908,0.46873408970364094,0.005210623533599391,-0.23917480659293938,0.7388139412073421,1.000949157231964,-0.5767835721714716,1
-0.5483030487699432,0.6283809254067569,0.49304523420498225,-0.19424850213938358,0.19168109757567722,0.25408257485143765,-0.4983691439865636,0.34347652181753036,0.16381059856600766,-0.4443292225921183,-0.8650508052541466,-0.5524595951310478,0.2210740419261112,-0.19563264573108216,0.48551564437614647,-0.4034185027642164,0.3232518697257236,0.4361739645950357,-1.145121411829444,0.045516094459974205,0.3889688355521775,-0.815803497002949,-1.2255740120233423,0.4280455235852835,-1.1293483263773687,1
-1.522632101852149,-0.2294648019375375,0.3314613556408403,-0.8669606677381434,-0.658626362163247,0.03256102868274613,-0.6447466051987943,-0.017320239878167453,-0.03662244585057269,-0.4035263034810949,0.028541600215885463,-0.3089644307593477,0.1445568492945763,2.0608827201563327,0.4353021199236081,0.2591990033840447,0.6345115867722817,-0.5245468019292341,1.042412811925158,-0.15295268720314226,-0.642188066864331,-0.03812603458797332,1.8887426253341604,-0.3508104992939047,2.034693422411936,1
0.841032855459592,-0.46694933958811075,1.2294946648560265,0.38356791463488366,0.926672684237744,-0.29296419686285013,-0.5557309282369889,-0.008703856461024636,1.0473178374153624,0.711062998154068,0.518188178673617,-0.8842539677557592,-1.894164910108475,0.30851398920481965,0.4679518172262505,0.4599331111762353,-0.8288148778382218,0.11380926336638042,0.3534899293405163,-0.6591388667422452,0.40467368422932665,0.2170936417051117,-0.32469094921439723,-0.5163628442065804,-0.11984824161749595,1
-0.6518952221321135,-1.0362949009400368,-0.026405362123238355,0.42106287574493456,-0.5728471897889031,0.5596158196330945,0.33613025326390933,-0.41395328974856105,-0.6415727429493333,-0.9856958907972657,0.04075277185285995,-0.13337880341288516,1.2237781826968228,0.603951864902511,-0.2834242755518399,1.0695981676595758,-0.3411779853362433,0.737112098656469,0.003027006935258864,0.0725563427366867,-0.9605464977298114,0.8738916005168264,1.2216775477229145,0.46193370404030054,0.44443295035556096,1
-0.5254736616283825,0.02048296814266091,-0.8543219982538832,-0.6891663116492169,-0.8062564238985945,0.1507955543298483,-0.6300496706953387,0.6230577324391187,-1.0289837482251398,-0.15859579173423805,-0.3980180309206482,0.19453843253136124,0.7194676216951401,0.5902521888249753,1.207021413043375,-0.7793908586674304,0.5324720674906069,0.16919551641435046,-0.9980965201632883,0.5735230571448376,0.3359661582760303,-0.6158891439233996,-0.27074956899601665,1.0783177407344446,0.33329887452998197,1
1.8193835969236352,-1.530972263809534,0.9317656437583411,0.46485319803668,0.37178826360702744,-1.3379863230053528,0.046747025431273646,-0.5984491448932981,1.0708365213199218,1.0533157379241065,1.1374828422211418,-1.6020422393044054,-1.2659726210408795,-0.23242078713057202,-0.06140810615967599,0.41406732164766064,-0.8737224727756999,0.2458451401828499,0.23534936129078743,-0.9945436292453776,0.37548057940970786,0.8253768559490886,0.44679459701606195,-0.7575056752911309,0.257695767179057,1
-0.6306347715681712,0.14189511682704903,-0.11968535299264152,-0.2555660727025867,-0.5601528410523583,-0.31884038305463835,0.13134791626185563,-0.5077831479852333,0.01607871808336657,0.9070896121796456,0.4135895174071758,0.11484003892364503,-0.1433990464736915,0.9086520859749959,-0.042353308020179795,0.2885463896698159,0.4823999923039386,-0.9510011425837666,0.2448783004413727,-0.1078389956248076,0.3179207175657114,1.1571555313231607,0.29716159199997344,-0.6847570611507996,0.699852150553946,1
-0.3456031342364183,-0.8787974632302749,0.32493173922043167,0.7172281464403769,0.12203209642549347,0.4981573751005752,0.8211114760742291,-0.46627019593384633,-0.1941980542432465,-0.4257578896173877,0.5150643032987515,-0.6737364235185737,0.6988030546829596,-0.2808454379739326,-0.3076801106473605,1.138822087923438,-0.5325374795289568,0.10708411562717982,0.5927183654110173,-0.1370342128161245,-1.3852219800775079,1.2090336227658285,1.0801671975695557,0.1590115973759597,-0.21380932621191337,1
-0.09975941462624573,-0.11866207421858262,0.400609951762595,0.23143655435420435,0.513625578189451,0.7982378318112539,-0.46544290547810124,0.515793578312509,-0.0897480053979925,-0.35755110252110445,-0.3798131078197023,-0.09119630063502975,-0.23070448745117858,0.5180504749256469,0.41500947442575603,0.2727454372215543,-0.29735642856713707,0.9864610560017972,-0.5159471363946267,0.6196818148567372,-0.1484182882333367,-0.7354430537743637,-0.2636933439923607,0.2778439261508186,-0.1141134183310967,1
-0.5291389893908537,0.3140309155681329,-0.3312162432944977,-0.2895354716805326,-0.6231269258112222,-0.6565176556294221,0.8157578359651535,-0.4515272577544882,0.2772700742977674,1.0558512220989797,0.6216084206179004,0.06274936752649657,-0.17775866891197709,-0.02398519439866787,-0.5884861210797714,0.20536882613645996,0.6427641062832902,-1.226512407753137,0.4565552289999731,0.12011868083000161,0.27242981327558824,1.3439656105375546,-0.03906582775916645,-0.6624684252832314,0.18198023479123027,1
-0.7863788935909112,0.17000027830165174,-0.3330715933125953,-0.5932765218887003,-1.1204452260893645,-0.22479354774367882,0.2669533646104768,-0.8915902068701372,-0.21904539635356862,0.22146422360053264,0.21542658783267696,0.34426959793664236,-0.105156625339433,0.5081328359519355,-0.7363152461944396,0.07649521114053354,0.47520935513188983,-1.047901387244847,0.24992284385236982,-0.24836050121253256,0.11479039821074508,0.78522527085378,0.1737745836549745,-0.27659085760098995,1.1981418778040231,1
-0.6740022307370981,-0.5276517401531905,0.12240267501737533,0.4009349762302514,-0.12815382694243993,0.5609715840163022,-0.35620360177882243,0.2584309525382182,-0.43397095835971505,-0.8054577332078702,0.05871848455804603,0.1345249906894085,0.01044561480698669,0.5200349556823254,0.30279182287391737,0.8182246293217074,-0.6887703054517912,0.7387495277072905,0.4869518509484186,-0.13463678491242825,-1.092776455003733,0.4227867020519822,1.1028692372651987,0.6858808353661227,0.24522914418759498,1
-0.5126024215637639,0.5299624305613391,-0.04982658083663022,-0.6433079439606252,-1.261499558996402,-0.6263608764478192,0.5840630985872577,-1.0919038956482865,0.3239526225717125,-0.12403025789451028,-0.34924811930072686,0.32431583683994253,0.3321062896662623,0.39810333319853863,-0.6608480249144832,-0.2819172834718304,0.9053484210633378,-1.3941972070681785,0.2937623860689238,-0.6925098226326019,0.599462101811122,0.3564621497290812,0.016929272579201207,-0.43026750076090947,0.7209453714488735,1
-0.153804565956513,0.540436326388378,-0.43264943170946457,-0.11844066456190835,-0.23808535596016697,0.29132891215121537,-0.14063658008726979,0.32096854661687546,-0.4062556231224302,-0.2642962455123709,-0.8554785521553369,0.19310492176080502,-0.222998389658024,-0.7318270169692391,0.30268776711810685,-1.0746158248923232,0.1814879273096569,1.0397724737723353,-0.7920973538295786,0.3808530563426982,0.2900272157939372,-0.3863848337748956,-0.9472674272761707,0.4113958352881001,-1.0126710871338072,1
0.029429050067823315,-0.10133137662920463,-0.8031740922095714,-1.4821494545652645,-1.3159671482142228,-0.7955457168406033,-0.2876995999500636,-1.1565052378974863,0.39143606000157005,-0.7189071893970954,-0.7399306768437984,0.5367678881231,-0.15537998016533025,0.9209120236227386,0.24548363363263692,-1.3519145364980687,1.261164743384908,-0.6433149454650745,0.2195191989955822,-0.39486634885612454,0.169376783540469,-0.47930132497594874,1.723584475306162,-1.4168082554970163,2.3230894223133767,1
0.08506287172888448,-0.5941287458039867,-2.180657962818033,-0.5741948051413804,-0.7770978426416152,0.39430232813290444,0.0670015553607776,0.6089275750621091,-1.5418340494580376,-0.17722786782245706,-0.01710826895555228,0.7570517296308794,1.0019551805324258,-0.4008608361740282,1.1966579645827728,-0.8877487848798853,0.46013107384040824,0.5465303648235222,-1.1982399433285702,1.61037702031708,-0.45126791036858255,-0.11411296822623586,0.3679242124279439,0.9240445095068575,0.4100561780776521,1
1.2317756173961405,-1.0415181383862617,1.8713674634323154,1.073746014466135,0.7223257326698619,-0.037799277057801076,-0.3987639948442075,-0.7023686040183037,0.7199990503217752,0.4467871215102567,0.476743048802179,-1.2056601020477544,-1.8172954485121389,0.454912171478663,0.03362055525217595,0.7788303500039953,-1.6141398618319622,0.670192457373886,0.5867752601271125,-1.5743551617518163,0.4801350826941178,0.7305655310116594,-0.3259516177792215,-0.1659965245532285,-0.17969375316595618,1
0.6320517457295893,-0.3207607285737176,0.9667105145999598,0.46431600438960124,0.6413773774098942,-0.10628174755926015,0.5313073155722956,0.01677670273167657,0.8163367097905367,0.5149744790694889,0.6370908748776505,-0.7115393909233645,-1.0486319407153484,-0.26171994483273464,-0.5787991902843704,0.6893338003311967,-0.5514605328368195,-0.16779965939639047,0.7436580945336584,-0.021981887078318822,-0.17376046389803984,-0.03949400645990809,-0.19451524881657234,-0.20206738975724545,-0.06155873624647092,1
-0.3884778241658092,0.22113326212920642,-0.039503088636497596,0.5266563787202534,-0.18711576659616713,-0.09105575929524008,0.19456449445682347,0.17214608566291364,-0.3397695728056952,0.34322169201213687,0.43862876392814426,0.07211859163274077,0.8607314852960132,-0.15434844112973878,-0.7385816257102972,1.0038969384129586,-0.16696739662900276,-0.1488033201440582,-0.4182198814313743,0.18224386390647526,-0.9491238087677288,-0.027278068842434902,0.3982949212174059,0.4583848314264487,-0.024939463030985223,1
1.1137061666801784,-0.663791435853132,0.19808990939503385,0.4827005800896158,-0.47674670300293476,-0.8851067973583454,-0.0970842171944468,-0.26436324198343353,0.05659804297164563,0.3942045086787122,0.8174468879320332,-0.005289471497090593,-0.8337484597326369,-0.08435570156116427,-0.17961161523645797,0.40188010684249253,-0.9977262124853148,-0.28819283580274363,0.8055142337362107,-1.1730588884068267,-0.4167095744169112,0.14058230636898195,0.9463192546898813,0.5428500290012959,0.8354538193290011,1
1.3602855203270037,-1.0213635655431532,1.4033705176964657,0.8100192792550708,1.451692859210107,0.3235024163919176,-0.7165095326949943,-0.8979965900441385,0.8946580971340898,0.48812035632761863,0.823952883286167,-1.069264055142943,-2.2963997121354125,-0.22498029558205915,0.2828456858509489,0.9981058807246909,-1.6778273858204684,0.08674563546805253,-0.11468861037526049,-1.117862086824094,-0.23665080172219335,0.6479589663129539,-0.4049740677464922,-0.676048715576559,0.04295972673327953,1
-0.4207733457990678,0.49129577953439996,-0.04641741080949242,-0.12267592211017575,0.055300344554961516,1.0641294390490503,-1.2680406874171901,0.4652879536593724,-1.3413261115079274,0.6767986351260246,-0.4399813668933515,0.13484424328854008,0.405949089273623,1.5547162498020262,1.3889007697941236,-0.47541869454044317,0.16559763936729271,0.08614687165168754,-1.3334618143587895,0.43780308397135503,0.2791518518575164,-1.2006746360552636,-0.5890954726501649,0.6619636292204627,0.703645993503208,1
0.1725962129155338,0.2334899413610644,-0.49730754709431363,-0.05113081548814274,0.32360036228417277,0.39987674470726536,0.1423472202921121,0.4871577857202653,0.001528168813631545,-0.46608270751384323,-0.7822613924726621,0.11993707914940557,0.7078571968212966,-0.5821929674975175,0.4420704680694711,-0.43925114842724733,0.5145163702292944,0.8736287108532595,-1.3637112142438645,1.1954932580207356,-0.06996787729658993,-0.933145578829179,-0.4951607516285935,-0.015069939306472687,-0.8960285155821398,1
0.08815799483849067,0.032154772932218544,-0.7738084977757134,-0.1500625441505998,-0.3575099116437063,0.5162324305924386,-0.46941348460230015,0.036388083513114095,-1.1075800599507606,-0.05458535149922146,-0.3538272633520864,0.27873322512569276,0.7456263914678171,0.04149963048381294,0.9983783480703472,-0.5618669051024948,0.11266521941900398,0.04009423606353725,-1.3638056421743385,0.2946927891807537,-0.10169395504366946,-0.5838285877522437,-0.34314177881011154,0.811880546336414,0.12968407501217963,1
-0.42660413936681857,0.02203840827640627,0.23489369236727173,0.6294707151194001,-0.21359224629622287,1.0314795660926368,-0.17239377623928712,0.24071531075021,-1.0609651756249556,0.05475153400363572,-0.2882790604383157,0.2784337006583784,0.2375910605070912,0.7906618556555954,-0.4436297076061931,0.3767721390793117,-0.5000463294576918,1.2606920997343496,-0.40634567038357067,0.5009598504749619,-0.14641022251133123,-0.27767303382589936,-0.3197698920068961,0.7279999231442048,0.17274948483108887,1
0.9902578201920543,-0.5559009201645844,1.2522115334801684,0.8741014931886024,0.8086266234919005,-0.5702398385724186,0.3876206693843451,0.4334463692656565,0.7375372123516318,1.3235787395591363,0.7474628067878665,-1.5416342030435435,-1.1631338573852852,-0.44840985278379175,-0.41847254376246046,0.30276897036577316,-0.7559619613998171,0.9803050849568342,0.4908046148698308,-0.10902547444079191,0.2970969369512621,0.34286267252164404,-0.46679712673772256,-0.2524374970316746,-0.9574255176387304,1
0.11563737116672113,-0.10758415852837416,0.748257902184846,1.0139500691478525,0.2307628414822785,0.2391356821548924,0.12496939882277634,0.2660250243573,-0.30965150669433383,0.6822928249330001,0.2226492298815498,-0.371475528460735,0.5155019485995759,0.6888177006495744,-0.3804814732963517,0.8399882498503926,-0.46847826579845997,0.698096973451806,-0.02303720928773958,0.06404451481554335,-0.38243791857692144,-0.12678862583558032,0.37610359574993135,0.19146326113342407,-0.10714981924282992,1
1.1144750269772283,-1.1897438997575587,0.40076771045296505,0.32205076970485247,0.4883328477945641,-0.3927957770605074,0.12370774119658351,-0.5719346276520443,0.5166254779892706,0.7780565920906739,0.9129779372500647,-1.102685902557968,-1.227689989450545,-0.5290210215057137,-0.10803545272934018,0.36053572383439536,-0.757344147141179,0.3457688494458656,-0.1523580359551445,-0.23269815867020704,0.05197048352894278,1.0058547080344993,-0.0962077548567039,-0.6301034577218912,0.0465849278434813,1
1.4909730073991665,-1.1366341682496564,1.9542787329311269,0.7076162067738831,0.9277189502656763,-0.3499610053292616,0.05076633161681978,-0.7579202909858467,1.0943365237994167,1.2535326216755,0.5951675403976857,-1.8619727695844777,-1.0001243540272475,0.9994060964595021,-0.18150592244790908,0.6400841431688794,-0.6288675721894007,0.3452205169089016,0.021757758407428753,-0.6730080363596957,0.9907726395655807,0.2371441599066931,-0.3076450232210782,-1.2065603268043472,0.33330936790483023,1
0.7080286402703989,-0.10134251236436016,1.2074968676802016,0.39767381550446157,1.5017663932097058,0.07210337300376653,0.0020392266795791177,-0.2279348450048794,1.4665077349643476,0.646876745288464,0.415361902984931,-0.8888409549386785,-1.9087141519812598,-0.33211925353727045,0.4166276302848711,0.4714884713111013,-0.517011405184919,-0.37854631158850016,0.4839947310815955,-0.317993858598433,0.020974000030471274,0.41368952479799675,-0.45352340281369896,-1.16870772426835,-0.6785941627728566,1
-0.34142414398093063,0.7933357252431856,-0.8695440952149548,-0.3554365713322447,0.12157582079169034,0.6741722769925569,0.09603317138962053,0.5411592812359216,-0.3753938917633593,0.1263875569581138,-0.5231415749782136,0.7491822933544025,0.544440548148827,-0.15751597463220235,0.5562995494653881,-0.34448844068318923,0.7885368751219101,-0.21251011193158076,-1.3924853848044014,1.5043725212518533,0.25060750843223417,-0.7760736261093554,-1.1207705489784465,0.18630866771414026,-0.48419503433069694,1
1.657938023904448,-1.2680842775254293,2.1396268861518775,1.1882441180018968,1.707210511716531,0.4522893318865023,-0.21460083569459693,-0.5454749607354136,1.066045092088299,1.0480193309160943,0.8077166604419874,-1.6230263778220497,-1.7473377575842788,0.538806549817702,0.052585643445040874,1.4109990992820174,-1.528218091503409,0.5305504828252905,-0.48290716212236107,-0.4602638996066533,0.9624185925417444,0.4630459266428776,-1.4815761813962651,-0.5820433492322974,-0.4551735458139946,1
1.5632244131589,-1.8213841684312404,-1.075106817963998,0.22440782781904034,-0.6270778823563058,-0.15776100623585648,0.7821010331231745,-0.8362044009513636,-0.45723192914524324,-0.530875850217631,0.6531654273350793,0.33842788527845746,0.9170106662966346,-0.31372556486778735,0.4736653651590219,0.6208320540876524,-0.4880317908914843,-0.3845810881340874,-0.6278301732166506,0.13961652340191838,-0.28749880154260343,0.6754189786235795,0.8103937347670713,0.5667640404863302,0.8431615414326353,0
0.6712710354029232,-0.577552391036454,1.3631995416466092,0.30008761767259245,-0.11025336744750079,-1.1259527128819695,0.5223762412895726,-0.13738299096168757,1.089956017801281,0.431155151149021,0.25620062933830523,-1.515114367610339,-0.5801130692374601,-0.1065180146960285,-0.9665292725926603,0.14832890903367404,-0.21819005612202078,0.6636382481934381,0.5695993538913804,-0.6500496926189857,0.7020182913316589,0.10629176278408822,-0.1960398182443043,-0.293211649243131,-0.37162155953686593,1
0.39010910089194684,0.27065654345671636,-0.6299574233343572,-0.35811211772277146,-1.5306579824197561,-0.18100337158596866,0.37054451063215066,-1.7772798502923812,-0.5212125564000812,-0.2899022390194366,-0.8111942259688771,0.9578024218542123,0.6165041422135406,0.47990586376382777,-0.002078242481338484,-0.9542172059904483,0.6086509883197696,-1.085458879466507,-0.3113348532546736,-1.1118813289237217,0.7159603203272183,0.2795730486039402,0.20327742128252307,-0.35076848859129156,1.0381017757299797,1
0.25935133450787495,-0.41749883191866777,-0.5270028202183481,-0.6737055535600016,0.6188417693262643,0.4619400497122649,-0.620149168413417,-0.7909800994787985,-0.4214393422135155,0.3369419082005982,0.5588839235536875,-1.0781850477830053,-0.03116176959568009,-1.0666233076989107,0.6148344580168185,-0.29993590309240054,0.06459715186101925,-0.9335796241370418,-1.8560291752145333,0.2669505643420174,-1.108153481319154,-0.37980092858757764,-0.2933934109509817,-0.3327893443784281,0.7041003832555638,0
-0.5639750665542045,1.3362656101368764,0.33152921818943104,0.6986247874011517,0.5944265588202237,0.40867847960232306,-0.5311120935851799,1.0108560263125468,-0.19861912614115326,0.606603715480085,-0.09414378853008153,0.5702767576089428,-0.08294991147162376,0.1561527414780073,0.11344106835936482,0.5194057595724264,-0.23534950154959136,-0.02336995645464723,-0.04246963982572018,0.201065170089469,-0.9635931311472572,-1.0064799440043237,0.09707454221465812,0.4361939417766899,-0.5396026352712823,1
0.04784322890761366,0.7240948942957259,-0.022285686959694906,0.3993224069863237,0.45281592742896937,0.8485410695251357,-0.20823515272955012,0.6400229005620273,-0.6068661492463923,0.5857450693373586,-0.23862984369819593,0.31801839665182013,-1.0708361546531668,-0.4559261069079908,-0.25986841364159335,-0.5586109038137548,-0.4217231268873846,1.0567091698169906,-0.10226643318585754,0.7344550601401507,-0.44160063556519913,-0.8732294518851307,-0.6579858397380278,0.2702821116904499,-0.30167731414468413,1
-0.1141656276261626,-0.6475592881813902,-0.45305221902910364,-1.0737506618890336,-1.3822989115412079,-0.5763293477519257,0.7533995750406751,-1.1925436790839075,0.1288297882388277,-0.3861102307494723,0.04652533198447742,-0.18871629949484692,0.25231478994515816,0.3169388065229332,-0.7581505860819959,-0.42870926053203906,0.8488476180560305,-0.8330027939612268,0.21563109846158493,-0.02122383032220102,0.417099452723701,0.403112841198384,0.46159916504247406,-0.501290179967283,1.635216936617029,1
0.04930285164871762,0.06607170536212517,-0.9503465182839186,-1.0224647688076465,-1.476570579731495,-0.6450346438205279,1.135705556297693,-1.284955516059906,-0.12701602639128678,-0.21177468925156537,-0.07623668497148901,0.17512874973117298,0.27869438728501744,-0.7598551952546191,-0.5177041396153622,-1.1774997207902747,0.9861805340329747,-1.5695815306531562,0.5420067489995756,-0.39319595481632563,-0.006941569427464911,0.3462474064884918,0.40838602843077887,-0.27738559239500815,1.0416271604191192,1
-0.352244967637719,-0.32862422527054497,-0.20952908011478866,0.4090233642526496,0.06803494503181293,0.4236991302780885,0.3620694015160406,0.17052947200785587,-0.3903042916001393,-0.07213843537979595,0.39462004165641257,0.02591433735029058,0.4104389134053454,-0.0005788653926713292,0.3280233523802164,0.6547546990767079,-0.2527584924740033,-0.10705089196385241,0.45966468483268175,0.2601851166637765,-1.1380721963131262,0.5751044082716774,0.9583319729741935,0.335667359363219,-0.0026370409968766934,1
0.9715866082945562,-0.624779683666519,1.5930593636071464,0.7110462693154954,0.48571782883598436,-0.8273343023266074,0.4044977653825004,0.07016882938769574,1.034230370266837,1.2067209913804426,0.5387576729546658,-1.5648529439618108,-0.8763118297986865,0.3832523259197824,-0.5934211652798757,0.39043089724625435,-0.43636955772052016,0.7527892074171374,0.6336596139521021,-0.3996180743447692,0.7626917450175799,0.22795650653570332,-0.16852362241392038,-0.642479605064001,-0.36598010976535955,1
0.41722171250041046,0.2467749203536541,1.1425028956764622,0.4717553734219821,0.7258192640387101,-0.07154789385620154,0.2908525551786243,-0.43532705938168453,1.0230285467668632,0.686716685124131,0.14218416623488253,-0.6059195873845746,-1.367579523118409,-0.16890082200173673,-0.21137350651238312,0.24452732456881607,-0.328978628175256,-0.3131995939146348,0.5908413376781882,-0.5913127244443841,0.3246114334002578,0.4693467901601106,-0.5824771496239654,-0.8432849116291896,-0.6355943859835398,1
-0.41302752474743804,-0.1913694936360998,-0.6174693606960548,-0.3129648921574335,0.3784697104473956,-0.05112125052756308,-1.2045865555020556,-0.5968892803216571,-0.16211914528119006,-0.3912948127192299,-0.02109152585548674,-0.7619298926523366,-0.20294849925272027,-1.3398123029835691,0.8951488843446643,-0.3751502713100492,-0.18864570650004728,0.3840026144501595,-1.5225747875219935,-0.5911073595470269,-1.5629816389864972,0.6636113199699053,0.7566196810787318,-0.5820474042661669,-0.4275800014668623,0
1.5278762506384431,-1.620855975348634,1.1487252148142668,0.9651571991377894,0.6840622273697105,-0.10041661953532462,1.198434520195375,-0.4901730471446803,0.6349544405934757,0.7599812245480245,1.0275821819895632,-1.5316161784127682,-0.7190967893173117,-0.24095365228765028,-0.5935695065508919,0.8140178998489827,-0.9441252432125313,0.5261518469535315,0.8697404934959265,-0.05809622655134906,0.043464649770650315,0.8881146287026195,0.13076008792672156,-0.4260313967762983,-0.09072994230963548,1
0.08626028648715267,-0.014103376165764755,-0.6556224710029399,-0.07728157392828687,-0.21685085021397454,-0.08335585133629307,0.6790591748956183,0.5670867000717258,-0.007161551741585665,-0.1292517069406162,0.20654589104025453,0.3888660696298299,-0.26936905630013813,-0.8551226133926506,-0.1074234391035909,-0.08131357152696361,0.03267212813217237,0.04212620807605612,0.3841196038472265,0.788100026255828,-0.4190369121584376,-0.05485425848259713,0.0025726438470974706,0.5424170515922478,-0.29637121568066876,1
0.8117292225465691,-0.8021301844596799,0.72135070614557,0.0965647157149013,-0.09956483112903912,-1.157569328601531,0.4569231740199416,-0.05065674087829593,0.771476598489574,1.0260084762380124,0.7151109071297439,-1.3631980211979202,-0.6646221008751806,-0.05252799440373941,-0.6464702367500335,0.057527494825700555,-0.09538693052352065,0.43181859271370227,0.34135307677764276,-0.13936462025802135,0.6114356099667315,0.40044285670296426,0.015933462178460773,-0.5084700251888705,0.10139912170375968,1
0.7435356359031068,0.28746369487814155,1.6530448717239736,1.2109348376473672,1.6688357587180915,0.1577147138117365,-0.41067304929230475,0.060352932256268914,1.1185601286615812,1.2433225130864132,0.575724287271822,-0.7418720663851357,-2.360653343947267,-0.4217855805001062,-0.027789303913913,0.9034875034828572,-1.337871762206544,0.2503846270473358,0.31310316033582475,-0.7598052411041418,0.06423164481178921,0.5389339757503666,-1.075479385754275,-0.6182707445587778,-1.3276118284831262,1
1.1924917035982987,-1.162573836617953,0.7565942452322288,0.5131986838054184,0.33619090091815423,-0.2978315890138985,-0.02435786509787251,-0.5279766875255338,0.1920118254163716,0.5806799755241033,0.8241166535062369,-1.2190313060382834,-1.3544905964125526,-0.34520981583521904,-0.11581224875644895,0.062331019625434816,-1.101987009709732,0.49183189649978065,0.7385478243456298,-0.8791596865391299,-0.5260291445879687,0.44583152388118363,0.6866235013606623,-0.22050492302386462,0.5381484199554555,1
-0.0917469333771956,-0.08120381462928225,0.037155135322676676,-0.798720289546042,-1.6614041971130369,-0.4205040303731946,0.8947011726350778,-1.7097725041852807,0.025266230000977895,-0.5446558428328621,-0.560315593480999,0.003027007278417036,0.6276266320361447,0.5916300494436736,-0.8045936373408583,-0.6922219702872963,0.9098780557077151,-1.238078832430699,0.35433788141559874,-0.8867415531562167,0.8562518405483923,0.18219966250556066,0.08017651482787108,-0.3315238635293665,1.3503366133716992,1
-1.0065045688732135,0.4792584337266024,0.04523520054985399,0.3099924122114644,-0.20253078823158674,0.8525047941752133,-0.28772964342740726,0.20290682310181662,-0.6628828979413445,-0.3859037852011063,-0.37673956361278843,0.4683049937569034,-0.22357372655593577,0.0867275314969842,-0.5604260668090714,0.2993757896448477,-0.3783586354581902,0.9226222743761336,-0.13522915810983782,0.26260538000364786,-0.6549611429341439,-0.02548575991948105,-0.1717434502003771,0.5422574966372165,-0.1460658550223467,1
0.13133307210216874,-1.0774813217721857,-0.3471019639931852,0.3167157705734608,-0.19268734783392558,0.2540882585503126,1.4787377667297952,-0.3535632026492788,-0.08389867012983596,-0.4259723299837293,0.6051575238434025,-0.282507486768713,0.7703433010923233,-0.5934151074228804,-0.4207753585272051,0.8243709089548836,-0.11403001688821454,-0.18379521804400326,0.5731035806639847,0.6292865803864505,-0.8914234188251479,1.0422683086901137,0.7631527050499879,0.19777385286636634,-0.0031500799037636165,1
-0.024000892860028367,0.7628266540525594,-0.08571392435113213,-0.15693325754481804,-0.26131181539957005,0.22365390814798242,-0.3728516429508694,0.5694125234872204,-0.16107492280388452,-0.10443810532134071,-0.8367964301033013,0.734893912548793,0.6809836375195065,0.8441272469971879,0.9689271021022491,-0.18559946175591024,0.5362685091133799,-0.35100771495559907,-1.2420431046010167,0.4296721305565176,1.1681299175305586,-1.2241119303044743,-1.3102557911275918,0.8365121332101932,-0.4256239116103367,1
0.9549130848553138,-1.3156989882603416,0.984118903758871,0.11253160820366663,0.35083781291254484,-0.3052712064883315,-0.15077655466801493,-0.5109872114300001,0.8866768431657551,-0.2388870801980143,0.6764949700897891,-0.9905420965303127,-1.3810326431696354,0.08081746262332747,-0.0826654015993812,0.7458904730988882,-0.9581791768238872,0.04631657936399948,0.4335213665529822,-0.6947087268451416,0.011311587787969962,0.23446690842339027,0.149680578552365,-0.07418469504445008,0.6643848397809332,1
-0.45439774742265987,0.4357256770029248,0.44447825641553157,-0.4917221888448873,-0.7046650438005443,-0.5095226194165622,-0.2499273873279186,-0.5583924328104237,0.6095801493375789,-0.38525110528221856,-0.517794086859968,0.18326264448256496,-0.3243814053008609,0.8804462855010733,0.10724870731528278,-0.2127862733534559,0.48440430850512783,-0.7662115743584132,0.5294497789862838,-0.9517499742513994,0.4332258054969438,-0.07537121097295452,0.41562873038761283,-0.395660442052306,0.6495306274464796,1
-0.3573717309493099,-0.03137791766192586,-0.7028733934652451,-1.0129261575105024,-1.6287046892394692,-0.09674055440383679,0.6971843116644822,-1.7689355227275925,-0.6123884823816734,-0.08634916515653156,-0.07827704229923871,0.2555533493972989,0.28197513382830885,0.23129724185228698,-0.8655119931653898,-0.8376519544140549,0.8383394939292276,-1.4577215371845378,0.2583854654525637,-0.4736724774848169,0.051864390442568666,0.4492092206534029,0.42951032869854594,-0.47153212681729245,1.9856439828685897,1
0.31947129200318214,-0.5502398401482639,0.051523800235537896,0.6199999265967002,0.23101721459630137,1.1426879946539354,1.5231578818730247,-0.4915828870782853,-0.6052004757485999,0.3022671426702623,0.10995168308571134,-0.4106895826139929,0.6249862843729074,-0.22481650996347838,-0.5406527103838895,0.13501034967795347,-0.011518619111867082,0.3431939732713314,0.2356224230265994,0.9997141508591143,-0.3985744345620203,0.45866432170147203,-0.11978200536688487,-0.19289475369817666,-0.12050600450208554,1
0.08067350409963314,-0.2318473584330009,-0.015354807605068344,0.41730710778591995,0.2959047537582472,1.1710384540564727,0.3928947131564895,-0.16461070665093863,-0.9654854234126198,0.4323485448781917,0.0869313355208924,-0.3772395308978723,-0.2126671302855358,-0.2729517406879687,-0.2514438625943868,-0.28581590817530056,-0.37607538407482605,0.7563971374134499,-0.052391350542331544,0.6766789143238975,-0.7112412681008762,-0.031155256727907712,-0.15446122013022012,0.09948053720604023,0.16593047715678558,1
0.822875244833163,-1.0990472848806967,-1.0112148243092602,0.6810815841446575,-0.14681609151436725,0.6582622637882894,0.7572206283801437,-1.0815484760732603,-0.9425438523875695,-0.015355023088867761,0.44254973061872327,0.2302637361773048,0.12299195987889107,-1.1757456496440635,-0.7309046912592587,0.2481294098550464,-0.7615431256361378,0.9634703595981602,-0.6553430018914241,0.45971610379665856,-1.1781756009014999,1.223927517157261,0.6420272983177783,-0.31177663275495665,0.26089401178355903,0
-0.40708480350576887,0.711957004904933,0.2762761183994078,-0.5706036657863086,-0.9500348001540552,-0.7056032382757865,-0.4373434348074398,-1.0295318652734355,0.6188867361037361,-0.11692327369817836,-0.646796617918007,0.4789365878101094,-0.15742720624839496,0.9309340010123567,-0.0938127397750552,-0.14682560775787856,0.662573450338446,-1.0749586094977366,-0.4597663770602629,-1.1123055392521908,1.1254835942888997,0.17274651973433763,-0.37455035128370334,-0.6163992984390693,0.5271859810892257,1
-0.03953735698363238,0.5530648013650457,-0.4690991107426587,-0.7232147036420442,-0.14119907017077524,-0.8986172665556954,-0.5586114018565792,0.12219015891264054,1.1895570013219947,-0.26274016639506714,-0.0886547494056902,1.0920216968441059,-0.9625294865749788,0.5246952291553928,1.1463823303425054,-0.02696770428994061,0.5675330062482388,-1.4527028041567394,0.6802698346931363,-0.40245849403110984,-0.14502453964294287,-0.1672274973112098,1.2264808303371706,-0.7845198993478538,0.7411233320161337,1
-0.8735513284817734,-0.2071868046211283,0.8878244001872083,-0.7074234277062673,-1.5478341060588177,0.0060412558865407156,0.15568793192672523,-1.4923310167054609,-0.17871353019745806,-0.6725581658226392,-0.9326155976545457,-0.5391083333823052,1.1641730285591279,2.2655502478483682,-0.46863599780727794,-0.3763581512782344,1.0036265082955391,-0.49858109595081807,0.317639782629595,-0.9889978578608499,0.9349010951830666,-0.10732696141118694,0.6387454138659864,-0.4800353154154376,1.8315932925914105,1
-1.4776640037667959,1.2031779394201496,0.25203003461471524,-1.1705578615953842,-0.6504081110581647,-0.6854840588678863,-0.6368163209580571,-0.4028260219316841,0.6221262509387862,-0.10610530119980802,-0.38206624936782757,-0.15528507216140722,-0.24359455490358528,0.5836466257643311,0.1826971855479006,-0.551587018021352,1.1321312081830521,-1.6653661455797069,0.500426850165893,-0.9323614125699654,-0.31415374274946645,-0.34541587396512957,0.718200493189552,-0.6824032012634684,0.8912637296023784,1
1.3777977684545408,-1.1561488814855505,0.14363899890503207,0.04313495688947416,0.8916625145635453,-0.6407680182140948,-0.6122685277395998,-0.9236984136417797,0.5470797421032917,1.4471559566720196,1.17973281164951,-1.4424358943684938,-1.7436892595257358,-0.6585474099372242,0.5055822526189766,-0.15624167742579972,-0.661643455227234,0.02212115924217722,-0.5154244770797222,-0.569821152943623,-0.46357221668451276,1.060489677227037,0.6118754416692473,-1.594245464043724,0.6067609168284118,1
1.0058575425030414,-0.6121313446556237,1.030654508172405,0.710470154765176,0.6789764833514726,-0.14819686820259043,0.24927573008315454,-0.35886545995417835,0.5771079858483418,1.109143936324847,0.8474121524946442,-0.8850105033919416,-1.2820358321078085,0.02940085025454021,-0.3721701943268419,0.6624237068533032,-0.8400222165805549,0.0021616085430767396,0.4488223597964657,-0.3841108729836563,0.12345263429321868,0.511885389569609,-0.2317737789418982,-0.4929150334111509,0.07639386593412788,1
-0.6946498315263586,-0.1677085013722227,-0.27687257957714045,0.42035522775292933,0.11668682342953601,0.9527431913210892,0.49147827515486475,0.19973465878027463,-0.585918861693608,-0.40872624365684446,0.24549066454185284,0.24731022145157608,0.09281428262145473,-0.35493994139752666,0.2285142829545155,0.6314169788475106,-0.4312887636363809,0.008793147856342784,0.5619164270838796,0.4259209860003339,-1.1832973012643735,0.7716568360378239,0.3751764296077185,0.6906490332843876,-0.3931006661762862,1
-1.2889703038972657,-0.29217193764743477,-0.06857630213707452,-0.0020411108694614126,-0.6773812263951142,0.24446689443406466,-0.10650829614250025,0.1610145946790119,-0.5383568904915227,-0.6073737978556434,0.4120138994415743,0.11916008348851222,0.5418524350016496,0.4938721978505994,-0.09702959560172172,1.1476893013326788,-0.29364939135849794,-0.3417329914395506,0.2766100023747612,-0.11040919757437766,-0.8481044622272734,0.6962661714894003,0.5603644624654064,1.1286489542440437,0.3952512861734169,1
-0.22584813928624528,0.29826732146144286,-1.1159344648858347,-0.8156700882581618,-0.35548822573199285,-0.9776167981757933,-0.09680385541447721,0.013772686113140961,0.6656513623457917,0.6311397585639956,0.508291031457368,0.7649801355915059,-0.8947473840716668,-0.10179209697779026,0.3363735433839508,-0.14145216959849402,0.7275334772343129,-1.0479960054500244,0.20794537882563732,0.4169764112949983,-0.19898842719972676,0.7342552214669745,0.8906477667257974,-1.1031424715869547,0.730065112080572,1
1.265026916528037,-1.0577381543101882,1.3540179465269107,0.5685435224358573,0.47283668995261285,-0.911035508132056,0.16250115065531104,-0.5208055838651661,1.177879589879239,0.7408286045234082,0.6307376742863752,-1.522000401795776,-0.9357561318644053,0.049176525102465105,-0.364471621837203,0.6065881946848035,-0.658547117867078,0.43495579366207926,0.08156533301538832,-0.7971409999928508,0.6433306394990054,0.589681051287661,-0.12910792118166942,-0.7306785602888477,-0.21713094700253044,1
-0.18317172684059355,-0.18478246679096888,-0.6452397192765087,-0.23752264587623476,-0.6209170182995227,-0.25884445631879455,-0.5824634072830185,0.971641042169995,-0.6520058917135754,-0.363918510033453,-0.5458979793178859,0.008768951906829338,0.7421322272725158,0.3055129549918896,1.193531588602665,-0.7338200017090767,0.288481310361881,1.157392169651652,-0.7428022702312875,0.4163770239962507,0.13809564523162207,-0.5531579885534507,0.3199318961019305,0.9437478489863769,-0.34321697019434194,1
0.21756739121963492,0.09223880379253824,-0.17286479212655112,0.2626661737866551,0.15579340435332592,0.3110692128233372,-0.5501403361621741,0.8018203209583512,-0.4952358886221097,-0.08365387735806117,-0.491207086177857,0.10722192941406328,0.3245061943404867,0.22366266308913163,0.8420267447387205,-0.3661253098777225,-0.09260506453644705,1.0819610734517664,-0.7254715961828881,0.48619644993087924,-0.2668234438764598,-1.0357348319011643,0.17633279202957436,0.5468173956409408,-0.2913468621144229,1
0.5400769737370625,0.6510966850301416,0.876300971093408,0.6287687289863971,0.8208533241996395,-0.5258419882551563,-0.6419270188424993,0.005276125039363244,0.6570810206019668,1.48481556587034,0.5037666780354444,-0.4244625432319856,-1.2331160573190705,-0.05445821412181381,-0.12871261992253175,0.35423692649429045,-0.4936689051058004,-0.29598481232341767,-0.07506736991279671,-0.7270519379439585,-0.30569451868096553,-0.22410725315687002,0.03136907259205458,-0.7905911754693775,-0.15779898373357942,1
-0.37341211870110763,-0.3112958551072732,-0.01531403672271435,0.23284418351862363,-0.7122251713755661,0.21267132731349042,-0.24078907128935895,0.23797173669484353,-1.1403198166636304,0.35300700145942576,0.38829038987417136,-0.2854711826115595,0.23192976521262024,0.14226479063515582,-0.7037406890515367,0.36725561555940056,-0.5691098325278258,0.7447265099835512,-0.6845986779636326,0.1883657404766226,-0.0844618652827349,-0.036744871032129096,-0.6281220888473378,1.3378591235868909,0.32239804309171904,1
-0.09388571927558807,0.38170654793044745,-0.5147697347715989,-0.044545412893619706,-0.46272605533039535,0.37234474305723747,-0.5591392611231069,0.020799330293905984,-0.994299969698893,-0.07116649871131216,-0.6758638911652239,0.1492949570870402,0.1804012274951291,-0.4213874659892187,0.5548616228944537,-0.9511011267473688,-0.04040432726278801,0.7266990761271981,-1.3102645361513439,-0.05411470540610962,0.2060993260218148,-0.3655361658858107,-0.9079999351940846,0.7959578098107541,-0.5761536490656131,1
0.5310021446134825,0.050310587881574165,-0.6261035217852468,-0.38772910301181623,-1.21622054932039,0.06718242629282038,0.09067857012897483,-1.6138057232055898,-0.2526413741726008,-0.2390516525234769,-0.4245988530585426,1.5465987920959205,-0.3581808746229616,1.0743946197461862,0.11911414131013993,-0.3445494911746287,0.23454909258672563,-1.326274128428629,0.11094377580483077,-0.816969974717179,0.7313153136981915,0.3298917887049445,0.34209186174284567,-0.5025420246537562,1.7774857195089047,1
0.012002997188848624,0.046599515548892606,-0.861459039523805,-1.0527368796209038,-1.5314451134034373,-0.7703243720135473,1.182848935065627,-1.1782776268893584,0.013222588314814633,-0.4192684596887716,-0.480991391063228,0.046472747816614264,0.6890539365334623,-0.3907842167445402,-0.4643584393146951,-1.4955617038756914,1.3488457567498913,-0.9967595001814206,0.7346564143683805,-0.27380178808612504,-0.07276794985207743,0.041268810959393554,1.1381364089637467,-0.7320358735007545,1.1474188269085441,1
-0.7253205496431014,0.3580371366715979,0.1741984074718146,-0.7109663388069302,-0.3356126991309105,0.004506366180205861,-0.7396538941484612,0.9154473128184887,0.37222967859606215,-0.7804472672833379,-0.8073092519812644,0.4226052247653232,0.45426836041357554,1.5495301042260488,1.2148150390767822,0.12215953015803524,0.7417804698917223,-0.2206608335500813,-0.6650615107158994,0.5190626000519115,1.057521994528744,-1.171266186952224,-0.5820783879249889,0.716885411724245,0.11550008489133491,1
-0.15577697049307224,0.3106043797084518,-0.32474934439028963,-0.4243672854832669,-0.16237068068949137,0.36365084637601824,-0.6512754424990963,0.20956865609621325,-0.36002928295535874,-0.4924201751179243,-0.7942268173741641,0.18938987984335034,0.4394611674493373,0.3001054246541836,1.2065795705595306,-0.6469449767388618,0.4128361061642113,0.03264265115215925,-1.1790860950871336,0.19816244427588728,0.2972739159426797,-0.9074672553931203,-0.5162456692251507,0.5040045388477049,-0.1500524731154119,1
0.14685375982851084,-0.16449801894147836,-0.2705602158910171,-0.2686394548599618,-0.10975507488307405,0.5265989402951928,0.34109038840644407,0.1262660094380372,-0.4134210520304668,-0.4049365541869532,-0.3102138063729614,-0.29021815576003174,0.44554076415481697,-0.5324742888494493,0.496794919996077,-0.43630063702793215,0.19070968270579075,-0.045859187830007024,-0.8672363686332623,0.6238745160709348,0.262546795212742,-0.5783862871340627,-1.137556343075495,0.9086772825502536,-0.46777455113931743,1
0.8474732850795667,-1.0283460369900206,1.0102712792088284,0.3554408842801626,0.608467918333534,0.10593380820008663,0.29559134502077145,-0.19636255021217242,0.5906720295343164,0.5474533484642257,0.34529191905248763,-1.0399622643009465,-0.7321584770313141,0.9872532340202688,0.7780826250125312,0.2092610872099924,-0.2937846802813734,0.14529729720952972,0.8277848096710688,-0.13777002193360885,0.45610268489875067,0.4391035933320191,0.4050295232830786,-0.6574415424222327,0.3042585456271281,1
0.13070676781704993,-0.18939930050331386,-0.8797819230804281,-1.1993607317656225,-1.236672700137438,-0.7877727980254462,0.33166538799059325,-1.178773032824352,0.23939281828566003,-0.43340676814716894,-0.13808830782982368,0.27033344312181146,0.08395418484508713,-0.10528193303392344,-0.08591192913565437,-0.8311814630740896,0.9383089214643372,-1.3026564608200244,-0.04430886667058454,-0.34994536871127807,0.12977316268358094,0.08367915084752311,0.7035556693346089,-0.6355810828488273,1.4784965828111325,1
0.3057349536907967,0.16582858083153457,0.20787295655424234,0.7626935133093132,0.4922675535976103,0.050392077060983,0.18005342350741083,0.6058774997187709,-0.08709801434062205,0.5172338242205229,0.6683277156665802,-0.10587063237253845,-0.1307082515554598,-0.823056034652834,-0.6831931477875336,0.8854074941892482,-0.71243049219609,0.13022236365898293,-0.12047880195996218,0.3447661553830334,-1.1342819722609454,-0.5825175255299168,0.006483739818405139,0.6694604632900684,-0.3395282387710719,1
-0.24377551480866386,-0.5644045667924925,-0.2281282454744324,0.432847275203711,-0.2781042149905974,0.208711738186843,0.3844182615844799,0.10375261806458207,-0.485995427744751,-0.2135999352918613,0.5341990035048098,0.006245215559573385,0.5455744620400561,-0.2190496391962721,-0.4120711751197759,0.9739421279325531,-0.4816582673461996,0.20774879695758883,-0.0259886045932708,0.30837165103031505,-0.9410591064708781,0.48224746495164256,0.5115595440110765,0.7667983999406325,0.09231955486090318,1
-0.612927006510634,0.8232139647865707,0.3666945548678442,0.5116280890113777,0.1258237645458522,0.7720369325215004,0.023910211828899068,0.14942852249188437,-0.5325504749858913,0.3238046274411412,-0.4080307863142703,0.16226833537868884,0.5205287077093165,0.3774009954000377,-0.5832687797179985,0.24259518293422067,0.08019459973842509,0.4197620466700023,-0.4042203236110547,0.4208887532326789,-0.5180978740131097,-0.6771675694173716,-0.1659701887912182,0.06319548049783698,-0.11714583883753528,1
0.6834229180018714,0.8561939579595458,-0.2869443419784396,-0.26505229895543314,-0.04260673968160836,0.2733192180445752,0.09689672565296045,0.1619158078086422,0.6437424889329381,-1.0278429606292374,-1.0225143079234258,1.5123705280433244,-0.48561213162520345,-0.33226408125449697,0.3014734090264241,-0.24751499829357124,0.21628668898755402,-0.5699468273117961,-0.6876692448335819,0.39888744707089546,0.8243189933550584,-1.609430798029582,-1.4057637210240683,0.5454987689709564,-0.3723611581649337,1
0.1699499035924526,-0.803481545350479,-0.3733287676899251,-0.0006997403147683252,-0.3989597879096274,0.6733038723665921,0.46623814839409966,-0.023581701733125876,-0.963786028560349,0.18575888278666453,0.2800448706716265,-0.19521297694037693,-0.021309056901927626,0.18503374523455066,-0.1472827671405462,-0.1868291704092038,-0.22315883509513812,0.634415940333565,-0.00162459395632902,0.8331178010387011,-0.09188611584499023,0.12533987249934606,-0.1042975783863765,0.555026519500488,0.7133542869314106,1
0.5332442151546106,0.09766013215573276,1.3328552612356117,0.7425006401069828,0.5110913303995368,-0.6587375145988732,0.4378407657664571,0.39601912537980294,1.0559888158713373,0.5518867777996533,0.48283769038416885,-0.9814690820353089,-1.6307122400987653,-1.1293252995829148,-1.1123349877530295,0.42461880046283396,-0.912193363812253,0.6092811170893166,0.9123238487740569,-0.5694663201080477,0.05885098460564946,0.0843066276594751,-0.849333339466715,0.25607868082890656,-1.2439407215677991,1
-0.21533341134159023,-0.44697869101456406,-0.6537704708920954,-0.83736831736526,-1.0472462152982278,-0.9459978275112743,1.0589746741728074,-0.5167404038411082,0.5014696533906604,0.11799046768490432,0.459413465773219,-0.028770647095735045,0.18995129379415743,0.053085543224303554,-0.5947536606895619,-0.05768298542931771,0.9483508736949791,-0.9711901683248497,0.6784444076863014,0.4098062526339147,0.1515993227272611,0.8472590718408178,0.8102370304933758,-0.6822810433934268,1.00726502512063,1
0.1534382558968865,0.7424495083916615,0.9738431323201651,-0.4308108102384005,1.5381973130160826,0.7531446711120354,-0.7497220856959389,-0.49618471689902266,0.8152459701643466,-0.3894646741266818,-0.34312404386178036,-1.1433918583764542,-0.7457783926225593,-0.9815718964130745,0.982646866680195,-0.36740100136520204,0.04927794435081336,-1.5014690386816383,-0.8093820270655491,-0.6017428426570136,-1.0432458949719496,-1.6837022759409037,-0.7090842457128139,-0.40397059776043,-0.2368066514940509,0
0.7649611821832384,-0.21288161607339928,1.3352695904001826,1.1891657806840736,0.34811009405304344,-0.46649833272297614,0.2848177366867049,0.1385414377682762,0.29572534518126925,1.088329025292535,0.43791215954307305,-1.1059048418773383,-1.0857725621155503,-0.26357916048880314,-0.4796146808521317,0.11779093683799172,-1.0170451922678292,0.9896492400523809,1.0977710843062969,-0.9860255744582533,-0.004406038584983895,0.4985665446651159,0.05631109665412636,0.055727335839961305,-0.87605726809213,1
0.40322427034929237,0.47829263453637705,-0.7407077457785792,-0.4221608567614984,-1.1775417166597002,-0.6709853733753333,1.2204420604170176,-1.242765282955467,0.1362095359744391,0.1183655054105434,-0.3068281102131761,0.5835203296915005,0.0413837202081696,-0.8615838460271046,-0.6072250798431038,-1.0292230643385405,0.7743921559797772,-1.228460849021299,0.40928652216104255,-0.5269284187239254,0.4021423992321112,0.5572895116524222,-0.03893308405716963,-0.5451611030784851,0.18817880674100712,1
-0.8957871029512373,1.2438522512203791,0.26788712553794813,-0.22135300324163026,-1.3491039825969782,-0.4221611737789778,0.8327163647770097,-1.2618686192812312,-0.06427079689365389,0.22427275721835283,-0.5757794117770274,0.1502723900404568,0.6598805899265575,-0.09779946292328942,-1.110742344985027,-0.44818028880784266,0.8473307992336487,-1.4437428833222756,0.1450796256409275,-1.1345397265555772,0.6792091024825091,0.5796083532130653,-0.818303757490138,-0.07516423343512686,-0.24575617604447889,1
0.15179558793450784,-0.9911626018023413,-0.3177993536259067,0.567074077010169,-0.08125112976667405,0.2067666708914552,0.9648955387970737,0.13937139525194908,-0.09597274033589633,-0.5488028316345915,0.45883440541415427,0.06923498364865968,0.5895016782960981,-0.26350850451938307,0.11755207421420831,0.9333954287533932,-0.40168552506844935,0.26428741243049714,0.660967000659637,0.4596037507098757,-0.9361838014338201,0.89972651938126,1.0709465549116195,0.4656938909719915,-0.22760644308316638,1
0.7142648173261026,0.4930736795262144,0.6708756862941255,0.14525719346615878,0.5034304722187186,0.17505597085052146,-0.5212545984714115,0.7582852548588433,0.8470360411031403,-0.8757522019418649,-0.8975532855643239,0.6710182261763306,-0.46749329658676936,0.5990070190631921,0.9547224160202269,0.08879888735252293,-0.14755528506572446,0.03604659693694717,-0.13965756731051268,-0.023830473235596686,0.4885080142607936,-1.9975347164509563,-0.4510715930669244,0.5758294061631868,-0.2813156010540168,1
0.8907310717254847,-0.6187261798217728,-1.738119341292692,-0.8941648029154341,-1.423631939481021,-0.9606675273654671,1.2428409640612716,-1.3784593896482158,-0.11387603052527329,0.3666176723445721,0.24251271962539125,0.5804018125706308,0.17214317558599215,-0.5877765194039,-0.37603596775156517,-1.1783994574922647,1.0241748702253706,-0.8937576425381328,0.1326318379819846,0.3081344177061083,0.18804478897351073,0.9777326740937368,1.0905484225632114,-1.2218919475828474,1.452681930562608,1
1.135553569601768,0.25370814715571927,0.9678559173327604,0.7030053648066406,1.8456147877775262,-0.1188584098160104,-0.5536083003667529,-0.1313773063583668,0.9921115760801614,1.9332281834166452,1.0725780814690935,-0.8742489838379546,-1.6626777260603738,-0.48462942030017253,-0.013990877641076609,0.809668852381164,-0.7106262510507376,-0.6548454674410762,-0.6314069663669715,-0.10280883166050946,-0.5694744103769085,-0.26594987183152063,-0.39975630314669325,-1.330582472242564,-0.11643222224576044,1
-0.2538811520919555,0.5321591183840241,-0.22230635462566176,-0.2766453718294026,-1.2059377300572758,-0.040435294030865106,0.03571343745068952,-1.4037884834366627,-0.48904082234079355,0.234459139734989,-0.662643544203776,0.6485669640291032,0.2603556397972314,0.9755456520524217,-0.15869707562736352,-0.7448905196648676,0.620825944494136,-0.7104184471906033,-0.06577910205079594,-0.9009308391554911,0.5685993765338896,0.4374156376406673,0.3248846490003677,-0.7090951420674727,1.0492708812376275,1
-0.2690184910265395,-0.09406761598339702,-0.09257165104401477,0.5098524866833763,0.05112238974295735,0.5369678248246408,0.20492648464026486,0.335526236441468,-0.5156639037545263,-0.07731748670015648,0.24323223380588452,0.12788052206059433,0.01504812175580476,-0.33055003834815305,-0.20310060855964152,0.5483696540506158,-0.5332184071979652,0.4401272249393471,0.10969587418070983,0.3594391120524323,-0.8953623935555005,0.1480898716654438,0.16144503545394798,0.70766087260316,-0.2493781674145588,1
0.1419780834919019,0.7543267209099603,-0.36023344109783134,0.18986647834972273,-0.15045416736258357,0.5592005171096505,-1.2660283737231934,0.5511527132346242,-0.8913805104512621,0.34501115444695635,-0.5893175874100939,1.2987119939482619,0.22518970803591007,1.3809050358600479,1.2184917211882413,-0.07311878386749926,-0.08242999887780629,0.009607057764708648,-1.333221129575474,0.18508280086109974,0.45940593463044876,-1.3311390958035345,-0.4468333924497527,0.7704186110038702,0.493425964341985,1
-0.46522659895948026,-0.2674710637516694,-0.5362348545525124,0.4205250807455057,-0.360193975693296,0.15788890129296906,0.4162721657126365,0.5517561308334828,-0.33012595778201276,-0.511385732848548,0.333266502261086,0.7156591473250639,0.5165738910312243,-0.08945892830524561,0.13494678302486793,1.0247537178075123,-0.35310182838983134,0.018400260614377835,0.36412627129223535,0.4158944212557172,-0.8364792357429138,0.6178900658603839,0.651330161430095,0.9994523750502893,-0.2983214112224568,1
0.19657059589304793,-0.10197465399653786,0.4863446726787801,0.4327649965988805,0.20700472632458036,0.6236478109480691,-1.3613568017345177,0.5990481692028963,-0.9808946549713476,0.15041383476725043,-0.38310424609069915,-0.39091008322539483,0.07377490727516689,0.9271503928897097,0.9943873554843974,-0.2383278373084127,-0.6569512806891381,1.2383439590302738,-0.9910678683337591,-0.2054520664706895,-0.17042950028903023,-1.2881095532154458,-0.06375928820056469,0.9708922491672606,0.23816372220514112,1
-0.5900916775257604,0.6483288008786371,-0.40384924104440983,0.4883117945229213,0.4263797127492644,0.5089746759754841,0.26076058843784305,0.6609543817417023,-0.1922854368056012,0.03845238470604908,0.2364169965495434,0.7241917717471373,0.2810326347179591,-0.38564120149134234,0.4396573327893177,0.7208783825738766,-0.09735798184972382,-0.6062583688906431,0.4148963718726694,0.49022772298184264,-1.4571342254119115,0.04578830027056464,0.7162464476503188,0.3924390618259093,-0.5277302514032377,1
-0.4375225813317769,0.14941165788201546,-0.32829996515608806,-0.5410108896047331,-1.0743631498901,0.008387854404991107,-0.2814755986304999,-0.9973996342000712,-0.2581952733036573,-0.20316191121578536,-0.37763863981037327,0.9015705357472424,0.056170062228698525,1.5046783489285604,0.18253161424439304,-0.16982547539425727,0.5248857059210997,-0.8911663029874884,0.24835293266406777,-0.5540505140505073,0.20179035154905167,0.2230918397212152,0.9730390977443365,-0.567238770180227,1.7600464754069254,1
0.8986546131350388,-0.22634803042264653,0.5452327784517453,0.4286736665523732,0.932407551319945,-0.39712197955148104,0.12166163329299298,-0.015388193566489117,0.5846418394906175,1.6501543767032885,0.8837255831218269,-1.0415876375293658,-1.258905602429664,-0.4183799939649359,0.044651359900165014,0.032477526189239304,-0.3373597661881587,-0.04972997584456535,0.22609913541513021,0.02602845185929115,-0.20977435615787862,0.3873392601566072,0.0666810888200554,-1.0151021130859657,-0.15254153295883688,1
-0.8211379394145653,0.5162232791053777,-0.9263808866301662,-1.1142747945666112,-0.9349034925562065,-0.6616059654484318,0.5234750435183135,-0.4867998315809194,0.04168260826107949,0.37385637747885686,0.24156971625707202,0.1233204442202843,-0.051769198772419846,-0.2896641490168601,-0.1498522037705894,-0.8526980650793479,1.1891665890762424,-1.528850747419672,0.797815016425573,0.07211710364051321,-0.6295293109881454,0.4389619378925592,1.0793050866412925,-0.7665139745138205,1.0902986574540736,1
0.6183215736651118,-0.3120052721444206,0.5919763230271463,0.24444562258180655,0.30740008750922276,-0.5287691469250642,-0.7537863355090025,-0.39693604084534984,0.5798320073986964,0.45422796746216715,0.4507269203183777,-0.506199369139405,-2.0045456810491267,-0.34670422338645884,0.3238409351872724,-0.015138746184967425,-0.9568352839443733,0.14339216724559228,0.4131223132819115,-1.2663984993164377,-0.12092376191300921,0.680061612725189,0.14947208992714792,-0.3480222142015797,-0.016510932334173303,1
0.16301046219108747,-0.25866123040549865,-1.02832149970147,-0.4797496675449119,-0.4165648661264718,-0.21540125517849548,0.1469045012933183,0.6552864722367086,0.0037590358349620092,-1.027180967213862,-0.576845629838992,0.36136954507623137,0.043108682780403466,-0.8451600337670204,1.1987939515080257,-0.9219586086001914,0.3170900786545501,0.6095555912457084,-0.16902241486339611,0.5360978843761474,-0.023921373127801022,-0.15654794795283633,0.13600509635299693,0.6778402294155891,-0.7881904285711748,1
-1.103341707399992,-0.34645005024450914,1.5141151235034618,-0.5984761635461635,0.6826204025372999,0.36436303413215126,-0.49154360657459617,0.9846471622038834,0.41372207396418526,1.3106107520048744,0.8927918148878116,-1.641342341978954,-0.22378627843824744,2.525393434825711,0.6428608230986267,1.100711101018655,0.5357495739290508,-0.9212563721371639,0.11450266462231,1.0723062522455997,0.8998993016965184,-0.48299933290685654,-0.7854109754125157,0.03649638950165543,1.1083251429638354,0
0.11442482661448945,0.43693345176462534,0.23007751813099994,-0.19231037492835432,0.5637847530630177,0.3063370804031212,-0.6054529545640858,0.8903319523301283,0.573842900624698,-0.6941351889471418,-0.7049920203704044,0.4315350723320287,0.07140544280414891,0.6619014018389751,1.2316547706251202,0.0990396374999171,0.29965315839220463,-0.11305507143102746,-0.5308516357912072,0.5517336383042456,0.06856358709324857,-1.7253366785666209,-0.11176129420041933,0.3204824463145006,-0.11599131982600432,1
1.3181363592664086,-1.7849442149228367,1.2671033581862696,0.8135124883971415,0.22218286655647945,-0.2598881785383905,0.1861390570751495,-0.28549947666014186,0.11564617035633344,0.5388096111073976,0.5885284175356873,-1.8050588180472613,-0.7930774367334517,0.403827323393455,0.220474664492412,0.13278286978956208,-1.1264417958278137,1.396134730339765,0.6425877707723123,-0.771273451781148,0.45467941655618865,0.7794153585823207,0.2700496020666693,0.10508993026981522,-0.02801629807063201,1
0.009791756952722098,-0.48467372122303576,-0.4193390408223271,0.38766117202526973,-0.24381128225529283,-0.09131928619459902,-0.023638340883256254,0.6949339113907775,-0.3523649864420231,-0.2572577615708413,0.5008445113200485,0.33748900571974405,-0.09215810643996948,-0.332637507170834,0.07013107006738062,0.7076523350775317,-0.6956471856879861,0.5311599499153725,0.17322573788524073,0.2725529015015239,-0.8212093202905272,0.19819441119421036,0.555767492590288,1.081488615858723,-0.09156944589562997,1
0.014198346776641082,-0.9246984807245087,-0.1784579896664637,-0.41929536585937066,-1.0936706452159686,-0.06520506186518828,0.06851251911590356,-0.8493312953780849,-0.231959129343109,-0.5533891621666616,-0.24681457169332507,0.27948490886172794,0.5687503472828405,1.7800400373368184,0.33161118380848154,0.006227142829418967,0.4053913652106128,-0.13132847448809395,0.40316741922368865,-0.24506918894774687,0.2733399121246552,0.3037705124788107,1.4932286389613174,-0.4153665867166215,1.8943399671676877,1
-0.14397841166249437,-0.3792927164609578,-0.5783970358168289,-0.6258101318949385,-1.6202040352607234,-0.5673145338639701,1.4592822252225437,-1.2891212092694773,-0.22794875235614342,0.0008189737558536742,0.07294763832221104,-0.04831562658855748,1.1235263573283483,0.11584050617910696,-0.772075755338935,-0.33530498108077306,0.9895164062683236,-1.278415400529277,0.26742170669974175,-0.13097435492244064,0.5997067470593495,0.9676969437140706,0.15846320965133412,-0.1678177966381979,0.874043167943288,1
-0.13029461748244933,0.5117561971720469,-0.06513182339804016,0.649536063924065,0.33691960503878154,0.9552138804878392,0.15304811333534782,0.6703454889161321,-0.5928299109778232,0.0690217908441704,-0.2710016285828095,0.567738015532284,-0.25526910318826057,-0.2742943170041183,-0.1382711415864207,0.08786891971245649,-0.4272027143257668,0.8721592894491184,-0.027706023866150543,0.7760738569696833,-0.5827065446954183,-0.5498290385650003,-0.38534403979316373,0.6192010097991558,-0.5865082516749772,1
-0.8930033823137947,0.4664134587511321,0.1176872851566951,-0.39907181952058357,-0.5311314115497932,-0.4856344021653508,-0.882851914790815,1.1946982946668454,-0.3052923115991219,-0.08408646725205761,-0.7227156948402209,-0.5691197632800709,0.8769279536953246,0.7331501001554428,1.33894697521808,-0.7292954510080243,0.6600342758388088,0.6489464051387034,-0.7225582233309552,-0.019438563383659384,0.5803328414748057,-0.7569269137827608,-0.2357556211828435,0.9967130685647462,-0.8050540546684596,1
-0.7146971095507009,-0.10950838140740504,-0.44806833636162796,-0.9744242350578285,-1.2730519824127418,-0.35541999633471477,0.964724789850785,-0.8893538571817193,-0.09483098538097758,-0.08828736079660274,0.1290172670217809,-0.114681611432808,0.3747469533723368,0.3776985428050406,-0.6746535244059898,-0.5336907026761784,1.0515606685259637,-1.2181487179052766,1.1128560154547706,0.0197724758450316,-0.3123942880368902,0.42916814762102123,1.13401740301006,-0.5563195888666198,1.6334566050595332,1
-0.2807552092411928,-0.2615636836973152,0.055928282871060275,-0.6887067608615359,-1.7322607859949033,-0.06646663182120362,0.3104318327929652,-1.687672624930028,-0.5409682065537624,-0.7107499544090787,-0.8785140101455963,-0.06453813185090067,1.0756807621094817,1.2555146552272294,-0.3740579508276496,-0.8144436285488013,0.8174873070652463,-0.526522270367018,-0.09698294686888206,-0.9654332559580359,0.7479843898722163,0.01669704123364236,0.46344755556083767,-0.22699008560688255,1.605322886646384,1
1.183847062935008,-1.0802038052582599,0.7122132950227726,0.11325976209903137,0.15792117230987496,-0.8806799198227899,0.16870536130042096,-0.7123175674414063,0.9403359366299907,0.5749421655296248,0.7757197074555008,-1.1094300887849018,-1.2579574645004294,-0.2040378678148949,-0.237149691785709,0.2548707827988368,-0.5524862070600209,-0.08507476424950208,0.3732278012198204,-0.751714549698435,0.3045996515607925,0.6848980900293685,0.21391162761725474,-0.6980624482926983,0.4253206222861329,1
1.5026990627220913,-1.0081707619985902,1.118743804269466,0.3703547070021542,1.075501724249217,-1.104249175480748,0.28061104852546853,-0.5539697427114764,1.6454992832598037,1.3783964778355924,1.2322717547271251,-1.7211959741203555,-0.9882421209179304,-0.4739315985050786,-0.8185927674464483,1.0643799771936102,-0.39175838066252033,-0.1653000635017212,-0.6488841500659724,-0.03177844847121088,0.2916523558693123,0.3904675628933525,-0.29437773217216007,-1.4857347267076935,0.02586401443763721,1
0.2163425346925933,-0.17234553629680416,-0.7105067551360763,0.4875101045490807,-0.3733488202183819,-0.14964613150020512,0.75111173952338,0.4832985659237004,-0.45773460190386567,0.3520507835760055,0.577887049619288,0.4788550592559958,0.3595242871597839,-0.7685703567989147,-0.4963449857284251,0.5889982344078374,-0.3122151050960045,0.15996606283644055,-0.1567569445661787,0.7290232144987635,-0.43087915975821184,0.3803687531306518,-0.12265260909809221,0.8772319159992613,-0.4484538334098859,1
-0.21199933978613228,0.12018601104330486,-0.2877486690908598,0.030830101985042706,-0.21729972436977263,0.3769921257454293,-0.02280527791762449,0.2853358036280164,-0.7866393530007345,0.3126472192603433,0.30099381471868436,-0.09465049784590682,-0.3626669992337009,-0.7111576765708637,-0.6771801192055888,-0.08579218360461108,-0.37967051531388646,0.4455931722165494,-0.44024977765647133,0.5308076399254925,-0.575220712923287,-0.3988244745061666,-0.6159585250051938,0.8449192091405415,0.13035731866059044,1
0.554793680298702,-0.4038145673035128,-0.5180271614282652,0.33976389494763964,0.481027199589066,0.20633300534263058,1.679131985019011,-0.06340178323550064,0.6278939406829704,-0.6482671100667352,0.26140975533671146,0.12828229069710748,0.29823833900101293,-1.619829019634619,-0.5299972097064098,0.46903641686531206,0.07277105283791822,-0.1662854191158778,0.6681818007034948,1.0066145429494102,-1.429167226573454,0.19299882058477527,0.872192291549918,-0.38775906694041856,-0.5639372890894255,1
0.6566588045868701,-0.36774380538080564,0.2518513943094406,-0.05643949414352627,0.01645487529204595,-0.6836440835056681,0.4787534454978942,-0.012383529684777198,0.4916032676043421,0.7904025488615798,0.4637570400847261,-0.8498982559562294,-0.5505001315888958,-0.3575330823596201,-0.0708223541018491,-0.2784726361987661,0.09339789310931562,-0.1177869504545668,0.2649841144176206,0.033013995238943335,0.3160094559518739,0.17311598198030106,-0.11669237230531604,-0.31570425040990363,-0.06948021760417449,1
-0.42300173520626083,-0.10329501237247352,-0.6365444612294501,-0.3637006920350608,-0.25209226739211804,0.0071584742321812245,-0.7535518054765586,1.3384660813404567,-0.5482868550855718,-0.27779965298976445,-0.5353863099977296,0.05450460736728546,0.5868539413104543,0.6926125918149533,1.4934955147984483,-0.6623102041132881,0.46015270731890157,1.2090539073755247,-0.6208335293024692,0.9246671394800586,-0.030326245179069854,-0.7872919220759284,0.553536995586619,0.6608505729076734,-0.13726700443005269,1
-0.05417290973823487,-0.0822306723731815,-0.3460692925733493,-0.6637040210511927,-1.2574654268878067,-0.5395633965007606,0.21748642837352214,-1.549023706300274,-0.09424815422918159,0.4121317776286161,-0.12275403393404825,0.14531021657717924,0.18317188202979512,0.7953220956308601,-0.42500088509032546,-0.48092666881006013,0.7746982139637907,-0.95782624795116,-0.34163345143758705,-0.5926921686866365,0.8007852021754518,0.791714951002702,0.2234286678520007,-0.9900824354631194,1.3849759509119994,1
1.1496783477271144,-0.6125072903879969,1.3829794557729045,0.4923212609247723,0.5241427738034331,-0.7255927220590869,0.16619490387585126,0.02591228063232014,1.2052718887936633,0.8089136972923864,0.5906283816646138,-0.9446705598930577,-0.7634408088534659,0.6503976060546096,-0.23432559583510737,0.8950015484562245,-0.4456603714787401,-0.14084801890947532,0.1950283527451731,-0.3293086129679441,0.872469650689363,-0.23674017523115404,-0.4055033366753779,-0.3217538913791971,0.07527456660985314,1
-0.7334831952694766,-0.45514016960269255,-1.4219733510979269,-1.146514826269799,-1.7259571574014112,-0.11205932139910381,0.9991406420037041,-1.1724654805064314,-0.9354786653566507,-0.41658378350961667,0.4099645679318684,0.362214296935209,1.180778720433788,0.06809151767357852,-0.5906813245057476,-0.38963067334735635,1.0065030796923853,-1.670256445876575,0.5811017894819032,0.24083002331761472,-1.076584309185996,0.4881874105699393,1.638276812995655,-0.01828878658459605,2.325149322199305,1
-0.0864887868971214,1.4444841343133408,-0.547850539611123,0.08430743324747392,-0.011792164411521028,0.19890930628677087,-0.035271785205021874,0.15687877388127114,-0.3187260384760625,0.28581649524780006,-0.9894679475282232,0.5751855444376875,0.14592911609098996,-1.013582253833095,0.4804297905538476,-1.1914620931303737,0.5246630628116993,0.11858957497149257,-1.069102468948583,0.13982655521608123,0.1869778114689744,-0.542758992449776,-1.0949187451045521,0.05000445459199856,-1.4829493766453328,1
-0.12333147025999816,1.0621438484206334,-0.2582808436044232,-0.5861687386927789,-1.391275556217848,-0.7104338950707217,0.7411860406873404,-1.6778993146019088,0.03664812964131753,0.17215966667545712,-0.6198585314518031,0.19492386281733612,0.24093792443639522,-0.8459488940290606,-0.9329045674669321,-1.1590280197768854,0.9009537233787556,-1.5626051462578199,-0.340729085357418,-1.2294092418542462,0.7659013719928309,0.35472360671203695,-0.9340565925282617,-0.38742288478119835,-0.025670353636084584,1
1.0366095098119938,-0.6048641202845847,1.3038171306346522,0.786344215423987,1.341984914691378,0.10247306756502461,-0.14290304232117954,0.256405811882931,0.6761578761994533,1.0834595615831024,0.6571111416550881,-1.3372859605101644,-1.2852974750513486,0.09932866756877444,0.48730729873187767,0.4760101488543117,-0.8544004781968121,0.44250567241010197,0.25100356167014265,-0.14037743583305437,0.01635415226002706,0.014752038697598863,-0.27784969251075264,-0.4179259489779379,-0.4638287637419773,1
-0.23452233642004633,0.8950356478377927,0.6032391626898915,0.714728971146946,1.2845165756506565,1.0265996495986929,0.6047289615444975,0.18204611159136283,0.38380833495931993,0.26315521101575984,-0.3017298098815546,0.002924579627915935,0.13141068944749806,-0.039342836780853256,0.23765497338491412,0.28822723176643145,0.23535121093787217,-0.35683669412387714,0.7749255088246737,0.5114547660962719,-1.42565140329809,-0.585270820479945,0.8691228585171785,-0.9588290888481081,-0.5085149816451143,1
1.035621156114644,-0.7924050341541763,0.4236149503241104,0.26175926175258196,-0.31009054806356623,-1.4998495582154538,0.8242060126408014,-0.29589146513508957,0.6399879504829449,0.9929361500512326,0.9773055289881071,-1.4532115220556208,-0.9086098305934672,-1.3023172792945856,-1.1389247663280895,-0.2518468527822722,-0.4170027608817348,0.4142476830651225,0.8570599300868846,-0.6462870331638424,-0.17660863573429209,0.748991392454593,0.45592114712383924,-0.3430046573801331,-0.16343214263947956,1
-0.15189766985789174,0.5605693352684935,-0.5359813168281389,-0.6545238037770775,-0.37418345100259953,1.079289241712321,-0.5178407714387331,-0.38256730108388853,-0.8476100453709811,-0.13582089340647172,-0.617951024588562,0.9111666711536851,-0.2435877316870351,0.6685138425709262,1.2529180467146548,-0.695265321623871,0.30404367188320996,-1.1908098755792005,-1.069555623957139,0.17485094412950442,0.9310668308970182,-0.641109263603253,-1.6165806636798783,0.7742391982684602,0.5320618272575368,1
-0.6191368375624331,1.3110635229544239,0.04598218347893975,-0.597030288010666,-0.288760437121179,-0.07357995833045694,-0.6179304863677725,0.6766291982752012,0.4375279438441013,-0.4694123162412065,-0.9256982232620015,0.9091153057879388,0.1733058947364486,0.6874346150856526,0.9086509298946577,-0.12837915753298398,0.7580968190899879,-1.007465372541445,-0.8494345446395157,0.12464882512378016,1.043778440726686,-1.3567931498326888,-1.3307667700428054,0.7653821083685576,-0.45442773331740216,1
-0.06282635079775785,0.2117520973032066,0.2666585960886124,-0.35114796556018546,-1.0804854693175936,-0.6690233052490264,-0.10255579305268933,-0.8805490147399662,0.6205541310732462,-0.8033674033216694,-0.7024397793249,0.5943071393451136,0.12880040569698378,0.8175442438282459,-0.17954377500441357,0.08244342510088802,0.37036999440588225,-0.6585505818572237,-0.09136575458242342,-1.0619308509489584,0.8848984438223028,-0.029976591734697126,0.049399617182345076,-0.1223732825393318,0.537760246320009,1
0.8026275770576332,-0.1896526980890957,1.372290303150141,1.075946456631146,0.49058017794997955,-0.3947126384021784,0.26216658114518326,0.6102434909331199,0.46486070248059275,1.1158456043458675,0.4313032159902715,-0.883965044263331,-0.30408486618442043,0.44993729547699235,-0.3955647200770956,0.7665053543988625,-0.654064019066307,0.676629398840269,0.23281089574852679,-0.14412025482591456,0.5786074640618943,-0.2899642904504025,-0.5544410631664475,0.3218116358441717,-0.7170912519202939,1
1.1222401080542734,-0.04458281352379097,1.0538432579567032,0.7032656288040752,1.477929822882036,-0.40236201554997103,-0.9548112823728808,-0.6295674744918031,0.9931706020592732,1.5331452778954626,0.9867926872064763,-1.0897336448710444,-2.4976456469729826,-1.0656481413417154,-0.29144244011190595,0.5571146480594787,-1.290167877185599,0.033855669180555985,-0.6686587753704625,-1.0162415325183476,-0.4163224701733574,0.5411166529968658,-0.656423780186403,-1.194722095608242,-0.4418596329858551,1
1.0612278013028562,-0.2999669752954909,2.0189304124711596,0.9720445226001494,0.8074171452824123,-0.2505963457517843,0.05036410167986256,-0.64028875078993,1.2067623283316984,0.7248320883052746,0.3052246736527268,-1.0483385030754269,-1.0497282280849334,0.5095783170202823,-0.7025394520283879,1.0814718038868936,-0.8725247518946914,0.02339214611794611,0.08480242312325538,-1.0239769524759723,0.7495389079036765,0.003225911098423067,-0.7965964514974423,-0.5881296384164297,-0.294804649547628,1
-0.20565752729469264,0.17924508335012718,-0.096088877315482,0.8630430212705479,0.46701949925613573,0.5250853438176944,0.36827799928515337,0.5996934372372829,-0.23312330111379115,0.052139357290639274,0.3005829717082649,0.4799481955652367,0.38421712636884114,-0.14091696316566377,0.42780364083417793,0.9371032446262888,-0.42753224147091773,-0.14297338014522853,0.5100119705305893,0.33082407155972154,-1.2854904267201062,0.22275222826084212,0.819017123850842,0.4926708578298988,-0.5933918001373403,1
-0.557005596088778,1.2901573672945534,-0.22885304854605348,-0.1941447279206912,-0.5689902636153792,-0.15663373799229016,-1.5126351487437817,0.7674137612956935,-0.28793528902573423,-0.12647911033686135,-1.0720084428743577,1.2965019508032005,-0.01328606779009771,1.1907074036454663,1.126141608744198,-0.4252869707206633,0.30046531585785613,0.20541889900085103,-1.068878191228501,-0.3054790697565385,0.8015550693054455,-1.1532176124507467,-0.4928973308277141,0.6901533758117882,-0.14989569005581063,1
0.05543547445702568,0.3954083675987585,-0.21518848240089106,-0.2217795940261053,-0.5714374462259577,-0.41972021407545645,-0.6430190209760192,-0.5954688188277059,0.45515600499994696,-0.3028354283126497,-0.4973817523738086,1.2227679076130555,-0.1034907382320004,1.2181213757661782,0.859758735240994,0.2187568420255579,0.31298205478978913,-1.0069477616075693,-0.2640589168584509,-0.8165545780392073,0.5287414045196588,0.08997726355284563,0.5804690651428546,-0.4821710996561381,0.7261340296757295,1
-0.8244886562763065,0.8068771521199947,-0.3901433773753225,0.27043170407769124,-0.012096265062592166,0.7125648305885608,-0.22160243643127353,0.3683468733390074,-0.5909802508472173,-0.2288495719165778,-0.15311657390668473,0.743662379235288,-0.5047363662902382,-0.8459280703598474,-0.7930656720246031,0.2433724470480616,-0.4346689124573013,0.6533427314083199,-0.34556478672498,0.5032374675560314,-1.1062537499612377,-0.25354014637927397,-0.3450771676431396,0.5894158727516999,-0.37440087823534307,1
-0.871061235256136,0.3906455577343129,-0.09612448147979151,0.1621965510163141,0.05402124675817256,1.1793234514348756,0.30174090395952446,-0.313313464958426,-0.8529967612219078,-0.13808244111724238,-0.14181266144299193,-0.11760251341900506,0.10190964506948479,-0.6565332235587331,-0.7063297220670882,-0.002545323949762288,-0.12972705421328826,0.27741724537383267,-0.276419641241566,0.47697084128945266,-1.1090120773110348,0.04888083686741155,-0.33078793625795466,0.25262266216868484,-0.11331005944875752,1
-0.47391394829778655,0.45786729773784557,0.11010186513480548,-0.09324617443030477,0.2985840238495726,0.6216535064496641,0.3584848467750633,0.011149196612013919,0.28022035596163175,-0.5877697148146276,-0.36458681393989045,0.09711751557734256,-0.6552384131570378,-0.6955200860994839,-0.6950793286266382,-0.12191810773503471,0.06280760711934506,0.35786971655700994,0.4394184798317074,0.5418761788513266,-0.9631005259580827,-0.5129239766279676,0.1416005638221764,-0.3200417260269786,-0.045202416537707214,1
1.4409773490301243,-1.0578806225581543,0.7225303296788692,0.7947585484131372,0.9302445027597561,0.053763103942886956,0.3325438125556369,-0.36299133382805143,0.46865994946229966,0.8202207744073381,1.021034022839122,-0.8854535592804428,-1.2429942578442237,-0.4446084158383847,0.1550290431323949,0.7223721058586583,-1.1229594071937785,-0.0895141664122638,0.3215933776059874,-0.30032973923501094,-0.22667007073276801,0.6032595123337234,-0.12277378118508771,-0.21110031813042587,-0.08048503514733958,1
0.8670860153511762,0.04113789582684876,0.9943334269831766,0.814167200626407,0.6719936532196549,-0.6583175888347911,0.21651123127971972,0.23419423210091064,0.8202539008647061,1.3816667802264981,0.7024542497593868,-0.7321197564332387,-1.0387844816547247,-0.2857293114616698,-0.4713186454595443,0.5990846428457043,-0.587770998737089,0.08745116352099509,0.2304149093488328,-0.2883806743031051,0.2779301951221354,0.18008863942161799,-0.5015847484134404,-0.3454357212308561,-0.6976053877197962,1
0.32784841266135767,-0.627323234818205,0.5026330326175235,1.1912864667403442,0.13758991042878016,0.34667553462887746,0.04666176148519423,0.26332039311749666,-0.9562846593041479,0.8207174675765626,0.7923792037622837,-0.6692739136663844,0.5507090169375404,0.10632796079242914,-0.42787945319848303,1.0631139927806639,-1.0817764262337484,0.764450892008499,-0.3922609328217518,-0.026649721402565163,-0.7284753333855919,0.1635035971143391,0.0664286071624912,1.0513500246178036,-0.13068282050341795,1
-1.2782857761433466,0.6283550164833083,-0.3534143069027399,0.0017166523599879031,0.04007412774583988,1.2747400265404967,0.18183550221730907,0.19148434738751752,-0.5849061858586322,-0.7633520137259637,-0.49902906615353687,0.6173232517231613,-0.2555750280470346,-0.3618862367076358,0.23085820333790297,-0.10363541917455038,-0.0080634798904863,0.15964745170310182,0.49376763118015793,0.4902049017065985,-1.0548162903817417,0.28375161627093104,0.03334865594221835,0.4242174994354042,-0.4703099820597287,1
1.1505136279048114,-0.7135584662118805,1.0452461486959963,0.256918975896922,1.1684138234601364,-0.7057825739614003,0.2877304856064516,-0.835431905274568,1.5499303483862386,0.8411796136155584,0.9140428558166992,-1.8425539904304646,-1.8247877749982282,-1.689541317514871,-0.9225785920087688,0.41570603645573134,-0.6716516853858796,0.12286541627073008,-0.4083758253583884,-0.4167061619192543,-0.09513867080932514,0.7892093763025468,-0.8271896021172909,-1.3392039262233568,-0.7478423629955924,1
1.2776178000423617,-1.2255052306715182,0.568710847336215,0.22282977985929914,0.31171294118503784,-0.6939411599453811,-0.2127199949447773,-0.35462164038770944,0.4348783607196528,0.7992580359074788,0.8323007896586558,-1.2996968458960596,-1.0875250773284229,-0.10155354493280125,0.17106762168203565,0.03804088182911705,-0.7052937683297263,0.42409121221926155,0.08927263033796975,-0.5544212941015458,-0.011070085414005741,0.3539931550374029,0.48052983865850046,-0.45869692332554024,0.5304505368134002,1
-0.3981268766008738,0.12213153747508382,-1.2183426501479995,-1.586138138744452,-1.6982792274747145,-0.7658952477179788,0.2463964279176029,-1.5596007082298606,-0.28988050832582785,-0.5031715884014448,-0.2592709790226142,0.08850312408168752,0.5582742272588167,-0.5376624595743948,-0.6024581613890969,-1.3028878842108162,1.2659549994196457,-1.451313823383462,-0.4731829516342105,-0.45078439165851525,-0.3488622624383583,-0.11432460148763275,0.7727993904893,-0.5950696328963421,1.8414040192871142,1
-0.611253063602212,-0.1197952762973726,0.06943285719177165,-1.061861333227335,-1.1526763779911373,-0.36155113075060774,-0.6527403752374759,-0.9140281614827563,0.127816578492713,-1.105423135535709,-0.7241504046453505,0.006594961069891553,0.5777425486117996,1.3950249943582902,0.46190372113125894,-0.4290230493655922,0.7997844490252511,-0.7991675110101611,-0.05887981632259044,-0.9197891096823189,0.06778915186885683,-0.5919863554198344,1.1921762625075962,-0.27856798834215485,1.7845792994573997,1
-0.08445127621560519,-0.6291327165433136,0.6587772529674779,0.10482945013634529,0.2519667105765293,0.14572623779479868,-0.5810261611672074,1.1264390695890543,0.17973848891848607,-0.7063820854057464,-0.4212492196086064,-0.6531710026990201,0.6986267653880334,1.071892153961131,0.8638693402686536,0.51245864072809,-0.053552857735155696,1.2929373324181426,-0.7172624597821692,0.6500048639532119,0.27810541900036906,-1.1057308238965937,0.008634558627639536,0.8237214791820926,-0.277195998268887,1
0.9402215554400798,-0.7482959925934464,0.2002724288778074,0.31458898051619366,0.8265157746354777,-0.6292291092312284,0.810199635236512,-0.07058295710650211,0.742729211153598,1.4050177762439473,1.3065582450349884,-1.3600511075171526,-1.042021287299915,-1.3444653511828055,-0.8464164486470221,0.3292660306226564,-0.31852923071481765,0.199158731238521,0.20434909057124778,0.6100790980390818,-0.6871030483716176,0.7181441420972643,0.20855393989046403,-1.0483517064171481,-0.19474133988175168,1
-0.6140990926301078,-0.084088742815829,0.5173107061862425,-0.13979273603970024,0.7160675316790158,0.5679099361263388,-1.6229134046274372,1.2685911174428488,-0.8904948554132537,1.811931056124901,1.0468474811911808,-0.7097788848147474,-0.11421281521963943,2.5174632083226838,1.4525708887728304,0.6738325463400485,-0.06140456377187768,-0.5410856461253049,-0.26256650866544556,0.7645392696182775,-0.5990103568205468,-1.1802309484587072,0.8175838526603026,0.3154779848963082,1.9746411843256617,0
-0.8138314937628673,0.49148497818376524,-0.14517357946199103,-0.6363697899589389,-1.4788059614403353,-0.10766898786891296,0.8206476713367901,-1.3081122594307897,-0.3129842107655484,-0.050850347971573825,-0.27850427076408724,0.3350652447592475,0.5438767231179414,0.5743470664208705,-0.9036353678463644,-0.37847465095730964,0.8896893716006854,-1.4836534807133683,0.5742696758120923,-0.5671123957341767,0.3087346404544498,0.45849787476902204,0.1264279899575199,-0.23384070620966485,1.1856564278793456,1
1.4475723252054151,-1.1742076742212042,1.4196439430046044,0.6710263486404796,0.7307033097561859,-0.2636545001931729,0.5821655338156804,-0.8320791725007832,1.2039442323687526,0.5247437215548366,0.6989049662106008,-1.0905574092164458,-0.7773615527912151,0.4962685004737776,-0.2045392009363567,1.0934220043268117,-0.6757322128256086,-0.3900049248459027,0.4047715248829631,-0.5678392495341776,0.5399156996552495,0.48575512538387733,-0.06737332070962436,-0.7902352679902128,0.27820051180581296,1
1.472939807197867,-0.5671160491341782,1.5424185988392933,1.1137478058437702,1.2598906667066896,-0.5228224830260841,-0.3055218781721018,0.04671398821631013,0.8313986587703384,1.934040924487944,0.9237587935146626,-1.4894318086147078,-0.9856991271251736,0.33052404802649477,-0.1432730540095919,0.9346136072207603,-0.9022499434565013,0.5343158957710346,-0.6850603648088082,-0.3029076112936421,0.6421257180416834,0.08788968121891742,-0.7382509285658226,-0.7307856112049947,-0.503786200468342,1
0.9162975147113611,-0.47354488590125116,0.8150148860900126,0.5051514763636179,1.0981144004778758,-0.20529300995994734,-0.3829295174058777,-0.02605003720102113,0.8507377906718043,1.1179223674815641,0.6803510733305282,-0.8556191384162952,-1.8951131410707738,-0.14248812435065938,0.7140251677498312,0.3247605326304498,-0.8065730461583719,0.15351556000974964,0.0754394382508195,-0.39161484679499214,0.3703783881193009,0.832325010883598,-0.5249824418943025,-0.7068077574675229,-0.6218046744458113,1
0.6228161983438056,-0.26075094864285064,0.40723136497053375,0.5343597388112084,-0.05229227680810712,-1.0880920643639462,0.35632520143189295,0.676565214203226,0.301348721828353,0.8539527870895269,0.8661744090346426,-0.9549563918099144,-1.0049281210890175,-1.3450664744631644,-1.009690343271282,0.049875610209029156,-0.7736368472986125,0.8608015778946552,0.6857486233381553,-0.252974186901467,-0.4934876787837326,0.05778686131541598,0.04066792753935793,0.5840566419592432,-0.6554114171304462,1
0.15372629050863137,0.7003902651938089,-1.1356820665220466,-0.9059487426221403,-0.9066682156830906,-1.2179160711471926,0.2717512887455646,-0.982425575733924,0.4733106075232626,0.4447369920530938,0.24817175808346467,0.5345241457709735,-1.1504663411845448,-1.6960716434144845,-0.731583739270873,-0.9597498159856669,0.5442670087779916,-1.3300329014756185,-0.1842346637329475,-0.5287501933105874,-0.06597971850732814,0.6456145115943965,-0.22277455495165,-0.7599789853405492,0.2848869290445587,1
-0.049194307650283056,-0.3859154940956855,-0.6538632687790354,-0.8868255212536088,-1.107600900123495,-0.804123153026476,0.8169601469017956,-0.7476453113388355,0.5132488251867706,-0.3380766210066145,0.20943471220215898,0.36376732489950314,0.3524834485853564,0.32927475503700027,-0.21953237833407996,0.025209718290542162,0.8983852898953644,-1.4246350157881091,0.5105095502664164,0.05915294361568762,0.18639472311967606,0.4659211093739398,0.8660930535406793,-0.4880047113234754,1.2851453500019543,1
1.4409998823698011,-1.0596506994236696,1.4761837816333936,0.9331479841334405,0.8784000945267629,0.058522393193141946,-0.05802479667216368,-0.6196437356361806,0.6787343542345962,0.786082933786376,0.7737850116102866,-1.040085547917842,-1.2924463888702478,0.3860315611668935,-0.16092047828997097,1.086325220440432,-1.2769928944529791,0.14868396908014891,-0.047970924887541525,-0.7098215852505564,0.49973389085216335,0.3772971209427987,-0.6378900152909449,-0.2627822424277371,0.10590184663424916,1
-0.5269532096105157,-0.17115593737518553,-0.5348245422951712,0.18308731575705262,-0.1603982550690689,1.0689581009166547,0.7615322534522089,-0.16732230193724693,-0.8321306127605548,-0.42200253943919314,0.09878428522602722,0.18896469266808982,-0.06351324872056767,-0.9458431072916575,-0.490498557036786,0.11799471041970225,-0.33890752309557587,0.33424437104704474,0.10782826039623503,0.7127056785188696,-0.9128217270138683,0.6264252744396269,-0.3386875596368091,0.6566907142658259,-0.3026885760640472,1
0.12174392955518783,0.08296036758578462,-0.6751770510260292,0.0016508071621698316,-0.443149757845557,0.5501297298575458,-1.2541759913539818,0.7622097422615052,-1.4160363526773898,0.2849018058772268,-0.25638047753419446,0.9009933872026015,0.8341063295322323,1.4677204813284348,1.4595071841144125,-0.007713583302847506,-0.10046259413652783,0.14609565123982354,-1.6631513670450833,0.5210173443646077,0.40505264846852335,-1.2787075912772567,-0.37325267722705885,1.4148860450957241,0.7941953302925425,1
0.9171188514533904,0.13584423327272482,1.0542220136733258,0.8665617024274539,0.6802501422255839,-0.6032598884680362,-0.2823347235966432,0.4073658963461109,0.5834684325982478,1.667782647180394,0.7861572746438529,-0.6290641308021352,-1.7544647672072702,-0.18541022196765555,-0.19561714472935682,0.42389544808557006,-0.97482717715223,0.2469031881792286,0.24751374273637708,-0.5697054658039283,0.535344089055888,0.231232929187023,-0.912083608921553,-0.003223042268003147,-0.7247205165752656,1
-0.5666586258634538,0.1918091419886006,0.23155223740366826,-0.5385619634218604,-1.1575810533108124,-0.204621040527151,0.42829550257695775,-1.0074159714308706,-0.010917494433873557,-0.520489783995004,-0.4547346941057672,-0.03702959073425008,0.41662450404679313,0.6362991856605514,-0.45516113683287135,-0.401134374522575,0.6321997424566693,-0.9179752188981793,0.703891010458837,-0.8265906817955185,0.06583490309830158,0.0009068128039904881,0.6025388582479065,-0.1429092449976073,1.0554634323854082,1
-0.3047540733389313,0.3734823845725029,-0.2121942536987476,-0.8685723744597788,-0.6322544124259576,-0.45369453981829916,-0.899451803487322,-0.5991017831996448,0.4986323112705562,-0.42950130334857917,-0.5777656070818141,0.7288897789923864,-0.4775984482769788,1.2304799877558716,0.788366730163617,-0.42327925504730923,0.6610204067918736,-0.8703157059796629,-0.00719496241041037,-0.6849056556211671,0.24722070011755845,-0.3195567872521122,0.9707430159258175,-0.84939552322665,1.3986893130812295,1
-0.2518898517948058,0.5044413713988107,-0.632841303443014,-0.3948356094414038,-0.77651273301105,0.12183281358804399,-0.32423432039786104,0.4389040846589107,-0.6560993812533178,-0.21551048944773707,-0.7089013568833432,0.6648612694219831,0.3190227210321075,0.21633071130254028,0.6087339148747772,-0.7423423243111871,0.40238155952333743,0.22180761887452796,-0.9598209722566,0.3976634540789784,0.7824022372442044,-0.6836815629281506,-0.9915353516170352,0.9786143084493181,-0.23409463553459495,1
-0.5539941045529664,0.7479327637370431,-0.5167783823599983,-0.7263228411622386,-1.1521030106453343,-0.5635613433663009,0.35113139127993626,-1.0790612758851095,-0.02302003811664039,0.1481886312694669,-0.18542828657834887,0.4260748890361924,0.13039384891360728,-0.08479776836528437,-0.3745684069632264,-0.666151661420794,0.875333558418996,-1.585812144738068,0.28205585503906977,-0.7340215557213403,-0.06143518511754591,0.3803376237445699,0.4057176289060386,-0.5200882242277018,0.8298659514903289,1
1.2621369975841694,-0.8419252446221538,0.939174406560994,0.8433679863475757,-0.009747102522619502,-0.41444601151294636,0.7466720550272516,-0.6120791321770759,0.24913135715505258,0.5304724408281096,0.9268673467692982,-0.7332280856223394,-0.46110147686011516,-0.17031966357204614,-1.1331066263081677,0.7771776297408493,-0.9774948052587943,-0.22505670847205228,1.1009513468376213,-0.8281644655587169,-0.6993991030856829,-0.09577609236162288,0.8600372985344306,0.11514119630801604,0.8830713241341674,1
0.038654398657465346,-0.24874230346624665,-0.7429980086928949,-1.35644270937603,-1.5300350444490476,-1.0428532193884836,1.0298876839917996,-1.027521288971252,0.46931108752690126,-0.9848646743502419,-0.15202676707593687,-0.12710722508227976,-0.20594668617113604,-1.1166362193467414,-1.0103190138677665,-1.19192777314208,0.8929606372552388,-0.9451551929698335,0.8883922678581639,-0.35199818598026283,-0.24889341715385316,-0.13947173698696333,0.7503906959915453,-0.24272669438631092,1.2356961355843397,1
0.09596643260213317,-0.08543929934189766,-0.24284879279999017,0.31422985797539327,0.2773270674473448,0.038180060204070734,0.9907120730109863,0.4680409506652129,0.5374624783705766,-0.4991715364146505,0.21948954650464628,0.37863187096699946,0.22549524854166494,-0.6405376941634593,0.04527894362685342,0.6822398352093625,0.019933071351438684,-0.369999712191613,0.8355672736661506,0.6363990975255549,-1.0126801432114383,0.023480226612034822,0.8232092729850082,0.15773715007167605,-0.45580081826461544,1
-0.6050614873397296,0.9546020927899325,-0.48339901589275924,-0.3751195182796555,0.11934461802416142,0.48707126229262004,-0.5305402698388002,0.49028873665049766,-0.43307382959249496,0.12811098606974644,-0.9104405992772521,0.1988473833787954,0.5965996625491159,0.18690300217895242,1.1038876298456888,-0.9353701037775765,0.8813809222401099,0.20511934648421368,-1.2531348661761164,0.7372998092217571,0.08159915406688505,-0.8562199407367596,-0.4638498795411133,-0.10468096926628274,-0.5585578639956,1
-0.7410612064098184,0.541979121585959,0.4002128441472115,-0.5357513099354939,-0.07333925348130774,-0.004914518242009334,-0.8570541064193327,0.770621163832079,0.8348501806412697,-1.1188545657133742,-1.1372505777925035,0.47347652174316085,-0.1573218926844321,1.0595931184498997,0.8444411121927362,0.0987800764795362,0.5238232468022032,0.4617837031922282,-0.7054625701404351,0.3212737295850473,1.012975398829898,-0.9633301677607475,-0.7426985544295013,0.26867173604713357,-0.4858750748179537,1
-0.03249763033090075,0.42354295777611267,-0.7126758181548162,-0.693000149683667,-0.7625328626874369,-0.07031157504728482,-0.9928057488557173,-0.9833708540056838,-0.2073540552181949,-0.7090955074808531,-0.5858151185529062,1.2104414307408344,-0.19037596286134523,0.8109022960298455,1.0608002061184274,-0.625939727150588,0.33333194378294545,-1.2848844544322882,-0.005531814170174393,-1.121440761761016,-0.6654160124742661,-0.5565887841727264,1.5837132353345642,-0.44446236420927643,1.8068536299609805,1
-0.14281075908043303,-0.2927825756742148,0.19174958855481786,0.8911295122953307,0.033541246765585626,0.6339102519128672,-0.5408953366643504,0.5074129164061643,-0.9092296803129083,0.25035774792990667,0.11977044004508548,0.2320480253009364,0.09761158059476008,0.9061411296685883,0.25624589947533777,0.684009701191867,-0.8391116784954875,1.1973944991848993,-0.07138758551492169,0.10383471601983148,-0.6303328507045493,0.04425860075883946,0.6469563283754725,0.6828825146233279,0.19127946150594866,1
-0.4958965063726074,0.1573162333220963,-0.32455667984340975,-0.19332946571301954,0.12200786945769418,0.6150224100654642,-0.3521342811773416,0.36174167405483704,-0.4675432270846027,-0.1420654831701676,0.0034317154657804113,0.0823053605238104,-0.9586469013641765,-0.4060947489607618,0.25637859712214933,-0.4271243680697457,-0.2660277971203154,0.4604526193405016,0.3416655910467387,0.3725543646606726,-0.9881279760402686,-0.1959521543393329,0.3060700076703327,0.268021785718254,0.24555011751982284,1
-1.0462901772991349,0.6604678437021019,0.5020663356830674,0.0483527478052896,0.1465976481534088,1.0611857278748682,-0.4911605195951527,-0.3503274396252907,-0.7192689397051134,0.05573492644179035,-0.34264864179694,-0.4616138097612635,-0.3793249966738077,-0.09212460946990632,-0.8966010002578672,-0.19409213438384634,-0.18478971460765561,0.6498063192719604,-0.4025622782686934,0.03747731019725913,-1.0122894575768249,-0.5302733932621733,-0.24790299783269307,-0.09391249785207835,0.3698850262872021,1
-0.042058852573686425,-0.9031191809013116,0.2391088926915294,0.9394830984584907,-0.13815694183927613,0.7904713990815434,0.5279357828825613,-0.3190118864453895,-0.8055757223306377,-0.3647221163756265,0.2153885465452888,-0.34494405062451866,0.688628618034971,-0.07720500740358757,-0.783423215930337,0.9660843259843094,-0.8525539803628764,1.2020399498239434,-0.1974027771512169,0.19895978686182936,-0.8570825083916346,0.6444113293151555,0.3346549868579903,0.6393196710488602,-0.10760745715929772,1
-0.03918300928911331,-0.462026138682789,-1.3226168169435923,-0.7290848736501572,-0.15913700375581732,0.7558573669346922,0.3059631412689822,0.06811638866327023,-0.7921113823447833,-0.5548333999821399,-0.18907115028960098,0.02427696748691052,0.7525238302061169,-0.756376287956484,0.9474723144681274,-0.6603849199986163,0.5569320757235624,-0.10002398991051051,-1.3408262680471899,1.3854754671742602,-0.274477032154255,-0.26026466575938045,-0.5632813031222379,0.5604386924456819,-0.019520663356201454,1
0.564822727221182,-0.360370629794082,0.9738193008524993,0.10032805403749406,0.021049471110687962,-1.2898211891378304,0.11883178055165411,-0.011213961892842173,1.3367102226409355,0.3192848312701612,0.15034233484214146,-1.1445645087533676,-1.340861493020214,-0.44668153550465,-0.062338676310882975,-0.2173803500748559,-0.24745030502085935,0.49030095270007296,0.719661885502495,-0.9471616010924052,0.764362477474619,0.6891325386769426,-0.1899746638078718,-0.4480976100378505,-0.90774429399364,1
1.282268611671668,-0.9055583885647946,1.3418464922623943,0.5477505561849118,0.5153485461303481,-0.7013818179228989,0.6284515320145174,-0.46188512545369487,0.9607448555348976,1.185050961608422,0.6026364119982055,-1.6317352325941585,-0.4247182603292678,0.4357487088596776,-0.2988326357067568,0.29459103732774927,-0.18265551839626507,0.14345982804539126,0.43705721752123056,-0.37913909336824453,0.5976421205577618,0.2702051434331118,0.1946766939660903,-1.0225725650349946,0.1159861388204028,1
0.3742246961877791,0.5821816890646483,-0.3690110524961925,0.1854313411497733,-0.7228201465743823,-0.07252512690652375,-0.8188553215955746,0.6842379158297636,-0.9190975826030651,0.1979598659276074,-0.5507200938833179,0.9337647852602273,0.2569164346979097,0.6471072892506041,1.0442489266080082,-0.5535270887263641,-0.1906472644428701,0.1591192301246036,-0.826130175097617,-0.30876964269790114,0.7378140666906152,-1.1326034257722204,-0.6721268645589429,1.517338899308511,-0.09397402093188716,1
-0.2039322222343673,1.2632243210159204,-0.6689934883802962,-0.12772280050037157,0.15870849839729992,0.5332569885408057,-0.8687379794604696,0.6911046369601545,-0.5504490161382067,0.32767230646597056,-0.8597337842761805,1.091304519791573,0.2250588899186642,0.46253799715455673,1.0479277424930795,-0.7037728834524436,0.5555657838404361,0.11902492944945631,-1.2934565479922677,0.756659902291409,0.02479327573796737,-1.4096345635631593,-0.37095499355924927,0.05396860191905504,-0.11379590743876289,1
0.9461121963618528,0.04898964418828346,0.9608518922680138,0.6825406881916481,0.7321832283978401,-0.6370939663606892,-0.10272190527246315,0.09747829211261698,0.752392007611845,1.6024470401498012,0.7349687741499263,-0.7162654492392825,-1.1925411137310873,0.06502638269261425,-0.1919554148977646,0.44144362415669164,-0.5247844998107408,-0.09956152203124635,0.1728556840943312,-0.39573610671324133,0.24711446694617262,0.05645825826978885,-0.22861748195079154,-0.6419181497973834,-0.2092940517736813,1
1.353699785049894,-1.7947870465020985,1.4009835815274359,0.4058776503424683,0.9968797320718957,-0.11556595418850488,0.36072032409251364,-0.39008595597286505,1.1240804713761865,0.2169820377461891,0.8502581366846524,-1.8280984220797272,-1.077044086562428,0.17718315186260555,0.027539547878165236,0.8574229935786377,-0.8400710977288592,0.4494638281577924,0.4084818796599786,-0.11198212832253068,0.15619021739473674,0.3489197360877728,0.10374722158728966,-0.5915133512111521,0.2912230294550766,1
0.9300666360651147,-0.8507112408872068,1.1077798815293176,0.40158740922811664,0.3490492651474151,-0.7935084294699264,-0.22524216786537649,0.0006263135377442902,0.7784200355563445,0.7351339749531608,0.4484343197641967,-1.374475883810049,-1.0679593961707685,0.22704019753036567,0.22989216868403053,0.11450035363519778,-0.6004497289303523,0.732095315187112,0.2426219725789122,-0.7021742981685616,0.6101641128724953,0.3989982157330685,-0.03315549313275125,-0.33415710561324663,-0.28029723538831164,1
-0.24765178859811035,-0.8625859219501958,0.26172940143708784,-0.7809615433773539,0.13421595931811425,0.8676725864550704,-0.5390185856917238,0.31669036875681517,-0.951280767061515,0.928936705536609,1.0102467825243702,-1.057017596546839,-0.0020828741646494366,1.7182185018964915,1.1840649072922322,0.2469825535495742,0.10600351462739871,-1.3379024091435086,-0.24904832773589827,0.8090566892314626,0.09885674748826745,-0.8016197780739944,-0.35516538674834985,0.8756248064637924,2.1004165198676694,0
1.158170461303388,-0.44099028016091446,1.5623744079446935,0.8616342142283869,1.0554336817121122,-0.373892853704613,-0.045345211606188186,-0.4056350650295837,1.0995730806590684,0.9337508722268649,0.7376838341167417,-1.2545882924646485,-1.3896788424138882,-0.3333813309090077,-0.6579511148395073,0.9206634225559746,-1.0263978136492138,0.12968992836665857,0.019261744522059095,-0.7527167073131712,0.02171961154247855,0.0775339617431585,-0.49361589172994796,-0.6079563034964315,-0.3307929695077713,1
-0.459986256954872,0.1724143328441818,-0.6980139838658265,-1.5458258711932875,-1.640586469707728,-0.8497944549849992,0.6776279508062119,-1.334918227257192,0.2529850478907931,-0.7964983744492214,-0.3718272981675888,0.02659556839192463,0.42060033296300675,-0.2528994171238818,-0.7220233175768184,-1.1472668103936214,1.3644836372439726,-1.6093366707015786,0.5061812906480871,-0.5090331452700106,-0.19963452919600394,-0.30130334674487863,0.9574967686789428,-0.5845460177623889,1.7600809654978156,1
-0.45352467072706315,0.9916271993052614,0.3412522752330725,-0.4535633540816229,0.24884647193629675,0.34067599657477154,-0.40961782458956814,-0.1384252698070611,0.5715577658737105,-0.8924365316889272,-1.2767234546108555,-0.10655941903390838,-0.41963801840503584,-0.6042043290836276,0.6396909829595459,-0.9125746172102374,0.4840721053780179,0.009751845728270652,-0.7580198853515481,-0.29928799029280845,0.3448509217971048,-0.767651152578541,-1.1615037512246156,-0.11193736172854721,-1.1623188432882718,1
0.8792717637346045,0.6028850124657591,0.7079055080862945,1.0454514666147787,0.8944013454778291,-0.8534904522632706,-0.6460024431335591,0.04232833355148543,0.42294679216153797,2.127672499342198,0.6185753857519801,-0.7022966702251069,-0.7519354767992388,-0.37001063853074806,0.03677880873029604,0.240112494125156,-0.5368945735973549,0.1280564174637992,-0.6743300562646642,-0.809985063756711,-0.2501385509458963,0.18736573919620886,0.04208961869864315,-0.931501870219275,-0.8236402711802979,1
-0.9610446065955199,-0.20378380777868252,-0.08461903867346147,-0.9532187108758663,-1.632234636583342,-0.2005970938521711,1.0482394513447686,-1.2336039543281416,-0.5265536849438917,-0.11857184621268817,-0.05505478217974757,-0.711234817672513,0.7253724375900605,0.41764026799114445,-1.0504279207852434,-0.8041579098142504,1.022559235812347,-0.9109147858005688,0.9402548258622019,-0.33220684829077424,-0.028120462705833873,0.5325838128241139,0.650921675071177,-0.22061497820875225,1.5340320417862368,1
0.7179876823187983,-1.1082216023744822,-1.6200374015956878,-0.7660117038095271,-1.5404937390376028,-0.9435284517661794,0.16880380737484466,-1.1770134972183695,-0.6357117429074591,-0.3417113104983337,-0.1799141860429231,0.12020071611669227,0.894403981681462,-0.11497610589003641,0.19104987245919924,-1.289571551766141,0.710806995218584,0.4499325348537936,-0.540070563972635,-0.15545559539464804,-0.430464547859922,0.48907996619945304,2.1336872629681514,-0.8619111808965356,1.660096094311376,1
-0.2553466827794652,-0.17815792597290458,-0.28884507411885807,-0.419071232006089,-0.22468561575555884,0.7243703890394615,-0.5904415028541266,0.4262596551560645,-0.8548039896257661,-0.2834666971881472,-0.29399653803503284,-0.085482132510176,-0.02887297535396269,0.3369233653443357,0.9273709093372874,-0.4742122379037021,-0.042941675196512416,0.342003436312613,-0.8979124611638749,0.538276502153865,0.28055710614264956,-0.6834536212171484,-0.8926835734631862,1.1146983104938866,0.19622075949389137,1
-0.33194296035275817,0.4586745543123544,-0.3676645618524424,-0.6469852696615854,-1.4069530542587347,-0.5836745034212342,0.7184824779743167,-1.3174319438057733,-0.11179296622850105,0.1652004190413346,-0.33004419281595887,0.2227783427886315,0.4555408408265096,0.22567533122122302,-0.4393641650740019,-0.8572528156324779,0.9924984642229278,-1.3841059519899594,0.4436008001279707,-0.8004605502778881,0.380935399976289,0.5449620380503645,0.40668836056545404,-0.583147135028905,0.8840514478483785,1
-0.39112286426273485,1.124768399990832,0.2506753726425965,-0.2910208907310823,0.5224235165074034,0.09726657180380587,-0.642587641848671,0.09243107348540143,0.39407550657998924,-0.2525305477765989,-0.9020862247143323,-0.2708085156603796,0.3162409424999894,-0.16704927267806866,1.2357600051184487,-0.792126188297832,0.7137881869237162,-0.616159751979787,-0.5437477683671471,-0.4262031930553554,-0.5938462692622751,-1.140882870552861,0.2784473301154577,-0.4467738324530257,-0.594009344295919,0
-0.4457985056933149,0.3393018979994093,-0.4474836141038047,-0.5580352648399353,-0.17650236944783854,1.3362274254464204,-0.3630008119751848,-0.3892358793361464,-1.4474884822440872,0.30966086188483666,-0.25864981468669185,-0.17743393392243617,0.15110538347296967,0.020885775856195922,0.6457051213420211,-0.8902544955422765,0.236139390299457,-0.6016996480763404,-1.3161648244975745,0.4899270595753797,0.07955838121592483,-0.6281073600134363,-1.4685155735299773,0.7747884261856581,0.5026320596598042,1
-0.322235709086631,0.7480431459337258,-0.5543366392468154,-0.3334289453933325,-1.3715211349660903,-0.7860732535537659,1.53419133889757,-1.3369291324615773,-0.18216403170777573,1.0554048226081143,0.1466180443551425,-0.09262776783199257,0.27708396519512646,-1.245695775132207,-1.589637854185747,-0.7650228864380748,0.8874190546126728,-1.2489920903413736,-0.0882132502322618,-0.34682409322698143,0.7390071228723871,1.426083318486186,-1.1592965872378147,-0.44469981745896786,-0.43798640923055915,1
-1.0548874866439446,0.5345615092539818,-0.7464904603035577,-0.5657107743652834,-0.6426567876782909,0.5908877631522962,-1.4234491285930615,0.4269789020263724,-1.417558380414947,0.3450495468528422,-0.6068332468543072,0.4200398474835329,0.09386520866626845,1.1100724508773625,1.6336045902389555,-0.9915689351215382,0.36661042207785405,0.35386308226560564,-1.246514514194798,0.17141545301502123,0.5176636518401724,-0.0655858392429056,-0.56445350266048,0.7164156948931977,0.21658195074376924,1
-0.5489283308305914,0.621267487486816,0.1013605308071335,-0.3476206884590702,0.12600953842395107,0.13707173777216783,-0.030254535061171338,0.403364511883888,0.5218823313378648,-0.668670665181207,-1.0502509329545826,-0.13147504244614522,0.5260102923522275,-0.16482786223496262,0.4546553471417027,-0.364664396579633,0.8040670062817172,0.44406500471266236,-1.1194333788273183,0.6446746882489703,0.5821585545542638,-0.6435252598257526,-1.0164068009731444,-0.044239977381363815,-1.2396393132288874,1
0.04873533861884269,0.7051916015815103,0.26929500131608824,-0.22515413795656508,0.9554512120468847,0.2650085138366413,-0.9190642654351637,-0.1367578093471744,0.33785366103347547,0.16602344981260297,-0.43073945064424957,-0.6088936247970391,-0.13741567388609446,-0.41599406697821323,1.1620287417857573,-0.5000260419125525,0.3047747497206151,-0.5698220423963005,-1.2698492118996159,-0.2571082026539432,-0.5792380008977936,-0.9963957253239136,-0.2427152574041965,-0.5877743156185026,-0.4210456166929925,0
-0.4434146100700005,0.483811542907897,-0.2217278843693758,-0.7492706230237535,-0.9855208220995778,-8.768007145509752e-05,-0.7657138625524704,-1.2992994791197137,-0.32886368802609645,-0.14744867010420326,-0.6438412062854146,0.6181575841153079,0.10736351687285266,1.3876807311203596,0.5719294958542424,-0.6628727236639741,0.6787935596601263,-1.2252067374809767,-0.27286563120598173,-1.058830906831904,0.19726553056271026,-0.150636398309449,0.7746508028952537,-0.698484714233744,1.741058343309712,1
-0.023900967756613486,-0.41806307303343576,-1.1987686661415866,-0.18029242074217539,-0.3125242424681022,0.9110941641650062,-0.4263055478110716,0.21687890716533603,-1.8376930854004794,0.29127924351259193,0.191561640633673,-0.06720098936501265,0.09891237935037771,-0.6112655163480273,1.023882737100505,-0.8730859406953724,-0.34629007894264097,0.5099703696095381,-1.1221539989244913,0.6492434020390215,-0.5576968617026171,0.046017774437251746,-0.5058245422011696,1.241199762721789,0.1291499773370696,1
0.00750926544142662,0.5439261751869753,-0.6731877419828626,-0.16943588027773065,0.2059624714354389,0.8431555838054517,-0.7857802033578902,0.07351808071564125,-0.9283394515381271,0.03183781738075123,-0.6493493383268171,0.275908001619958,-0.2075122998018967,-0.4187063664200315,1.1920063554076996,-1.1510766383848514,0.04560346334662441,0.35630453692741526,-1.1582485984954536,0.23995988090090575,-0.4201630918622277,-0.7332758659253042,-0.41909626802806865,0.2531570791565523,-0.22548705168995908,1
0.205552882529141,-0.057264845846247914,-0.07692208030247256,0.897077244108819,0.419470470819075,0.25208890155486874,1.057843411880313,-0.023605154183557138,0.3436844285498176,-0.3600366938735958,0.10062763913760102,0.35143955553436895,0.7617923346217889,-0.7333163836235496,-0.7828723521517148,1.079188019437208,-0.17932649703312878,0.2961983613243968,0.19295901770820348,0.6040651124284193,-1.396758795511605,0.1439602509090247,1.0314568721517265,-0.3518751042813189,-0.5504828423387823,1
0.10907652858733247,0.8235834131093362,-1.3588018445628764,-0.43242195924015514,-0.3100270175253143,0.2269212277813721,0.27613288430718796,0.2531364743289905,-0.4452464378676312,-0.27585870422277853,-0.8540379019301092,0.8534977421207591,0.7298282338281273,-1.1853206164289964,0.4059947468143078,-1.0569672113549364,0.8319817314640565,0.0738141238767634,-1.6788833645529972,1.1298772631136818,0.17538560484760105,-0.8576674836283968,-1.084929139972789,0.32128069983583296,-0.8980226756314255,1
-0.7566568424214168,1.132409051388657,-0.04856247656625055,-0.2622924374680268,-0.4602271081061368,-0.03447481141738249,-1.1632642485802198,0.7212511009952668,-0.2627962682487578,0.058870981976005855,-0.9949884854902534,0.7806429803726321,0.16966019241959215,1.2937732530477135,1.332584100055168,-0.5352961181062587,0.5427320041357676,0.04592780117484069,-0.792663069840834,-0.17869075065898438,0.9378148351826034,-0.7533542095031016,-0.5597865238931858,0.5181916514816707,-0.3525529309533407,1
0.09269641281728913,-0.09370965235310694,-0.6871217282009119,0.40861259238556297,0.03533125660438198,0.562717037585105,0.7899649056165375,0.5279928650538308,-0.5632522436552849,0.028935694130746537,0.29433449314625465,0.4600242643752132,-0.12472704762756935,-0.958971435259225,0.025550457071488182,0.13261782855434606,-0.3640388319536413,0.26601214109520444,0.2564939253387826,0.8955573242356638,-0.6751522441561859,0.30856307559912993,-0.2266578766287531,0.8366695588138808,-0.6562360349822453,1
-0.7629932387270536,-0.469400144238712,0.4881488956207365,0.7223178177820045,0.01666930124319117,0.6561977551477244,0.16238041490800179,-0.1829097665401344,-0.37194617702935484,-0.5367496891245962,0.14742485100744987,-0.23054980102298234,1.0524440521741518,0.7151784425307275,-0.14180982452056431,1.36174140293614,-0.41314029890960163,0.24845257074907023,0.24489826704806694,-0.14133087641884615,-1.2644390163741612,0.5590095677766126,1.2321074196187807,0.293936980747834,0.1789410920880459,1
0.791285418042023,0.40301564805792467,1.2010963191452741,0.8099953247292104,1.0688724148863182,-0.46698511744330995,-0.28420654716554566,0.42203659075574823,1.1263106454060279,1.1281452336160003,0.5629079611224238,-0.4319084089319128,-1.5408920470583847,-0.3051585101389612,-0.16997299596724824,0.8528530968115521,-0.8082668713621897,-0.15543788321911908,0.0009131148599728978,-0.43032871875704193,0.2921913091989454,-0.19848073991322895,-0.95543349237634,-0.18454047006430896,-0.9352384389480297,1
0.042209599698464995,0.02095453244963843,-0.07566464627501435,0.09129931623569974,0.7410745740390875,0.7781275283068364,-0.29496145312690714,1.08578206661002,-0.08731171768360158,-0.10512864493909574,-0.3743611295928901,0.11700070298848728,-0.1778174280342301,0.4150228302678093,0.9061966593489903,-0.13589141609394914,0.07209331745134781,1.022636653645005,-0.30434199699639713,1.3202138973510813,-0.34909209964897364,-1.0709305003837652,0.13571829598966728,0.07154785963413192,-0.1559531069417831,1
0.40394706586061796,0.13424195099897404,-0.09103473996639547,-0.20059700423857163,-1.3029942254806062,-0.34464480590280777,0.7160979581131248,-1.3810163036011174,0.006901426666043456,-0.5592996074299642,-0.6031294571457941,0.5420945861730126,0.0496174556222847,-0.087514560468641,-0.5342712866725643,-0.6271839741292556,0.2361740806346682,-0.7941806127467698,0.3477377759750511,-1.116152400791612,0.6627655393740064,0.2435789638437929,-0.15993928452672262,0.05401359567761872,0.4729147318451537,1
0.26776350350462486,0.47483846287848236,0.5686666529503286,1.3648087830221551,0.7404976123212001,0.4351103970909492,-0.016726635975094648,0.8862941498491818,-0.2140433551900192,0.6948939127784258,0.11088975019348365,0.31689776707309875,0.29896185084152826,0.37061349718941106,0.0760107884427912,0.9518484005034223,-0.6560938431597253,0.6187959857473411,0.0842129447595603,0.26298091854131955,-0.7920012136570589,-0.6019258803541268,0.4145094997605699,0.4074121853543489,-0.6893876914019457,1
0.7617004322929402,-0.6669704224971584,0.16855285904412365,-0.08363548982477627,0.5440533907369552,0.6937930840287923,-0.23926691328110034,0.3785278440722269,-0.7303711763593159,1.269021583254198,1.0092458107534545,-0.6037044695937208,-0.17008712596678283,1.0827915173919693,1.3385455396924495,0.24894639519766354,-0.25826306354808876,-1.272151285664694,-0.23321872460588727,0.6298389221056526,0.07078807744770436,-0.854507627017037,-0.387734590582817,0.764308193184903,1.336017982237745,0
-0.9466940274878007,-0.11088330855683265,-0.29982754931545674,-1.097327924856956,-0.6970542436643546,-0.6549370470940991,0.2206320604736435,-0.40580163899235444,0.164127900115968,0.2917561004704738,0.5238150354904979,-0.7548853337808853,0.22810274330592908,0.2857736369830707,0.1238709770325278,-0.30466116439593016,1.0022172018530486,-1.4491493435594827,0.6531600016605779,-0.0823890692770245,-0.6083263312894195,0.47726372220199215,1.1831983280979161,-0.5745866910660281,1.2671590232744905,1
-0.2651312312496777,0.4711353276767865,1.2485621697913247,-0.004366649787664607,-0.08600097024037377,0.5087515129953802,0.6563312480887016,0.3652469942765347,-0.17692781107859593,0.6115906276323092,0.024028480773110362,-0.75291363351219,0.15815248793596373,1.0068119941009435,-0.06516732068385143,-0.06261431491140361,0.28286362034379287,-1.1059575799007055,0.9704528107120852,0.04874374138239606,0.6093578808249172,-1.177050546366863,-0.9938924460449128,0.97478034186727,0.35928977365565806,0
0.9178548261010762,-0.6410097263071738,-0.49060470105821014,0.9102068259451421,0.1922969255759832,0.17465724283657977,0.5593785962315042,0.2194774630574098,-0.08706580852694176,-0.3036885848648482,0.35350775956864355,0.7063486377845225,0.5501273316344106,-0.5562027722680091,0.05595563293609786,1.1829607344875555,-0.7185870690422165,0.3166375340394062,-0.6089353898481906,0.5628941050998754,-0.5440623417432936,0.19958954345423036,0.14618451797491103,0.690612832996698,-0.5676061191611755,0
-0.5992440275309718,-0.46364942274268395,-0.48810879081382946,-1.0297979399118553,-0.6651257347109361,-0.40686241125798106,-0.4942338657176841,-0.40008316522701465,0.20300281883855448,-0.21468123178811346,0.44635890691314994,0.17291543192685485,-0.4175309207370244,0.9490819327967359,0.2477923174693306,0.23600707588915582,0.4485821292087037,-0.9517428711787911,0.29653508285013946,0.020721282293964752,-0.4624589712010269,0.25615032652947506,1.3338402617709382,-0.5279386584629137,1.999425188427784,1
-0.10290886377080798,-0.032731987515054385,-0.45299381630722624,0.02523406943011122,0.043664652588115256,0.2808788290851164,0.46754711231890644,0.28717592411091397,-0.19761975591460618,-0.08069449833271967,0.29948675785078915,0.09693714432220361,-0.38440210076938736,-0.9355425365791141,-0.2693526684951057,0.04031929377617901,-0.1869585178190398,0.10344814592664944,0.2599528772441124,0.63568697900879,-0.9019149306581188,0.02024167428122758,0.10095769812271539,0.37223930615993517,-0.13363723292561883,1
0.32039520796171134,0.4356805707965989,-0.1554969913130618,-0.13843546326526956,0.15552858418739995,-1.3410725601229394,0.2946001833766662,0.5285469033663166,0.7622859695420172,1.590981242281083,0.9692408785376861,-0.5732782480489791,-1.4246545302185205,-1.3010810020540662,-0.6744443782311671,-0.3508702428675681,0.11573024432301998,-0.264902251243825,0.5503220633014879,0.19703289486499856,-0.33166737214112507,0.28229878836520356,0.06355979439194083,-0.6373235144092748,-0.33392967132784507,1
-0.30514199244490414,-0.6703961930508747,-0.03300973030116926,-0.684656616773623,-0.8147518360947369,-0.40885175761992953,-0.2762275784133923,-0.5290553629931344,0.09451025171569438,-0.45272295747453106,-0.20152550964291632,-0.2958910719582141,0.5218939168672875,1.4047474362907666,0.5577109982956167,-0.1655822936040917,0.6328054759246806,-0.22878245784153348,0.18896662044609702,-0.3118683500055022,0.029957279399541053,0.08029172132534929,1.4815382066012805,-0.5310531909104851,1.5119507881402034,1
-0.6320717268222517,-0.7880648927918399,-0.19046785698358532,0.2451021128447383,-0.17524486136136974,0.5578717723564243,0.6907461164403931,-0.050264767634439544,-0.06922595713363813,-1.254492657164058,0.11332391940531672,0.13381825925417273,0.5848458472095631,-0.035195931985905884,0.19772668837365537,0.9601186005184403,-0.2581217893567003,0.09270593622468325,0.8200555213801866,0.2407965861278245,-1.222104841072765,0.914214300101952,1.2355578915370018,0.4625520721738251,-0.047578152144365095,1
-0.6456319242831612,-0.22090647100374428,-0.3368741132237597,-0.776601452169538,-0.26341058671497664,0.7565138199983007,-0.6538574547862644,0.24331924882318545,-0.7250637722314258,-0.5629443221862139,-0.5275663879644037,-0.328450473529422,0.35841436150803907,0.5028931691915941,0.8951467740571274,-0.5659622404070422,0.4076696947530939,0.42396801651566113,-1.260300752473487,0.7721227957476784,0.2529854646877961,-0.6980512269328732,-0.7246079607727238,0.6668355517150795,0.36323656336578913,1
0.8891987012836946,-0.16800823605403636,1.4351354969123182,0.3455184253535417,0.23785628551296945,-1.1188255256896567,0.2470239468424524,-0.15881059530459474,1.5191389875074046,0.5503344678176011,0.4921808366176025,-0.7713772447266379,-0.9175116522493127,0.25603631104248,-0.9208549500125792,0.8355121452253049,-0.3276516983937537,-0.4122584834283827,0.6104082848155764,-0.7416444543276922,0.49848461438908254,-0.421834363324626,-0.05979932534559945,-0.47138101227870716,0.21736925565862142,1
1.1502546120457817,-1.9499832722711856,0.3073751244663184,1.3831513806062326,0.040411589709547634,0.7714465625992396,0.5769985760060327,-0.8238580845879793,-0.9188236010287971,0.6810611463176622,0.9452724125638935,-0.31534152731936327,0.7231277348726084,1.1407319903599336,-0.6881531020666362,1.726235133850135,-1.2077662385182375,1.120138918048066,-0.664916466194407,0.4558012998375667,-0.11620377182848712,1.1437792138152691,0.49511450960871356,0.023352524291788967,0.9781746668872008,0
0.22112029798079139,1.5937199826639394,0.5165556191960726,-0.06924817584580727,-0.031972711792580946,0.17296812580037563,-0.40974969167350883,0.05344268805518438,0.2238102569705792,-0.3136484939065989,-1.1567087227239767,0.4995744085337953,-0.6343186660304057,-0.6028159500903311,0.11492454119426541,-0.9453180809067486,0.0761363536208648,-0.47461233886293946,-0.6352364344506292,-0.6923275929380593,0.6707075099618819,-1.816156686944291,-1.8098274450043363,0.7633201927863008,-0.8773234358496604,1
-0.17868302869999153,0.6559880709934024,0.10616276452660892,-0.7291891903604056,0.2166546678977161,0.6452327317526474,-0.5752025091171983,0.07474742719529148,0.18013055367261077,-0.8843618104970388,-0.9185173849575609,0.12246625710892628,0.15137998348452777,0.045614478642990355,0.6751636194052982,-0.41937122853585757,0.531372756547093,-0.590904348084275,-1.3756827678882793,0.40529615506594424,0.29108645923321264,-1.8512941426209293,-1.252903128362483,0.46189099764284924,0.05837498033176155,1
-0.5461531265324612,-0.19547803877490486,-0.09102891469596479,0.7673905771792391,-0.09594616641047041,0.42477260145709306,0.4682907785843804,0.27770815732810183,-0.17752312132609238,-0.7368123491157812,-0.20190259166672414,0.529113377475194,1.0304590974664003,0.3712986629621246,0.28518037741464086,1.0001605623635286,-0.18502970271819918,0.4889024605360156,0.43314402201658375,0.1982360846524408,-0.9595552308671352,0.6583915750384959,1.2230543901283764,0.3410968543229523,-0.5583784414951485,1
0.49522361131714493,-0.901735140110245,0.10578783968040537,-0.488586327572702,-1.508391661963259,-0.07278600225929609,0.6173632790186742,-1.4897260024435857,-0.14965405845237884,-1.130830096308887,-0.7308433944385654,0.14148521237997638,0.4444881167092771,1.172514796583697,-0.2804214138479886,-0.6413889041865012,0.358253928565505,-0.13875844559790412,0.674858057675436,-0.8142303268763741,0.678148071890885,-0.0879056034780624,0.9044012077293508,-0.1594073195495203,1.7870200881729656,1
0.4025353498757991,-0.49335983919826215,-0.8526982837174306,-0.6646157683620381,-1.8389641195769397,-0.7856678346063184,0.6169663199902434,-1.64536636601602,-0.38373567776553047,-0.5762573506833669,-0.7222805439272842,0.2204259762826531,1.4307467848134472,0.4256352422682955,-0.25833544720328144,-1.09831569668605,1.0351883630837415,-0.31566022026934243,-0.39166562231719854,-0.6879742446811604,0.39475250059203426,0.268151464530796,1.259721744850834,-0.6908601097266514,1.3768657078366577,1
-0.9577949993049516,0.8156977323512158,-0.3375674306882428,-0.3041508046168748,-0.09488181603713336,0.718394907078116,-1.1598076363996455,0.912841288563851,-1.041572867237876,0.6016736228542979,-0.6481370635510263,0.2910929750370801,0.24597063178081882,1.1582400171111844,1.0474660429188463,-0.6509508013601941,0.5070835000850443,0.7438617164012336,-1.3531760427686115,0.9154684992691723,0.45579546210502025,-0.8393103578550496,-0.7598760637450024,0.42324257336327775,0.005883524742347402,1
1.1473514114369032,-0.09528895453055627,0.707241325156874,0.6014017911158975,1.0847369642232574,-0.2864331783499294,-0.7853076437707092,-0.2963646734584954,0.540061117083357,1.5618901876352913,1.0316209690696472,-0.6257433516662608,-2.1190959919113452,-0.5612552116485374,0.021076974971087004,0.5005142697767919,-1.158164415001516,-0.26931722438556155,-0.44555560179264375,-0.6916387829040035,-0.16441765554945642,0.26325762095994665,-0.6421071330096484,-0.5667528498029297,-0.029907584197907643,1
1.5020374768049656,-1.182072504840424,1.1553017269893666,0.3927043681143953,1.6197220983266727,0.506643171233264,-0.16624873334787224,-0.8738318118283043,0.9068126182235136,1.1479764524743896,1.071433546463362,-1.3059281096304356,-1.7228514835788857,0.18742517387116647,0.13381956017532845,1.002496773569819,-0.9084761632464166,-0.40412229620518614,-0.7114549066579196,0.1453780860830867,0.3087864778529857,0.32428574714248215,-0.9233624471775571,-1.2034637872389484,0.5819851350471021,1
0.4038666482978539,0.23487903552899872,0.8837305215537016,0.4649167460968232,0.8221317056377838,-0.3087142028783917,-0.6128752332208425,0.37166275209399174,0.5975524221764971,1.2554193992269829,0.5005654424850607,-0.6537586222958555,-1.747825849089001,-0.04909623644834141,0.23086551292770593,0.15465826931700163,-0.6539561112670452,0.25572656616194783,0.18824554578055216,-0.41275251619842385,0.14183303058058414,0.143326063128636,-0.47833260588381243,-0.3837072686976107,-0.49609825202429725,1
-0.029067405923666367,0.018145835096154563,-0.7846842814050309,-0.3737765137933557,-0.9481899254410205,-0.29287589552284715,0.8912740432453273,-0.8719661848541695,-0.3390377653999137,0.6531521133415523,0.29490857881235655,0.23854015650778598,-0.12967743641770246,-0.43957938801057506,-0.5036729807569637,-0.5011075126278202,0.4790965528003384,-0.8388369297134908,0.09885780634920886,0.0748756429711843,0.33920457456536,1.1275358766992172,-0.27433272818879323,-0.3298303971036129,0.3791602145131903,1
-0.2660872964563889,0.7358555458085584,0.45099796130974207,-0.25035518061434686,0.39055154208620185,0.19205568328441816,-0.5593129786820331,0.7655106052624902,0.6497404545303702,-0.699413424976722,-1.088137830557188,0.07717237292432452,-0.39525063664486815,0.24387194661753397,0.842451892024068,-0.5511153279251833,0.38918513086493584,0.5945608686115599,-0.295563257480875,0.26152868899341813,0.33210129628820056,-1.3120981674568555,-0.4642324427761731,0.050409099763690575,-0.7516197951949503,1
-0.0896958438359867,0.4409191846326232,-0.23095440124970482,-0.26827705756976167,-1.1223009619460187,-0.6213043356450647,1.154529295640637,-1.0957839647159866,0.2814296809333202,0.3330083988322908,-0.13741844507205903,0.38131606194830714,0.26852206729531686,-0.12432897877083962,-0.9328860636216612,-0.24441043913161292,0.7691713686299269,-1.1772838054405486,0.2648395264918776,-0.36733568344571865,0.7799322791809314,0.8443578219742276,-0.3801657681058551,-0.5251073652697174,0.14526981637067424,1
0.7739737686160593,0.33130827335672536,0.8435640616649658,0.4487850646959754,1.4554639646203296,1.0780200934825848,-0.05841659353971042,-1.2304954209338652,0.09781455669350754,0.30909724284287404,-0.09117461803063578,-1.0838108506693798,0.26314386328263395,-0.8179611534075303,0.7685157821594409,0.010453347557370964,-0.20451896633403857,-1.4738818470269361,-1.1531572501758194,-0.7095788973042956,-1.0253696719870047,-0.7885723497736239,-0.5436127028418144,-0.6010561950267881,-0.3537374339458918,0
0.008505686120811528,-0.7460390847689712,-1.2052528232285038,-0.33526503772415145,0.062017090564773766,-0.4942849281575822,-1.3042873853595955,-0.7905769074554081,0.009412994988315269,-0.45173631111755347,0.17056025211957881,0.0035112837358458305,0.6581942729479642,-0.3476385194752367,1.7756622937558058,0.3755918566579174,0.048582661340529014,-0.3388881327821735,-2.1180301281903002,-0.5467670676632482,-0.9980968410957242,1.238937475216935,1.312033863775879,-0.7538489343868502,0.029629608802070467,0
0.993736700181177,-1.2358030838451353,-1.9572692290212443,-0.015544627131280698,-0.4453773299167724,0.7860366093028746,0.4543767189461249,-0.21493410643281735,-1.5749834900179862,-0.5050128677941483,0.1999274946042336,0.5048931690330705,0.7680684256849546,-1.362827697487391,0.5530523879060025,-0.4752747624410967,-0.39010641895811254,0.7834670194469723,-1.5834162172950441,1.261532831540683,-0.7610949750199119,0.14588550962884908,-0.09482654500746208,1.0375322423027007,0.1876149864734951,1
-0.2943812858593568,0.5040088314407754,-0.24422215314006487,-0.7042121236783696,0.14304340949260877,0.8443119147575466,-0.3406658625750317,-0.15946622236278502,-0.1864772051134849,-0.7341708886805877,-0.6699045067031953,0.020695772164253976,-0.9421741735391633,-0.8633836386578925,0.6929366737356615,-1.0646965072004344,0.11248221252164797,-0.28099128943800394,-0.47172176335164395,0.11131269237461379,-0.13271355486975273,-0.717788186520317,-1.1411635630702972,0.4289750740123281,-0.2593014518532076,1
-0.8566924338441956,0.5682403995180453,-0.03596590045390574,-0.4141763152219866,-0.015097262915854474,0.6168277429038609,-1.377577644137306,0.7239906731222298,-0.7658212457723358,0.16330388370596105,-0.6318879945511052,0.029748343981612628,0.135875650286422,1.268341109209529,1.4242534390831985,-0.5684595470459393,0.36040668822892324,0.3705358496193175,-1.0206031840601004,0.33601452825156936,0.20588649121237934,-0.9732044751484169,-0.30362638661852476,0.48357622186783716,0.2786149472171943,1
1.3468452562808981,-0.06364787533237375,1.0760637897539058,0.558721981588278,0.8270913799524169,-0.9555532736689472,0.13618403843883678,-0.27428052209309733,1.004728448891931,1.9532287886349746,0.996120382732312,-1.1640906751321356,-0.7334226549453585,-0.053973642638929224,-0.6716075422978961,0.5700408929770446,-0.23288556601935204,-0.6107013759328143,-0.26796960817986276,-0.29909851967567463,0.1729316234644053,-0.3605037218226259,-0.14791748293007084,-1.105107568912999,0.2628613632237942,1
-1.4373614604699427,0.3213524628158824,-0.2012971842509231,-1.0782909834094123,-1.2837620297993397,-0.3973980095901065,0.46891236383689383,-0.7200412239420821,-0.1604420816172411,0.13428346050944218,0.08076622175753573,-0.36859344001744243,0.3538211046772266,0.5035951457526033,-0.9014957422974419,-0.42544807865747686,1.1348210271423531,-1.0709343570214516,0.666859882094198,-0.06310110457736914,-0.22961576170906753,0.46077228663052444,0.6818475448921882,-0.4995179126832913,1.3871425967089959,1
-0.2689381754577889,-0.5037413279461855,-0.6200772665737528,-0.3754443559550516,-0.3645536564507689,0.35531512830330836,-0.39728439737053894,0.5047239190486054,-0.8509483609547241,-0.4722504471159137,-0.32578135017121346,-0.37581547460905396,0.4673800059315429,-0.11807165522119616,0.9501356515641856,-0.6555068448034559,0.10162138984174861,0.9814258893185782,-0.9570329539631016,0.6308751086639675,-0.08778217709884649,-0.2632269298525676,-0.20673421709985065,0.9122565052259909,-0.19711785796164713,1
-0.1559467203394417,0.6233825096044169,0.7576301505783948,-0.00876380295434884,-0.003635762016211531,-0.18828289403655626,-0.633761902968364,1.2042980508707573,0.5355082564908735,-0.4641386088467594,-0.951855073457852,0.16818208412806349,0.19459432557232856,1.1237910611048567,0.7856131596970183,-0.03702282197796899,0.3093902420593702,0.5935829783188776,-0.34503389211462404,0.17485882028648136,0.9499437007945394,-1.6422332434393607,-0.5923138920154223,0.7571895530914127,-0.578137420446269,1
0.22534711461694829,0.07064801369373558,-1.1817718785218296,-0.4996814335122403,-0.5040602624927762,0.6227919195779953,0.0065283577175280424,-0.409904728919998,-0.9849502182388408,-0.555535838578199,-0.5666005469412265,0.39620496129176297,0.5215841346144773,-1.0323847571548137,0.4526986213953757,-0.9798173083787911,0.2638703150051304,-0.025448995979282397,-1.670839823960117,0.5410134313415785,-0.051833858778990154,-0.5733781959727177,-1.0197114838725578,0.7392930986030531,-0.11093430621979392,1
-0.7098907323622953,0.9385331171718946,0.019578626378264265,-1.3312056842734694,-0.7901407505260372,-0.39147950995513675,-1.1090945238147651,-0.9053403939080649,0.4149911104466545,-1.1449929237800056,-0.7543978517243427,0.35083082182639347,-0.5758953700452801,0.25832428003755176,0.6233185501502462,-0.9176525559880133,0.6210406346303499,-1.8632850206106302,0.23779843147773802,-1.597906183665806,-0.5718549832339864,-1.2027400990929615,0.7924580104789832,-0.10839778474318146,1.5098194253973203,1
0.567089399033259,0.07422514082923953,1.108358617613173,0.13999519014356243,0.28817328227956884,-0.6266155957877068,-0.04923507688667474,-0.16864508079742183,1.0527273522250282,0.6685142870474997,0.32044524347911013,-0.5500465096678953,-1.126580345224031,0.41012107102964074,-0.3310743002476841,0.3592186210168735,-0.20458279468250407,-0.5103379198660224,0.5259024824705396,-0.6130082450031723,0.45207310662834194,-0.31440885372506544,-0.17224112255702523,-0.5112937562061143,0.31535639964564827,1
-0.002917053936145431,0.9059225625782447,-1.393831001017832,-0.025643280088494754,-0.35056922740519636,0.03551466416370662,-0.41525345199802705,0.6984141211950994,-0.4833431812071212,-0.003874289947521374,-0.8730049661654893,1.6654818510929625,0.39813856793931235,0.09639000441729796,1.0570538096741224,-0.7487895376420901,0.5821278318137212,0.5619855332349896,-0.9559053701777608,0.820183343595412,0.02292706162604494,-0.5316848058109302,0.3046902393837285,-0.02647882212456304,-0.4376209993674052,1
0.6002513312307033,0.8647595203566041,1.7299191104578877,1.2684918112380343,1.1811791399743743,-0.8184298126690567,-0.3598970542303119,0.38150443644330645,1.0341247585123003,1.926619342510705,0.5579449636268886,-1.1642167100772285,-1.0416137943823223,-0.4800730363143284,-1.1468056902032977,0.8114930342971154,-0.7235593831860448,0.5461803718463368,-0.35213526531385725,-0.6583826953824978,-0.09198833301483066,-0.40393680959156464,-0.6986340343607828,-0.7156007619102714,-1.2412663091203928,1
0.10814223727895926,0.8357092878148151,-1.2490042560664214,-0.5638873918221544,-1.521561971080281,-0.14715825831409995,0.045932559131767976,-1.9768893965676293,-1.0904694793359746,0.18718465819838717,-0.4940201469248308,0.9353284865232502,0.14727734535166123,-0.8223059098335833,-0.3511992331396237,-1.492203053781366,0.47522586563776165,-1.397329210344295,-0.7438118135219617,-1.2663121074739423,-0.19220358120150527,0.3476010262542287,0.00010938315546933709,-0.2940148244097209,0.9923957193084433,1
0.8042790766819886,-0.839797613519237,0.3092303171975365,1.059804342937408,0.34358321026075916,-0.30426459704236974,0.8487102142412744,0.3771651085776873,0.3772419010115988,0.07433318968860882,0.716008614760197,-0.20917050997083758,0.7044717994406852,-0.11265087441354757,-0.29118772577251045,1.4263355278261407,-0.5978057656112405,0.26900466065405404,0.47963540727066534,0.27321167905991334,-0.9478662635540616,0.15672085045872056,1.2025786114814383,0.2578672810143307,-0.2324148236240649,1
-0.3556514287980996,-0.3691198587517725,-0.20725890700100166,-0.5464439574722729,-1.688795368410544,-0.370692874932547,0.9834726169212481,-1.4628783091494144,-0.3044123742820745,-0.45247090708019017,-0.2799170089000235,-0.015207772974855097,1.2562397188685401,0.7165915853526061,-1.0214244741816012,-0.20302943686273703,0.8538248646315975,-0.777595188649981,0.24774788143833107,-0.4524340591485776,0.2851933635800695,0.47998522045655273,0.7486582750199178,-0.2999705214930319,1.4434107550966648,1
0.33385472070211675,-0.42892345038148116,-0.2672627879826846,0.8744235001191384,0.09122160254347364,0.25486875120442365,1.069636662215748,0.14561579851883522,-0.14796255589991134,0.02470376726908929,0.3966853151793732,0.3504938134064161,0.8457076903137888,-0.2933446007261328,-0.4108107061206023,1.0548987311058653,-0.2874161586285882,0.21085187883161333,0.1682301541865506,0.7165672958972197,-0.8438093642957585,0.45124860984014226,0.6846129401549906,0.21884624242690975,-0.35284435479853116,1
0.6353509530327314,0.707445233279488,0.6380798947065314,0.5605051469222757,1.365266381372491,-0.3305236567498865,-0.3787530210095761,-0.20816619086538538,1.043808374726199,1.252684461333608,0.7994269422090969,-0.3923334489225726,-1.5145117620040334,-1.1880109223910926,-0.5047803782483542,0.7504324647105541,-0.6102160652842138,-0.7955219724432433,-0.43969840210057487,-0.3792068579804273,-0.9638046413033765,-0.17839771036519225,-0.29802808725421004,-1.016715907695426,-0.4535953021496532,1
-0.6084782038530058,0.24280584030929264,-0.2489207090877576,-0.5630376818959145,0.05960071880891103,0.9169487507558899,-0.5251147743298905,0.2201075349285336,-0.788612229876209,0.021258376038906724,-0.32183936771524724,-0.26647746538788863,0.1547460042206122,0.31143536126527105,1.1219790093939068,-0.6017618690803408,0.3647952114979381,-0.31385374215196643,-0.9605013250040996,0.5734043136791621,0.07155948610528454,-0.5983514850651314,-0.8991667905116412,0.6146893867190333,0.11418417679029545,1
1.0607668061455904,-0.8601466291532316,1.056891303743546,0.3859861337833093,0.33518585159647674,-0.8309592921720031,0.3614947694949448,-0.27644516574310657,1.0779836074307467,0.773325465847069,0.7433976871920733,-1.1499623788962459,-0.9969138441800001,-0.003146288748644272,-0.48441773541147687,0.6326123211456497,-0.5136807973583076,0.10630203008862345,0.2834643449489993,-0.4005564728483221,0.6272778858459368,0.47861772322857304,-0.28978021371366713,-0.4888114390922712,-0.06580990542629778,1
0.4836384276518982,0.42627592007264503,0.17870934496469576,0.3468955376405074,0.5350896628294785,-0.7647785792919389,-0.23951679604937223,0.2891988599659626,0.8248288067859938,0.6187644536964638,0.8813456910062947,-0.024311674243546813,-1.867993330974397,-1.6815252352503178,-0.7464428583909327,0.5678095568802478,-0.9206950208228714,-0.3269988911161833,0.1842590009438499,-0.45493413972597924,-0.848373497005036,0.031593982345640384,-0.361545886045783,0.13025424043228181,-0.586986645992909,1
1.3297441911424308,-0.9844272905294293,1.1691461439555761,0.42631570639310834,0.6695263729241171,-0.4782385308418961,0.23459171371569776,-0.3549587292625376,0.7384727302883007,1.4038176386591952,0.7876865830083948,-1.5452744241107244,-0.8197447337048841,0.5014498520010852,-0.09646888175851803,0.32550884592859036,-0.36623129767624035,0.16551190552393444,-0.006605843682975053,-0.12951027793795664,0.7131877044954904,0.20222983130722819,-0.23413778761103984,-0.8826998137542583,0.3299679631325674,1
0.6129384810474969,0.045199079748235955,0.5443860369969102,0.43947229927385906,0.2466584583598864,-1.027644569786216,0.21864384224598632,-0.3286031322031195,0.8616910266363162,1.1199946771108182,0.7077492504343819,-0.7264616635184122,-1.0999994990005022,-0.9290899059893297,-0.8708941160438,0.3191990324871342,-0.4063395748260912,-0.05685937176374012,0.09620423557965868,-0.61344297038879,-0.06212269945007379,0.6971614520592251,-0.17100421616365033,-0.7123472856777047,-0.5320540212464816,1
-0.17860105827576273,1.105576235156324,0.04655713379986284,-0.06248490232750058,0.5891505642055621,0.7904801834227141,-1.0463064326175053,0.5228969509760284,-0.27748770130290895,0.07204936719093652,-0.8531397690095797,0.44334264021588526,-0.21277219050576446,0.3208944628196861,0.841322282153712,-0.5417428249934108,0.20342564054862555,0.258003087840644,-1.2108474982674269,0.4405655573732744,-0.15605190047211046,-1.683498683668801,-0.6354315069677381,0.06258970803049513,-0.14843217098237732,1
0.8779607447959402,0.3278709527775021,0.6654668140758349,0.3950676268361509,0.8688014206030182,-1.1155247271016397,-0.5064037331927524,-0.32693260867982593,1.124085714260047,1.429898929898505,1.0130204643998884,-0.9161319093540274,-2.133022305092182,-1.6545650577683249,-0.8190982477231217,0.29232597828494394,-0.8526916469553769,-0.2847130553435672,-0.3007188087911788,-0.9535267722486767,-0.5379247765679327,0.3249987665928794,-0.4681774196549635,-0.870127816487101,-0.5678474269279041,1
-0.35111976693476143,0.4349952274869112,-0.4112310365511408,0.701093987643492,-0.12547996842652936,0.06907640322980887,0.7574446994474437,0.3704487380437188,-0.2255642451628038,0.077676238060648,0.25000711280137516,0.5698503381325656,0.5166320276181199,-0.9972604294491332,-0.7613105941787676,0.8261062163681312,-0.24232574468125437,0.08982900408557365,-0.11346659463044281,0.48860569910465457,-0.8531422344743657,0.4563891978264973,-0.09870663935124555,0.6254332942631672,-1.0306392387711378,1
0.1051999817665415,-0.15037108875559796,-0.6404690824249808,0.38841665599449693,0.236536227257059,0.6519601298560804,1.3817716615241489,-0.028746179003530256,-0.11385229507925353,-0.2582053904428707,0.24937037248938718,0.3932827757852787,0.2670264052100952,-1.1671882754230385,-0.41636159202257755,0.3945139582192361,-0.032928499812225495,-0.13782690037434742,0.4159532586234228,1.0393851014391309,-1.1198396874487682,0.45276355565767107,0.2967828357550303,0.03390228976506068,-0.4884857998566184,1
-0.26789335417203314,0.24115269211186033,0.2620319485562344,-0.5744395300741623,0.14405845264345307,0.24496364811171048,-0.1678711020909003,0.590566898908109,0.47535009709147025,-0.9998677907492194,-0.719910056705167,-0.2699083228548399,-0.07217910055535896,-0.18834185487398544,0.4930991199143166,-0.35509812761806,0.3874274032588759,0.1632048969333738,-0.47745557880827144,0.5246616758359607,0.21672995425078478,-1.3277036256058186,-0.8115462937217164,0.5960946288827433,-0.43387612687957694,1
-0.5497732437407183,-0.40229882212229023,-0.4089561218059194,-0.1272934429866208,-0.4764280466145288,0.10161120695697329,0.19283617997751132,0.19437710895195115,-0.5048852462239978,-0.19993039672365615,0.48027135463994275,-0.07105315033109011,0.22297767729559978,-0.14071286863054808,0.04965419318528242,0.4027864602667071,-0.14713350759643556,-0.22172510318835917,0.22797946519489826,0.248577722207489,-0.7501602014249433,0.4315543758583179,0.4368405581720313,0.8089629225612287,0.3263200071116995,1
1.822107878201268,-0.9342896788886091,2.1369630677414335,1.3153955638371815,1.6846195679234024,-0.0028279099987687903,0.002176424941492017,-0.25778863029577753,1.1499911392344795,1.6927508436758292,0.9997211466797508,-1.5796781996454559,-1.1679567842580931,0.8043658885280723,-0.24079576087225538,1.4898007339910222,-1.1528258314283888,0.21875137014379825,-0.32074367172143414,-0.2507185640690476,0.7419920031385497,-0.09345419747246358,-0.8510180335307754,-0.8694646264116005,-0.11647408725003257,1
1.1019736837399048,-0.47901250616197627,-0.1972702701646522,-0.18476473922383796,0.6497705895122073,-0.6917978671878993,-1.001851863832764,-0.8566820551204815,0.4572966797986951,1.2380190650978258,1.1972878215159855,-0.6225061069155621,-2.321627935833812,-1.0297450554390841,0.3327637169120285,-0.1811065077379344,-0.8284654997876656,-0.6579434796848413,-0.34576074909737325,-0.9061966789863999,-0.8539035980340481,0.6615015687760093,0.5145680583325805,-1.1412879936452014,0.9098615138925397,1
-0.1135733160660338,-0.6962829961662316,-0.8135770737797288,-1.4036972701668602,-0.05518805024901383,0.06612074630471426,-0.9527217611312115,-1.2170364273943932,0.23031579547861963,-1.5827701044860123,-0.53394923664557,-0.7744573411401543,0.30263187265218205,-1.0538371176307313,1.3346379149151504,-0.7240954883026545,0.5341856330625638,-0.6244607921612353,-2.238862595966452,-0.32469823360316885,-0.5106785235312274,-0.08730945600071334,-0.12595719836093427,-0.3749600228186651,0.28899105171934547,0
-0.1403041429542167,-0.04645414527053203,-0.7845325184759653,-1.24822876453238,-0.8645326716955066,-0.9383109112286043,-0.10926839661243558,-0.445014735513707,0.6504575291962092,-0.7862711080084183,-0.02230110138466499,0.3535139957610178,-0.5325952816095427,-0.31974845030918253,0.14345981427889037,-0.596717471975683,0.6853475421423746,-1.0876442513072493,0.4773627868517818,-0.3111219525516629,-0.5274701167839432,-0.2778894096126728,1.22643323652941,-0.4362137964829353,1.342331615541723,1
-0.19965877572760762,-0.6225705674971792,-0.4801574354421611,-0.2628470403496411,-0.4251873284756967,-0.19416488265043363,0.4448774916048324,0.06703599863780704,-0.16492963489207438,-0.09290348226618132,0.7234696196831846,-0.2334868241682295,-0.23958785147943404,-0.5836322854425318,-0.2626672108350407,0.30181575056793747,-0.1657146901175028,-0.25464652335935617,0.4290942147240724,0.3347000163436437,-0.7374066521204073,0.555752346538191,0.4523942821993513,0.4993435170490236,0.4363118275197106,1
-0.6135094965143283,1.0684102510612372,0.35591017578836903,-0.46955489517673643,-0.49801593119427773,-0.5862598924267539,-0.2881157456360692,-0.4387754333236887,0.9322093729860116,-0.31184951319754567,-0.489250637545927,0.7114641948392947,-0.3904024174826965,0.6811898893474181,0.2080660487258616,0.1090350860491463,0.5948932352745057,-1.5907856911424998,0.4754986100391768,-1.009530267097396,0.32133042588016,-0.18439113603976812,0.19234476265832123,-0.4082754953323838,0.33990933039413335,1
-0.13398305166302119,-0.3633848005605983,0.35334967650552157,-0.5067807568935893,0.12096573201850369,0.5408258342675203,-0.4086915885238302,0.5517096579034242,-0.13784239919969993,-0.7250217083781316,-0.5981857375825524,-0.7586877821023463,0.7374412037743019,0.705639558794863,0.9822801303019952,-0.2592881738226551,0.40524315630922303,0.38218312557117934,-1.0271704795077528,0.7094037053580665,0.36889847275463006,-1.4616565137048572,-0.604018645065624,0.764316978080311,0.1320506477188552,1
0.13666416446925897,-1.6615895816379382,-0.27623616743901885,0.15961885419847033,-0.6276735612782705,0.1753430630846646,1.0290346501820518,-0.38830584332961526,-0.35264477847366854,-0.8810180412572909,0.4758932813802224,-0.5233020040554283,0.6070628949895394,-0.2909934158629448,-0.4710851821859064,0.6705607088365839,-0.42237171614600044,0.6894669794656171,0.37838609511365795,0.3992657653602386,-0.601530543537847,1.0412800372538051,0.7664066658115074,0.6114779369044095,0.35735782009469824,1
0.90160260049056,-0.14468132807947054,0.7291530797024924,0.5989352950302427,0.31603519698310883,-0.4851265474253132,-0.43868955656033637,-0.3400528695474181,0.21588126241720673,1.0272330580465423,0.7044104299652022,-0.5651245375962815,-1.3861341771726337,-0.21394307581791736,-0.1988448061347924,0.16655498827551965,-0.9621038967267735,-0.09520814504692181,0.46576263226127707,-1.1280774122212294,-0.4778473110349036,0.04859048531813761,0.4087053061683405,-0.20112232628315782,0.4000727187720069,1
1.1790628205769995,-0.6199203713214071,1.812462902514798,0.8538263639736599,0.36297658041439324,-0.7724819273613782,-0.11706883105824877,0.34670681125811764,0.9226867564315543,1.239181206538939,0.21846409741485925,-1.1364815319156212,-0.4232136032381089,1.6551232821392226,0.5170042885354024,0.664875926050729,-0.4417843543350338,0.4874285109306764,0.015424989015608384,-0.6222105369630699,2.000567138046689,0.018520766034107426,-0.8879222545533186,-0.01945859742029778,-0.550086790792038,1
-0.2529511854313044,-0.06810663765587137,-0.4872255631916869,-0.2970835278673255,0.14244642923364909,0.7842773247977876,-0.6525750656881173,0.7095360740553336,-0.9295929100146931,0.09888620406614117,-0.28199110247140297,-0.09439188354485202,0.5693771019482413,0.6487185639666928,1.30451190890171,-0.4656085759794655,0.30351325520236216,0.4367300701246852,-1.0812608723812327,1.0177756609818622,-0.20431824760280068,-0.9480662000261504,-0.08660212350734668,0.5666378637494163,0.3255690439035063,1
-0.8166132775244158,-0.09521741080357883,1.0472583919082725,-0.585388191104757,-0.3547669401984246,0.6836399306043889,0.8539397529840175,-0.1802560160814028,-0.2102914219865534,0.06133511639299364,0.002105756400800435,-1.2513950844149726,1.075862300862137,1.2154296453303817,0.41991579267881474,0.14204636389687963,0.8096084667125577,-1.7746479997764237,0.272299433619981,0.19318926234821399,0.9919810533150532,-0.4174792500349726,-1.3810602565305636,1.0013571785258364,0.349769893709006,0
0.4943337822826869,-0.12508793062143264,-0.3188437777336104,-0.6141527913544966,-1.569915805736724,-0.0917478482052608,0.4666871212334694,-1.8180745864431456,-0.3049232048398729,-0.7669637344924771,-0.9636041525573438,0.6669534794331412,0.6025973161729214,0.9091125860315958,0.08851393874472549,-1.0568530304706443,0.7115971855164396,-1.023838708806392,0.08719232642514675,-1.07501753313442,0.8614586823104066,-0.12514243250738047,0.44468483785850604,-0.35295817285866976,1.5404410309348309,1
-0.2746619372473367,1.1112659890014784,0.30434281036478006,-0.07492040456966222,-1.3455281028849955,0.2667905911663372,-0.30709217095318686,-1.800509313589668,-0.5393818478202461,-0.6806863814996157,-1.3968062280143552,1.0454827569586251,0.7459639059056721,1.2112111283197302,0.20377390513209978,-0.7347809777816339,0.4378239987674462,-1.4010505523407808,-0.05931860498416723,-2.0729607545129336,0.4505943671201048,-0.43094392873899345,0.2556553674551442,-0.037244146911946906,0.955088965551188,1
-0.03651742048604082,-0.13140774939506752,0.04040498075266645,-0.5034785429732143,-0.6170819807174667,-0.7468860250134607,-0.6506919962666639,-0.2388261463390038,0.7883515426875702,-0.5263170548798333,-0.5134726124197226,0.49922127795867494,-0.5374572483823711,1.225795339996897,0.4386526757176579,-0.09507847523667454,0.3746456306576473,0.18058861415994548,0.16663984817684233,-0.46558656339822097,0.5471527420534618,-0.02083035009332682,0.9988515562516492,-0.7734039946022251,0.9177856682605244,1
0.6650091303487521,0.8040027000390162,0.8934905568703921,0.8201143195593464,1.2941138408956117,-0.2973264870548745,0.060175971372507325,0.5507293248469262,0.8341832044331193,1.8170161773881117,0.6502518054763785,-0.5947053984945555,-1.3040046500825055,-0.7609335782603718,-0.2831952414580489,0.43140205637933154,-0.4317393876253098,-0.21896334305562698,-0.14584011242977218,0.12736378097715795,0.020770098114346942,-0.19976668005652004,-1.0764039555732279,-0.5323021114294643,-1.223512708474032,1
-0.36704409348345074,-0.004102302073496128,-0.42646681457855007,0.22902502750549245,0.07279910339380499,0.3756332322470461,0.36179267582328045,0.332185909840492,-0.04651146583659476,-0.6096168223949225,0.046573581599387306,0.45318378621934297,-0.22120381276354215,-0.738509222881653,-0.09701458897167246,0.3809305978318121,-0.28338426605501693,0.35036197099699695,0.43428155426283965,0.4758792131214463,-1.1578217267008513,0.2653838346424163,0.5890972553237261,0.32081315554314427,-0.37439220567885423,1
-0.3946338589683189,-0.5742395537036876,-0.27217902350288303,-0.11990347516079436,-0.1496416056177265,0.6146757431915142,0.38227932722795727,0.10923518611672949,-0.6714105331851428,0.05543457601392502,0.515659074115772,-0.306553872578834,-0.04946486464588893,0.13064668770666846,0.5730824126284154,0.08950724956382773,-0.13536255394561336,-0.38919513193073546,0.6598469085464495,0.3968754444341502,-0.6630998395403926,0.546501860088094,0.3972227397842896,0.6195548207756227,0.4648097666163838,1
-1.6352289019809092,1.445194723343089,0.6098464825113006,-0.6128387742781347,-0.05952420573236159,-0.17139695184630988,-1.1896044767380607,1.2913389836638356,0.46029594438570876,-0.05369773585608363,-1.1143557798770747,0.026349845247066617,0.7670404233014815,1.7136953617876867,1.1298544740954388,-0.06959123793284193,1.241319215256158,-0.057227406036532015,-1.0295471286033637,0.41611096481918697,1.0129216687057243,-1.3000980221600504,-0.7598708160484009,0.22054857911630976,-0.6559771790643615,1
0.18809869725264206,-1.4158479704295965,0.0826813783340967,0.1990133838701276,-0.1985631241840601,-0.1031746806860944,1.0608679278817665,-0.4117834401696218,0.0049661809485742146,-0.21533304693991678,0.9424245951072117,-1.0143006148596736,0.3950357490370845,-0.46498131286454125,-0.3426154683076511,0.8105172090575308,-0.36972329296941675,-0.21268461901324714,0.7240984069357721,0.063168621970711,-0.8987015616608266,1.0847409767080831,0.90595132300425,0.2960580172837001,0.31537408939034295,1
0.5212770614666398,-0.04678347247455113,-0.22761812907173867,0.8496477021355342,0.08819447472517507,0.04890316646391848,0.5559683218876031,0.6193829740183848,-0.38648751704201784,0.6465540622968301,0.48907344068544134,0.3066372053141663,0.13062179946412836,-0.5301502454385547,-0.46856776043189885,0.6033276402914011,-0.5417437615889155,0.5191576382224451,-0.12564439789203402,0.6661210626134217,-0.4516807163617176,-0.07020589496743218,-0.13334346868101107,0.6890864091846031,-0.5186022058338067,1
-0.5406922917533161,0.06708912346979089,0.4241384121910836,-0.6961214600428525,-1.1230095961443791,-0.8375601670521734,0.23743123931889995,-0.8032359056214937,0.5208371870137903,-0.4753660699845879,-0.6717121238877524,-0.6118005602927739,0.7130126975884402,0.671716004761685,-0.3823461704470447,-0.5190041578060223,1.003223508028055,-0.3126573696215719,0.0329961287705481,-0.7210101906670859,0.6708348105738439,0.01909289899824841,0.38365660536393137,-0.5402316985349921,0.4903541533615365,1
-0.38762947469188475,-0.3426947568740026,0.05913545111356057,-0.7821151459483695,-0.3371810766764682,-0.25497567063514825,-0.038928159825744484,-0.5080976409771075,0.024503564584352242,-0.4637492268387722,-0.22184761546370027,-1.4318380085264393,0.48638574071237606,-0.6935748354566843,0.34999755055432225,-0.7656987932463426,0.5518643459399549,-0.20435155947964068,-0.757844212989203,-0.3039597498100899,-0.17157295031733863,-0.03140650946283751,-0.22072219597634574,0.07316493363997145,-0.16109812654742353,0
-0.4360265777712349,0.1987422859437958,-0.10090483927503598,-1.0690553326024925,-0.6196145899099779,-0.42687679253770905,-1.6916376920118001,-0.7636089689541676,0.23947667853509066,-0.503489436414799,-0.6918220582948437,0.2937811441045397,-0.4508060553748291,1.5682326040876085,1.1336978786412428,-0.6974987302322199,0.6026872392508974,-0.5320879775629581,-0.45363785753611446,-1.0515913980228713,-0.021701560179026545,-0.5908014515048291,1.4062260580188395,-0.993547516465345,1.9053794921831415,1
1.2900355806787496,-0.5244537206698408,2.2821061273754095,1.145361925040846,1.212641091059034,-0.631237750354737,-0.682673686891603,-0.13187439133734086,1.0465136443020209,1.9169407813998793,0.6408555839271791,-1.9238037577486558,-1.3688119503668728,0.9512066548140603,-0.20078776383769134,0.7430488749241434,-0.9806054370076763,0.9336811221101268,-0.28323524928568417,-0.9676502420665897,0.9459703088828675,0.07318867908837312,-0.5710107721078803,-1.0227657857544659,-0.35489484767550106,1
-0.27090970770519396,0.24903813060423807,-0.38875330946664594,-0.21384660635264782,0.020051672460198452,0.6212559130363003,-0.014055263814475423,0.44409813953507554,-0.7592399807995394,0.2229969286661079,-0.35259652042687745,-0.2979957392212607,0.5104341581605999,-0.18973146405822397,0.8434944931569636,-0.7276578996462201,0.40790665535854637,0.18881998219626728,-0.932130556783679,0.7890256886318693,0.10888630691721624,-0.48909775822167145,-0.8647861616741753,0.6125947969931124,-0.54871579925442,1
-1.0228747747089808,0.5487873326742898,-0.8629961424673193,-0.1803839071680611,-0.15284125053567266,1.0430691713580107,0.49860996192616935,0.41630758476388585,-0.21760383653722332,-1.3302593697520941,-0.7252601042482785,1.2743464712027566,-0.3438148384347383,-0.6618327363424071,0.13270369813009938,-0.17112561839747684,0.16759900656681592,0.418837426498245,0.5857813619778843,0.972451454691851,-0.889310866243021,0.15014187041018365,0.14261223309919902,0.3855391071863451,-0.570904522409012,1
1.3420132174350983,-1.3051814351047915,1.262200750670812,0.5624206584173885,0.5397970630893534,-0.47323850355150476,-0.3216294161570614,-0.604141777359946,0.6177582096747137,0.6568622306477108,0.7551809058022158,-1.4903090105872987,-1.472571590919834,0.25579353894777046,0.28469076457488973,0.2658011937764034,-1.116512533864174,0.4243430747959848,0.6392214416368367,-1.2251180760348421,0.008881870532065492,0.5294838805141623,0.5755805884148772,-0.48518324678794983,0.4721455253732995,1
1.2533658856116083,-0.9966040995623752,1.1471548759173265,0.7370120863412278,0.06686806628481924,-1.0257517294071858,-0.47116500085544305,-0.05843996034356932,0.46453273101040593,1.1388034911478688,0.7360721109952101,-1.1552239475379418,-1.11408114599593,0.568408399291103,0.0380494154246055,0.42215043329655627,-1.0346514815337937,0.8134503101441221,0.1349343726285675,-1.0858873018805553,0.7988559457416461,0.5165851887024452,-0.007839269008310678,0.0033294392430968807,0.03679752129984242,1
0.11926115217910757,0.2518995931951567,-0.15687564989368277,-0.42531576139790944,-0.9718293017166605,-0.16263849599944294,-0.5939839205733959,-1.22578348329454,0.01619635274173229,-0.6493442115778375,-0.8456535509617402,0.983930110879535,0.07174091517159323,1.2901361278456798,0.4967537784025155,-0.43881794587076817,0.3922303135326434,-0.7809455244919213,-0.11305501405898889,-1.1582037862147818,0.2972162681013062,-0.3158871627365113,0.9776665162098368,-0.5935880306700309,1.5006261323350185,1
0.07029516740187845,0.6083052115853858,-0.09386293892612249,-0.34965288873776595,-1.2568539085295183,-0.7564696077796539,0.7825245584038364,-1.3669427218196233,0.4516986232231158,-0.12194443244839968,-0.5306304257562521,0.5520931029252474,0.41322823433253664,-0.06423345086910351,-0.7694654948734401,-0.2950743902697291,0.7585710957305158,-1.3656997366503514,-0.23632196309645467,-0.9001835835385564,1.0573693615263602,0.4280759383658016,-0.6366637053141908,-0.37921106779033786,0.10504307634353871,1
-0.3105320180782539,-0.593998240913144,0.2034621547365291,-0.7094227249951235,-1.552540676254525,0.2320544619182571,0.15203274584848256,-1.6757357302406015,-0.44927022303107317,-0.7426307232325084,-0.45354991871265593,0.12795351985974865,0.5022563221576376,1.6370393843643514,-0.5743139880538464,-0.0794145378148543,0.41792728325774775,-0.7381131743154359,-0.04369155691178307,-0.7225758231625382,0.8196467402394766,0.141307113967363,0.1670675120404376,-0.057766382344066516,2.1431531576543836,1
0.26646123215326156,0.35817558757649015,0.3098748493464312,0.638779419676132,0.4310756482848823,-0.04675433679714221,0.029401533067926564,0.4960573253620493,-0.1531290254538864,0.9379916814797108,0.5375266157423909,-0.28458309037492685,-0.09414611753356747,-0.41518935828642306,-0.47741751901339013,0.4718055758428391,-0.4131782057623975,0.042791441020122216,-0.13589655091636088,0.20721791567734194,-0.8450324721965803,-0.6419809876174637,0.07223835857701176,0.29837555825989626,-0.14575586726554735,1
-0.6719694671200107,0.3950585307329055,-0.4431820570556861,0.07299416830428705,-0.0869341392706908,0.13514479888634304,-0.7069632592773768,0.8790682635630273,-0.12578446261309056,-0.7203381024798176,-0.22612088031350666,0.8750396802638339,-0.5951509188507986,-0.1847754004909092,0.3153710562254332,0.2376385831378622,-0.3971295753817277,0.7552857339559914,0.22493942679316123,0.19124267309967988,-1.08198174251122,-0.32787434519341374,0.782224732520136,0.6287487083308879,-0.1412703223070222,1
-0.5872080495609071,0.6934461758545581,-0.7685824404536615,-0.17289323159715106,0.3688978121444728,0.9293110480959068,0.15570801092542985,0.6390466264614855,-0.43168822357913345,-0.30672311258368573,-0.10180655888195661,0.6306836247377281,-0.838974903465551,-1.1746800486941413,0.45553060732239936,-0.49143231414853666,-0.06932487933774749,-0.12053832996859243,0.435112472182556,0.8342756794895495,-1.2588373527996535,-0.3034752082901373,-0.10653794173028278,0.5202517170896983,-0.47075083871929174,1
-0.13373604111329737,-0.6732588856723501,-0.4647793858663703,-0.31216182535720177,-0.15833291396180774,0.35737416766827945,0.3293458321008323,0.23353867480571028,-0.07413491291660555,-0.5515799706442743,0.13649568407853543,0.1205640843727735,-0.8754312457310913,-0.10909494659653088,0.4735449453718681,-0.25880985458504163,-0.14519705422468748,0.4039762866354861,1.0402933927658493,0.5472741340180837,-0.5472942332255034,0.4717043755080789,0.7503897592456586,0.13520350780094514,0.4319888854832909,1
-0.2931545473319215,-0.2441115772034987,0.037338506134821585,0.36940697840917264,0.36597413656082145,0.6982593276344854,-0.05666192819423328,0.15852492885493724,-0.36763957335154546,-0.1782451900951107,0.19686262025767884,-0.12094872444644206,-0.2932045863384609,-0.08923548638122338,0.27460258544258553,0.3271483920656307,-0.493181455768809,0.40345422591194974,0.4791312791645402,0.17009344646315758,-1.3072111805109348,0.16550912612822954,0.895992318171458,0.1465068426186929,0.14488593072859518,1
-0.33973734553676216,0.4966139787948078,0.7913571141440071,0.10873294034489282,0.2876684850377499,0.725891342626709,-1.0195695888811616,0.4017648596653003,-0.4042995997615894,0.047150939267570816,-0.779770914032689,-0.40393500605984145,-0.05159838125172016,0.9018982498940089,0.711561663705881,-0.3242307251477602,-0.07991797009266764,0.7524293739293934,-1.0294019780405503,-0.03456887013994873,0.49643518206706083,-1.158629128846327,-1.0087674566559117,0.5225466190124783,-0.2906171226571504,1
-0.16759257057731625,-0.043856163608556854,-0.7300962968348008,-1.0946487992963831,-0.431397405706397,-0.717059358167459,-0.8326198044496202,-1.1373478548808704,0.1983763697148135,-0.5008403439050417,-0.3521697794325554,-0.6912469445297597,0.027965839877495978,-1.0100712829559284,0.8901632961315843,-1.1469481022204708,0.6493524931927067,-0.6569808190896504,-1.3383885924893537,-0.9477327163822759,-0.5382338968718435,0.30267976982352157,0.5245944016584393,-0.8021685997017451,0.2245265740235857,1
-0.39211579293285226,-0.01384729662725211,-0.6547898155854077,-0.3712426835984964,-1.0080803551370263,-0.111290839713549,-0.29906611404292377,-0.7844036693650335,-0.6495816690095153,0.025560233143644653,-0.30775970013177667,0.4836891089563944,0.5191287962817065,0.9924197002069352,0.38912956657341674,-0.5209280748031195,0.5340326994649438,-0.2551288704699369,-0.023559164740402604,-0.4216714389833041,-0.3288174654453938,0.39236060031929626,1.4590715177251656,-0.5819142996607747,1.3508443801165835,1
-0.06696163692870977,0.30897158394057245,-0.6894582756600328,-0.8463361623888308,-0.5455470343354623,-1.0116897982129525,-0.3556584932635675,-0.48801279952587456,0.535980294797901,0.2623783875736367,0.19041181032066254,0.20954246712090746,-0.9944177734672198,-0.5810036975720867,0.06966190393895846,-0.6118645032051697,0.45634549843674516,-0.8444585355679067,-0.08566767239944739,-0.4388110439659258,-0.14904731349166075,0.38426332286905496,0.4440925163825261,-0.7678298596439594,0.5931943179465058,1
-0.14929904036962963,0.14354508886405595,-0.5097250236093982,0.4819570620273982,0.1934915975393432,0.44324928616442383,0.8238255865850025,0.08971206043094229,-0.2367670134873989,-0.03878766222096643,0.19596281052535522,0.30077193706910493,0.16579184939154734,-1.102657962408718,-0.3271550971319738,0.31819703699212565,-0.16067477214862166,0.09203958572217466,0.2062224389641386,0.6026479500545379,-1.1940525382748997,0.4744917470273365,0.3463420282589876,0.10220757825123548,-0.674337524801674,1
0.6676466313323802,-0.08647387640822096,-0.44643846265429965,0.2195197884458888,0.7913515287248634,0.9124044480862437,-0.061228211437987,0.6145013431649134,-0.19223038189730715,-0.3382956562127508,-0.5382279984547165,0.39790813971552746,0.6889904343295535,0.030363865126867194,0.5173975645817173,0.052031497035653775,0.18173052352232894,0.9672002518097061,-1.435574273824679,1.6608653099053632,-0.5136173859234635,-1.622305483823371,0.022745524436725156,-0.11026280844336814,0.0037005107873647153,1
-0.07786951647536612,-0.2565662754296462,0.29776824197345336,0.6249759845153469,0.31148319903341143,0.7794844728437025,0.001751461915755647,0.17131248455687048,-0.5659096844103588,0.12348468100161789,0.033667465479012726,-0.22994451164361737,-0.019093260791178304,0.33890354286825775,0.21082387728993812,0.24754951132087555,-0.4953152151133874,0.766038723508807,0.28348988665082425,0.19576332464434928,-0.8096184461101754,0.013609691764233146,0.590049404977375,0.1973107342023082,0.05807477963418606,1
1.167524079405,-1.4825462520580268,-2.1562438676259243,-0.813939948839546,-0.5045975149211667,-0.20985604871400318,0.46872722670713596,-1.2932368889039334,-0.32762069466301935,-1.3805406817224348,0.5483122957354429,0.08260541129207546,-0.1719572200265372,-3.0869209706977228,0.01022669377554123,-0.5076990871359287,-0.38413295944519066,-0.3355132668883324,-1.4762932948697212,0.25701772441437815,-1.490381991128706,0.6875235359538074,0.30346205201198717,0.28975346955646625,0.3666950049744614,0
0.14533635328520633,0.32663615824126524,0.48428210957165324,-0.18430070155913744,0.4809332336817366,0.6706386143793112,-0.0401849558454551,0.03797260335449998,0.4767355813321443,-0.8338123902990715,-0.6788682283044094,-0.03794999010027165,-0.3543755086271259,-0.26616137548674057,0.33448679366309714,-0.08749547069322182,0.03382798819420767,-0.19417175241082502,-0.5534158525923777,0.2501716432204631,0.19610545796217393,-1.1945976705496475,-1.132492232914664,0.3579290027220213,-0.42735913372382245,1
1.5346812307351019,-1.9268714174091592,1.9276072259336843,0.7418672742727966,-0.05188318471440354,-0.8521813751280931,1.0536795116044275,-0.043108402657992026,1.0293762633380472,0.23843873910445001,0.41161569677329024,-1.9483462710108677,0.3532811910833568,1.3268349661099987,-0.32475187307251496,0.7998557941086745,-0.422030771002082,0.9305882459344363,0.9048378178374538,-0.37042581157538323,1.397465732960531,0.019902707238054547,0.1966040620029453,0.10235526537652401,0.13544774928181427,1
-0.18837387902885921,0.12331579450421724,-0.11281061294303746,0.35880248179069724,0.24200355393172782,0.6679531274080313,0.5770064840997465,0.2296241420018159,-0.20147159891891,-0.15484176317910112,0.048465626707752875,0.21337886722591762,-0.17045127369305085,-0.5668400322938058,-0.33914057694569366,0.2782791747955616,-0.23398268594398655,0.265547768645483,0.336699162732177,0.6474802254225854,-0.8671828922150722,-0.03869854774476084,0.06732989771630603,0.2581533374543995,-0.30625121284279067,1
0.9585874070081962,-0.33090962456890916,0.8387057607626601,0.3905047860097984,0.6176408818922664,-0.4447568273639197,-0.027799396316820987,-0.13546528550164122,0.6082623977134582,1.1984531699993246,0.6447738209995437,-0.9567107429864251,-1.0220828198195016,0.06136304453275547,-0.08245459669653721,0.18262744294233862,-0.4078908248199792,-0.0482234934409724,0.17250259704550727,-0.2984864724199379,0.09447618042005188,-0.05454713476173353,0.009109582324341569,-0.6540706557313202,0.19919004050411449,1
0.07369149708933322,-0.437748557397405,-0.3076708620176524,-0.33202526903761037,-1.3082163302832561,-0.47393227792219417,1.0731210361844892,-1.022721528185244,-0.007018743528305992,-0.1932837114808888,-0.17166091736674507,0.17004875189829677,0.7743978286470072,0.5598991611835393,-0.5442458110828706,-0.20869241957988185,0.7065779037666399,-0.5580541008848138,0.43906550488948826,-0.17600279564619017,0.5493577619690714,0.6875777548741667,0.5997467500009905,-0.3855932084421969,0.8855446869609573,1
-0.2065842254381246,-0.13655206747703558,0.33512361481143943,-0.35391357765373954,0.26565491500440935,0.6028275032805551,0.2778957077618892,0.08791078384160322,0.4484343718841867,-0.984369553907922,-0.6292084376066467,-0.41101769420901724,0.36762078057406355,-0.11027023108391992,0.24974682928253167,0.14182309852898312,0.3768671346358172,0.1174671708252627,-0.9248584306096158,0.7751738712595037,0.4683334922640282,-0.675665851744178,-1.21966158886028,0.3358063102280082,-0.6182018841474715,1
-0.07076382942711497,-0.20032853211458113,-0.614950440272872,0.46088381944565904,0.09201397611581649,0.36409954872531164,1.1449334769643402,0.021302922464941813,-0.0735769673152944,-0.41451046566116867,0.2436281195311769,0.340092501497996,0.5104833804041761,-1.104025101816325,-0.2964919072631565,0.5748011516450316,-0.09683279163252152,-0.02268107213051732,0.3521524124801348,0.6976453835877208,-1.2591364476529638,0.6625131666425791,0.6475857177055118,0.13966766095036068,-0.6390155120963428,1
-0.09377626783273617,0.4621391648918601,-0.811633952157565,-0.0998441593015683,-1.2537572962646515,-0.5160785853410046,1.4596095488086114,-1.1567534285209926,0.04179455240635701,1.0028926248011738,0.42446430920356204,1.2465859419774892,-0.0936221064864907,0.08239543478169631,-1.2685370316423086,0.26944362329408744,0.6481223971966789,-1.5695480336389322,0.49469071637560297,0.12177907044699805,0.8211829465288388,1.6616816443167777,-0.3511229996023924,-0.7488240429363696,0.5566014069524222,1
-0.2399633878546189,0.42496403055702886,0.1406481282304415,1.117056386507121,0.4510803419479299,0.6381163170827723,0.40537484924576955,0.41826309261942735,-0.4774222512005194,0.4899084581170452,0.2921250227203468,0.3477631871668545,0.7033086461792392,-0.07391921465325081,-0.1935684660005163,1.0917163938389496,-0.4450840662832567,0.0002514013583032266,-0.014601666332942239,0.368656971050783,-1.117204585627774,0.08315821797989194,0.3210533421731732,0.4573328226286801,-0.6550293764541474,1
-0.7771520614494827,-0.09798182943735138,0.2966665674756156,-1.3202237069257456,-1.0189821878426382,-0.8965138127098372,0.4124702941098754,-0.5280103680891258,0.7539632531396318,-0.7275727093078187,-0.15845781387025817,-0.9841872127481669,0.162055817931676,0.04547034252955916,-0.4015176177281796,-0.5759511051231294,1.0572254814174278,-1.0864665254964903,0.6819817977648126,-0.46014140886826016,0.10798800408792017,-0.25985835664923373,0.42894858912782835,-0.17007645244272976,0.9107618962980536,1
0.48807011572890485,-0.7361407068259076,0.21490419065981667,0.967587620368698,0.057780926787218835,0.9605710977011194,0.8212324714555326,-0.12376960055804108,-1.115854122570182,0.5444134210120998,0.4322630448303519,-0.5107393625369334,0.6038993885281282,-0.1481780691758627,-0.7904102742726101,0.5614829224514031,-0.735333637116746,0.9251666343742413,-0.42538537024180717,0.7049283872537226,-0.3635611278606171,0.12285282184366329,-0.5192763370597949,0.7843443972596137,-0.06585043835193623,1
-1.037342042292207,-0.20040609882461435,-0.13275646670903898,-0.11989159225461665,-0.561717956584045,0.44728251245098416,-0.4523329800491619,0.21648597352639024,-0.9003902703447453,-0.033352366745641286,0.3447171334244507,-0.0003614486703029784,-0.05479631808859849,0.6477602828426845,0.17574497944295187,0.40873503478259765,-0.3124963514988537,0.017608840130495997,0.16054630771009243,0.012376088448777784,-0.5616805881039612,0.42448353418942536,0.28197473472707235,0.9340463454573233,0.6703678362992885,1
1.7500202768718762,-1.5311781982477701,0.6378747128305426,0.7263781309288261,0.27476201890726404,-0.8371834263575325,-0.38986638917769995,-0.590514025721204,0.08295477277085427,1.1061931425878655,1.0983784410576454,-1.4040659931432533,-0.7867723355277383,-0.023901628361145552,0.0964883675403465,0.29037950360003106,-1.1655822807724945,0.6391737797921382,-0.0641542879246361,-1.047162418145678,-0.3850544415644958,0.4537456881852301,1.0564461773086304,-0.3771500773365055,0.7687624920377412,1
0.5636026071290274,-0.7302218383160188,-0.4697289148345563,0.692352893404304,-0.38008679041633353,0.038620713912150675,1.0984677391173088,0.43318476306502796,-0.4610294655696177,-0.09095019063158516,0.5509374549211382,0.19687234357981162,0.37233654565711527,-1.0137498922199115,-0.8388123813290536,0.752739543205011,-0.6755867996724866,0.7566116638424625,-0.1467457709312574,0.8355463159447065,-0.2543701420473568,0.3721946144055901,-0.490644989850635,1.2848699650143354,-0.6671770000332226,1
0.2049471268515748,-0.38209867417005533,0.25789012899302544,-1.0021058308545006,-1.7557388491898056,-0.8402805243675526,0.5837349473961093,-1.7688497314520284,0.598176599022492,-1.1396321009705292,-1.0185390920801487,-0.06466615021044884,0.9689628573682664,1.1719976017472193,-0.5525447192732179,-0.6786040324197503,1.1724379890940402,-0.8695811768601857,-0.038633014169894925,-1.024617161501298,1.3295391281934117,-0.2947171610160642,0.42988377915325965,-0.6782172713213305,1.5652197714195182,1
-0.13137046142432648,0.393514074467582,-0.23960751400854816,-0.769679640380364,-0.08548985068745638,0.8383368090322459,0.22069665512955142,-0.3861088398237826,0.1995297704517381,-0.8816297475493808,-0.7478672714277119,0.6019301973942864,0.283680910453322,0.11435684244169993,0.4542060159612461,-0.04077670358317947,0.685312507251425,-1.1911069325953998,-1.3553668133201884,0.7792032709530344,0.9802308697519919,-0.9050510524409657,-1.9166841744517795,0.41996462468534274,-0.004920604135939987,1
1.9445721765398818,-2.2470640439550147,0.5822684105958045,0.3531899408728399,-0.2667897934450249,-0.9987713659052269,1.3101667678658535,-0.22455801796165706,0.5355761611690071,0.6046432513592502,1.2804909271943392,-1.3227972730564335,0.5357198569084696,0.739602346303849,-0.3643627866795714,0.8606642437139521,-0.30114399691679045,-0.11702186677282844,0.8300361443476414,0.24308302528813838,0.3318130139182544,0.02550720358260443,1.188230150641449,0.005730839710764235,1.4159773894955752,1
-0.8015458702292663,1.7857890699061403,0.5979539365292657,-0.3986569533425586,0.18496025493332813,0.4680858331786483,-1.427975795085679,0.31115653901319396,-0.053914670455908975,0.0960866965721198,-1.1619862437797315,0.34642550648979115,0.023190068564031396,0.972838275448224,0.9953568845069037,-0.5609616618546258,0.6044345218816274,-0.749277030164957,-1.344149009266701,-0.3926407098213959,0.6126405667248914,-1.855027197006333,-1.3081517497202353,0.30705542304050065,-0.19504761366788786,1
-0.3312263615061732,0.6342450647890222,-0.22066819507895233,-0.14084342451841236,0.19950393133279778,0.8185330419305568,-0.8722321337554357,0.3932495070739398,-0.8588240829510386,0.2591952897729767,-0.6703231416936003,0.06252821058319431,0.4975697614126104,0.48955030149000733,0.7678457170611223,-0.6001635760755416,0.3485320294726242,0.5039864402514103,-1.5736287179155244,0.6916508449697129,-0.07786597192834656,-1.2832413624294972,-0.576170139778399,0.24870953972412763,0.07051442881068481,1
0.1409977406896224,0.6211857142011973,0.014763020124595325,0.14103667606376233,-0.38366513427852095,0.2006607698328666,-0.8725971045950104,0.49780733524292126,-0.6656174678047435,0.09939343680318448,-0.5316156317890821,0.6671514038880313,-0.12860648605429026,0.682645657538389,0.9526442607256121,-0.4081691716840222,-0.2559702074945164,0.01138978982854697,-0.5725028955497172,-0.410960731678935,0.5284869400904418,-1.061318743061504,-0.6813785630706816,1.2023822226701197,-0.02001689956539796,1
0.48289776943527524,-0.434774450666794,1.678553107171293,0.7324838793024395,0.7757783213323964,-0.19625816030201645,-0.16545153494220063,0.37586468878708323,0.8331938980095541,0.9013073363983716,0.07280534761818708,-1.2877317852848755,-0.4387570232541472,1.2717751359147236,0.3242560287265784,0.6008212508581341,-0.2947799666827515,0.8895843373139374,0.07296840423707607,-0.14565450658512683,0.976456261979711,0.02221110504366432,-0.3560123453845893,-0.5115720306762913,-0.5674650718393505,1
0.1537750018981908,0.5295084500885887,0.3745678807482649,0.34913493283320457,-0.01885698590848932,-0.847157431311073,-0.44227521596727565,0.33077734568853806,0.2858284227114484,1.1310611079143582,0.328793702014042,-0.168880320195765,-1.0255989387570719,0.029529270826636516,0.082739813760038,-0.19140481543559731,-0.268652939303076,0.03930966996433508,0.6099633758120226,-0.7637670339682378,-0.15762593887623358,0.14160986433396314,0.494267634799167,-0.24900383130507636,-0.15356883587776518,1
0.6290027029013318,-0.5569970776985727,-1.5458875319079404,-0.7359051816699893,-1.561094983837021,-0.827608779833324,1.2061362388773835,-1.194348684141956,-0.34429072819771545,-0.24892268712028628,0.2035951716736772,0.44079269928388404,0.16317535120966778,-1.2821478183491757,-0.7569296670057926,-1.0391563135666897,0.5350093451946154,-0.6463456156283938,0.2649325804330652,-0.05440248571796981,-0.29047920753685663,0.7289438249972692,0.7964059570378234,-0.22917208564411085,1.0148334299975945,1
0.317922357789611,0.02814061314404939,-0.08302843276992025,0.36935125394504276,0.3750464024212417,0.4716454387373996,0.8860209153279661,0.28693889609770507,-0.18448325983110975,0.3947686691653807,0.3078678278979468,-0.18475181488128362,-0.12192869172040575,-0.844164153930377,-0.3309516501896243,0.034397117554508354,-0.14160677861561496,0.024251054498194053,0.2626714507069778,0.8063386915765746,-0.6415253923210695,-0.24441083406819428,-0.25321633178788233,0.2609218520082515,-0.3841272326587353,1
-0.5158715513857998,-0.08706555206250306,-0.9954212626395833,0.10032948461211023,0.029073305822509516,0.3935254702141066,1.081975974078671,0.47348673339938285,0.23194820046247036,-1.0344316423182145,0.03690594724564475,0.9879694672927024,-0.027971272647475127,-0.9139656602743798,0.7601343266844908,0.3736872553401399,0.0784852635439013,-0.37989777150651943,1.3098109232256905,0.7091889805270212,-1.2374438660666887,1.0948926644974781,1.073953779740911,0.2831240655642643,-0.863409600536003,1
-0.30451824225447366,-0.14812807690513582,-0.5251964563938445,-0.5525270459315318,-1.6683721065689032,-0.587672592746239,1.2483282400573061,-1.3120688252394366,-0.1113203777284961,-0.22377725317118438,-0.27926899983376885,0.35312747887703777,1.5729812895805726,0.8173671203802566,-0.8050060532604225,-0.19008252827084535,1.2465668050575822,-1.1252562234470345,0.3527622066060871,-0.16112471879226764,0.30523177575921073,0.5604593567231203,1.0981946314459088,-0.661885144928756,1.3595190847038123,1
0.38915295352320634,0.1424682804307292,0.04798289190525194,0.17737851689599995,0.5417532287064195,1.1407600339228507,0.17400616124718757,-0.3644881699620524,-0.5951227255248888,-0.036672054748516356,-0.37894276125038817,-0.4577680110223128,0.1026029669283307,-0.933537962567807,0.20650434485580937,-0.4729847460040496,-0.17804212760487814,0.12013063024703312,-1.2865096136468033,0.43240317351914875,-0.18961289927708178,-0.7011691132653655,-1.4314042416161858,0.41551427199634144,-0.6437673130080505,1
-0.038418178264252985,0.2746095707904483,-0.09256135332161933,0.02176951265288515,0.1100160376926756,0.15422814679931662,-0.07755232371260312,0.793101517296064,0.0429535040824869,-0.39861370692708864,-0.7147176263749614,0.0063390631483454096,0.38947982863185177,-0.20654434418740036,0.3167831112415914,-0.33028082599091224,0.29282919030425336,1.0790484443198092,-0.8757620898203413,0.8393527701936206,0.16385093179420396,-0.9499112910227338,-0.5187279903973266,0.3794842825810439,-0.8694930311371386,1
-0.06659791374275417,0.09801340352578199,-0.7642855714903865,-0.49885890742416666,-1.1386667934270316,-0.5804802313118252,0.5110789626513527,-1.12514917665198,-0.14425898835611523,0.34220140078653705,0.0977582920478667,0.4772890965930811,0.15474363642224173,0.03991949659847803,-0.4405867155411335,-0.40576510893476203,0.6419296736293212,-1.0514967084386373,0.07981059847586969,-0.3592049571648531,0.07212326300687835,0.8080701791945393,0.5938789252682238,-0.6835688771031246,1.007859534885812,1
0.26797619669531836,0.43506269157198846,1.0942021561066189,0.6529509670540308,0.12037903221514859,-0.9089966637600729,0.3117705334602438,0.8185570441822391,0.7060545807289195,1.4073409270945698,0.26990338942027253,-0.724784836983525,-0.6586246854123569,0.13919504359028553,-0.7289700893755745,0.2523165546330247,-0.1287883408239468,0.6841273348323481,0.2926994243266248,0.008784349822002687,1.0453642116305846,-0.016287878236255163,-0.9904938050131247,0.046217472083191505,-1.1157264190859597,1
0.3557979106015475,-0.14501011093294067,0.06222382893812793,-0.08758053515802501,0.5781967604621939,0.19565067976910153,0.3383627325322317,0.6812904858800577,0.4583129910662285,-0.8550221775898571,-0.692027833469744,-0.7142792016221267,0.9288712526170596,-0.8522782957353645,0.31038295026737367,-0.25553326683293454,0.46487264155756375,0.9479437733237948,-1.2025847847167779,1.1480623778809345,-0.24474402986069063,-1.4438940038392072,-0.4500185054060259,0.22766641182160943,-1.0627482455634158,1
-0.1856232342913945,0.33515773046512515,-0.3649984796002703,-0.688931462093125,-1.0545232772108977,-0.47442721885749295,-0.2689699305859896,-1.0968387124135788,0.14008347762045012,-0.3806300836184702,-0.3963223631170109,0.6863346479454936,-0.13945120599358204,0.49196505647672123,-0.06449732391601376,-0.3855408460882402,0.5103431798725838,-1.0793280608048266,-0.08812550567165461,-0.8705601531094489,0.16156386074691761,0.02182985555332709,0.5452166802767304,-0.48067662421111146,1.2401458679332362,1
-0.2853268269595036,0.5049894008270286,0.17647903458111683,-0.13337259244699942,-1.1227234823092531,0.06706502963554353,-0.12963171344356647,-1.1781450200667556,-0.14564941025022327,-0.7018208571244362,-0.7179733400941221,0.976795696169,0.2866724386123444,1.036706369654254,-0.018226261765754374,0.05199820554240581,0.16334413998329073,-1.1647319500304394,0.13124655191503606,-1.3084666775596256,0.4149423894283335,-0.04709802389806292,0.1530613792947023,0.20820844540362607,0.9074240110635386,1
-0.6879535532578197,-1.0715788143249732,-0.3368442936594649,0.261887100996496,-3.7377407508392554e-05,0.863657065692665,0.9214431986582533,-0.4299847173112248,-0.10943167914418082,-1.5533233479160993,0.1754983390864155,-0.028164533305405887,0.5276754064919078,-0.48608489644578196,0.21667551746525376,0.9538370970661071,-0.36195559910257186,0.11174326609162699,0.9866034571100016,0.22398605183054737,-1.7677107384316406,1.4184627068989113,1.5803883576165823,0.18530014683710672,-0.10344459450469264,1
0.10030451954257265,0.23182548356115387,0.018040432151610518,0.5556155153434783,0.37186639746618444,0.4168268822344531,-0.7057959129207727,0.9183521605342415,-0.6068104709200479,0.5618839622336294,0.27182222207942686,0.22609338088943456,-1.1820347290531565,-0.20883524933480105,0.15341499624529525,0.01879625803319299,-0.9349881793209834,1.0372140142756165,0.08644418862412473,0.2468301589809235,-0.726541914175225,-0.5149256146883268,-0.04354906229721404,0.758400765762139,-0.1152817483890803,1
1.8399829618531502,-1.8493890888907647,0.06756786656588724,-0.03628565405099322,0.3746766657724552,-1.0161698461409403,0.031362975153218994,-1.3216902646051085,0.9357393026694821,0.18858404544796523,1.5730499671208606,-1.2389954991018548,-1.4862622650795119,-1.5966919262026584,-0.7892853606896831,0.7875129065788756,-1.163746588293187,-0.4301405213069605,-0.40315342940595655,-0.757925698992798,-0.9738973433571187,0.6890952943548307,0.654897976465259,-0.6895915117865126,1.1181733673932799,1
-0.024672437803294412,-0.42139710737262104,0.0399566946560437,0.5859080551396568,-0.00961934599805988,-0.05342750845516534,0.4494415790503706,0.14177013528010904,-0.1085840285126824,0.05599259013073921,0.6554850749777553,-0.15337804952525205,0.4650411617449467,-0.2944780769696119,-0.49762337312139165,1.1017184494256316,-0.4680692459651203,-0.00025140135830331584,0.15340967851670848,0.15856415499872398,-1.0515432395701976,0.33569863758175017,0.7057311017825277,0.46140811607972465,-0.007711354455467607,1
-0.4580106371237938,0.3740145591861542,-0.677853625898893,-2.0497575103999677,-0.8193402438020421,-1.1039076093991855,-0.979150455879422,-0.6118149013903303,0.6817962452638409,-1.015259840963817,-0.6041394929583519,-0.40650866682951264,-0.4045150167127119,-0.3830994787794761,0.991283408210667,-1.7712518028180932,1.3080877529884591,-1.3861766417596182,-0.12096367635937083,-0.8550870565001262,-0.6179212261668354,-1.1783852162894277,1.3079327347373977,-0.7258213496585241,1.5299409776941624,1
-0.5739827099687511,0.39635433732994074,0.3019614130424637,-0.4144172058826541,-0.08468138869042015,-0.7050753126091082,-0.7409835568970364,0.6674032646067166,-0.12644934352826145,0.566868620202894,-0.1347113484366758,-1.4393923357175629,-0.12269149270265997,-0.3015733839483186,0.5219998006274883,-1.2329111411563793,0.4255045058962182,0.6645551575133372,0.08469121016650975,-0.3858540871165048,-0.690871740254761,-0.6817808745903908,0.7651669732582562,-0.03960087209642075,-0.19222152820198346,0
-0.7272263514605033,0.35267087824217985,0.37641960399703783,0.7542089116194327,0.38534281862858216,1.0054574175672515,-0.021344191402152976,0.26720554355937426,-0.517075806485174,-0.2404164949906993,-0.21979856413094706,0.07065816811529724,0.22473656285690163,0.06044851414797072,0.047680720669547094,0.5611753825125865,-0.4663926702293562,0.5548641900320244,0.20670347177670073,0.08180578963717683,-1.1404751843586418,0.0367360924051148,0.3517315615220634,0.4327353434080995,-0.5577944012297313,1
0.920659222328851,-1.1501528889276198,-0.263377547003369,0.8011218687532761,0.3165218885908778,0.2757496208797214,0.10672839158334678,-0.8856504539460947,-0.3302578434156391,-0.01109037282436128,0.7124139803081979,-0.2359334947712909,0.19363870037567857,-0.777175138201458,-0.32757739066540204,1.068681113147857,-1.0210154765993118,0.3898729985483072,-1.0230701203339254,-0.12234804772088495,-1.1466415574306992,0.8161506778731453,0.56888342897947,-0.10415072191488448,0.1800898361558032,0
-0.12793034564439487,-0.2241774826057411,-0.9491822056915676,-0.700273710764082,-0.7616311243920068,-0.48236907886608493,0.279112263682287,0.5342981261012947,0.23116243480379858,-1.3891242414915053,-0.8064372651383781,0.19585448306126274,0.5753433746390898,-0.9991142707360257,0.5033852202978712,-0.7084765817873211,0.6141604614859516,0.8066468978534572,-0.9166682721382798,0.715690772107549,0.4605932509308071,-0.24301756102251046,-0.5520231281978163,0.7857263697556227,-1.0685541898404112,1
1.3959030045294523,-1.1713709829860175,0.8390456592258974,0.6680753244620643,0.3001120262564951,-0.6966214240282297,-0.07127359199484554,-0.6190658733348902,0.47133454104249645,0.7780458919398576,1.2307418818177756,-1.0493534851501964,-0.9762133126310581,-0.3713149786603153,-0.9851615370324515,1.064208316679459,-1.2394833645263665,0.15042966389677026,-0.13059502989065203,-0.7444097587522254,-0.4157079802634646,0.19836233856434055,0.2712599811067784,-0.11861051549489424,0.7507344952778159,1
0.9595415774033809,-0.6273898399438644,1.9231880877625092,0.5535544786077824,0.9548568549419172,-0.515050850920721,1.156618719419275,-0.030855859564908876,1.7935121455560075,1.0369009071689852,0.5246791144760793,-1.655571392961699,-0.6551798582384623,0.45132025087651345,-0.8820377832525469,0.9932047837681002,0.011945525673786284,0.07104882290247155,0.4265485357223277,0.39276018711332217,1.3473367579973285,0.16012527372493826,-1.1066536182733309,-1.0192431337364687,-0.6692329605429596,1
-0.36816858289541554,0.5729614273483765,-0.5978587839788312,-0.1413508556812868,-0.4839711733837907,0.4192323503509621,-1.0419906069803586,0.5138710751641447,-1.217863964745938,0.4113424886646954,-0.6859585661404916,0.5295388264235078,0.5754772624056173,0.9613086562294492,1.2839031186829588,-0.8111711364866552,0.33142332355421295,0.4993637623465717,-1.364187331381065,0.29420767525871483,0.48355568254127845,-0.6992146580507669,-0.4380317053126827,0.6849072092306817,0.0613108587137328,1
0.16221462310809667,-0.18177850187827305,0.5169233594833862,-0.359843821408869,-0.7033721415318523,-0.382610022347576,-0.7809511517723178,-0.7794687729116583,0.5135201397555479,-0.9795291990646499,-0.7928865187455495,0.2785008200074589,-0.021408100158547293,1.3983035199010072,0.7865900036247916,-0.036364620279728435,0.12523796302338305,-0.41773782782465524,-0.18108139718665317,-1.2959304069817565,0.7489427265747777,-0.3805279631190519,0.4770143417112098,-0.09747680639418757,0.8857026704740163,1
-0.26267940633014775,0.018221425050062065,-0.13178896223086925,0.3659626311797416,0.6398148058897547,0.9111178366713241,1.425651268417106,-0.22590033743843324,0.13216685065323283,-0.47510577249837616,0.31114117136933744,-0.15678943251655444,0.156313992623621,-1.5142116535369257,-0.47446309268221676,0.5579040394280099,-0.09679654204533461,-0.6433654279315236,0.7270036116659538,0.6890763232243058,-1.669668142324983,0.4195317030033806,0.2769094918192647,-0.012336003317126476,-0.6873814370566158,1
-0.5727581529980996,-0.40037104899514964,-0.28334347183029823,-1.04621584000246,-1.0134297176304066,-0.4121513016008757,-0.10258834853101388,-0.5932951149856058,0.12701274467224818,-0.5920566382236045,-0.16719115264513637,-0.08280544092316786,0.2534480558368199,1.0114752762632462,0.12881968688426887,-0.33772588966319805,0.8156027862932206,-0.601053072835853,0.3825434958968754,-0.1435498597657982,-0.13588341601168658,-0.059289038994317866,1.3212365027984607,-0.49874303584718127,1.7571399311449565,1
0.2143010052705911,1.223931442465766,-0.1689817545336558,0.11935870071296517,0.2943817542963329,0.9411675527581689,-0.8267141856484402,-0.09078186168786198,-0.7335456765583781,0.3776969829235517,-0.6545751694120031,0.8693746639482439,-0.3416626831062507,0.0843521912848733,0.8129047246969053,-0.6178767410214434,-0.09303788571979914,-0.6001551216127073,-1.1640369466204246,-0.1236191441507188,-0.0044450672730376155,-1.3499221140792474,-1.0740926099823638,0.4194220165977534,0.0222233197728755,1
-0.9422421578184108,0.8646047139403031,1.5166499350725835,0.7042516590760283,0.5453114098217705,0.21943470949498323,-1.7262078112823818,1.9676833866925814,-0.9132371057809976,2.602389658312866,0.6334050311312154,-0.5740719898452277,0.1190500792812901,3.6905697836082383,1.291853569716838,0.67544227719247,-0.07704454061461181,0.019455397170933034,0.7477418262747478,0.08287111743980789,-0.10264883457744589,-1.4746452297439707,1.1309230310505831,0.46802087549226895,1.3932909529260733,0
1.517705688167261,-0.8765421123787671,0.5159058014876956,0.24160663408321084,1.298111512410214,-0.3125813961948167,0.049587919942507,-0.9958993775882506,0.9258932947826628,1.4108218347357842,1.2609524913508328,-1.5520807932852099,-2.349637880582496,-1.6562578633814289,-0.16340626153214877,0.056304364096060454,-0.9345995222423931,-0.2695105863153013,-0.4070033199208566,-0.40253726629210435,-0.20088365814880835,1.128021520933188,-0.8086818442303608,-1.30995548419655,-0.30943739021828365,1
0.9556272278009655,-0.27839866495784343,0.16818502614219213,1.1702558608706666,0.45472726667680835,0.47566345742106664,1.355728155502203,0.35142168357461395,-0.19818210131911643,0.6197778606984687,0.07798121113502866,-0.022483606295136172,0.8417323907267549,-0.07055556764950914,-0.09801315225719125,0.4027955227327503,-0.15401051332656668,0.5943061315533873,0.23568716607260726,0.9131148863299728,-0.1602620840970816,-0.08448444561347862,0.12574711165825744,0.06958719188757917,-0.7920187222097524,1
-0.5309492830849152,0.36326285999375435,0.8727604049399239,-0.8639713522252942,-0.912667308670322,-0.5895495962643025,0.05034608932646044,-0.9190737769211288,1.074977028302792,-0.6476186478609784,-0.7751707400492989,-0.01048659920348509,0.23142801901969795,1.6632976568158548,0.0878505299962026,-0.03363603873681674,1.0634940725641946,-1.488829098727824,0.3978083296755582,-0.9467466328697364,1.2990716702572538,-0.3105815304802105,-0.011421726310644155,-0.5967853104433178,0.9799470426212901,1
1.6425097994015534,-0.6905879917548812,1.477351425461074,1.2262251040768737,1.1190073744301308,-0.247841651443427,-0.27490634519150947,-0.44479029924253527,0.2889359509058807,2.285604799204714,0.9771459732740297,-1.452157361726279,-0.4941737683648435,0.9879951085457019,-0.16102763134456055,0.7957073073639259,-0.7969573111047153,0.3199762042918311,-0.5341175927216439,-0.43077223150782323,0.24417373572895112,-0.06522228919649138,0.1553790217808263,-1.139651074623672,0.5193942581864915,1
0.5256918663236393,0.14209639679009725,-1.5926008962118192,0.03439520393910984,-0.26059661609938867,-0.0039948797827817,-0.07301104242225616,0.8438246678431007,-0.3328941978714268,-0.455589606223916,-0.5198697980297257,1.628387446049615,0.356945721907555,-0.3217213092349201,1.0313269489023134,-0.35465604268512896,0.22465192487702912,0.7268848780710234,-0.8384655121497077,1.1504203134209299,-0.19333759566026257,-0.49225645578867816,0.4541383626312206,0.3607886235683028,-0.38032684576641856,1
0.7794499962489948,-0.45290295326916125,1.4520740274427262,0.47171637010119455,3.7377407508428096e-05,-1.62589490026295,0.1903135414122066,0.0716818731716063,1.3252408554895587,1.1618764582177494,0.8192087590851611,-1.4489287765337067,-1.3887391592608314,-0.23281599478652656,-1.4617682663979166,0.5501733025334729,-0.5947489216626185,0.728509583412437,0.5876888666405673,-0.7658615844524191,0.72254096268052,0.36908414044517396,-0.316006722844395,-0.4402976309660218,-0.30517525281160135,1
-0.6170476697367043,0.39088034003374267,0.17876657441941482,-0.6213517689867387,-0.7370635770286518,0.04295678878064733,-0.869488750832008,-0.8206449389861328,-0.016600634721320316,-0.2777734792379958,-0.5436451063102621,0.5402701273754406,-0.4423329964670702,1.5892112439215516,0.5001730981639543,-0.3059251390260161,0.38700583923681986,-0.8123067482795931,0.23994898240465715,-0.9396555245831664,0.2149659803081286,-0.15244469274849942,0.7498173315577757,-0.5318061620176757,1.5745198709585373,1
-1.1475915014607396,1.1265198105061789,0.09546415268442351,0.08820429822048109,0.2739252989494863,1.1671646715983652,-1.0129147179161897,0.4846950979351193,-1.1338636096669161,0.5119453945939911,-0.2894406161486868,0.1441809276804167,-0.6739535085551768,0.22973641296317215,0.4002354942506183,-0.490679098692719,-0.25146695864228785,0.2998450554947501,-0.18335659290062942,0.08669127866246039,-0.9211878203785426,-0.6500925502747302,-0.3056487977266975,0.5236546466541592,0.07363145405590603,1
-1.0634004734077864,0.5394043209154101,-0.27695594609256413,0.04731882259362508,-0.01164482356589543,0.5154965175256992,-0.5429913974101991,0.3638374770881627,-0.33074524303009095,-0.49666274859869614,-0.06783496808795114,0.6010537957314764,-0.47580881251627133,-0.25636222015852006,-0.15156148589043433,0.40810904428974887,-0.33229120092405406,0.2967664026194029,0.1144762911817988,0.14413830519085807,-1.3524510761885686,-0.053334030032226094,0.5613372245450278,0.381684963291898,0.07445139704758981,1
-0.48248667638856557,-0.7021768692359118,0.03497393894407007,-0.7737862686045468,-1.9812377523673323,0.2059211401772133,1.1883209452392272,-1.8851771795822048,-0.4141866873970023,-0.8737304994634597,-0.2971783482584053,0.3858469208206324,1.475073329964405,1.977655537388518,-1.0354028850966466,0.32283971959191354,0.9408200133810327,-1.5698920589375986,0.6169092401807197,-0.3505016682784151,0.7194814152918395,0.3059374912743966,0.70840705120389,-0.11127071258998918,2.6292639610209037,1
1.2782406580050523,-1.27258306705889,0.9442444148739854,0.5528104399009546,0.6067416022786701,0.11287055427289963,0.14631176976006516,-0.6647934051303049,0.27246759735258474,0.5644549620526931,0.8388890470618211,-1.2419529112980445,-1.3045640275998116,-0.15839190551978383,-0.010072818671486917,0.38538730629630397,-1.1180248688283747,0.1838746523853262,0.4292718585773069,-0.6150676382315428,-0.13146638901211233,0.4901285480640678,-0.01512963704947088,-0.17547094953009248,0.4150494276835526,1
-0.10285428709903571,0.6778139172428963,0.3863487273817597,0.22907991740864656,0.8606068418830927,0.972613774788189,-0.5742348488024003,0.6414009927024228,-0.2508893969120916,0.19027101567623472,-0.7849679827768716,-0.23869387519616733,0.17968023012380377,0.23390993392902068,0.32879233452839574,-0.3203600977273845,0.18875647702959364,1.095573194506087,-1.370584009112158,1.011487692714373,-0.11766770631231817,-1.5803309457428887,-0.8034655064132492,-0.10450326207065683,-0.5158059911555282,1
0.5729750523210385,0.40437209134408164,0.8840593164253565,0.6096924865619571,0.9141126327957226,-0.22826130688003357,-0.04905724012181453,0.01910508120631176,0.9289157023346671,0.826804075417334,0.5687964888537759,-0.2920008251054971,-1.5414885027970733,-0.6221984709719061,-0.36296471641430267,0.649971929902259,-0.7133910836560617,-0.46247749753102985,0.3862350341752888,-0.4772196416162975,-0.35134919848946417,-0.038554891882425786,-0.4121921000396962,-0.37884658283972983,-0.49629467862437776,1
1.0169708149395003,-0.8274482417579635,-0.42364236439259906,1.2339401534814638,0.2890021722546351,0.5951792615481556,0.4549429004788355,-0.39243648322653574,-0.5393988770512771,0.06282630879544092,0.49874181018973246,0.6285938536216906,0.06955316145240067,-0.49660648722850503,-0.27450690511319814,1.0724089683782707,-1.1434397826433298,0.7352819147408827,-0.3782148737892894,0.25108232009378834,-0.9917892971408221,0.7471554211468037,0.5988728684258007,0.16406291230303355,-0.0978597114610098,0
0.21167978914658384,-1.0580016390769837,0.2889802764934456,0.48667223453222097,-0.24902193733338251,-0.07619469889055018,-0.06015601517490388,0.23903888583789318,-0.40906152484963043,0.018244692267157664,0.6545360837848634,-0.49756949302775644,0.43369760457300016,0.6045910177086788,-0.1274517762275453,0.9837129257275067,-0.6848933096709516,0.5632085130556719,0.058331253288861316,0.005694425562481825,-0.5965633731958202,0.06320463775137224,0.8599076026241427,0.7842652863518575,0.6787590288301303,1
0.37834211752859503,-0.6126761458244382,0.0020576998087641525,0.7976723313674776,0.19016135799243006,0.1906264616200897,0.49677715485491464,0.17617958639682518,0.054658118025018125,-0.34172983270372714,0.06270392205415222,0.17715158961196237,0.47288076561718334,0.10312594164519762,-0.1495180363861431,0.7865426077671441,-0.39339388202476044,0.9534181668234094,0.2999651403042912,0.4278419979043167,-0.9345345012329709,0.16643445013006908,1.3029235162429684,-0.13307242944267939,-0.062156920215115465,1
-0.4049760784315146,0.982765183660525,0.41856584898813787,-1.2572096118224454,-0.738030766297643,-0.9713676413883661,-0.5768502395383278,-0.8915061857386197,1.3252763555356675,-0.6451688586102197,-0.8424118816093137,0.1946124793470714,-0.7996153052298953,0.37588604641299367,0.06518899753659001,-0.704694104241429,0.973931658723217,-1.585021118947526,-0.10349397133296137,-1.2181988512061956,0.9470664165393238,-0.7012484340027527,-0.4088215869747386,-0.7393655880766202,0.6643809302009706,1
1.5419140943619984,-0.8868965618729295,1.5112473447116102,1.019609165004548,0.8305646482164988,-0.3712816020207928,-0.215119728381703,-0.4406138306787846,0.3572477489458407,1.954315652010405,0.7558798681226222,-1.5858282894633557,-0.6160840125766931,1.101185898052305,0.16258724807130953,0.4344966151717913,-0.7013452198144661,0.4896570271663753,-0.18159541049488348,-0.6446555076314036,0.6485046642358484,0.21584246381641997,0.11213077667431864,-0.9865720475045527,0.3531220846876792,1
-0.9576002712739772,0.8651420599091886,-0.5224189969514915,-0.4484077457079425,0.062137474185055185,0.4657025339140818,-1.1154671039759039,1.3946184059322209,-0.5997001387678522,0.46954123058584873,-0.719169827610816,0.5913890286153892,0.32695588992164715,1.523166159413539,1.7198253387972655,-0.665699418647553,0.8728387489670918,0.537890386198701,-0.8129753021611477,1.1891710278971788,0.3447809172527738,-0.9845005318576338,0.043056985594792326,0.11412213399896101,0.052087070791780626,1
-0.4636780660270571,-0.11247749613194018,-0.42509448944201567,-0.630207143156876,-1.605525625356097,-0.33423582862856516,0.988346055737777,-1.0732475435431668,-0.3533952837910322,-0.550728803746622,-0.24138951664942845,0.18254980035936536,0.8712373164026079,0.30845968285658787,-0.6163794407826072,-0.5202307735463659,0.792419483750984,-1.0140393722164027,0.8702386075401336,-0.4951346065568915,-0.1273327554607492,0.3565252342056507,0.9656139668516708,0.02772922973564189,1.2466031300911748,1
0.46961545426513657,0.07112267014197049,-0.15212465197607764,0.8402525812872081,0.06679757565816212,-0.1826799291606957,0.5518102452206315,0.5388360873254848,-0.1276830701591391,0.5396711673256005,0.35127971513956546,0.3300667399799458,0.5532889479998339,-0.3348003189376087,-0.5195729507710992,0.7379175163319873,-0.2854885537428626,0.3840194219144237,-0.20796973782058256,0.5709134665148796,-0.5493858929442986,-0.2289681818199601,0.2844826376346698,0.3695416947685308,-0.4394494269768482,1
0.8337990377960701,0.14739491798656398,-1.2721594809267904,0.23646342190220151,-0.4753075456882036,0.5304297018912648,-0.36224567965120036,0.3508438401124467,-1.2235993833168308,0.17699566733434346,-0.34493679934028015,1.5930776470860017,0.21497390109083142,0.3010882726362446,1.0857502218030852,-0.47208202343429706,-0.23035587773768137,0.20969797207594715,-1.0644994734277795,0.5877176200102829,0.2876897034308158,-0.7077929363311749,-0.3421532386240986,0.9925101813038408,0.30421445091236976,1
-0.4977861015906669,1.2203408673317693,0.1472545511983071,-0.24311568438227524,-0.05038897624504264,0.4083795096095147,-0.8074609623143131,0.020809479402535302,0.15834002146853737,-0.4520965534370614,-1.0748851176108083,0.7584062858819002,-0.9216304130601838,0.016358726958511257,0.6340299799968288,-0.6081578651862245,0.09618710561105087,-0.08186684486503157,-0.6700977751766322,-0.4220624257870573,0.6978511269118687,-0.5471164398976018,-1.3916418149958716,0.28056264263086134,-0.7803942429843286,1
-0.6411780213064958,-0.11723204845445186,-0.6397869388050098,-0.11790162047388004,-0.43521600821597345,0.3502689151268438,0.2631408214376253,0.32112565753042904,-0.34545371735989344,-0.5584811095389564,0.1866518803955549,0.6305522953168232,-0.3639211082803821,-0.39884307448977374,-0.2759409253910792,0.3729764553939005,-0.23347541581843828,0.2086732407571706,0.34814939324453964,0.6107128469841047,-0.6912219296152304,0.41873984459822056,0.15945609944348163,0.7014191449409531,0.10693160978117161,1
-0.08411884357798935,0.09516584444700589,-0.1855030092811135,-0.7467250412348942,-1.5091535347299259,-0.8953849181290312,1.485890746979014,-1.3058175094944895,0.4433471169647452,-0.12939987231752978,-0.42545007843989974,-0.1341117874628428,0.9317553358921692,0.08288725788247686,-0.9546965961653068,-0.7174972045782564,1.3597529747963357,-1.1819108008169292,0.4185754673386533,-0.3233359041487842,0.9231089375383655,0.4812029415983547,0.09555684718363165,-0.7272995742182478,0.5885123291315351,1
0.316076329542831,-0.7733190646414948,-0.9185936387968857,-0.17818849208581825,-0.975840479076028,-0.3868443435371908,0.48313628047252244,-0.4826690171564407,-0.19445370537588785,-0.4087750470509907,0.14874289110978917,0.7525501044251933,0.43868350923284843,0.4974371962618348,0.18693305967014345,0.09805954104439286,0.2074363804653752,-0.22140137309115915,0.5127864266603613,0.05922607248823355,-0.3917351579249596,0.6086152945749493,1.6695559407804512,-0.2066411786405095,1.2160091672272182,1
0.16781725586001925,-0.000780015299057185,0.1102084607428176,0.4953843763921705,0.2136868728042329,0.024403628375163855,1.2232815570856936,0.14229194944181245,0.16708879577314892,0.38204661438955495,0.4353735589608351,-0.2828429873531329,0.8481252511046514,-0.46256215249895133,-0.36719171470078016,0.6569849321101318,0.18874962172323212,-0.6552848286183445,0.353436598900807,0.5508105533318284,-0.6637333450606915,0.028246172922061174,0.2700924836199722,0.10935078204796908,-0.4307250906458954,1
-0.5418606140305556,0.28443908523580597,-0.19156597276508527,0.6544677428352855,0.3546395205090394,0.5665243701117298,1.251233581493685,0.36753587418921463,0.3721185676156964,-0.7900556432368793,0.022495144755699064,0.7620211248378809,0.8549532153620604,-0.5273754521609774,0.020180689095194642,1.2380479960155617,0.057909011232537964,-0.6648606956205609,0.8630321752983222,0.6447683485250502,-1.3237898177615992,0.45257423540267844,0.789118269566783,0.2881494959799678,-0.9677417154204276,1
1.649259774153806,-1.2797720096744156,1.6258603581520845,1.4305825263767293,1.1655576582153049,0.1645405077082849,0.7295266197621764,-0.06487465439923007,0.6884013364012002,1.2383732477218459,1.097134441321206,-1.1989515522239873,-0.5302507269183985,0.5528516565213711,-0.5853436047691916,1.7296615288162103,-1.196717490273059,0.4391895789077568,0.013810936240183657,0.23446174816819515,0.548980850635833,0.27069854903169294,-0.714684159411046,-0.14408240773622696,-0.22932748263682737,1
-0.7181279186899899,1.2342812786163202,-0.38022783042249925,-0.1487833399247996,0.04301080904998746,-0.056798528444143855,-0.5598762914628189,1.4691613318949166,0.13331110518072953,0.1659252008930809,-0.8681946192108141,0.9458194346222393,1.0320066946439725,0.9906890358007221,0.8207426709949367,0.08277524147287367,1.040814817917438,0.34435613144601723,-1.3627045421429242,1.3560788542877318,0.6103940029881553,-1.3472910987328,-0.500372622539121,0.18935499138720044,-0.7268692823757118,1
1.014707415915443,-0.5508037478034956,1.1381762357550718,0.45660779314000544,0.6062054067034317,-0.785678021510734,-0.05815734026687481,-0.718247809132938,1.4078368696731391,0.3538514440871741,0.8294968953161291,-0.9299008186875454,-2.0922117255976413,-1.13756557724514,-1.0605826783534937,0.911744105041744,-1.185398056974673,-0.013161136597313225,0.05232651895361511,-1.0512592859767516,0.08210758547037345,0.6886288059409204,-0.7820414562060365,-0.46728105643007,-0.418094796261883,1
1.5740719461274388,-1.5954853634176698,-1.6713688451576723,0.05412091528600379,-0.3084926408162211,0.2619194323567133,-0.11237067529780935,-0.8973384118131649,-0.7833890679738732,-0.7032734231417898,0.5352042179917692,0.7829584209507162,-0.29135433312354436,-1.2166715053379131,0.6122379450734945,0.15159047908666373,-1.0015057530200557,0.2538039590283652,-1.3874659393341924,0.19539535704245717,-0.7635979982655988,0.640189727183279,0.38298725198583333,0.5042056687445785,0.7433500638481636,0
0.8289893144939731,0.31579481062905684,-0.4813430806108846,0.34240245449470996,1.2081108218984669,-0.534812838727534,-0.4771970286957735,0.061899948480113175,0.5658586099023437,1.3684443040492702,1.4596822757099972,-0.10797363455563097,-2.643449129818496,-2.447105978758188,-0.08352957601115645,0.16883519809988307,-1.1310526459681562,-0.6317703936021878,0.18890114457969193,-0.3430970757263611,-1.8243172235451797,0.6362256839172159,0.2805748498612319,-0.6393175598622995,-0.40978514477467903,1
0.24046765809067885,-0.5446329815937532,-0.9409522828350529,-0.9793958246156966,-1.0477472474755802,-0.6657384565395811,0.03605807060334486,-0.5732008684113137,0.05462983676547116,-1.0642696928377626,-0.29193047649003934,0.20226641925838673,0.33108045743097864,-0.1656731997092481,0.592884741210492,-0.8723406936251086,0.6053080464032778,-0.5446067756729298,0.20594220250871026,-0.3518176156588648,-0.5560063503809527,-0.33156346028656886,1.5516468959214411,-0.09582813670004355,1.2772466622291803,1
-0.665208129261248,-0.2002554667246601,0.21761875423299462,0.23203634202549436,-0.3318366548411984,1.181019281074121,-0.027034357619813203,-0.2374547258799233,-1.2418732125612242,-0.009147377692616436,-0.2958727477971198,-0.36494222645612745,0.21391860377752062,0.5554999668203234,-0.2750915396870897,-0.19387404414520878,-0.2646703298108058,1.0155556780868509,-0.2485725605873559,0.2985593149541068,-0.23411513706391426,0.10309750170232264,-0.3066955045449995,0.5225798754307254,0.3315322206823121,1
1.0884113939471889,-0.13299012330846316,0.9006375211193091,0.8985952719030551,1.1803843844424184,0.044855749847203766,-0.32109592582302365,0.27265409559644244,0.5127046651408583,1.350777314426241,0.8661563058823973,-0.3142424849230912,-1.1538833054789317,0.3972932491064225,0.3943419765702527,0.9715665143234455,-0.8968685299140817,-0.38269575377359855,0.09693246098752348,-0.14945841727848877,-0.17080700700637325,-0.24515791633412323,-0.09755788025619665,-0.2690678543798143,0.06954165758340522,1
-0.06990029306558736,0.5978759099745264,-0.5877231699750978,0.11834481841771174,-0.26755655623899227,0.21492716755037822,-0.6278771756140871,0.5229854029644959,-0.556353604600204,0.049737229889745105,-0.5760809358686463,0.9463503098664068,0.04499898650664236,0.2778160584808183,1.1523841896843325,-0.37666876123473114,0.015468673867614502,0.24131849914550116,-0.8711846995472374,0.11650214654328558,0.42686003855620125,-0.2619216560827158,-0.5685806508765862,0.7077158553308845,-0.6158888505906632,1
1.0987566565375075,-0.8530973237834183,0.3125424120203019,0.1742659196626145,0.20744289146357608,-0.9060300525494219,-0.026931085100622247,-0.7204742268458094,0.69388903486908,0.634100245638937,0.907389736889355,-0.8332962675669953,-0.8994953405744477,-0.4427807285173419,-0.21286803890133596,0.3391128174502511,-0.5303831668158409,-0.3392903388681636,0.22696351571262405,-0.7831475822493578,-0.5867845205355794,0.47914029110529766,1.0017730724043592,-0.81006883646165,0.7219090285251905,1
0.6029002266031038,-0.9197700102425296,-0.6026259872750109,-0.5903871320943344,-1.449002171723366,-0.7069244769806574,1.5586907968949884,-1.2613596621496141,0.2251458804482261,-0.23508026437623927,0.23604990349319047,0.07817019866846374,0.16991750939060715,-0.323532450205891,-1.183106413417449,-0.20244567421910595,0.517890073061585,-0.6406833044798335,0.2715405546621968,0.1504196175321138,0.9148890953798237,0.9530843482166065,-0.21149043660393893,-0.23766097672637848,0.9026920639376987,1
-0.07861329009025213,0.03145290934434392,0.13829253608036454,-0.4530772459059522,-1.0371871909256227,-0.5254333882480285,-0.09137539304935968,-1.1684725097872475,0.2196827191705916,0.024450337690317497,-0.5719857026364136,0.12590743258882486,0.3588770179930408,1.2507952833790457,0.015573078248279321,-0.32846023399323354,0.7268770949885496,-0.5386526507757696,-0.4282099837758561,-0.7605955295448299,1.1222061315408038,0.39217805461274885,0.12661699433801624,-0.8060092020892073,0.8705172535997523,1
-0.6466442885017398,0.18543717302413643,0.3635974921062653,-0.8311457592695278,0.4884829825490366,0.5262032680830221,-0.3863263010650508,-0.42041469859555863,0.06649530381758889,-0.5895710362472497,-0.46172240501096945,-1.4019726399914476,0.9571047874917612,-0.13500480274297386,1.1933522324789057,-0.607031695509644,0.8649146995609529,-1.1451500457008508,-0.8373511733117137,-0.15878278023399836,-0.9304069895750882,-1.0674272724312446,0.2422040297175939,-0.21910759484810985,0.21723070455460664,0
-0.7225146917293049,-0.08708358582789522,0.7694791248954186,-0.5592132849244454,0.3422503441747545,0.784967073907902,-0.32451209174948636,1.2840652298836694,-0.562129914896085,1.0708531918233706,0.5452811384122218,-1.10226125465637,0.07747976364318196,1.7475983841724314,1.0211718237310308,0.19547972574441252,0.4070656675990982,-0.752867211722202,-0.10888498975282086,1.261525551816378,0.7658161027727575,-1.1991100635699108,-1.2728379652309676,1.1686074693496347,0.7847683898553708,0
0.475444757187942,0.39066646740940725,-1.6259435230111814,-0.9820622098933856,-1.316484880376221,-0.7276214695533082,0.6173740720163858,-1.6020887280010185,-0.18034149475273156,0.34958759157383634,-0.05341458740503936,1.0633973681071518,-0.18380717158332777,-0.6845681634621754,-0.18100894890769362,-1.3276197263558438,0.9963131897094284,-1.7589724975209897,-0.044635980187702144,-0.3885882768610269,-0.06080260118241926,0.5438849076295645,0.7337645737960272,-1.1261365678698465,1.4212075058250515,1
-0.3834730145456428,0.030715189255151577,-0.7162315341979345,0.43693632635743795,-0.16258172278482552,0.39755350402437,1.4300841706541665,0.23864562671963455,-0.02205957141347642,-0.8067211862523965,0.08273184440466065,0.7557587424815174,0.8623699825842697,-1.1671179228704875,-0.5010227403104534,0.873632705356878,0.02758737862535181,-0.21782597934936712,0.30299210949764954,0.9145284730986363,-1.0071747732458596,0.6228266409931946,0.16284261631791455,0.6553236450563344,-1.0160667051602779,1
-0.6363863026108398,0.6836843488499936,-0.1395404259199869,-1.1163552949395135,0.010014571573592155,-1.1148934747947286,-1.5424803566010867,-0.1189955688513993,1.278582482792911,0.2507682327387671,0.0529927701743958,0.3357103795783492,-0.9673300126392104,0.869658187216151,0.9599193625190101,0.20633040387588136,0.767903801717629,-1.4349734902790057,-0.7350423497974182,-0.5069297625782122,0.18860435048374272,-0.09359187896828103,0.5482983442140071,-1.2563546144192144,0.917264725139351,1
-0.2617162802537456,0.33262946744926286,-0.25722212019372487,-0.7141674754086951,-0.5302882693793525,-0.5371696000847968,0.0417093122793007,-0.6096049919953771,0.5338333451177072,0.3348814241962638,0.021577583860179318,0.36779360822914087,-0.3615419356143356,0.668085201615994,0.36399429155762236,-0.20531893951549715,0.7934377980155466,-1.4515139857934742,0.27666192592236327,-0.2744377406344717,0.40804077147420026,0.4138591455731853,0.384179492684579,-0.8631238355481319,0.881523012426091,1
0.2337805764031882,1.0009135142898151,-0.4484222064152289,0.0006997403147683252,0.5649736837691247,0.7351217509888226,-0.20682032806109396,0.5660590413320034,-0.23532267171701987,0.19141381216470318,-0.7856118702547816,0.6847178687964877,0.039910804557960235,-0.17913585672531065,0.8345489235929557,-0.7704706896267838,0.46771710619373214,0.13183007425375234,-0.9285776752955575,0.9720825137483171,-0.12225254018135502,-1.4392630472916441,-0.5572756413661165,-0.09979023326163083,-0.45544577967789357,1
1.3759963849518158,-1.2421947877575907,1.5549531615320074,0.8068909249578263,0.007172325624318065,-0.8489575186745514,0.373311085676964,-0.4617265420676385,0.6669857317562164,0.40580099973894557,0.609914210189237,-1.6083809344298763,-0.5832561190872226,0.03488288104461711,-0.8129780345237644,0.5523150820344457,-1.0168928724957136,0.7171579070590327,0.6015514794027426,-1.152106275552019,0.3327791867829848,0.10576317103126302,0.15910345587589317,0.15223769296665668,0.09644077622299684,1
0.9524962764665516,-0.44850311773497437,1.782641962145852,0.8425448302451005,0.649498964937031,-0.2547360857384172,0.35057048924691103,-0.32690783351574393,0.9675979018023506,0.6786941249470003,0.21877179640671116,-1.308326982835666,-0.6051923927387097,0.3546699260682784,-0.48035287078208366,0.6981898444908302,-0.5967571802008325,0.3162958691064357,0.12487329489639688,-0.6368221374525596,0.8215511347227598,0.013771758607836953,-0.8069345308451833,-0.33319116113193153,-0.5885212992201646,1
0.6452122144193364,-0.3305610470723449,1.599126313902092,0.8445471739058228,0.7808818076616566,-0.2940472952922489,-0.28700035809469593,-0.19865867311576785,0.9120058038441652,0.6832568160734278,0.23179243685411577,-1.17940339974111,-1.2982618323394346,0.18103474533518893,-0.140974758200341,0.538089716948209,-0.8744581475451624,0.7536645365013677,0.23327654791948976,-0.9302459037182119,0.3934371734667904,0.4538814622970717,-0.3829715032051828,-0.5320007559050436,-0.7337157539291115,1
-0.4532268189660234,0.004438408332562979,-0.1752282445794299,-0.5004775509829016,-1.5806514508763159,-0.07353320132307553,1.1656704103459212,-1.6379403129361068,-0.43948106317938146,0.1614731408882009,-0.14825436286917573,0.19261973694177645,1.0640337635570762,0.9239905326625341,-0.9050630486070166,-0.17377756639676248,0.9616742737869863,-1.5111633715773831,0.2630339760515484,-0.3961672953977888,0.7229633630800721,0.8112896097605623,0.041794314427472924,-0.386876749104907,1.3447460712405737,1
-0.47038344568014967,0.6958332597067903,-0.282945663973413,-0.7222867230129701,-1.2233935004688334,-0.23570039868992637,0.16771857316602692,-1.3556687748227512,-0.2129978294623693,0.000844509231494501,-0.6363793334873984,0.44553655428875694,0.40889403717069045,0.7033549142857369,-0.0567225688831302,-0.9247938014575261,1.0140057920622474,-1.4039904559234997,0.16249380466829844,-0.8884470311083645,0.2888556781057579,0.08402649357859492,0.5148082333846583,-0.7143501571428951,1.2048367193405414,1
-0.703846059142336,-0.0019376721602765198,0.021594900642501344,-1.2218217247009195,-0.7229902022434663,-0.11668189047709612,-0.6590801100040939,-0.7894515028975658,0.20722169335156126,-0.48139778015772283,-0.11130232464436732,0.06953993961975374,-0.4739759007177153,1.3271982544786953,0.6138068228123853,-0.3271389779246557,0.6443995564486984,-1.54336130830437,0.5806690326862756,-0.6864104153876016,-0.1721732302426777,-0.3098612098744914,1.0689713108500478,-0.47904602481403774,2.1589813753857867,1
0.9240442988283344,0.08035318147284014,1.6629700523028637,0.6870430499098136,0.7573202049870753,-0.8793994160056947,-0.5560891630510326,-0.005469360582505165,1.1514178396679922,1.5467660728987074,0.5763363632828709,-1.073894767403557,-1.4612305560061034,0.4627508094578228,-0.5084627236424697,0.6646042469274831,-0.6666962433626603,0.16946702161612426,-0.14741324274655257,-0.8323194173141959,0.7874443126458303,-0.20435881454945568,-0.6980529837087937,-0.7044901862073212,-0.21113917598217227,1
0.04601716440728027,-0.6140005008535676,-0.8232222922362731,-0.980642822731959,-1.484285713462121,-0.6899562805646682,0.5618247208739143,-1.217257444000846,-0.3568847097085505,-0.4870522559877739,-0.3066139766492838,-0.43329344097960437,1.1269848587649236,-0.0575632434212267,-0.16454677988535837,-1.1186203882328234,1.0333471346637542,-0.4469486067811817,-0.24786082463237746,-0.3003655340473909,-0.09377207406384712,0.16007965981970662,1.1355719506419701,-0.46226382689607703,1.3162197862299039,1
0.8223878818623065,-0.4376973131058931,1.40053412590095,0.7123745579576336,0.9322497909337306,-0.45550973252009,-0.22934155133881276,0.029979010978348684,0.8719350734138528,1.411254776401547,0.4616464448732231,-1.4584611206281928,-1.3428400696518417,0.32398409069875234,0.1369196347721118,0.22332197456223402,-0.5747809739807103,0.835271919251429,0.10038948049465696,-0.44075200912213275,0.6743245911847687,0.5728241985839069,-0.4041886352429389,-0.9339498095897558,-0.6773392617818106,1
1.059157356822002,-0.2797645070994647,2.087682520063584,1.3810760671285873,0.8358809986038294,-0.28321699665765326,0.008532491246288548,0.49694580650719966,0.6376149697136555,1.3711486959727726,0.6456786687026506,-1.1965916113564365,-0.7627595549382968,0.74784585846935,-0.9356786710828691,1.2262502431620579,-1.122213682129397,0.8600127629803527,0.24970916160322906,-0.37701660349515703,0.5503067665651358,-0.6645915027631693,-0.710867425742473,0.22744536529351933,-0.350191130011912,1
0.38300519508017633,-0.6717669392115673,-0.2204236740884787,-0.3699311402962905,-1.9648111138805966,-0.24084785457979693,1.0216666726046078,-1.9600990514488206,-0.42223061340965695,-0.779850558616694,-0.7455793155848714,0.4621845282046571,1.4690561454588749,1.358640060128766,-0.5744391150812826,-0.4536577979379099,0.7782914165889909,-0.6925613838521995,0.20171729454562748,-0.8479277641302861,0.9053505998791394,0.35643508570221527,0.8926844771419744,-0.3613265209506101,1.7875578533792331,1
1.308819762308965,-0.9258751782600635,1.0850805953784939,0.5982923018218134,0.9820242257966716,-0.32331562977440353,0.17910733303178192,-0.36919257893121615,0.9172505135321718,1.0130265738133744,0.9642400965185683,-1.276730754855585,-0.8187601632916024,-0.08469044361505383,-0.3551473975281595,1.0027105511059191,-0.6998175367496313,-0.07549809858163795,-0.36982665174112106,-0.0757856062320587,0.13181149812536355,0.13363868681827407,-0.356805510218755,-0.6645683221518666,0.09056886381082954,1
-1.0465705129762866,0.8879307401635483,0.3704596942714672,-0.8456911151152322,-1.351779522522149,0.1609305328208026,-0.25304761556276206,-1.6302516513579846,-0.3419361126449558,-0.35529777093200077,-0.849463393715815,0.24239160822237538,0.4642628515852286,1.2817326946181757,-0.33076517490718194,-0.5998342108424956,0.8884271006570136,-1.6753844968491267,-0.0821180943424144,-1.3290696903680546,0.5198785022289498,-0.261272600018296,-0.11262022952255268,-0.28168758959816964,1.518012521897073,1
0.46520449332656366,-0.8002983174030864,0.5587623456412241,-0.26831434942450977,-0.3731129518191108,-0.6636982471950297,0.9615114712564402,-0.3448041828353434,0.7884233154488313,0.07559278304992177,0.5626779160725295,-0.9375286757190406,-1.095695155831592,-0.4401516494126683,-0.940361345326931,-0.04058964383579904,-0.13057156989185517,-0.07919193713174609,1.2257804903302456,-0.13492414963463176,0.2995096783301589,0.4405646053635302,-0.04445582402034146,-0.14327762857406456,0.4200511425237888,1
-0.22288511400331998,-0.012417918473483508,-0.22996930727068124,-0.848264524421967,-1.0244560338760722,-0.5459927468905487,0.7238261627471583,-0.8641546721211936,0.36751083966867293,-0.27716347011269693,-0.056247723068269966,0.0428459804594142,0.2783840744784136,0.2767884607429728,-0.1482325151864465,-0.33175921698631033,0.8867918575743654,-1.5496801120355952,0.5521937956812948,-0.33820048654541607,0.3181173775853572,0.22202835282807337,0.3593187323702338,-0.29833436977518263,0.9861641121651074,1
-1.2294294800566583,0.36213541251726233,0.11390694672222598,0.592525833051604,-0.18563715382468715,0.9887186176160865,0.20725271102732726,0.03846976077436438,-0.7512528154170263,-0.4048656133495492,-0.36841744603801174,0.336302616521203,0.9863371634824312,0.5035591907957839,-0.07196950854049669,0.7254409194723699,-0.06831472172250289,0.32877660786728,-0.008518163862947205,0.18219145063251455,-0.7963767444023232,0.5076065100421042,0.30924268019587564,0.5016502055961015,-0.4608029101250429,1
-0.2379437357774358,-0.20435865923214985,-1.2469852248234978,-0.22781541303013303,-1.38401658065213,0.21246018916596818,1.2184067022817642,-1.1206776244948347,-1.0548597155530317,0.4249419593955585,0.47408041129341555,1.0235055429394473,0.5699190660035737,0.33087870876349557,-0.5492865321742189,-0.08726550623131732,0.4590982777235457,-1.314622832298502,0.81360057641913,0.20886281765292056,-0.45158374260822887,1.237543380109471,1.0281460560553157,-0.1671974947762036,1.5835535791375621,1
-0.676830300283329,-0.1735444947041407,0.4683272963803876,-1.3261403644167749,-1.0348684451756833,-0.6719434271180255,0.008432481922467363,-0.7354795068620295,0.8843797904607267,-1.2642203643242116,-0.34905582051481615,-0.4837129728941996,-0.048548154430501186,0.6122303717742063,-0.4007522782008539,-0.17252081373815492,0.799845334649564,-1.1657079795404048,0.5805664714024383,-0.6835678971859455,0.16960565826849408,-0.6445278269682115,0.5250312696720318,-0.10330352523054998,1.5028290584475055,1
-0.15585026171788816,0.12823495065011278,-0.6709222916101356,-0.6413901693581702,-1.8292003907923704,-0.28109200334334444,1.5663467250884389,-1.956544313889503,-0.5521476715012805,0.3620236760440019,-0.2262842540906498,0.2867181407747639,0.9590685488387,0.18368079512558394,-1.3390725477927832,-0.8622098941347937,1.1961798730651363,-1.3731661661264667,0.2347680090745431,-0.2703395763859395,0.6618776729690662,0.9094889088514863,0.07259900065265254,-0.783906256985997,1.3328263304966848,1
0.0846801085903691,-0.6072588686734534,0.21947983837828025,0.9402613732056124,0.05106992590034478,0.7956799073531674,0.752070370295175,-0.22023565991960042,-0.5372252392263228,-0.18216256652583235,0.11683438855785369,-0.05623319412929815,0.8291346250479054,0.14178107150320268,-0.7878420019619312,0.9975682052058888,-0.5194536398523494,0.8989296036109943,-0.11446053933109679,0.5416831275894719,-0.7766121675390123,0.29810965475021317,0.4433745349846357,0.23664297681695123,-0.012649275029405086,1
-0.38026877816637256,-0.16407432628404553,-0.9828602482479575,-0.7916133353287749,-1.22763210183919,-0.393543519824611,0.6860940044816788,-0.9504428684229959,-0.38801785249037296,0.21695922616278396,0.30291416682797323,0.2795805595015757,0.28807647347670734,0.07190307113909591,-0.41080092407210467,-0.48704524854663117,0.7966174749716267,-1.1126098014557508,0.4431189997828567,0.05407143831998798,-0.3379558898363848,0.7814980649953247,0.9952047665455169,-0.5409833157130385,1.4544427709317267,1
-0.12526836404409344,-0.5059934441093099,-0.263596157423691,-0.7210730558109241,-1.4469835196532943,-0.0566173779597859,0.6980623653796,-1.5158782990888426,-0.5847732846040741,0.05250356708558401,-0.16615181213865884,-0.3052083438813659,0.3442668248630085,0.6033688021979985,-0.6625782832502638,-0.8140867813857828,0.66786148082738,-0.5300381627500248,0.10171307742188676,-0.3251922617833867,0.6581213258694721,0.6425260844044098,0.0910260189963769,-0.41388659499175745,1.5015855172930856,1
1.1361460309705833,-0.7182788387652174,1.5272161766052155,0.801830041300843,0.7079342581071421,-0.6499051597022892,-0.6464183802077043,0.13876067541552004,0.886940966988807,0.965746139202172,0.614645317227496,-1.1172697687947784,-1.1375598022576192,0.6983035005967242,0.10080615824132087,0.941251160104843,-1.020219133777313,0.6033527188836435,-0.27310163288243045,-0.7542023538225874,0.7763397148300054,-0.0011958936452560265,-0.4802361789751581,-0.11645280990146929,-0.21080939776921187,1
-0.021828745829255765,-0.44305739896940577,0.31981644973664675,0.728636614109048,0.14394766873529938,0.6955512904964366,0.5468198322936472,-0.16354686557308865,-0.6865364688829547,0.3327244053909325,0.3525737765308317,-0.5418035277756282,0.7995938224049893,0.13204843161455143,-0.4267770545766765,0.6967348255583135,-0.37160200078072425,0.3321112050324098,-0.13317876194529019,0.3445878318235091,-0.8141703739573776,0.16120701107155433,0.3087749854206984,0.3171523102842181,0.09301659966551944,1
0.4572680524736831,0.7560310171255445,1.3904772114339412,0.6986547209722088,0.5604914173244315,-1.3001260847857414,-0.3209301140201283,0.44093866183473956,0.9438408840192206,1.9765367005487238,0.4263017638558938,-1.3241060024225666,-1.1459693264338946,-0.32940190777223194,-0.9490595195261711,-0.06212693279895845,-0.2441709489954611,0.6883739663991972,0.06356883224293265,-0.6810284650241546,0.29813133169145284,-0.2737163902717856,-0.37528972251285314,-0.8291987356989362,-0.887614610543486,1
1.3263544618675847,-0.9423478599394826,1.2820888334241485,0.7729284444985783,1.2067300666554224,0.23892189838859845,0.028865894208723663,-0.3463527617100507,0.6863338881062558,1.0815503990269986,0.8588526456638796,-1.194137211319288,-1.9285481881588198,-0.017460366689794084,0.22691219101163987,0.5841396093669317,-1.187024569075184,0.2217384061317738,0.33201724561808954,-0.37624074700887583,0.39967317742047864,0.6509632162733077,-0.7688889922662909,-0.4849160624384376,-0.23752931550891251,1
0.7395748587256779,-0.7137012236616339,-0.8499940455826366,0.14579172477909363,0.09565184777437674,0.14077933974807005,1.9031333048326087,0.12070760229794704,0.6789447305460783,-1.1407010893501477,0.027608922214374675,0.5434635179471803,0.029608469737634504,-1.6174169123448165,-0.48577711834143794,0.21814878500012308,0.07933311485706501,0.33066279740647636,0.8635168226034442,1.3224408987723562,-0.8525909638703831,0.2973316136530453,0.6213802155828191,-0.09677721313276078,-0.6255966501057775,1
0.43574904171686096,0.03921690473126653,0.6309478524743692,0.5671521447710689,0.01614467292177912,-0.877709804331259,-0.34001965435062637,0.5881378560254235,0.1779398005226319,1.1280240945575437,0.5409070941286009,-0.6251716511047973,-0.9404786597942626,-0.04565847579421956,-0.2526866179275932,0.02165443413066451,-0.6085397623095354,0.6832450747306751,0.5512533136912912,-0.5765830132526778,-0.13571463153508195,-0.06060184199043686,0.35914748755188175,0.17685519830892066,-0.18933408185935716,1
-0.7746119226048134,0.4337397998319716,-0.48920207820815365,0.43286619356468053,0.035918534793855754,0.8557602398844034,0.9889307016088239,0.02140041839811085,-0.19091470055577503,-0.7270389272921961,-0.33738885181748984,0.806872770976319,0.7663270135535035,-0.5800503978052026,-0.28173848398112933,0.5804916328760076,0.1887609346537825,-0.04050278222593613,0.279797930408622,0.7582632136653279,-1.144534188430931,0.4737187271962655,0.4408529423204694,0.08577264103234118,-0.7568713352587466,1
0.5325091955055985,0.11953016905790402,0.09253297452294226,-0.07045089178556717,0.20544388667621952,0.43629503989022045,-0.001751461915755647,0.5322670836337186,0.19317719543272438,-0.6823347837291014,-0.5939142023625029,0.35444928317338054,0.054224229329069666,0.042720774620378286,0.5003451188643714,-0.062468818032109616,0.035845727333231055,0.12230243144003933,-0.6707441773583332,0.6531545821524294,0.3986415793215741,-1.533702151201364,-0.8967886978568763,0.7779074525404098,-0.22417634725124305,1
1.6703983935702729,-0.8646138047377594,1.6505390238643414,1.1250027439361874,0.6738623120543269,-0.7056135077736863,0.613973906407751,0.05294262524525936,1.06023740672181,0.9449928743906963,0.9679925559298576,-1.0338337379523812,-0.21923648659816564,0.5929642046611244,-0.6686287738934045,1.464179578156811,-0.8470895487028746,-0.22979367092425992,0.635491997770242,-0.4456539731538433,0.16805180889829796,-0.590047116626178,0.30174583109380915,-0.03770468960763702,0.323256913867064,1
-0.49763991509213495,-0.020107342349785052,-0.30093461532281807,0.16163551950085275,-0.2004257694488879,0.8942932325504728,-0.1904739125652834,0.0004314342245962932,-0.8603617639161906,-0.47905580199326975,-0.24085938670965037,0.2658374763316149,-0.19405125752528707,-0.3242670251332508,-0.6313541618747107,0.021382183726208495,-0.447487704968447,1.1653447700380577,-0.44547791653249197,0.5291757227478783,-0.895465466293922,-0.23485917248921506,-0.00010938315546932871,0.479998103698039,0.25464766726333066,1
1.8113355809024785,-0.9746432047606661,1.8182167639269375,0.9824071401915656,1.713624490665367,-0.1469117737483545,-0.34907612521249115,-0.7291586072354177,1.2396725938471425,1.6047195492984838,1.2630296782083528,-1.6243602577836074,-1.4964147150332967,0.11874894755180128,-0.6666351415849948,1.6130392934648847,-1.2564088611911481,-0.07701187578627447,-1.0629017308374602,-0.34322919464658336,0.3441086753794542,-0.027064397231520487,-1.0193623860460466,-1.1218921219031728,0.22058843830966965,1
1.2691390510895748,-1.495968453018579,1.2870494779397046,0.2170674590701082,0.2849349312918943,-0.9745198561584848,0.29492391934133794,-0.37478021483777696,1.2189217788890583,0.09616606045176213,0.8014549407444589,-1.7237676461123128,-1.0629362164142175,-0.18442657348681887,-0.5730222441029912,0.5400464341112323,-0.7473320668658069,0.4369991554459297,0.727839905158316,-0.7143089766583156,0.04102882851390386,0.1051815585728349,0.517151908360544,-0.3501680302996516,0.4636622825008407,1
1.3294482605682214,-1.5901989457305372,-1.7744443373126226,-0.019836554476730592,-0.4445714310256629,0.0691357861606992,1.614572480080522,-0.3027004561564981,-0.3653942886843305,-0.8563090708532917,0.4060670568814049,0.5140668245136786,1.329300050138508,-1.2785680902295968,0.5684288105557883,0.1864571349986544,0.12269072335645133,-0.22502334217230685,-0.5999038041612849,1.3053902503500292,-0.5178224907653851,0.6368489155519361,0.5751183301526257,0.5383575071626465,-0.05092983059590738,0
-0.3297424727009247,-0.06853555964873137,-0.8892568358864777,-0.6945955909412186,-1.0075415710376394,-0.4517576552179486,0.280339172856292,-0.682212286505339,0.017267663208790883,0.08440290442472365,0.19366602151215162,0.7665106316405997,-0.07270957584037209,0.4803579843513423,-0.3434414518703909,-0.03095441027308187,0.6551929148021184,-0.8402518528044581,0.19963575058470892,0.20849973689426451,-0.06456238619955472,0.6364725419958447,0.8984528417393158,-0.7073544293847406,1.4178359136162897,1
-1.5665403472492103,1.6561579901268637,0.0020233147473030615,0.2157680608093056,0.35066519827744924,1.432675321712833,-0.6629223978295233,0.4690250118366414,-0.7560500837514523,-0.3200805408265297,-0.7419515278006696,0.8571677878714091,-0.40003990023379515,-0.24411139721059386,-0.21832471357733704,-0.025641593921887054,-0.1331368680835601,0.31767139959116136,-0.25354085590686065,0.3617718354911141,-1.2920441623178833,-0.8033215853823975,-0.41862706620920687,0.4643553970518045,-0.46811292801734455,1
0.24425449421010148,-0.5334378018192039,-1.6123021901038557,-0.3275954345420982,-0.41297201040363296,0.12592820317098333,0.29681079005567246,0.8638995086940162,-0.8554101892111151,-0.4109797726909524,-0.17193327992001586,0.3735822995104042,1.205016284450167,-0.6402405578602866,0.8330769055835062,-0.5608700154196983,0.4858307194223792,0.8784709238501347,-1.1971494790153452,1.6552866655840441,-0.43549782661866715,-0.520181719799091,0.28838378763955214,0.7865489435633022,-0.21133641276853024,1
-0.6622668721301003,1.2099601853600117,0.25853172204961666,-0.4041248833776413,0.16592159771630624,0.26524159425606886,-0.5903166670497854,0.6740838884703279,0.4460748190786671,-0.34089624971688126,-0.9153128739948673,0.5315954892089165,-0.27437143677022113,0.4774294060166254,0.7603677469025266,-0.2814958131373718,0.5772092499685207,-0.34200411604712355,-0.5441750369169439,0.2938880996338212,0.5981612942466873,-1.177370971332338,-1.0393799606295286,0.27415057149152283,-0.5820532930318332,1
-0.4390433726116209,0.2059528061229027,-0.28127226676496586,-0.6450489766157054,-0.7402864308276954,-0.8244821321505285,-0.15691499525074246,-0.25678954348872357,0.44357347813653614,-0.4743530961707531,-0.21987653679348998,0.060379285493563126,0.053397895935379934,-0.030155350836647124,0.10711217380248131,-0.32732222871268346,0.5716849008963897,-0.5413919770683631,0.22361123954993253,-0.5209113198098866,-0.34845446371192423,-0.023063821417513564,0.9602220965229766,-0.2769564969037251,0.4908859002017469,1
0.033863617675272926,-0.5322803844536295,-0.335744553809907,0.10670110482007605,-0.06378587155727461,0.22501211147100503,0.8785962692432608,-0.035027428098160895,0.11546410434791897,-0.5252157247365409,0.03389724197111091,0.08044759896935105,0.370925547718956,-0.18448299330095178,0.03908533348744851,0.23997810886882118,0.15466336329087516,0.1611687041429391,0.6235898889617941,0.6069636163976105,-0.7846660515479088,0.3500787182170313,1.0540656957030603,-0.20347846433312008,0.10846211921098065,1
-0.16820950637903595,-0.5419198085031253,-0.059420821355700024,-0.30578567071855667,-1.3301127907199333,-0.19330924985271103,0.4955723572130007,-1.1263015822278095,-0.09843643154825121,-0.1928721078969509,-0.2791165558716845,0.48621305822415783,0.8942998423885463,1.8982842480699147,-0.2668585947914949,0.30857965753986805,0.6784010524377037,-0.5471404026919715,0.1475470934617277,-0.2094273051624339,0.91732828959382,0.6757119533602397,0.757868817420138,-0.567436331272344,1.5734432724583698,1
0.2897780381743852,-0.5061825453929024,-0.17728287444616164,-0.3243034668158067,-1.3916093623198773,-0.3753278077465692,0.694186750188418,-1.2150138095274932,0.041935912633722296,-0.5725651239100883,-0.512784992768559,0.5105445599151729,0.6839248843111856,1.1289777101059602,-0.257324189871063,-0.21650402971339805,0.5887868029622829,-0.4498305480885021,0.3470904715642793,-0.5035894717464907,0.8018491656291005,0.38753226325224216,0.7572182889999164,-0.41686963107025127,1.2550550556566493,1
-0.15321698706048978,0.7695368073437564,0.13836861068227263,0.11955313239956358,0.6567701811647922,0.635803428902442,-0.5749679860846546,-0.7025638979121075,-0.5618827800883011,0.538212792841068,-0.3501669839589262,-0.7281879982153573,0.9237177456889424,-0.2688138635270144,1.0443941462846857,-0.5618334687109433,0.38229914137609095,-0.9521842862012283,-1.2332426087923014,-0.5851708703662226,-1.167136869679676,-0.6478254433186434,0.32991619956466545,-0.5393776146903861,-0.13446704806651938,0
0.45181945574160665,-1.0810323424688617,0.09194981681677314,-0.6287146636816344,-1.4077670527461836,-0.4791050232193056,1.7568996804578787,-1.4362892239081833,0.3764286589472697,-0.3329293853711967,0.04627856879757274,-0.4318494854062614,0.6822423638159074,0.5642028736148761,-1.0174485496720311,-0.047287750878856234,0.7958219671907457,-0.9478694360189941,0.483857476420101,0.042171354933906856,1.3808872117288709,0.7655438249212951,-0.3152784510762921,-0.30121132895012526,1.117437198188122,1
0.2339401049085726,-0.7993392234603753,-0.9096678727911155,-0.16222920593092813,-0.6571433574552127,-0.6176227194178576,0.5930130553483035,0.4696623326557692,-0.1849259136656467,-0.06871981076405358,0.923749056605752,0.1260948418104363,-0.08263563605817642,-0.9078044859219194,-0.2544160230313014,0.4479623599665728,-0.2971070944613375,-0.1350513223854876,0.21469402542790036,0.5758858726274627,-0.5227726528691822,0.4995466824110899,0.29179347792504773,1.0292443783980632,0.1834592427644053,1
