0,1,2,3,4,5,6,7,8,9,10,11,12,13,14,15,16,17,18,19,20,y
0.0,-0.6319095477386935,-0.7296257432668765,0.8733727810650886,0.6282608695652174,-0.06234866828087167,0.5291688177594217,-0.07420494699646644,0.6112789526686807,0.4904580152671756,-0.6299862448418158,0.6743674367436744,0.7653668208856577,-0.6303191489361702,0.7981260647359456,0.4194139194139194,-0.7559598494353826,-0.592128801431127,0.8057644110275689,-0.6825959933222037,-0.2712146422628952,1.0
0.001001001001001001,-0.6231155778894472,-0.6252186079048618,0.8844181459566074,0.6507246376811595,0.2542372881355932,0.5090345895715023,0.43286219081272087,0.4652567975830816,0.11641221374045801,-0.9009628610729024,0.41034103410341033,0.8261731658955718,-0.6297872340425532,0.7793867120954004,0.27289377289377287,-0.5420326223337515,-0.6314847942754919,0.7581453634085212,-0.7107679465776294,-0.1663893510815308,1.0
0.002002002002002002,-0.6699120603015075,-0.4220006995452955,0.8169625246548323,0.49927536231884057,-0.06113801452784504,0.34331440371708827,0.34982332155477036,0.8650553877139979,0.38835877862595414,-0.33012379642365886,0.5665566556655666,0.5313945803040317,-0.5047872340425532,0.7563884156729132,0.7435897435897436,-0.7979924717691342,-0.3559928443649374,0.6466165413533834,-0.688856427378965,0.064891846921797,1.0
0.003003003003003003,-0.6642587939698493,-0.5856942987058412,0.9037475345167653,0.6144927536231884,0.43341404358353514,0.49354672173464115,0.24204946996466437,0.5448136958710977,0.32251908396946566,-0.4140302613480055,0.35203520352035206,0.6384666226040978,-0.7101063829787234,0.8522146507666098,0.30036630036630035,-0.6323713927227101,-0.7406082289803219,0.7042606516290727,-0.6982470784641069,0.086522462562396,1.0
0.004004004004004004,-0.6177763819095478,-0.4699195522910108,0.9242603550295857,0.48550724637681164,0.37651331719128334,0.34331440371708827,0.5017667844522968,0.5236656596173213,0.2099236641221374,-0.0907840440165062,0.49064906490649063,0.3357567746199604,-0.5888297872340426,0.7393526405451448,0.5091575091575091,-0.6994981179422836,-0.38640429338103754,0.7362155388471178,-0.6400250417362271,0.21797004991680535,1.0
0.005005005005005005,-0.734610552763819,-0.5143406785589366,0.8879684418145956,0.5202898550724638,0.25121065375302665,0.3861641713990707,0.22261484098939932,0.8106747230614301,0.8387404580152672,-0.3741403026134801,0.506050605060506,0.3813615333773959,-0.7436170212765958,0.807495741056218,0.22710622710622708,-0.8331242158092849,-0.5402504472271914,0.6434837092731829,-0.7230801335559266,0.37437603993344426,1.0
0.006006006006006006,-0.7063442211055276,-0.4337180832458902,0.9301775147928993,0.5144927536231885,0.6476997578692495,0.3221476510067114,0.8286219081272085,0.6414904330312186,0.44083969465648853,-0.46079779917469055,0.6776677667766776,0.605419695968275,-0.7292553191489363,0.8458262350936968,0.4725274725274725,-0.7722710163111669,-0.7039355992844365,0.6033834586466165,-0.7760851419031719,-0.16971713810316139,1.0
0.007007007007007007,-0.6840452261306532,-0.46519762154599514,0.9360946745562131,0.5340579710144928,0.5677966101694916,0.403200826019618,0.39399293286219084,0.581067472306143,0.6316793893129771,-0.5625859697386519,0.7645764576457645,0.5353602115003305,-0.5898936170212766,0.9390971039182283,0.27289377289377287,-0.8249686323713926,-0.8300536672629696,0.6992481203007519,-0.7454090150250418,-0.3910149750415973,1.0
0.008008008008008008,-0.7022613065326634,-0.6661420076949983,0.8280078895463511,0.6956521739130435,-0.02845036319612591,0.6184821889519876,0.2632508833922262,0.4561933534743203,0.32824427480916024,-0.4044016506189821,0.2046204620462046,0.6179775280898877,-0.5404255319148936,0.8854344122657583,0.2655677655677655,-0.6154328732747804,-0.6180679785330947,0.8327067669172932,-0.7598080133555927,0.40266222961730447,1.0
0.009009009009009009,-0.6209170854271356,-0.4104582021685904,0.8938856015779092,0.5181159420289855,0.5084745762711864,0.3588022715539494,0.7438162544169612,0.7844914400805639,0.36354961832061067,-0.7757909215955983,0.5720572057205721,0.6649041639127562,-0.6335106382978724,0.9075809199318569,0.6355311355311354,-0.7967377666248431,-0.6422182468694095,0.6911027568922306,-0.7051335559265443,-0.1630615640599002,1.0
0.01001001001001001,-0.7452889447236182,-0.5580622595313046,0.8982248520710059,0.6811594202898551,0.29963680387409203,0.5451729478575116,0.7826855123674913,0.5216515609264855,0.3463740458015267,-0.38101788170563966,0.3806380638063806,0.5657633840052876,-0.601063829787234,0.8679727427597955,0.46886446886446886,-0.5821831869510665,-0.5617173524150267,0.7468671679197995,-0.7979966611018364,-0.03494176372712147,1.0
0.011011011011011011,-0.6601758793969849,-0.5402238544945785,0.8970414201183432,0.3746376811594203,0.38498789346246975,0.4062983995869902,0.6431095406360424,0.6032225579053373,0.8587786259541984,-0.5185694635488308,0.8800880088008801,0.40251156642432256,-0.5180851063829788,0.8632879045996594,0.009157509157509156,-0.9134253450439146,-0.7093023255813953,0.6973684210526315,-0.777754590984975,-0.4625623960066556,1.0
0.012012012012012012,-0.7462311557788944,-0.5171388597411682,0.8919132149901381,0.30289855072463767,0.27663438256658596,0.33505420753742904,0.5335689045936396,0.460221550855992,0.5190839694656488,-0.7386519944979368,0.5181518151815181,0.25049570389953735,-0.7164893617021277,0.8471039182282795,0.4432234432234432,-0.5696361355081556,-0.7754919499105545,0.8771929824561403,-0.8009181969949917,-0.4858569051580699,1.0
0.013013013013013013,-0.6498115577889447,-0.6414830360265827,0.8658777120315581,0.8036231884057972,-0.012106537530266345,0.6262261228704182,0.26855123674911663,0.6203423967774421,0.31583969465648853,-0.27510316368638243,0.4664466446644664,0.6378056840713814,-0.38829787234042556,0.7789608177172062,0.38095238095238093,-0.5878293601003765,-0.5590339892665473,0.6704260651629073,-0.7349749582637729,0.5374376039933445,1.0
0.014014014014014014,-0.8159547738693467,-0.5211612451906261,0.8737672583826429,0.5507246376811594,0.47154963680387413,0.4821889519876097,0.333922261484099,0.7623363544813696,0.5696564885496183,-0.6134800550206327,0.6259625962596259,0.39590218109715797,-0.8106382978723404,0.9373935264054515,0.06227106227106227,-1.0,-0.4427549194991055,0.894736842105263,-0.7904841402337228,-0.07487520798668885,1.0
0.015015015015015015,-0.7145100502512562,-0.9167541098286114,0.7428007889546351,0.8253623188405798,0.25786924939467315,0.78884873515746,-0.33215547703180215,0.5166163141993958,0.4179389312977099,-0.5667125171939477,0.5533553355335533,0.7944481163251818,-0.8,0.6486371379897785,0.29853479853479853,-0.4824341279799247,-0.7191413237924865,0.7481203007518796,-0.7689899833055093,0.3910149750415973,0.0
0.016016016016016016,-0.9199120603015074,-0.7367960825463449,0.860749506903353,0.4862318840579711,-0.013922518159806297,0.5276200309757356,-0.15371024734982333,0.6414904330312186,0.5133587786259542,-0.48693259972489683,0.42244224422442245,0.39656311962987445,-0.6648936170212766,0.7597955706984668,0.003663003663003663,-0.5169385194479297,-0.5617173524150267,0.7988721804511277,-0.9075542570951587,0.40099833610648916,0.0
0.01701701701701702,-0.7999371859296482,-0.7359216509268975,0.7783037475345168,0.696376811594203,0.4582324455205811,0.7583892617449665,0.39222614840989406,0.7895266868076536,0.43225190839694655,-0.3012379642365887,0.5632563256325632,0.6226040978189028,-0.7457446808510638,0.7078364565587735,0.07509157509157509,-0.6693851944792973,-0.5787119856887298,0.7218045112781954,-0.8194908180300501,0.8236272878535774,0.0
0.018018018018018018,-0.7273869346733668,-0.6371108779293458,0.7980276134122288,0.5782608695652175,0.27542372881355937,0.5906040268456375,0.12897526501766785,0.6807653575025177,0.5553435114503816,-0.4814305364511692,0.6721672167216721,0.5023132848645077,-0.7196808510638298,0.674190800681431,0.2692307692307692,-0.5934755332496863,-0.5241502683363147,0.7418546365914787,-0.7404006677796328,0.2146422628951747,0.0
0.01901901901901902,-0.679962311557789,-0.7717733473242393,0.8804733727810651,0.7101449275362319,0.5599273607748184,0.7640681466184822,0.19964664310954067,0.6334340382678751,0.7461832061068703,-0.6643741403026134,0.6721672167216721,0.5426305353602116,-0.772872340425532,0.614565587734242,-0.2838827838827839,-0.48180677540777916,-0.7388193202146689,0.699874686716792,-0.7262103505843072,-0.00831946755407654,0.0
0.02002002002002002,-0.722675879396985,-0.6804826862539349,0.8142011834319527,0.6768115942028986,0.38740920096852305,0.7361899845121321,0.4646643109540637,0.40886203423967776,0.36259541984732824,-0.4759284731774415,0.451045104510451,0.5333773959021811,-0.6308510638297873,0.7372231686541738,0.3846153846153846,-0.5169385194479297,-0.7137745974955277,0.6848370927318295,-0.832220367278798,0.28119800332778705,0.0
0.021021021021021023,-0.8608668341708543,-0.805351521511018,0.8347140039447731,0.5557971014492754,0.7239709443099274,0.6602994321115125,0.088339222614841,0.5770392749244713,0.17557251908396945,-0.6946354883081156,0.30913091309130913,0.5763384005287508,-0.8877659574468085,0.7606473594548553,-0.021978021978021976,-0.5112923462986197,-0.7262969588550984,0.7788220551378446,-0.8837646076794659,0.44592346089850254,0.0
0.022022022022022022,-0.8548994974874371,-0.7507869884575027,0.9428007889546351,0.8072463768115944,0.4406779661016949,0.6458440887971089,0.4681978798586573,0.5508559919436052,0.6316793893129771,-0.3548830811554333,0.6589658965896589,0.419035029742234,-0.7510638297872341,0.8385860306643953,0.6391941391941391,-0.7220828105395232,-0.6726296958855098,0.8051378446115287,-0.9079716193656093,-0.054908485856905165,0.0
0.023023023023023025,-0.6356783919597989,-0.630814970269325,0.8753451676528599,0.7130434782608696,0.5617433414043584,0.582860092927207,0.333922261484099,0.48539778449144005,0.3845419847328244,-0.33012379642365886,0.4785478547854785,0.6999339061467283,-0.7255319148936171,0.5119250425894378,0.3516483516483516,-0.3720200752823086,-0.5617173524150267,0.5714285714285714,-0.6807178631051753,-0.16139767054908488,0.0
0.024024024024024024,-0.6922110552763819,-0.7570828961175236,0.9443786982248521,0.6579710144927537,0.5496368038740921,0.7398038203407331,0.1148409893992933,0.38368580060422963,0.28339694656488545,-0.5213204951856947,0.6842684268426843,0.5439524124256444,-0.6234042553191489,0.7568143100511073,0.5128205128205129,-0.617314930991217,-0.8193202146690518,0.8677944862155388,-0.8714524207011687,-0.09151414309484193,0.0
0.025025025025025027,-0.6727386934673366,-0.9083595662819167,0.8169625246548323,0.7927536231884059,0.4473365617433414,0.7599380485286525,0.088339222614841,0.7995971802618329,0.4389312977099237,-0.687757909215956,0.42464246424642466,0.7098479841374753,-0.5776595744680851,0.6333049403747871,-0.27838827838827834,-0.5903387703889585,-0.5500894454382826,0.900375939849624,-0.7274624373956595,0.09983361064891846,0.0
0.026026026026026026,-0.7895728643216079,-0.729800629590766,0.8323471400394477,0.5934782608695652,0.6458837772397095,0.5957666494579246,0.35512367491166086,0.6555891238670695,0.5849236641221374,-0.5006877579092159,0.7480748074807481,0.6120290812954396,-0.7404255319148936,0.743611584327087,0.19597069597069594,-0.6079046424090339,-0.590339892665474,0.8045112781954887,-0.8138564273789649,-0.028286189683860236,0.0
0.02702702702702703,-0.8790829145728642,-0.717908359566282,0.8836291913214991,0.7210144927536233,0.8831719128329298,0.5906040268456375,0.07420494699646644,0.48036253776435045,0.5658396946564885,-0.8074277854195323,0.4389438943894389,0.7072042300066095,-0.9026595744680852,0.8458262350936968,-0.06593406593406592,-0.6060225846925972,-0.8828264758497316,0.7556390977443609,-0.9376043405676128,-0.21630615640599002,0.0
0.028028028028028028,-0.6984924623115578,-0.7054914305701294,0.8485207100591715,0.6326086956521739,0.4812348668280872,0.6210635002581312,0.5335689045936396,0.5427995971802618,0.4618320610687023,-0.4965612104539202,0.6292629262926291,0.47058823529411764,-0.6542553191489362,0.588160136286201,0.6758241758241758,-0.4259723964868256,-0.6896243291592128,0.7963659147869673,-0.7829716193656093,-0.38103161397670554,0.0
0.02902902902902903,-0.728643216080402,-0.7303252885624344,0.8276134122287967,0.7043478260869566,0.2070217917675545,0.6783686112545173,0.303886925795053,0.7381671701913394,0.5314885496183206,-0.6657496561210454,0.43344334433443343,0.6497025776602776,-0.550531914893617,0.717206132879046,0.15384615384615385,-0.582810539523212,-0.6645796064400715,0.831453634085213,-0.7973706176961604,0.49916805324459235,0.0
0.03003003003003003,-0.778894472361809,-0.47726477789436866,0.8781065088757396,0.5485507246376812,0.677360774818402,0.4217862674238513,0.3710247349823322,0.5850956696878147,0.29866412213740456,-0.3452544704264099,0.3234323432343234,0.43688037012557834,-0.7021276595744682,0.7691652470187395,0.23626373626373626,-0.5407779171894604,-0.7325581395348836,0.731203007518797,-0.8065525876460768,0.30615640599001664,0.0
0.031031031031031032,-0.9016959798994975,-0.7021685904162294,0.8481262327416172,0.6485507246376813,0.08898305084745763,0.4785751161590088,0.2279151943462898,0.5176233635448138,0.36259541984732824,-0.5488308115543329,0.4829482948294829,0.39590218109715797,-0.573404255319149,0.8202725724020443,0.09523809523809523,-0.4441656210790464,-0.6529516994633273,0.7211779448621554,-0.9881051752921537,0.24126455906821961,0.0
0.03203203203203203,-0.657035175879397,-0.7109129066107032,0.886785009861933,0.6014492753623188,0.4842615012106538,0.5802787816210635,0.18904593639575973,0.540785498489426,0.5095419847328244,-0.5763411279229711,0.639163916391639,0.6497025776602776,-0.7632978723404256,0.6656729131175468,0.1227106227106227,-0.64366373902133,-0.6422182468694095,0.7355889724310776,-0.7178631051752922,0.15806988352745424,0.0
0.03303303303303303,-0.6903266331658291,-0.8454004896817068,0.8145956607495068,0.6608695652173914,0.2693704600484262,0.7718120805369127,-0.19787985865724383,0.6576032225579054,0.35400763358778625,-0.577716643741403,0.2915291529152915,0.7428949107732982,-0.7494680851063831,0.4957410562180579,-0.05677655677655677,-0.33939774153074026,-0.5813953488372092,0.6766917293233082,-0.6842654424040067,0.5241264559068219,0.0
0.03403403403403404,-0.7148241206030149,-0.664917803427772,0.841025641025641,0.8420289855072464,0.5617433414043584,0.6215797625193598,0.31625441696113077,0.4018126888217523,0.4017175572519084,-0.19807427785419532,0.4092409240924092,0.49107732980832786,-0.726063829787234,0.6345826235093697,0.6959706959706959,-0.4435382685069008,-0.661896243291592,0.7581453634085212,-0.7879799666110183,0.5241264559068219,0.0
0.035035035035035036,-0.8341708542713567,-0.5633088492479889,0.9065088757396449,0.3507246376811594,0.46791767554479424,0.33815178110480126,-0.10777385159010601,0.5689828801611279,0.34828244274809156,-0.38789546079779913,0.6094609460946095,0.45076007931262396,-0.8867021276595746,0.6341567291311756,0.5989010989010989,-0.3707653701380175,-0.5778175313059034,0.5482456140350876,-0.8215776293823038,0.009983361064891847,0.0
0.036036036036036036,-0.7744974874371859,-0.9683455753760056,0.8205128205128205,0.7717391304347826,0.4776029055690073,0.7398038203407331,-0.176678445229682,0.4874118831822759,0.6622137404580152,-0.437414030261348,0.7513751375137514,0.5280898876404495,-0.5914893617021277,0.7346678023850086,0.11538461538461538,-0.6468005018820576,-0.7665474060822897,0.7644110275689222,-0.8716611018363939,0.13810316139767057,0.0
0.037037037037037035,-0.9051507537688442,-0.7600559636236447,0.8548323471400393,0.7398550724637681,0.3202179176755448,0.5900877645844089,0.10600706713780919,0.6596173212487412,0.648854961832061,-0.6107290233837689,0.7865786578657865,0.605419695968275,-0.6920212765957446,0.8390119250425895,0.3076923076923077,-0.8525721455457966,-0.5688729874776386,0.8170426065162907,-0.9371869782971619,-0.01497504159733777,0.0
0.03803803803803804,-0.670540201005025,-0.7995802728226653,0.8512820512820513,0.8565217391304348,0.4400726392251816,0.7165720185854413,0.46643109540636046,0.6565961732124874,0.4751908396946565,-0.4264099037138927,0.5181518151815181,0.5756774619960344,-0.6276595744680851,0.6243611584327087,-0.12087912087912088,-0.5250941028858218,-0.554561717352415,0.7913533834586465,-0.707220367278798,0.41430948419301167,0.0
0.03903903903903904,-0.8326005025125627,-0.5788737320741518,0.9341222879684418,0.8036231884057972,0.2082324455205811,0.4899328859060402,0.31095406360424027,0.6092648539778449,0.46374045801526714,-0.2984869325997249,0.5687568756875687,0.566424322538004,-0.772872340425532,0.7061328790459966,0.49267399267399264,-0.6355081555834378,-0.7075134168157423,0.7337092731829574,-0.8347245409015025,0.3311148086522463,0.0
0.04004004004004004,-0.5719221105527638,-0.6750612102133613,0.859171597633136,0.6181159420289856,0.5980629539951574,0.6463603510583377,-0.13427561837455831,0.5156092648539778,0.7719465648854962,-0.5543328748280606,0.7293729372937294,0.5558493060145406,-0.625531914893617,0.6022146507666098,-0.34249084249084244,-0.4717691342534504,-0.7128801431127012,0.5776942355889724,-0.718906510851419,-0.11480865224625625,0.0
0.04104104104104104,-0.6290829145728644,-0.6206715634837355,0.9061143984220907,0.6876811594202898,0.3486682808716707,0.4899328859060402,0.0441696113074205,0.36958710976837866,0.3043893129770992,-0.5763411279229711,0.5335533553355335,0.8083278255122275,-0.6398936170212767,0.5621805792163544,0.4835164835164835,-0.36135508155583435,-0.7549194991055456,0.6848370927318295,-0.7320534223706178,-0.40099833610648916,0.0
0.042042042042042045,-0.8633793969849246,-0.7511367611052816,0.908086785009862,0.6710144927536232,0.49515738498789347,0.6200309757356738,0.3091872791519435,0.5478348439073515,0.5333969465648856,-0.5557083906464925,0.5764576457645765,0.5439524124256444,-0.7287234042553192,0.8028109028960818,0.46886446886446886,-0.5075282308657466,-0.8425760286225401,0.7807017543859649,-0.9077629382303839,-0.13643926788685526,0.0
0.043043043043043044,-0.7308417085427135,-0.7096887023434767,0.8603550295857988,0.48550724637681164,0.6216707021791767,0.54981930820857,0.13780918727915195,0.8217522658610271,0.407442748091603,-0.5694635488308115,0.6061606160616062,0.4791804362194316,-0.7930851063829788,0.6192504258943782,0.4816849816849817,-0.4987452948557089,-0.6744186046511628,0.8615288220551378,-0.7218280467445743,-0.08485856905158069,0.0
0.044044044044044044,-0.8790829145728642,-0.776495278069255,0.9491124260355029,0.8543478260869566,0.5538740920096853,0.6819824470831182,0.07773851590106007,0.9506545820745216,0.6498091603053435,-0.29573590096286106,0.7062706270627063,0.5452742894910774,-0.7510638297872341,0.7542589437819421,-0.05128205128205128,-0.849435382685069,-0.48568872987477635,0.8233082706766918,-0.881677796327212,0.36938435940099834,0.0
0.04504504504504504,-0.7025753768844221,-0.680132913606156,0.9767258382642997,0.4978260869565218,0.42009685230024213,0.48528652555498186,0.3621908127208481,0.6022155085599195,0.2538167938931298,-0.4759284731774415,0.3487348734873487,0.48050231328486454,-0.5340425531914894,0.7291311754684838,0.15384615384615385,-0.6267252195734002,-0.6252236135957066,0.8521303258145364,-0.8190734557595993,0.30782029950083195,0.0
0.04604604604604605,-0.6937814070351759,-0.7158097236796083,0.7581854043392504,0.6304347826086957,0.4134382566585957,0.6226122870418173,0.3303886925795053,0.581067472306143,0.6650763358778625,-0.6685006877579092,0.592959295929593,0.738268341044283,-0.6430851063829788,0.6341567291311756,0.1886446886446886,-0.6028858218318695,-0.5983899821109123,0.7393483709273182,-0.7948664440734559,-0.21797004991680535,0.0
0.04704704704704705,-0.8194095477386935,-0.4989506820566632,0.9053254437869822,0.5695652173913044,0.7615012106537531,0.5064532782653588,0.8021201413427563,0.5881168177240684,0.191793893129771,-0.5502063273727649,0.2629262926292629,0.4124256444150694,-0.8255319148936171,0.66396933560477,0.27838827838827834,-0.4228356336260979,-0.6744186046511628,0.7525062656641605,-0.8343071786310519,0.24958402662229617,0.0
0.04804804804804805,-0.46953517587939697,-0.6470793983910459,0.8469428007889545,0.6797101449275362,0.3801452784503632,0.5916365513680949,0.7650176678445231,0.27693856998992955,0.2929389312977099,-0.5653370013755158,0.5192519251925192,0.5512227362855254,-0.3941489361702128,0.5302385008517888,0.22893772893772893,-0.2697616060225847,-0.6332737030411448,0.7424812030075187,-0.6990818030050084,-0.3344425956738769,0.0
0.04904904904904905,-0.7129396984924623,-0.7936341378104232,0.8477317554240631,0.7123188405797102,0.4079903147699758,0.7253484770263293,0.2508833922261484,0.4914400805639476,0.525763358778626,-0.3342503438789546,0.5808580858085809,0.5009914077990747,-0.5819148936170213,0.7325383304940375,0.6245421245421245,-0.5062735257214555,-0.885509838998211,0.6735588972431077,-0.8174040066777963,0.07154742096505823,0.0
0.05005005005005005,-0.6903266331658291,-0.8212661769849597,0.8828402366863904,0.7202898550724638,0.11864406779661019,0.675271037687145,0.2473498233215548,0.6364551863041289,0.35877862595419846,-0.6753782668500687,0.3982398239823982,0.5908790482485129,-0.6611702127659576,0.5821976149914821,-0.16117216117216115,-0.49121706398996234,-0.5277280858676207,0.8333333333333334,-0.7272537562604341,0.4242928452579035,0.0
0.05105105105105105,-0.792713567839196,-0.6262679258481987,0.8560157790927021,0.4311594202898551,0.2929782082324455,0.45431078988125967,0.03003533568904594,0.4269889224572004,0.18034351145038166,-0.5130674002751032,0.3366336633663366,0.3450099140779908,-0.7755319148936171,0.7410562180579217,0.22893772893772893,-0.38331242158092843,-0.6788908765652951,0.8020050125313283,-0.8445325542570952,-0.27953410981697174,0.0
0.05205205205205205,-0.7182788944723617,-0.6355369010143407,0.8248520710059172,0.8086956521739131,0.44612590799031476,0.6468766133195663,0.38692579505300356,0.460221550855992,0.5515267175572518,-0.5722145804676754,0.4609460946094609,0.6259087904824852,-0.7127659574468086,0.6056218057921635,-0.038461538461538464,-0.3538268506900878,-0.5796064400715563,0.6929824561403509,-0.7752504173622704,-0.14143094841930118,0.0
0.05305305305305305,-0.6768216080402009,-0.8207415180132913,0.7558185404339249,0.7557971014492754,0.8026634382566586,0.6324212700051627,0.13074204946996468,0.37059415911379656,0.4751908396946565,-0.20357634112792297,0.594059405940594,0.5115664243225381,-0.696808510638298,0.7482964224872232,0.5091575091575091,-0.43412797992471763,-0.6001788908765653,0.756265664160401,-0.8512103505843072,-0.013311148086522463,0.0
0.05405405405405406,-0.7537688442211055,-0.6701643931444561,0.7944773175542406,0.5673913043478261,0.0351089588377724,0.5394940629839958,0.3621908127208481,0.5659617321248742,0.3893129770992366,-0.5089408528198074,0.3927392739273927,0.5816259087904825,-0.6712765957446809,0.7563884156729132,0.7271062271062271,-0.6731493099121706,-0.44007155635062606,0.6033834586466165,-0.8184474123539233,-0.26455906821963393,0.0
0.055055055055055056,-0.8523869346733668,-0.6203217908359566,0.7964497041420119,0.7927536231884059,0.13256658595641646,0.5049044914816727,0.46289752650176685,0.7059415911379657,0.316793893129771,-0.4332874828060523,0.41804180418041803,0.5307336417713153,-0.774468085106383,0.608603066439523,0.20695970695970695,-0.5119196988707653,-0.6896243291592128,0.6666666666666666,-0.7913188647746243,0.33943427620632277,0.0
0.056056056056056056,-0.7817211055276381,-0.7497376705141657,0.8583826429980276,0.7898550724637682,0.47820823244552063,0.6293236964377904,0.30565371024734983,0.29103726082578046,0.45992366412213737,-0.4442916093535076,0.29592959295929594,0.5968274950429611,-0.7404255319148936,0.6652470187393527,0.2216117216117216,-0.20702634880803011,-0.791592128801431,0.7738095238095238,-0.7752504173622704,-0.19966722129783693,0.0
0.057057057057057055,-0.7481155778894473,-0.565582371458552,0.8773175542406312,0.6847826086956522,0.4878934624697337,0.572534847702633,0.6554770318021202,0.5397784491440081,0.3425572519083969,-0.39752407152682256,0.4708470847084708,0.5128883013879709,-0.6925531914893618,0.7461669505962522,0.5128205128205129,-0.5545796737766625,-0.5912343470483005,0.7593984962406014,-0.8495409015025042,-0.05324459234608985,0.0
0.05805805805805806,-0.6743090452261306,-0.6713885974116824,0.9021696252465482,0.6934782608695652,0.5575060532687652,0.5663397005678884,0.3286219081272085,0.5196374622356495,0.5104961832061069,-0.5570839064649244,0.6061606160616062,0.5862524785194977,-0.7202127659574469,0.6316013628620103,-0.018315018315018312,-0.48055207026348806,-0.6475849731663684,0.7136591478696741,-0.7529215358931554,-0.4259567387687188,0.0
0.05905905905905906,-0.969535175879397,-0.5727527107380203,0.9238658777120315,0.3260869565217392,0.23970944309927364,0.3536396489416624,0.34982332155477036,0.40483383685800606,0.23187022900763357,-0.844566712517194,0.44224422442244227,0.4077990746860542,-0.9361702127659575,0.8130323679727428,0.3516483516483516,-0.596612296110414,-0.6180679785330947,0.6284461152882205,-0.9764190317195326,-0.6772046589018302,0.0
0.06006006006006006,-0.6768216080402009,-0.7528856243441763,0.7956607495069032,0.6768115942028986,0.40254237288135597,0.4723799690242643,0.1519434628975265,0.580060422960725,0.49713740458015265,-0.2764786795048143,0.7623762376237623,0.5499008592200926,-0.6319148936170212,0.6660988074957411,-0.1758241758241758,-0.7653701380175658,-0.5974955277280859,0.6867167919799498,-0.8080133555926544,-0.10815307820299501,0.0
0.06106106106106106,-0.668969849246231,-0.6820566631689402,0.8879684418145956,0.6159420289855073,0.4794188861985473,0.5978316985028393,0.20141342756183747,0.6646525679758308,0.5372137404580152,-0.32737276478679506,0.5555555555555556,0.4573694646397885,-0.6595744680851064,0.6260647359454855,0.0879120879120879,-0.5589711417816813,-0.6949910554561717,0.6879699248120301,-0.7525041736227045,0.475873544093178,0.0
0.062062062062062065,-0.7123115577889446,-0.80132913606156,0.7854043392504931,0.7239130434782609,0.3420096852300242,0.748580278781621,0.4045936395759718,0.7492447129909365,0.7681297709923665,-0.6176066024759285,0.7073707370737073,0.6206212822207535,-0.5510638297872341,0.6358603066439524,-0.16666666666666666,-0.5558343789209536,-0.6788908765652951,0.6911027568922306,-0.7664858096828047,-0.19134775374376042,0.0
0.06306306306306306,-0.8765703517587939,-0.6696397341727878,0.9289940828402367,0.6231884057971014,0.20762711864406783,0.49406298399586984,0.15371024734982333,0.6565961732124874,0.3683206106870229,-0.7744154057771664,0.28602860286028603,0.4712491738268341,-0.8132978723404255,0.6997444633730835,-0.03296703296703296,-0.5131744040150564,-0.5572450805008944,0.7174185463659147,-0.843906510851419,-0.37936772046589023,0.0
0.06406406406406406,-0.7324120603015074,-0.7311997201818818,0.8646942800788955,0.8289855072463768,0.7790556900726392,0.84460505937016,0.6890459363957598,0.5931520644511581,0.5973282442748091,-0.46767537826685013,0.7260726072607261,0.6080634500991409,-0.7265957446808512,0.7099659284497445,0.02564102564102564,-0.6091593475533249,-0.6940966010733453,0.6165413533834586,-0.7883973288814692,0.2296173044925125,0.0
0.06506506506506507,-0.6099246231155778,-0.7625043721580973,0.9487179487179486,0.5840579710144929,0.1156174334140436,0.5931853381517811,-0.04240282685512368,0.41087613293051356,0.33015267175572516,-0.5089408528198074,0.36633663366336633,0.6966292134831461,-0.4845744680851064,0.6878194207836457,0.1978021978021978,-0.31367628607277287,-0.5635062611806797,0.7794486215538846,-0.7220367278797997,-0.03327787021630616,0.0
0.06606606606606606,-0.8316582914572864,-0.7385449457852395,0.8027613412228797,0.5833333333333334,0.20762711864406783,0.6401652039235932,0.1519434628975265,0.6676737160120846,0.5725190839694656,-0.6698762035763411,0.6237623762376237,0.5776602775941838,-0.7909574468085108,0.7482964224872232,0.12637362637362637,-0.6210790464240903,-0.5858676207513417,0.6647869674185463,-0.840567612687813,-0.07321131447587355,0.0
0.06706706706706707,-0.839824120603015,-0.8461000349772648,0.7996055226824458,0.37898550724637686,0.26150121065375304,0.6458440887971089,-0.33215547703180215,0.3766364551863041,0.15076335877862596,-0.6121045392022009,0.3542354235423542,0.5056179775280899,-0.723404255319149,0.790885860306644,0.3168498168498168,-0.5470514429109159,-0.6905187835420393,0.7951127819548871,-0.9073455759599333,0.2978369384359401,0.0
0.06806806806806807,-0.6777638190954773,-0.7339979013641134,0.8773175542406312,0.7362318840579711,0.639225181598063,0.7212183789364998,0.1855123674911661,0.42396777442094663,0.7719465648854962,-0.33012379642365886,0.5852585258525853,0.6622604097818904,-0.6186170212765958,0.6712095400340716,0.047619047619047616,-0.5225846925972396,-0.6127012522361359,0.7669172932330827,-0.7942404006677797,-0.06821963394342763,0.0
0.06906906906906907,-0.8253768844221105,-0.654949282966072,0.8891518737672583,0.5884057971014494,0.32082324455205813,0.5906040268456375,0.5300353356890459,0.3605236656596173,0.3645038167938931,-0.5144429160935351,0.4631463146314631,0.4144084600132188,-0.5585106382978724,0.7329642248722318,-0.14835164835164835,-0.4661229611041405,-0.8094812164579606,0.7224310776942355,-0.8628964941569282,-0.07487520798668885,0.0
0.07007007007007007,-0.655464824120603,-0.8340328786288912,0.8011834319526627,0.6594202898550725,0.45460048426150124,0.6763035622096025,-0.0353356890459364,0.38872104733131924,0.3206106870229008,-0.4236588720770289,0.48404840484048406,0.5624586913417052,-0.6260638297872341,0.6810051107325383,0.2161172161172161,-0.31179422835633624,-0.846153846153846,0.75,-0.7514607679465777,-0.4542429284525791,0.0
0.07107107107107107,-0.6890703517587939,-0.8718083245890172,0.818145956607495,0.691304347826087,0.30871670702179177,0.7501290655653072,0.17314487632508835,0.5961732124874118,0.517175572519084,-0.517193947730399,0.5082508250825083,0.6847323198942499,-0.5425531914893618,0.7678875638841568,-0.009157509157509156,-0.7553324968632371,-0.6797853309481215,0.7111528822055138,-0.7869365609348915,-0.086522462562396,0.0
0.07207207207207207,-0.8969849246231155,-0.7649527806925498,0.8942800788954635,0.5159420289855072,0.18523002421307508,0.5219411461022199,-0.3816254416961131,0.6777442094662639,0.39408396946564883,-0.594222833562586,0.5687568756875687,0.5181758096497027,-0.7069148936170213,0.784497444633731,0.14835164835164835,-0.6819322459222082,-0.44454382826475847,0.8540100250626566,-0.8779215358931552,-0.11813643926788685,0.0
0.07307307307307308,-0.7481155778894473,-0.6657922350472193,0.9392504930966468,0.8623188405797102,0.07869249394673124,0.6556530717604543,0.5989399293286221,0.5287009063444109,0.564885496183206,-0.5515818431911967,0.5555555555555556,0.7878387309980172,-0.5164893617021277,0.7649063032367973,0.11538461538461538,-0.4893350062735257,-0.661896243291592,0.7418546365914787,-0.8211602671118531,0.16139767054908488,0.0
0.07407407407407407,-0.8680904522613064,-0.7876880027981811,0.8429980276134121,0.9202898550724639,-0.0562953995157385,0.6912751677852349,-0.00706713780918728,0.797583081570997,0.4761450381679389,-0.4924346629986245,0.6567656765676567,0.699272967614012,-0.6164893617021278,0.710817717206133,0.3021978021978022,-0.7258469259723964,-0.5268336314847942,0.7725563909774437,-0.8553839732888148,0.14143094841930118,0.0
0.07507507507507508,-0.809359296482412,-0.7282266526757607,0.9313609467455621,0.8971014492753624,0.49455205811138014,0.6799173980382034,0.42756183745583043,0.4028197381671702,0.36736641221374045,-0.5859697386519945,0.5566556655665567,0.6781229345670853,-0.7382978723404255,0.7879045996592846,0.3681318681318681,-0.4993726474278545,-0.6592128801431126,0.7813283208020051,-0.8658180300500835,0.05990016638935108,0.0
0.07607607607607608,-0.7220477386934673,-0.5134662469394893,0.8595660749506903,0.5202898550724638,0.5508474576271187,0.5400103252452246,0.5865724381625442,0.6807653575025177,0.5791984732824427,-0.5213204951856947,0.781078107810781,0.39590218109715797,-0.6186170212765958,0.6980408858603067,0.021978021978021976,-0.6587202007528231,-0.663685152057245,0.5695488721804511,-0.7963272120200334,-0.18968386023294512,0.0
0.07707707707707707,-0.8765703517587939,-0.5279818118223155,0.8761341222879684,0.8855072463768117,0.526634382566586,0.509550851832731,0.842756183745583,0.7311178247734139,0.558206106870229,-0.16643741403026135,0.7194719471947195,0.5307336417713153,-0.7622340425531916,0.7461669505962522,0.46886446886446886,-0.802383939774153,-0.569767441860465,0.7036340852130325,-0.885016694490818,0.45091514143094846,0.0
0.07807807807807808,-0.9579145728643215,-0.8793284365162644,0.8568047337278106,0.7369565217391304,0.47578692493946734,0.8151781104801239,0.1855123674911661,0.6606243705941591,0.33492366412213737,-0.6960110041265475,0.429042904290429,0.47653668208856576,-0.8909574468085107,0.7994037478705281,-0.23809523809523808,-0.7496863237139272,-0.6556350626118067,0.8464912280701754,-0.9426126878130218,0.4742096505823627,0.0
0.07907907907907907,-0.5888819095477387,-0.6682406435816719,0.8796844181459565,0.7565217391304349,0.5290556900726393,0.6303562209602478,0.6484098939929329,0.6465256797583082,0.3444656488549618,-0.34938101788170567,0.5269526952695269,0.7164573694646399,-0.6319148936170212,0.6137137989778535,0.23076923076923075,-0.5432873274780426,-0.5769230769230769,0.862781954887218,-0.6698664440734557,0.04991680532445923,0.0
0.08008008008008008,-0.7578517587939697,-0.7546344875830711,0.8552268244575937,0.8152173913043479,0.49697336561743344,0.7676819824470832,0.42756183745583043,0.5226586102719033,0.4475190839694656,-0.7565337001375516,0.4708470847084708,0.7316589557171184,-0.7585106382978724,0.76618398637138,0.12454212454212454,-0.5583437892095358,-0.6923076923076923,0.8621553884711778,-0.7946577629382304,0.03494176372712147,0.0
0.08108108108108109,-0.6859296482412061,-0.727177334732424,0.8548323471400393,0.6724637681159421,0.6023002421307506,0.6257098606091894,-0.045936395759717315,0.4471299093655589,0.3330152671755725,-0.38927097661623106,0.49834983498349833,0.5948446794448117,-0.8148936170212766,0.5996592844974447,0.4084249084249084,-0.3042659974905897,-0.8318425760286225,0.7525062656641605,-0.7589732888146912,0.03993344425956739,0.0
0.08208208208208208,-0.8668341708542713,-0.5671563483735572,0.8284023668639053,0.6333333333333334,0.33050847457627125,0.5043882292204439,0.37809187279151946,0.7693856998992951,0.41316793893129766,-0.687757909215956,0.6303630363036303,0.5499008592200926,-0.7265957446808512,0.7678875638841568,0.641025641025641,-0.7051442910915935,-0.44543828264758495,0.7994987468671679,-0.8547579298831386,-0.4625623960066556,0.0
0.08308308308308308,-0.6425879396984924,-0.6131514515564882,0.8970414201183432,0.4108695652173913,0.4303874092009685,0.46257098606091895,0.1607773851590106,0.5045317220543807,0.6479007633587787,-0.5584594222833563,0.8195819581958196,0.5538664904163912,-0.7095744680851065,0.6707836456558773,0.3608058608058608,-0.439146800501882,-0.6708407871198568,0.5438596491228069,-0.7147328881469115,-0.27620632279534113,0.0
0.08408408408408409,-0.7289572864321608,-0.8676110528156699,0.8130177514792899,0.836231884057971,0.0805084745762712,0.7872999483737738,0.07597173144876325,0.690835850956697,0.7566793893129771,-0.5213204951856947,0.7084708470847084,0.7653668208856577,-0.5393617021276597,0.6660988074957411,0.17399267399267399,-0.5746549560853199,-0.5742397137745975,0.7719298245614035,-0.7969532554257095,0.237936772046589,0.0
0.08508508508508508,-0.9004396984924623,-0.5982861140258832,0.9577909270216962,0.7601449275362319,0.2627118644067797,0.6871450696954052,0.6201413427561837,0.62134944612286,0.375,-0.06602475928473178,0.5467546754675467,0.2749504296100463,-0.48989361702127665,0.8577512776831345,0.21245421245421245,-0.6355081555834378,-0.6296958855098389,0.843984962406015,-0.9336393989983306,0.37104825291181365,0.0
0.08608608608608609,-0.7726130653266331,-0.65232598810773,0.8915187376725837,0.44782608695652176,0.1973365617433414,0.47547754259163655,0.47173144876325096,0.3867069486404834,0.5104961832061069,-0.7276478679504815,0.592959295929593,0.45274289491077335,-0.5808510638297874,0.7959965928449745,0.2582417582417582,-0.6298619824341279,-0.7057245080500895,0.7944862155388471,-0.8935726210350585,-0.4692179700499168,0.0
0.08708708708708708,-0.8885050251256281,-0.7782441413081498,0.8954635108481261,0.6021739130434782,0.3184019370460049,0.6241610738255033,-0.00353356890459364,0.6475327291037261,0.47328244274809156,-0.6547455295735901,0.6919691969196919,0.6173165895571713,-0.698936170212766,0.6971890971039183,0.6739926739926739,-0.6643663739021329,-0.830948121645796,0.8984962406015037,-0.8608096828046745,-0.23294509151414314,0.0
0.08808808808808809,-0.7123115577889446,-0.7165092689751662,0.8027613412228797,0.6753623188405798,0.48970944309927367,0.642230252968508,0.3816254416961131,0.5629405840886204,0.43225190839694655,-0.6671251719394773,0.5027502750275028,0.5915399867812294,-0.6287234042553191,0.5954003407155025,-0.14285714285714285,-0.34316185696361357,-0.7093023255813953,0.7030075187969925,-0.8042570951585977,0.2628951747088186,0.0
0.0890890890890891,-0.9271356783919598,-0.5676810073452256,0.8686390532544378,0.555072463768116,0.6059322033898304,0.4821889519876097,0.2985865724381626,0.6827794561933536,0.29198473282442744,-0.4662998624484182,0.3839383938393839,0.39590218109715797,-0.8255319148936171,0.9395229982964225,0.20512820512820512,-0.8757841907151819,-0.7316636851520572,0.8521303258145364,-0.9446994991652755,0.28119800332778705,0.0
0.09009009009009009,-0.7427763819095478,-0.7023434767401189,0.8031558185404339,0.5195652173913043,0.5774818401937046,0.5400103252452246,0.3268551236749117,0.5589123867069486,0.601145038167939,-0.5419532324621733,0.6633663366336633,0.5380039656311963,-0.8265957446808512,0.674190800681431,0.07326007326007325,-0.43099121706398996,-0.6422182468694095,0.7142857142857142,-0.8013355592654424,-0.259567387687188,0.0
0.09109109109109109,-0.8027638190954773,-0.6019587268275621,0.9222879684418146,0.6514492753623189,0.3401937046004843,0.5271037687145069,0.1484098939929329,0.6727089627391742,0.6917938931297709,-0.3851444291609354,0.8107810781078107,0.6338400528750826,-0.6526595744680852,0.717206132879046,0.13919413919413917,-0.6499372647427855,-0.6180679785330947,0.7330827067669172,-0.8679048414023373,-0.058236272878535784,0.0
0.0920920920920921,-0.8197236180904521,-0.8495977614550542,0.9120315581854043,0.7282608695652174,0.37469733656174337,0.7645844088797109,0.0706713780918728,0.7150050352467271,0.7461832061068703,-0.7606602475928474,0.7183718371837183,0.7402511566424324,-0.7074468085106383,0.7163543441226576,-0.08058608058608058,-0.7126725219573399,-0.6252236135957066,0.7775689223057645,-0.853923205342237,0.21797004991680535,0.0
0.09309309309309309,-0.8702889447236181,-0.6112277019937041,0.8240631163708086,0.5623188405797102,0.12106537530266345,0.5885389778007227,0.6095406360424028,0.7311178247734139,0.5219465648854962,-0.5048143053645117,0.7799779977997799,0.44877726371447463,-0.43670212765957445,0.6810051107325383,0.5970695970695971,-0.7107904642409033,-0.460644007155635,0.681077694235589,-0.9257095158597664,0.20133111480865223,0.0
0.0940940940940941,-0.6758793969849246,-0.6757607555089192,0.8524654832347139,0.5971014492753624,0.36743341404358354,0.6076406814661848,0.26855123674911663,0.7995971802618329,0.28912213740458015,-0.44016506189821186,0.396039603960396,0.5234633179114343,-0.5569148936170213,0.5796422487223168,0.3864468864468864,-0.5470514429109159,-0.6198568872987477,0.7324561403508771,-0.7212020033388982,0.44925124792013316,0.0
0.09509509509509509,-0.7459170854271356,-0.7124868835257082,0.9234714003944774,0.5376811594202899,0.48486682808716713,0.563758389261745,0.04240282685512368,0.6042296072507553,0.7213740458015266,-0.8528198074277854,0.5654565456545655,0.7263714474553867,-0.7946808510638298,0.7299829642248723,-0.11538461538461538,-0.7007528230865746,-0.682468694096601,0.7982456140350876,-0.7871452420701168,-0.07820299500831947,0.0
0.0960960960960961,-0.7192211055276382,-0.6551241692899615,0.8477317554240631,0.44637681159420295,0.44188861985472155,0.4584408879710893,-0.10600706713780919,0.4551863041289023,0.5248091603053435,-0.5708390646492435,0.7799779977997799,0.48711169861202913,-0.724468085106383,0.7789608177172062,0.30952380952380953,-0.5915934755332496,-0.7388193202146689,0.8471177944862156,-0.8762520868113522,-0.11813643926788685,0.0
0.0970970970970971,-0.8957286432160804,-0.9141308149702694,0.8812623274161735,0.9362318840579711,0.08656174334140436,0.9586990191017036,0.27738515901060073,0.7059415911379657,0.5143129770992366,-0.46905089408528206,0.6171617161716172,0.7025776602775942,-0.6345744680851064,0.8428449744463374,0.2655677655677655,-0.6612296110414053,-0.70304114490161,0.9385964912280701,-0.898789649415693,0.43261231281198004,0.0
0.0980980980980981,-0.8143844221105527,-0.5909408884225253,0.8812623274161735,0.5217391304347826,0.32142857142857145,0.5276200309757356,0.48409893992932873,0.6092648539778449,0.5791984732824427,-0.5845942228335625,0.5434543454345434,0.36219431592861867,-0.6324468085106384,0.7913117546848383,0.07326007326007325,-0.631116687578419,-0.6153846153846153,0.8082706766917293,-0.852671118530885,0.07653910149750416,0.0
0.0990990990990991,-0.7076005025125628,-0.6297656523259881,0.91163708086785,0.41304347826086957,0.6301452784503632,0.48373773877129583,0.2632508833922262,0.7049345417925478,0.4312977099236641,-0.3246217331499312,0.6952695269526953,0.3218770654329148,-0.8771276595744681,0.5975298126064736,0.2838827838827839,-0.5664993726474279,-0.6305903398926653,0.7518796992481203,-0.7310100166944908,-0.5341098169717139,0.0
0.1001001001001001,-0.722675879396985,-0.6068555438964673,0.7913214990138066,0.5384057971014493,0.551452784503632,0.4775425916365514,0.16431095406360424,0.44108761329305135,0.30725190839694655,-0.5419532324621733,0.5181518151815181,0.5730337078651686,-0.6632978723404256,0.6750425894378195,0.5421245421245421,-0.31242158092848177,-0.6887298747763864,0.5601503759398496,-0.7869365609348915,-0.11647254575707157,0.0
0.1011011011011011,-0.8030778894472361,-0.6566981462049668,0.8915187376725837,0.6811594202898551,0.2736077481840194,0.6226122870418173,0.6325088339222615,0.27794561933534745,0.16412213740458012,-0.530949105914718,0.1562156215621562,0.4712491738268341,-0.5792553191489361,0.7653321976149915,0.41758241758241754,-0.41593475533249685,-0.8345259391771019,0.6911027568922306,-0.8693656093489149,0.10815307820299501,0.0
0.1021021021021021,-0.8040201005025125,-0.764253235396992,0.8785009861932938,0.7021739130434783,0.39406779661016955,0.7036654620547238,0.245583038869258,0.6686807653575025,0.47328244274809156,-0.3865199449793673,0.5214521452145214,0.6378056840713814,-0.6622340425531916,0.7585178875638842,0.3717948717948718,-0.7126725219573399,-0.4660107334525939,0.6986215538847117,-0.8606010016694491,0.4359400998336107,0.0
0.1031031031031031,-0.8357412060301507,-0.5883175935641832,0.8635108481262327,0.47028985507246385,0.5829297820823245,0.5611770779556015,0.8374558303886926,0.4823766364551863,0.316793893129771,-0.6437414030261348,0.4763476347634763,0.34567085261070724,-0.8218085106382979,0.6452299829642248,0.32600732600732596,-0.5313676286072773,-0.6135957066189625,0.7349624060150376,-0.8633138564273789,-0.24792013311148087,0.0
0.1041041041041041,-0.8162688442211056,-0.6990206365862189,0.903353057199211,0.5717391304347826,0.5193704600484261,0.6210635002581312,0.3268551236749117,0.6143001007049346,0.6211832061068703,-0.751031636863824,0.3718371837183718,0.549239920687376,-0.8388297872340426,0.7065587734241908,0.06959706959706959,-0.4849435382685069,-0.7620751341681573,0.7399749373433584,-0.8249165275459098,-0.1314475873544093,0.0
0.10510510510510511,-0.788002512562814,-0.4686953480237846,0.8966469428007889,0.5695652173913044,0.7070217917675544,0.4697986577181208,0.7049469964664312,0.500503524672709,0.28721374045801523,-0.37001375515818435,0.6193619361936192,0.48182419035029744,-0.7526595744680852,0.723168654173765,0.6739926739926739,-0.45357590966122957,-0.8398926654740607,0.6372180451127819,-0.856636060100167,0.009983361064891847,0.0
0.1061061061061061,-0.7380653266331658,-0.6778593913955928,0.9672583826429979,0.7268115942028985,0.6186440677966102,0.6819824470831182,0.2809187279151944,0.4823766364551863,0.5047709923664122,-0.5625859697386519,0.5159515951595159,0.5723727693324521,-0.6718085106382978,0.7453151618398638,0.2216117216117216,-0.6141781681304893,-0.8264758497316637,0.8045112781954887,-0.8622704507512521,0.3577371048252912,0.0
0.10710710710710711,-0.8966708542713567,-0.7082896117523609,0.8071005917159763,0.7217391304347827,0.3734866828087167,0.7398038203407331,0.27031802120141346,0.8841893252769386,0.3368320610687023,-0.62585969738652,0.4884488448844884,0.5730337078651686,-0.6526595744680852,0.8053662691652471,0.3919413919413919,-0.8538268506900878,-0.532200357781753,0.744360902255639,-0.9200751252086812,0.39267886855241263,0.0
0.10810810810810811,-0.8589824120603015,-0.5619097586568731,0.8429980276134121,0.5144927536231885,0.7336561743341404,0.385647909137842,0.06890459363957598,0.4501510574018127,0.5143129770992366,-0.343878954607978,0.6545654565456546,0.39325842696629215,-0.8308510638297874,0.8781942078364565,0.43589743589743585,-0.624215809284818,-0.6833631484794275,0.7023809523809523,-0.914440734557596,-0.1064891846921797,0.0
0.1091091091091091,-0.6978643216080401,-0.6339629240993354,0.8966469428007889,0.7094202898550726,0.4164648910411622,0.5384615384615384,0.4893992932862192,0.6998992950654581,0.5706106870229007,-0.32599724896836313,0.7238723872387239,0.5036351619299405,-0.5531914893617021,0.6980408858603067,0.4249084249084249,-0.5313676286072773,-0.5178890876565294,0.7261904761904762,-0.7800500834724541,0.18302828618968386,0.0
0.11011011011011011,-0.7368090452261307,-0.6082546344875831,0.9009861932938855,0.3,0.3268765133171913,0.49303045947341245,0.6395759717314488,0.5629405840886204,0.45038167938931295,-0.6368638239339753,0.5632563256325632,0.4329147389292796,-0.6696808510638298,0.7291311754684838,0.3846153846153846,-0.7001254705144291,-0.7146690518783542,0.6622807017543859,-0.8280467445742905,-0.28286189683860236,0.0
0.1111111111111111,-0.7032035175879396,-0.5132913606155999,0.893491124260355,0.4007246376811595,0.6174334140435835,0.3464119772844605,0.549469964664311,0.5236656596173213,0.15553435114503816,-0.5928473177441541,0.4521452145214521,0.5340383344348977,-0.7462765957446809,0.704855195911414,0.7619047619047619,-0.6166875784190715,-0.7280858676207512,0.4605263157894737,-0.7698247078464108,-0.30615640599001664,0.0
0.11211211211211211,-0.7989949748743719,-0.792060160895418,0.8347140039447731,0.7876811594202899,0.4424939467312349,0.6845637583892618,0.35689045936395764,0.6717019133937563,0.3654580152671756,-0.44016506189821186,0.4312431243124312,0.5670852610707204,-0.6388297872340426,0.6520442930153322,-0.05677655677655677,-0.5232120451693851,-0.7048300536672629,0.7067669172932329,-0.8541318864774624,0.18302828618968386,0.0
0.11311311311311312,-0.7889447236180904,-0.9027632039174537,0.841025641025641,0.8818840579710147,0.03692493946731235,0.8838409912235415,0.2632508833922262,0.6666666666666667,0.3797709923664122,-0.5928473177441541,0.47744774477447743,0.643093192333113,-0.5372340425531915,0.6920783645655878,-0.04029304029304029,-0.6587202007528231,-0.6314847942754919,0.843358395989975,-0.817195325542571,0.5773710482529117,0.0
0.11411411411411411,-0.7380653266331658,-0.9041622945085694,0.8461538461538461,0.7442028985507246,0.2039951573849879,0.68921011874032,0.05830388692579506,0.6928499496475327,0.33396946564885494,-0.42778541953232463,0.32233223322332233,0.5955056179775281,-0.5957446808510639,0.5174616695059626,0.2747252747252747,-0.49309912170639897,-0.4311270125223613,0.837719298245614,-0.7408180300500835,0.7970049916805324,0.0
0.11511511511511512,-0.7735552763819096,-0.6670164393144457,0.8883629191321498,0.65,0.4533898305084746,0.6897263810015488,0.1943462897526502,0.6253776435045317,0.23091603053435114,-0.5419532324621733,0.5533553355335533,0.7164573694646399,-0.522872340425532,0.7406303236797275,0.467032967032967,-0.6442910915934754,-0.7110912343470482,0.656641604010025,-0.888355592654424,0.0815307820299501,0.0
0.11611611611611612,-0.7242462311557789,-0.7534102833158447,0.8224852071005917,0.6565217391304349,0.3601694915254237,0.6799173980382034,0.35689045936395764,0.5498489425981874,0.4646946564885496,-0.7015130674002751,0.4444444444444445,0.6953073364177133,-0.7664893617021278,0.7576660988074958,0.4505494505494505,-0.7515683814303638,-0.7316636851520572,0.6177944862155388,-0.8044657762938231,-0.1497504159733777,0.0
0.11711711711711711,-0.8577261306532662,-0.5640083945435467,0.8994082840236685,0.7108695652173913,0.46549636803874095,0.5632421270005162,0.6625441696113075,0.7784491440080564,0.5400763358778625,-0.36176066024759285,0.6446644664466447,0.5452742894910774,-0.6765957446808512,0.7470187393526406,0.5183150183150182,-0.7521957340025094,-0.38550983899821106,0.7619047619047619,-0.8656093489148581,0.5158069883527454,0.0
0.11811811811811812,-0.7490577889447235,-0.7107380202868135,0.9577909270216962,0.5623188405797102,0.18280871670702178,0.5792462570986061,0.4699646643109541,0.31722054380664655,0.3139312977099237,-0.7290233837689134,0.3355335533553355,0.651685393258427,-0.6537234042553193,0.7316865417376491,-0.05311355311355311,-0.3682559598494353,-0.8032200357781752,0.7067669172932329,-0.8021702838063439,-0.4608985024958403,0.0
0.11911911911911911,-0.8401381909547738,-0.7722980062959077,0.8714003944773175,0.765217391304348,0.4067796610169492,0.7114093959731543,0.48056537102473507,0.5840886203423967,0.7108778625954199,-0.8170563961485557,0.6545654565456546,0.6437541308658296,-0.7313829787234043,0.8138841567291313,-0.09157509157509157,-0.6875784190715182,-0.6717352415026833,0.7926065162907268,-0.895033388981636,-0.4359400998336107,0.0
0.12012012012012012,-0.6862437185929648,-0.7201818817768451,0.8820512820512821,0.6,0.4794188861985473,0.5792462570986061,-0.16254416961130744,0.36656596173212486,0.18797709923664122,-0.5502063273727649,0.341034103410341,0.6596166556510245,-0.8212765957446809,0.6477853492333902,0.10989010989010987,-0.4661229611041405,-0.6171735241502683,0.7813283208020051,-0.7612687813021703,-0.06655574043261232,0.0
0.12112112112112113,-0.9086055276381908,-0.6273172437915355,0.7708086785009861,0.7971014492753624,0.2185230024213075,0.6251935983479607,0.5159010600706714,0.6888217522658611,0.5286259541984734,-0.6024759284731774,0.5555555555555556,0.48512888301387974,-0.7218085106382979,0.7440374787052811,-0.12087912087912088,-0.671267252195734,-0.6001788908765653,0.7042606516290727,-0.8727045075125209,0.19966722129783693,0.0
0.12212212212212212,-0.739321608040201,-0.7904861839804127,0.901775147928994,0.6340579710144928,0.23305084745762714,0.7423851316468766,0.2915194346289753,0.6938569989929506,0.3931297709923664,-0.49105914718019256,0.4653465346534653,0.4329147389292796,-0.600531914893617,0.631175468483816,0.07509157509157509,-0.47490589711417813,-0.6404293381037566,0.8070175438596491,-0.7318447412353923,0.6256239600665557,0.0
0.12312312312312312,-0.7911432160804021,-0.6528506470793984,0.9581854043392504,0.7420289855072465,0.2953995157384988,0.5668559628291172,0.34098939929328625,0.62134944612286,0.424618320610687,-0.6313617606602476,0.4752475247524752,0.6047587574355585,-0.7074468085106383,0.6452299829642248,-0.10073260073260072,-0.377038895859473,-0.737030411449016,0.7738095238095238,-0.850584307178631,-0.04658901830282862,0.0
0.12412412412412413,-0.8486180904522612,-0.7117873382301505,0.886785009861933,0.7869565217391306,0.1676755447941889,0.5813113061435209,0.1678445229681979,0.6294058408862034,0.7652671755725191,-0.3356258596973865,0.6831683168316831,0.5730337078651686,-0.6202127659574468,0.8036626916524703,-0.005494505494505494,-0.6725219573400251,-0.6538461538461537,0.7957393483709273,-0.8914858096828048,0.07820299500831947,0.0
0.12512512512512514,-0.8492462311557789,-0.6766351871283666,0.8970414201183432,0.7144927536231884,0.7015738498789347,0.5684047496128033,0.08127208480565372,0.5911379657603222,0.316793893129771,-0.2173314993122421,0.4752475247524752,0.5016523463317912,-0.7361702127659574,0.6465076660988075,0.6190476190476191,-0.424090338770389,-0.7262969588550984,0.7293233082706766,-0.9008764607679467,-0.15806988352745424,0.0
0.12612612612612611,-0.792713567839196,-0.7474641483036026,0.8524654832347139,0.6137681159420291,0.23002421307506055,0.6468766133195663,0.1148409893992933,0.5367573011077543,0.42748091603053434,-0.6932599724896836,0.3795379537953795,0.6510244547257106,-0.5946808510638298,0.7597955706984668,0.13003663003663002,-0.4498117942283563,-0.5769230769230769,0.7581453634085212,-0.8775041736227046,-0.0815307820299501,0.0
0.12712712712712712,-0.6617462311557789,-0.7750961874781392,0.8615384615384616,0.8724637681159421,0.6464891041162228,0.8120805369127516,0.7031802120141344,0.5226586102719033,0.4818702290076336,-0.28473177441540576,0.759075907590759,0.635822868473232,-0.599468085106383,0.6899488926746168,0.25274725274725274,-0.5508155583437891,-0.7674418604651162,0.7763157894736842,-0.787771285475793,-0.19467554076539104,0.0
0.12812812812812813,-0.8530150753768845,-0.7521860790486185,0.908086785009862,0.7673913043478261,-0.12651331719128328,0.6262261228704182,0.17137809187279154,0.7774420946626385,0.41889312977099236,-0.1499312242090784,0.3828382838283828,0.4560475875743556,-0.4292553191489362,0.7397785349233391,0.2655677655677655,-0.713927227101631,-0.5894454382826475,0.8515037593984962,-0.8524624373956594,1.0,0.0
0.12912912912912913,-0.7688442211055276,-0.7899615250087444,0.8986193293885602,0.8123188405797102,0.27481840193704604,0.6938564790913785,0.17844522968197882,0.3716012084592145,0.42270992366412213,-0.5928473177441541,0.5302530253025303,0.6338400528750826,-0.7191489361702128,0.7917376490630325,0.1794871794871795,-0.35759096612296104,-0.6046511627906976,0.7675438596491229,-0.854340567612688,-0.16139767054908488,0.0
0.13013013013013014,-0.8329145728643216,-0.6696397341727878,0.8504930966469428,0.6891304347826087,0.3516949152542373,0.6375838926174497,0.5035335689045937,0.5035246727089627,0.3311068702290076,-0.5488308115543329,0.44334433443344334,0.5148711169861203,-0.7053191489361703,0.7248722316865418,0.1868131868131868,-0.5219573400250941,-0.5286225402504472,0.6979949874686717,-0.888355592654424,0.259567387687188,0.0
0.13113113113113112,-0.6805904522613064,-0.6768100734522561,0.972386587771203,0.727536231884058,0.516949152542373,0.5859576664945793,0.3003533568904594,0.527693856998993,0.5515267175572518,-0.5433287482806053,0.6941694169416942,0.6470588235294118,-0.6515957446808511,0.616695059625213,0.2454212454212454,-0.4811794228356336,-0.7003577817531306,0.5614035087719298,-0.784432387312187,-0.2612312811980033,0.0
0.13213213213213212,-0.832286432160804,-0.6161245190626093,0.9416173570019724,0.5340579710144928,0.5641646489104117,0.5265875064532782,0.2879858657243817,0.460221550855992,0.441793893129771,-0.8060522696011004,0.43454345434543457,0.6490416391275612,-0.8691489361702127,0.8360306643952301,0.1813186813186813,-0.5664993726474279,-0.7119856887298748,0.6936090225563909,-0.8964941569282138,-0.2662229617304493,0.0
0.13313313313313313,-0.8376256281407034,-0.6306400839454355,0.8729783037475345,0.6318840579710145,0.5036319612590799,0.5580795043882292,0.5159010600706714,0.3595166163141994,0.16125954198473283,-0.9105914718019258,0.3124312431243124,0.7164573694646399,-0.947872340425532,0.7470187393526406,0.5732600732600732,-0.3651191969887076,-0.7942754919499105,0.7449874686716792,-0.8752086811352254,-0.0632279534109817,0.0
0.13413413413413414,-0.6595477386934673,-0.5823714585519413,0.8291913214990138,0.5159420289855072,0.46549636803874095,0.4145585957666495,0.2756183745583039,0.5709969788519637,0.48759541984732824,-0.5570839064649244,0.7051705170517052,0.47257105089226703,-0.7441489361702128,0.6865417376490631,0.4706959706959707,-0.6028858218318695,-0.6404293381037566,0.7067669172932329,-0.7589732888146912,-0.08818635607321132,0.0
0.13513513513513514,-0.7446608040201005,-0.621196222455404,0.8414201183431952,0.5384057971014493,0.9285714285714286,0.551368094992256,0.4469964664310955,0.7009063444108761,0.4265267175572519,-0.297111416781293,0.5885588558855885,0.36417713152676806,-0.7797872340425532,0.6528960817717206,0.4230769230769231,-0.4134253450439147,-0.6055456171735242,0.6898496240601504,-0.7790066777963273,-0.14143094841930118,0.0
0.13613613613613615,-0.7920854271356783,-0.8812521860790485,0.8422090729783036,0.877536231884058,-0.1053268765133172,0.7062467733608674,-0.08303886925795054,0.6102719033232629,0.2280534351145038,-0.22145804676753783,0.5203520352035204,0.6080634500991409,-0.601063829787234,0.7018739352640545,0.27838827838827834,-0.6304893350062735,-0.5885509838998211,0.8201754385964911,-0.8219949916527546,0.697171381031614,0.0
0.13713713713713713,-0.8040201005025125,-0.8398041273172437,0.818145956607495,0.7942028985507248,-0.00847457627118644,0.6948890036138359,0.03710247349823322,0.8549848942598187,0.2566793893129771,-0.39752407152682256,0.3047304730473048,0.6549900859220092,-0.5792553191489361,0.5349233390119251,0.14835164835164835,-0.3964868255959849,-0.5536672629695885,0.7518796992481203,-0.7577212020033389,0.8801996672212979,0.0
0.13813813813813813,-0.7333542713567839,-0.7917103882476391,0.8733727810650886,0.7427536231884058,0.6719128329297822,0.7031491997934951,0.09893992932862192,0.3806646525679758,0.33492366412213737,-0.42916093535075656,0.4653465346534653,0.6754791804362195,-0.7127659574468086,0.6584327086882453,0.5183150183150182,-0.34567126725219577,-0.8354203935599284,0.7706766917293233,-0.8332637729549249,0.054908485856905165,0.0
0.13913913913913914,-0.7427763819095478,-0.5918153200419727,0.9195266272189349,0.555072463768116,0.690677966101695,0.5415591120289106,0.284452296819788,0.607250755287009,0.4952290076335878,-0.720770288858322,0.6127612761276128,0.5631196298744217,-0.8276595744680851,0.6878194207836457,0.41758241758241754,-0.4121706398996236,-0.7710196779964221,0.4924812030075188,-0.7971619365609349,-0.011647254575707155,0.0
0.14014014014014015,-0.8065326633165829,-0.5874431619447359,0.885207100591716,0.7565217391304349,0.4013317191283293,0.6050593701600413,0.7279151943462898,0.7210473313192346,0.3234732824427481,-0.2585969738651995,0.5687568756875687,0.44348975545274294,-0.573936170212766,0.7644804088586031,0.28205128205128205,-0.6882057716436637,-0.7200357781753131,0.7005012531328321,-0.8121869782971619,0.30948419301164726,0.0
0.14114114114114115,-0.6793341708542713,-0.549317943336831,0.8654832347140039,0.4630434782608696,0.42433414043583534,0.3835828600929272,0.01236749116607774,0.2104733131923464,0.5801526717557252,-0.4140302613480055,0.5951595159515952,0.5056179775280899,-0.7579787234042554,0.6503407155025553,0.304029304029304,-0.4604767879548306,-0.5626118067978533,0.56265664160401,-0.8174040066777963,-0.5141430948419301,0.0
0.14214214214214213,-0.8294597989949748,-0.6460300804477089,0.8635108481262327,0.4927536231884059,0.4576271186440678,0.4078471863706763,0.45406360424028275,0.6273917421953675,0.7624045801526718,-0.4126547455295736,0.6259625962596259,0.35029742233972244,-0.6877659574468085,0.770442930153322,0.10622710622710622,-0.713927227101631,-0.5483005366726297,0.6879699248120301,-0.8462020033388982,0.07321131447587355,0.0
0.14314314314314314,-0.6482412060301508,-0.7011192724728926,0.7684418145956606,0.5710144927536233,0.765133171912833,0.4734124935467217,-0.06890459363957598,0.6334340382678751,0.5620229007633587,-0.47180192572214585,0.8514851485148515,0.6523463317911434,-0.7308510638297874,0.704855195911414,0.45238095238095233,-0.6122961104140526,-0.571556350626118,0.6052631578947368,-0.7468697829716194,-0.40931780366056575,0.0
0.14414414414414414,-0.8784547738693468,-0.7525358516963974,0.8792899408284024,0.6210144927536232,0.25302663438256656,0.5642746515229736,0.22614840989399296,0.6888217522658611,0.7118320610687022,-0.4965612104539202,0.5918591859185919,0.582286847323199,-0.7196808510638298,0.7491482112436115,-0.05677655677655677,-0.6706398996235884,-0.6520572450805008,0.725563909774436,-0.8428631051752922,0.19467554076539104,0.0
0.14514514514514515,-0.6476130653266331,-0.6783840503672612,0.9183431952662721,0.5376811594202899,0.4328087167070218,0.648941662364481,0.3975265017667845,0.690835850956697,0.6459923664122138,-0.5419532324621733,0.6556655665566556,0.5558493060145406,-0.6797872340425533,0.5885860306643952,0.24725274725274726,-0.3720200752823086,-0.2915921288014311,0.6898496240601504,-0.6679883138564274,0.173044925124792,0.0
0.14614614614614616,-0.882537688442211,-0.5939139559286464,0.8481262327416172,0.7282608695652174,-0.1398305084745763,0.48270521424883844,0.2473498233215548,0.5508559919436052,0.14694656488549618,-0.32599724896836313,0.15181518151815182,0.36483807005948454,-0.5324468085106383,0.7729982964224873,0.23443223443223443,-0.4127979924717691,-0.4391771019677996,0.6829573934837093,-0.9113105175292154,0.5241264559068219,0.0
0.14714714714714713,-0.6849874371859296,-0.7194823364812871,0.860749506903353,0.696376811594203,-0.03389830508474576,0.6763035622096025,0.3303886925795053,0.6858006042296073,0.5496183206106869,-0.38789546079779913,0.36523652365236525,0.6411103767349636,-0.5053191489361702,0.5506814310051107,-0.05128205128205128,-0.4234629861982434,-0.4803220035778175,0.6616541353383458,-0.7408180300500835,0.697171381031614,0.0
0.14814814814814814,-0.8982412060301507,-0.7481636935991605,0.8927021696252465,0.5449275362318841,0.45944309927360777,0.7351574599896747,0.43286219081272087,0.5830815709969788,0.375,-0.7606602475928474,0.43014301430143015,0.4144084600132188,-0.8191489361702128,0.747870528109029,0.3131868131868132,-0.7114178168130488,-0.4740608228980322,0.8352130325814535,-0.9113105175292154,0.04492512479201331,0.0
0.14914914914914915,-0.8771984924623115,-0.7637285764253235,0.8130177514792899,0.7920289855072464,0.21368038740920098,0.6721734641197729,0.07243816254416963,0.5115810674723061,0.23377862595419846,-0.6396148555708391,0.2706270627062706,0.5968274950429611,-0.7962765957446809,0.7687393526405452,0.26739926739926734,-0.4993726474278545,-0.5098389982110911,0.656641604010025,-0.8606010016694491,0.2512479201331115,0.0
0.15015015015015015,-0.6733668341708543,-0.7759706190975866,0.8236686390532544,0.5855072463768117,0.5569007263922519,0.6257098606091894,0.01413427561837456,0.42799597180261834,0.26908396946564883,-0.5295735900962861,0.48404840484048406,0.6040978189028421,-0.6946808510638298,0.6524701873935265,0.3717948717948718,-0.44792973651191964,-0.6475849731663684,0.7982456140350876,-0.7917362270450752,-0.13311148086522465,0.0
0.15115115115115116,-0.9205402010050251,-0.6176984959776145,0.913214990138067,0.6449275362318841,0.19430992736077482,0.5431078988125968,0.33215547703180215,0.8650553877139979,0.5696564885496183,-0.37964236588720773,0.6446644664466447,0.5274289491077331,-0.623936170212766,0.786626916524702,0.4597069597069597,-0.624215809284818,-0.4803220035778175,0.6077694235588972,-0.8775041736227046,0.22129783693843597,0.0
0.15215215215215216,-0.6752512562814069,-0.8749562784190277,0.8252465483234714,0.9094202898550725,0.301452784503632,0.766133195663397,0.00176678445229682,0.7079556898288015,0.5772900763358778,-0.32324621733149933,0.614961496149615,0.6364838070059484,-0.5521276595744682,0.5651618398637138,-0.13553113553113552,-0.4560853199498118,-0.46332737030411447,0.775062656641604,-0.7228714524207012,0.5207986688851913,0.0
0.15315315315315314,-0.8910175879396985,-0.6535501923749563,0.977120315581854,0.6855072463768116,0.5617433414043584,0.6695921528136293,0.39399293286219084,0.6827794561933536,0.44083969465648853,-0.8872077028885833,0.5797579757975798,0.754130865829478,-0.6707446808510639,0.9216354344122659,0.1794871794871795,-0.7810539523212046,-0.885509838998211,0.6635338345864661,-0.9739148580968281,-0.009983361064891847,0.0
0.15415415415415415,-0.8815954773869346,-0.6369359916054564,0.8816568047337278,0.5818840579710146,0.38498789346246975,0.6241610738255033,0.9098939929328623,0.5196374622356495,0.26622137404580154,-0.43878954607977994,0.5126512651265127,0.37871777924653005,-0.6154255319148937,0.7781090289608178,0.4194139194139194,-0.6612296110414053,-0.6162790697674417,0.7048872180451128,-0.9129799666110184,-0.19966722129783693,0.0
0.15515515515515516,-0.7939698492462312,-0.7128366561734871,0.8406311637080867,0.5536231884057972,0.24757869249394673,0.5203923593185338,-0.10424028268551237,0.42497482376636453,0.3893129770992366,-0.5020632737276479,0.3861386138613861,0.5300727032385989,-0.6765957446808512,0.7257240204429302,0.047619047619047616,-0.47741530740276034,-0.7397137745974954,0.7393483709273182,-0.8270033388981637,-0.3178036605657238,0.0
0.15615615615615616,-0.8081030150753769,-0.6479538300104932,0.8406311637080867,0.8043478260869567,0.5575060532687652,0.5864739287558078,0.3975265017667845,0.4431017119838872,0.4961832061068702,-0.49931224209078406,0.4752475247524752,0.6113681427627231,-0.723404255319149,0.7074105621805793,0.23260073260073258,-0.5244667503136763,-0.626118067978533,0.8834586466165413,-0.8672787979966611,0.1663893510815308,0.0
0.15715715715715717,-0.7521984924623115,-0.8567681007345226,0.8974358974358974,0.918840579710145,0.2608958837772397,0.7924625709860609,0.26501766784452296,0.44813695871097686,0.42748091603053434,-0.37964236588720773,0.37733773377337737,0.6437541308658296,-0.5936170212765959,0.7585178875638842,-0.03296703296703296,-0.5432873274780426,-0.6153846153846153,0.7838345864661653,-0.8739565943238731,0.3161397670549085,0.0
0.15815815815815815,-0.7267587939698492,-0.8207415180132913,0.8445759368836292,0.7717391304347826,0.7191283292978208,0.6628807434176561,0.1607773851590106,0.45216515609264857,0.4866412213740458,-0.33012379642365886,0.5269526952695269,0.5380039656311963,-0.5691489361702128,0.7287052810902896,-0.09157509157509157,-0.5043914680050188,-0.849731663685152,0.7362155388471178,-0.8184474123539233,0.12146422628951747,0.0
0.15915915915915915,-0.8545854271356784,-0.6715634837355718,0.9108481262327416,0.5869565217391305,0.30024213075060535,0.5993804852865255,0.5141342756183745,0.9436052366565962,0.5314885496183206,-0.6478679504814305,0.6314631463146314,0.5175148711169861,-0.7468085106382979,0.6746166950596253,0.2692307692307692,-0.7202007528230865,-0.5393559928443649,0.6578947368421053,-0.8080133555926544,0.20299500831946757,0.0
0.16016016016016016,-0.7449748743718593,-0.7427422175585869,0.8236686390532544,0.4528985507246377,0.3190072639225182,0.5720185854414043,-0.21378091872791521,0.5649546827794563,0.724236641221374,-0.8033012379642366,0.5720572057205721,0.5003304692663583,-0.7148936170212766,0.7282793867120955,0.15018315018315018,-0.6819322459222082,-0.7692307692307692,0.7337092731829574,-0.8186560934891486,-0.4891846921797005,0.0
0.16116116116116116,-0.8033919597989949,-0.5577124868835257,0.9005917159763313,0.6152173913043478,0.3420096852300242,0.5441404233350542,0.26148409893992935,0.5518630412890232,0.18606870229007633,-0.5034387895460798,0.3641364136413641,0.5948446794448117,-0.7042553191489362,0.6835604770017036,0.663003663003663,-0.43287327478042653,-0.5268336314847942,0.6885964912280701,-0.8493322203672788,0.028286189683860236,0.0
0.16216216216216217,-0.996859296482412,-0.6516264428121721,0.8800788954635107,0.6318840579710145,-0.06476997578692494,0.5172947857511616,0.14664310954063606,0.730110775427996,0.4312977099236641,-0.7551581843191197,0.4708470847084708,0.575016523463318,-0.6904255319148936,0.831771720613288,0.20512820512820512,-0.6223337515683814,-0.5286225402504472,0.6353383458646616,-0.9472036727879799,0.11980033277870215,0.0
0.16316316316316315,-0.5653266331658291,-0.6955229101084295,0.8177514792899407,0.5847826086956522,0.2923728813559322,0.6138358286009293,0.4346289752650177,0.5508559919436052,0.38072519083969464,-0.5914718019257221,0.5005500550055005,0.7243886318572373,-0.6079787234042554,0.5029812606473595,0.16666666666666666,-0.39272271016311167,-0.49731663685152055,0.7625313283208021,-0.6744574290484141,0.19467554076539104,0.0
0.16416416416416416,-0.746859296482412,-0.6572228051766352,0.8761341222879684,0.682608695652174,0.09745762711864407,0.6406814661848219,0.5653710247349824,0.5538771399798591,0.4522900763358778,-0.3149931224209079,0.5808580858085809,0.4375413086582948,-0.46489361702127663,0.682282793867121,0.15018315018315018,-0.4987452948557089,-0.626118067978533,0.8170426065162907,-0.7998747913188649,-0.13311148086522465,0.0
0.16516516516516516,-0.8680904522613064,-0.5246589716684156,0.908086785009862,0.4927536231884059,0.4213075060532688,0.3913267940113578,0.6784452296819788,0.500503524672709,0.19274809160305345,-0.3149931224209079,0.2607260726072607,0.2888301387970919,-0.7271276595744681,0.7589437819420785,0.6282051282051282,-0.6386449184441656,-0.5867620751341681,0.6741854636591479,-0.8649833055091819,0.064891846921797,0.0
0.16616616616616617,-0.9035804020100502,-0.6701643931444561,0.8824457593688363,0.7971014492753624,0.27239709443099275,0.6179659266907589,0.49646643109540645,0.6918429003021148,0.3969465648854961,-0.5639614855570839,0.28272827282728275,0.5439524124256444,-0.6664893617021277,0.8283645655877343,0.14468864468864467,-0.4755332496863237,-0.7101967799642218,0.8370927318295739,-0.9012938230383973,0.6422628951747088,0.0
0.16716716716716717,-0.759108040201005,-0.6388597411682406,0.9167652859960551,0.6586956521739131,0.6501210653753028,0.5931853381517811,0.5883392226148411,0.5830815709969788,0.4312977099236641,-0.7070151306740028,0.6369636963696369,0.6576338400528752,-0.7925531914893618,0.6584327086882453,0.23260073260073258,-0.47490589711417813,-0.571556350626118,0.6729323308270677,-0.7965358931552589,-0.02329450915141431,0.0
0.16816816816816818,-0.7814070351758794,-0.6650926897516614,0.834319526627219,0.7818840579710146,0.524818401937046,0.542591636551368,-0.07420494699646644,0.5951661631419939,0.4809160305343511,-0.2764786795048143,0.5654565456545655,0.6437541308658296,-0.8026595744680851,0.7091141396933561,0.34249084249084244,-0.4573400250941029,-0.70304114490161,0.7819548872180451,-0.7900667779632722,0.009983361064891847,0.0
0.16916916916916916,-0.8247487437185929,-0.531129765652326,0.9416173570019724,0.5210144927536232,0.5992736077481841,0.45895715023231803,0.8568904593639577,0.43202416918429004,0.2776717557251908,-0.6024759284731774,0.34213421342134215,0.3231989424983477,-0.8031914893617021,0.7593696763202726,0.05128205128205128,-0.44918444165621074,-0.7978533094812164,0.5175438596491228,-0.85559265442404,0.00831946755407654,0.0
0.17017017017017017,-0.6300251256281406,-0.584120321790836,0.885207100591716,0.37391304347826093,0.6949152542372882,0.4697986577181208,0.14310954063604242,0.5035246727089627,0.5248091603053435,-0.48005502063273725,0.48954895489548955,0.5076007931262393,-0.7925531914893618,0.5344974446337308,-0.021978021978021976,-0.3450439146800502,-0.7352415026833631,0.7218045112781954,-0.7082637729549249,-0.18968386023294512,0.0
0.17117117117117117,-0.7798366834170855,-0.6103532703742568,0.8631163708086785,0.65,0.5962469733656175,0.5807950438822922,0.5441696113074206,0.35750251762336355,0.53912213740458,-0.6176066024759285,0.5786578657865786,0.5961665565102446,-0.6553191489361703,0.807069846678024,0.4505494505494505,-0.581555834378921,-0.7388193202146689,0.7449874686716792,-0.828881469115192,-0.36605657237936773,0.0
0.17217217217217218,-0.7823492462311558,-0.9027632039174537,0.7790927021696252,0.8826086956521739,0.09927360774818403,0.7960764068146619,-0.13780918727915195,0.6062437059415912,0.2757633587786259,-0.6822558459422283,0.46424642464246424,0.7772637144745539,-0.598404255319149,0.7989778534923339,0.2838827838827839,-0.5959849435382685,-0.6332737030411448,0.8609022556390977,-0.8234557595993323,0.05990016638935108,0.0
0.17317317317317318,-0.871859296482412,-0.577824414130815,0.9408284023668637,0.7731884057971015,0.6234866828087168,0.5400103252452246,0.27915194346289757,0.72809667673716,0.6459923664122138,-0.5213204951856947,0.7062706270627063,0.6153337739590219,-0.7367021276595745,0.8164395229982965,0.36996336996337,-0.6235884567126725,-0.7352415026833631,0.6629072681704261,-0.8919031719532554,0.03494176372712147,0.0
0.17417417417417416,-0.7732412060301508,-0.8333333333333333,0.818145956607495,0.8318840579710145,0.21731234866828086,0.7170882808466701,0.13780918727915195,0.622356495468278,0.10877862595419847,-0.547455295735901,0.3212321232123212,0.6860541969596828,-0.598404255319149,0.6188245315161841,0.14102564102564102,-0.38582183186951063,-0.5554561717352414,0.7142857142857142,-0.7756677796327213,0.589018302828619,0.0
0.17517517517517517,-0.7352386934673367,-0.7717733473242393,0.7554240631163708,0.6949275362318841,0.0490314769975787,0.5776974703149199,0.1236749116607774,0.8257804632426988,0.25095419847328243,-0.6162310866574966,0.3443344334433443,0.7072042300066095,-0.601063829787234,0.59412265758092,-0.023809523809523808,-0.4730238393977415,-0.349731663685152,0.7048872180451128,-0.7297579298831386,0.41098169717138106,0.0
0.17617617617617617,-0.9767587939698491,-0.6946484784889821,0.819723865877712,0.7927536231884059,0.14467312348668282,0.7253484770263293,0.3798586572438163,0.7744209466263847,0.46374045801526714,-0.40027510316368636,0.5478547854785478,0.3542630535360212,-0.7276595744680852,0.8798977853492334,0.01282051282051282,-0.7503136762860727,-0.47942754919499103,0.831453634085213,-0.9643155258764609,0.24625623960066556,0.0
0.17717717717717718,-0.8464195979899497,-0.5783490731024834,0.8564102564102563,0.7413043478260869,0.5181598062953995,0.5911202891068663,0.36925795053003535,0.7462235649546828,0.3358778625954198,-0.5199449793672627,0.4521452145214521,0.5452742894910774,-0.8547872340425532,0.790885860306644,-0.018315018315018312,-0.7703889585947302,-0.7298747763864042,0.7387218045112782,-0.8073873121869783,0.3011647254575707,0.0
0.1781781781781782,-0.9016959798994975,-0.7124868835257082,0.777120315581854,0.5978260869565217,0.2215496368038741,0.6102219927723282,0.12190812720848059,0.7311178247734139,0.24713740458015268,-0.6231086657496562,0.48954895489548955,0.4593522802379379,-0.6936170212765959,0.8002555366269166,0.0934065934065934,-0.8030112923462986,-0.42665474060822894,0.8665413533834586,-0.9213272120200334,-0.07154742096505823,0.0
0.17917917917917917,-0.809359296482412,-0.6941238195173137,0.9577909270216962,0.7086956521739131,0.12590799031476999,0.6381001548786783,0.49293286219081284,0.527693856998993,0.4265267175572519,-0.16918844566712518,0.37293729372937295,0.4732319894249835,-0.4867021276595745,0.6908006814310051,0.4139194139194139,-0.5087829360100377,-0.661896243291592,0.699874686716792,-0.8418196994991652,0.4392678868552413,0.0
0.18018018018018017,-0.7707286432160804,-0.6853795033228401,0.8268244575936884,0.7804347826086957,0.3190072639225182,0.5554981930820857,-0.09187279151943463,0.580060422960725,0.6622137404580152,-0.47317744154057767,0.49064906490649063,0.6087243886318573,-0.6457446808510638,0.6260647359454855,0.036630036630036625,-0.34065244667503136,-0.6118067978533095,0.7713032581453634,-0.7710767946577629,-0.011647254575707155,0.0
0.18118118118118118,-0.9679648241206029,-0.6904512067156349,0.8915187376725837,0.8152173913043479,-0.21610169491525424,0.6437790397521942,0.5883392226148411,0.7945619335347432,0.18129770992366412,-0.40027510316368636,0.41694169416941695,0.44216787838731003,-0.5579787234042554,0.8666950596252131,0.37912087912087905,-0.6254705144291092,-0.592128801431127,0.568295739348371,-0.9461602671118531,0.3627287853577371,0.0
0.18218218218218218,-0.7782663316582915,-0.5202868135711788,0.9021696252465482,0.47173913043478266,0.4364406779661017,0.4109447599380485,0.3904593639575972,0.5528700906344411,0.7347328244274809,-0.6602475928473177,0.8921892189218922,0.5254461335095837,-0.550531914893617,0.7717206132879046,0.41208791208791207,-0.631116687578419,-0.7889087656529516,0.6347117794486214,-0.8929465776293823,-0.5906821963394343,0.0
0.1831831831831832,-0.6290829145728644,-0.6100034977264778,0.7869822485207101,0.6608695652173914,0.475181598062954,0.6685596282911719,0.667844522968198,0.6062437059415912,0.517175572519084,-0.4044016506189821,0.6875687568756875,0.7124917382683411,-0.5755319148936171,0.620954003407155,0.40109890109890106,-0.40276035131744037,-0.5554561717352414,0.6015037593984962,-0.7274624373956595,0.11314475873544094,0.0
0.1841841841841842,-0.6730527638190954,-0.6297656523259881,0.8725838264299803,0.8224637681159421,0.4079903147699758,0.5245224574083635,0.18021201413427562,0.6344410876132931,0.6784351145038168,-0.43878954607977994,0.6644664466446645,0.6893588896232651,-0.5664893617021277,0.7448892674616696,-0.007326007326007326,-0.7245922208281054,-0.6681574239713773,0.8577694235588972,-0.7902754590984975,0.2712146422628952,0.0
0.18518518518518517,-0.737751256281407,-0.7747464148303602,0.7313609467455622,0.6181159420289856,0.5944309927360775,0.6329375322663913,0.17137809187279154,0.4823766364551863,0.5076335877862596,-0.6231086657496562,0.47194719471947194,0.5558493060145406,-0.7643617021276596,0.7065587734241908,0.13186813186813184,-0.4893350062735257,-0.8890876565295169,0.6647869674185463,-0.792779632721202,0.09317803660565724,0.0
0.18618618618618618,-0.7889447236180904,-0.6663168940188877,0.8737672583826429,0.7297101449275362,0.2953995157384988,0.5369127516778524,0.2756183745583039,0.581067472306143,0.3549618320610687,-0.5804676753782668,0.5368536853685368,0.5994712491738269,-0.647872340425532,0.6252129471890971,0.2655677655677655,-0.3682559598494353,-0.6189624329159212,0.8483709273182958,-0.8307595993322203,-0.05657237936772047,0.0
0.1871871871871872,-0.6592336683417086,-0.7081147254284715,0.9167652859960551,0.47463768115942034,0.09019370460048426,0.4475993804852865,-0.01236749116607774,0.5468277945619335,0.558206106870229,-0.6189821182943605,0.5654565456545655,0.5188367481824191,-0.6510638297872341,0.7755536626916525,0.17399267399267399,-0.5671267252195734,-0.6323792486583183,0.6992481203007519,-0.7673205342237062,-0.579034941763727,0.0
0.1881881881881882,-0.7945979899497486,-0.7388947184330185,0.9065088757396449,0.860144927536232,-0.018765133171912834,0.6391326794011357,0.22261484098939932,0.7311178247734139,0.24141221374045801,-0.40990371389270974,0.42244224422442245,0.5300727032385989,-0.5648936170212766,0.6733390119250426,0.2948717948717949,-0.5169385194479297,-0.47853309481216455,0.6885964912280701,-0.7902754590984975,0.475873544093178,0.0
0.1891891891891892,-0.777324120603015,-0.6909758656873033,0.8453648915187375,0.7637681159420291,0.20762711864406783,0.624677336086732,0.26855123674911663,0.7129909365558912,0.42270992366412213,-0.3576341127922971,0.6160616061606161,0.5327164573694647,-0.5090425531914894,0.727427597955707,0.03296703296703296,-0.732120451693852,-0.5277280858676207,0.7832080200501252,-0.8196994991652755,0.41430948419301167,0.0
0.19019019019019018,-0.8263190954773868,-0.5890171388597412,0.8792899408284024,0.6318840579710145,0.44188861985472155,0.445018069179143,0.3356890459363958,0.40080563947633435,0.25572519083969464,-0.5254470426409904,0.24752475247524752,0.5994712491738269,-0.7127659574468086,0.6465076660988075,0.19597069597069594,-0.2490589711417817,-0.7227191413237924,0.6027568922305764,-0.8403589315525877,0.11148086522462564,0.0
0.19119119119119118,-0.7785804020100502,-0.6255683805526407,0.9992110453648915,0.6463768115942029,0.5835351089588378,0.49406298399586984,0.3303886925795053,0.5307150050352467,0.5066793893129771,-0.07290233837689133,0.5632563256325632,0.232650363516193,-0.7946808510638298,0.7321124361158433,0.04395604395604395,-0.47365119196988703,-0.7522361359570661,0.7713032581453634,-0.8115609348914858,-0.1281198003327787,0.0
0.1921921921921922,-0.6620603015075377,-0.7691500524658971,0.8177514792899407,0.6746376811594204,0.07506053268765134,0.5782137325761487,0.07243816254416963,0.6173212487411883,0.35877862595419846,-0.4415405777166438,0.40264026402640263,0.635822868473232,-0.4792553191489362,0.6660988074957411,0.3076923076923077,-0.4993726474278545,-0.5438282647584972,0.7036340852130325,-0.7635642737896494,0.2579034941763727,0.0
0.1931931931931932,-0.6947236180904522,-0.7985309548793285,0.9191321499013807,0.7130434782608696,0.6961259079903147,0.6200309757356738,-0.18197879858657245,0.5196374622356495,0.35877862595419846,-0.5226960110041265,0.5379537953795379,0.5968274950429611,-0.748404255319149,0.7649063032367973,-0.04945054945054945,-0.5545796737766625,-0.5894454382826475,0.7988721804511277,-0.8046744574290484,-0.10149750415973378,0.0
0.1941941941941942,-0.6385050251256281,-0.8210912906610703,0.8792899408284024,0.7905797101449276,0.6325665859564165,0.7454827052142488,0.31095406360424027,0.5347432024169184,0.7223282442748091,-0.6492434662998624,0.7887788778877887,0.7647058823529412,-0.5648936170212766,0.6431005110732538,0.04212454212454212,-0.43977415307402756,-0.5465116279069767,0.6885964912280701,-0.760016694490818,-0.18302828618968386,0.0
0.19519519519519518,-0.7958542713567838,-0.654949282966072,0.8765285996055227,0.5036231884057971,0.5744552058111381,0.4584408879710893,0.0441696113074205,0.7230614300100705,0.4713740458015267,-0.7248968363136177,0.6523652365236523,0.605419695968275,-0.800531914893617,0.7018739352640545,0.22344322344322343,-0.5577164366373902,-0.47137745974955275,0.7218045112781954,-0.8501669449081803,-0.32445923460898507,0.0
0.1961961961961962,-0.7701005025125628,-0.7332983560685554,0.9065088757396449,0.7144927536231884,0.36077481840193704,0.5998967475477542,0.3657243816254417,0.540785498489426,0.4761450381679389,-0.7592847317744155,0.5137513751375138,0.8089887640449439,-0.750531914893617,0.7052810902896082,0.04029304029304029,-0.5878293601003765,-0.6118067978533095,0.6491228070175439,-0.8430717863105176,-0.49750415973377704,0.0
0.1971971971971972,-0.9585427135678392,-1.0,0.8418145956607495,0.7876811594202899,0.19067796610169493,0.7568404749612803,-0.13427561837455831,0.7885196374622356,0.5601145038167938,-0.3342503438789546,0.6171617161716172,0.5994712491738269,-0.7303191489361702,0.7325383304940375,-0.1923076923076923,-0.622961104140527,-0.5348837209302325,0.7550125313283208,-0.9417779632721203,0.502495840266223,0.0
0.1981981981981982,-0.8379396984924623,-0.8307100384749913,0.9364891518737672,0.7239130434782609,0.05024213075060533,0.6819824470831182,0.17844522968197882,0.5820745216515609,0.34351145038167935,-0.6217331499312242,0.35973597359735976,0.5908790482485129,-0.6234042553191489,0.7214650766609881,0.35531135531135527,-0.5859473023839398,-0.8246869409660107,0.7650375939849624,-0.8764607679465777,0.07487520798668885,0.0
0.1991991991991992,-0.7025753768844221,-0.6346624693948933,0.8777120315581853,0.6891304347826087,0.3868038740920097,0.6200309757356738,0.26855123674911663,0.6354481369587109,0.4866412213740458,-0.4965612104539202,0.43014301430143015,0.7349636483807007,-0.6941489361702128,0.6818568994889268,0.39377289377289376,-0.6141781681304893,-0.49821109123434704,0.8258145363408521,-0.7479131886477463,0.2562396006655574,0.0
0.2002002002002002,-0.7449748743718593,-0.7381951731374606,0.8611439842209072,0.7971014492753624,0.40254237288135597,0.7227671657201857,0.5459363957597173,0.7331319234642497,0.7853053435114503,-0.4649243466299863,0.6237623762376237,0.6668869795109055,-0.6526595744680852,0.7022998296422488,0.16666666666666666,-0.5564617314930991,-0.6296958855098389,0.769423558897243,-0.8098914858096828,0.3893510815307821,0.0
0.2012012012012012,-0.8357412060301507,-0.574501573976915,0.885207100591716,0.5253623188405797,0.5962469733656175,0.403200826019618,0.045936395759717315,0.459214501510574,0.4112595419847328,-0.6368638239339753,0.6171617161716172,0.5102445472571051,-0.7462765957446809,0.8373083475298126,0.33699633699633696,-0.7534504391468005,-0.7924865831842576,0.7374686716791979,-0.938230383973289,-0.4742096505823627,0.0
0.2022022022022022,-0.7823492462311558,-0.5860440713536201,0.92465483234714,0.805072463768116,0.21307506053268765,0.6226122870418173,0.5371024734982333,0.47129909365558914,0.13358778625954199,-0.49931224209078406,0.4191419141914191,0.6635822868473232,-0.576063829787234,0.6712095400340716,0.35347985347985345,-0.5232120451693851,-0.6940966010733453,0.6359649122807016,-0.8420283806343907,-0.259567387687188,0.0
0.2032032032032032,-0.7562814070351758,-0.8303602658272123,0.8303747534516764,0.7268115942028985,0.3220338983050848,0.6675271037687145,0.245583038869258,0.607250755287009,0.6851145038167938,-0.7317744154057773,0.7832783278327832,0.7891606080634501,-0.6590425531914894,0.7201873935264055,0.09523809523809523,-0.6468005018820576,-0.721824686940966,0.6159147869674185,-0.8297161936560935,-0.21963394342762066,0.0
0.2042042042042042,-0.7405778894472361,-0.8160195872682757,0.7538461538461538,0.7862318840579711,0.13135593220338984,0.7093443469282396,0.01060070671378092,0.8197381671701913,0.5076335877862596,-0.38101788170563966,0.5918591859185919,0.6728354263053536,-0.5297872340425532,0.6034923339011925,0.0934065934065934,-0.4987452948557089,-0.5250447227191413,0.7600250626566416,-0.7585559265442404,0.7587354409317805,0.0
0.20520520520520522,-0.5901381909547738,-0.7152850647079398,0.8895463510848125,0.7021739130434783,0.4055690072639226,0.6639132679401136,0.3286219081272085,0.5679758308157099,0.5114503816793893,-0.38101788170563966,0.6347634763476347,0.651685393258427,-0.5079787234042553,0.6068994889267462,0.41208791208791207,-0.5094102885821832,-0.5635062611806797,0.8922305764411027,-0.7164023372287145,0.17470881863560733,0.0
0.2062062062062062,-0.7619346733668342,-0.7236796082546345,0.8228796844181459,0.7702898550724638,0.19430992736077482,0.6556530717604543,0.21378091872791521,0.4833836858006042,0.35400763358778625,-0.53232462173315,0.49504950495049505,0.7415730337078653,-0.6053191489361702,0.7248722316865418,0.4798534798534798,-0.4905897114178168,-0.6538461538461537,0.7543859649122806,-0.8234557595993323,0.3194675540765391,0.0
0.2072072072072072,-0.6969221105527638,-0.5820216859041623,0.841025641025641,0.49927536231884057,0.438861985472155,0.4104284976768198,-0.051236749116607784,0.5478348439073515,0.5887404580152672,-0.6464924346629987,0.6468646864686468,0.6292134831460674,-0.7053191489361703,0.743611584327087,0.22710622710622708,-0.6072772898368883,-0.6985688729874776,0.7337092731829574,-0.8117696160267113,-0.7138103161397671,0.0
0.2082082082082082,-0.8300879396984924,-0.5974116824064358,0.9226824457593688,0.731159420289855,0.38075060532687655,0.574083634486319,0.3657243816254417,0.47029204431017124,0.3854961832061069,-0.4236588720770289,0.4191419141914191,0.48975545274289495,-0.6803191489361702,0.838160136286201,-0.010989010989010988,-0.7509410288582183,-0.6940966010733453,0.7537593984962406,-0.8764607679465777,-0.2895174708818635,0.0
0.2092092092092092,-0.7675879396984924,-0.8964672962574327,0.8792899408284024,0.8833333333333334,0.28934624697336564,0.7898812596799174,0.34098939929328625,0.3937562940584089,0.3368320610687023,-0.36588720770288863,0.5918591859185919,0.4778585591539987,-0.5579787234042554,0.870954003407155,0.19047619047619047,-0.5043914680050188,-0.8550983899821109,0.7938596491228069,-0.8745826377295493,0.06655574043261232,0.0
0.21021021021021022,-0.8115577889447236,-0.7976565232598811,0.870611439842209,0.6695652173913045,0.14346246973365617,0.5947341249354672,-0.11307420494699648,0.72809667673716,0.4713740458015267,-0.8143053645116919,0.6138613861386139,0.6814276272306675,-0.6632978723404256,0.7517035775127768,0.0824175824175824,-0.8080301129234629,-0.5679785330948122,0.8721804511278194,-0.8645659432387313,-0.3610648918469218,0.0
0.21121121121121122,-0.8366834170854272,-0.7325988107729976,0.8564102564102563,0.7449275362318841,0.14346246973365617,0.5276200309757356,0.0088339222614841,0.49748237663645517,0.08874045801526717,-0.5598349381017882,0.2365236523652365,0.6536682088565764,-0.6074468085106383,0.67206132879046,0.10989010989010987,-0.42910915934755334,-0.665474060822898,0.706140350877193,-0.8510016694490818,0.129783693843594,0.0
0.2122122122122122,-0.8448492462311558,-0.6253934942287513,0.9076923076923077,0.5384057971014493,0.12832929782082325,0.4599896747547754,0.19611307420494703,0.6384692849949648,0.4751908396946565,-0.46905089408528206,0.4609460946094609,0.3780568407138136,-0.6420212765957447,0.6460817717206133,0.04212454212454212,-0.513801756587202,-0.6010733452593917,0.6873433583959899,-0.8578881469115192,-0.15141430948419302,0.0
0.2132132132132132,-0.6422738693467336,-0.8422525358516963,0.8654832347140039,0.5442028985507247,0.572639225181598,0.7191533298915849,0.08480565371024736,0.38368580060422963,0.3645038167938931,-0.6354883081155434,0.4785478547854785,0.5234633179114343,-0.6537234042553193,0.727427597955707,-0.5512820512820512,-0.3224592220828105,-0.6699463327370303,0.7713032581453634,-0.8011268781302171,-0.0066555740432612314,0.0
0.21421421421421422,-0.5961055276381909,-0.8994403637635536,0.811439842209073,0.6934782608695652,0.2354721549636804,0.7785234899328859,0.1254416961130742,0.49748237663645517,0.4666030534351145,-0.5185694635488308,0.30253025302530256,0.7475214805023134,-0.4255319148936171,0.6507666098807496,-0.31135531135531136,-0.3688833124215809,-0.6806797853309481,0.9636591478696741,-0.7639816360601002,0.7870216306156406,0.0
0.21521521521521522,-0.7148241206030149,-0.735746764603008,0.9234714003944774,0.6934782608695652,1.0,0.7083118224057822,0.3268551236749117,0.5045317220543807,0.724236641221374,-0.49793672627235214,0.6314631463146314,0.5875743555849307,-0.8132978723404255,0.6605621805792163,0.15750915750915748,-0.5313676286072773,-0.6726296958855098,0.6691729323308271,-0.784432387312187,-0.519134775374376,0.0
0.21621621621621623,-0.5712939698492462,-0.5951381601958727,0.8351084812623274,0.58768115942029,0.7838983050847458,0.3980382034073309,0.39399293286219084,0.39677744209466265,0.41889312977099236,-0.45804676753782675,0.4961496149614961,0.5472571050892268,-0.752127659574468,0.5949744463373083,0.45787545787545786,-0.41530740276035133,-0.7441860465116278,0.5432330827067668,-0.6696577629382304,0.07154742096505823,0.0
0.2172172172172172,-0.7804648241206029,-0.7763203917453655,0.8749506903353057,0.7181159420289855,0.3710653753026634,0.7191533298915849,0.3215547703180212,0.8459214501510574,0.4933206106870229,-0.46767537826685013,0.48734873487348734,0.7488433575677462,-0.6712765957446809,0.6865417376490631,0.5036630036630036,-0.665621079046424,-0.6610017889087656,0.7807017543859649,-0.7900667779632722,0.13477537437603995,0.0
0.2182182182182182,-0.7597361809045226,-0.6409583770549143,0.9325443786982247,0.4833333333333334,0.47457627118644075,0.45947341249354673,0.10600706713780919,0.3162134944612286,0.31774809160305345,-0.6464924346629987,0.3256325632563256,0.48843357567746204,-0.9143617021276597,0.7287052810902896,0.05128205128205128,-0.33877038895859474,-0.8783542039355992,0.7261904761904762,-0.8240818030050083,-0.3327787021630616,0.0
0.21921921921921922,-0.8580402010050251,-0.7712486883525709,0.8220907297830374,0.7826086956521741,0.2070217917675545,0.6298399586990191,0.3515901060070672,0.6364551863041289,0.258587786259542,-0.4332874828060523,0.3465346534653465,0.38070059484467944,-0.6175531914893617,0.7623509369676321,0.1227106227106227,-0.6041405269761605,-0.5536672629695885,0.7901002506265663,-0.8716611018363939,0.28119800332778705,0.0
0.22022022022022023,-0.8244346733668342,-0.6689401888772298,0.805128205128205,0.6239130434782609,0.2245762711864407,0.6473928755807951,0.3268551236749117,0.5780463242698892,0.683206106870229,-0.5667125171939477,0.6292629262926291,0.5426305353602116,-0.673936170212766,0.8189948892674618,-0.04212454212454212,-0.6179422835633626,-0.648479427549195,0.6466165413533834,-0.8879382303839733,-0.14143094841930118,0.0
0.22122122122122123,-0.7151381909547738,-0.6981462049667716,0.9207100591715977,0.6340579710144928,0.3414043583535109,0.6319050077439339,0.27915194346289757,0.7603222557905337,0.1898854961832061,-0.44016506189821186,0.3905390539053905,0.6278916060806345,-0.5712765957446809,0.7593696763202726,0.26190476190476186,-0.7045169385194479,-0.7200357781753131,0.7644110275689222,-0.7869365609348915,0.19134775374376042,0.0
0.2222222222222222,-0.7704145728643215,-0.6455054214760405,0.9084812623274161,0.5507246376811594,0.36803874092009686,0.5286525554981931,0.8392226148409895,0.701913393756294,0.051526717557251904,-0.7248968363136177,0.3949394939493949,0.6001321877065433,-0.572340425531915,0.6665247018739353,0.04395604395604395,-0.45043914680050184,-0.5393559928443649,0.7449874686716792,-0.8019616026711186,0.08985024958402663,0.0
0.22322322322322322,-0.5631281407035176,-0.8340328786288912,0.8930966469428007,0.6405797101449275,0.36743341404358354,0.7016004130098089,-0.1236749116607774,0.5125881168177241,0.47423664122137404,-0.6189821182943605,0.594059405940594,0.754130865829478,-0.5292553191489362,0.6503407155025553,0.19413919413919412,-0.4454203262233375,-0.7871198568872987,0.8139097744360901,-0.7677378964941569,-0.09816971713810316,0.0
0.22422422422422422,-0.9309045226130652,-0.6229450856942986,0.9747534516765286,0.8347826086956521,0.7179176755447942,0.6401652039235932,0.16607773851590107,0.607250755287009,0.3912213740458015,-0.32599724896836313,0.6644664466446645,0.6655651024454725,-0.824468085106383,0.8198466780238501,0.5054945054945055,-0.85633626097867,-0.6440071556350625,0.7431077694235588,-0.9509599332220369,0.058236272878535784,0.0
0.22522522522522523,-0.8153266331658291,-0.5612102133613152,0.9621301775147929,0.7985507246376813,0.4878934624697337,0.5869901910170366,0.45406360424028275,0.5246727089627392,0.5019083969465649,-0.5281980742778543,0.6897689768976898,0.7693324520819563,-0.7425531914893617,0.8266609880749575,0.48717948717948717,-0.622961104140527,-0.8542039355992843,0.62531328320802,-0.9111018363939899,-0.06988352745424294,0.0
0.22622622622622623,-0.5847989949748744,-0.5626093039524309,0.9069033530571992,0.4905797101449276,0.5835351089588378,0.565307176045431,0.32332155477031804,0.540785498489426,0.6498091603053435,-0.657496561210454,0.8063806380638063,0.6543291473892928,-0.6696808510638298,0.6920783645655878,0.06043956043956044,-0.6235884567126725,-0.7647584973166368,0.5451127819548872,-0.7426961602671119,-0.5823627287853578,0.0
0.22722722722722724,-0.8256909547738693,-0.680132913606156,0.9120315581854043,0.532608695652174,0.6301452784503632,0.5069695405265875,0.26148409893992935,0.7905337361530715,0.5601145038167938,-0.5873452544704264,0.6765676567656765,0.47058823529411764,-0.723404255319149,0.7308347529812607,0.08974358974358974,-0.6166875784190715,-0.665474060822898,0.7700501253132832,-0.8443238731218699,-0.2396006655574043,0.0
0.22822822822822822,-0.7876884422110553,-0.5554389646729626,0.8244575936883628,0.4673913043478261,0.39527845036319614,0.5245224574083635,0.5282685512367491,0.6132930513595166,0.6803435114503816,-0.7647867950481432,0.6446644664466447,0.49239920687376076,-0.7585106382978724,0.6456558773424191,0.1978021978021978,-0.4987452948557089,-0.5259391771019677,0.681077694235589,-0.8378547579298831,-0.19966722129783693,0.0
0.22922922922922923,-0.9321608040201005,-0.4379153550192375,0.816568047337278,0.4514492753623189,0.5799031476997579,0.34021683014971604,0.6484098939929329,0.5568982880161129,0.6603053435114503,-0.5185694635488308,0.6798679867986799,0.28618638466622603,-0.8712765957446809,0.803236797274276,0.5347985347985347,-0.7559598494353826,-0.590339892665474,0.8051378446115287,-0.9077629382303839,-0.4226289517470882,0.0
0.23023023023023023,-0.6755653266331657,-0.689401888772298,0.8035502958579881,0.851449275362319,0.28208232445520587,0.6303562209602478,0.333922261484099,0.4783484390735146,0.5190839694656488,-0.32324621733149933,0.5841584158415841,0.6708526107072043,-0.5872340425531916,0.678023850085179,0.26739926739926734,-0.3469259723964868,-0.6556350626118067,0.6284461152882205,-0.7821368948247079,-0.02995008319467554,0.0
0.23123123123123124,-0.8021356783919597,-0.6551241692899615,0.7928994082840235,0.5449275362318841,0.2736077481840194,0.5580795043882292,0.1236749116607774,0.7724068479355488,0.3616412213740458,-0.7042640990371389,0.43234323432343236,0.5955056179775281,-0.6712765957446809,0.743611584327087,0.021978021978021976,-0.5382685069008782,-0.5706618962432916,0.7863408521303257,-0.8126043405676128,0.2279534109816972,0.0
0.23223223223223224,-0.8715452261306532,-0.7436166491780343,0.9021696252465482,0.7181159420289855,0.7887409200968523,0.6515229736706246,0.1519434628975265,0.44008056394763345,0.2795801526717557,-0.4346629986244842,0.5654565456545655,0.5386649041639128,-0.8388297872340426,0.817717206132879,0.21794871794871792,-0.589711417816813,-0.701252236135957,0.7913533834586465,-0.900459098497496,0.024958402662229616,0.0
0.23323323323323322,-0.7556532663316583,-0.8277369709688702,0.8785009861932938,0.7514492753623189,0.38498789346246975,0.8280846670108415,0.1855123674911661,0.5186304128902316,0.6192748091603053,-0.4828060522696011,0.5214521452145214,0.7323198942498349,-0.7159574468085107,0.764054514480409,-0.13919413919413917,-0.6913425345043915,-0.6082289803220036,0.8489974937343358,-0.7967445742904842,0.41430948419301167,0.0
0.23423423423423423,-0.9293341708542713,-0.7845400489681706,0.8315581854043392,0.518840579710145,0.5030266343825666,0.6071244192049561,-0.11837455830388695,0.4169184290030211,0.41030534351145037,-0.6217331499312242,0.2684268426842684,0.44348975545274294,-0.8180851063829788,0.8458262350936968,0.08608058608058608,-0.49560853199498117,-0.6762075134168157,0.7919799498746867,-0.9424040066777963,0.01497504159733777,0.0
0.23523523523523523,-0.8326005025125627,-0.5111927247289262,0.8138067061143984,0.4311594202898551,0.2838983050847458,0.4574083634486319,0.6236749116607774,0.5216515609264855,0.4064885496183206,-0.4305364511691885,0.4653465346534653,0.3212161269001983,-0.7361702127659574,0.7840715502555367,0.41758241758241754,-0.4824341279799247,-0.6028622540250447,0.6052631578947368,-0.9056761268781303,0.07487520798668885,0.0
0.23623623623623624,-0.7945979899497486,-0.6079048618398041,0.8540433925049309,0.6202898550724638,0.26452784503631965,0.4811564274651523,-0.088339222614841,0.662638469284995,0.5267175572519084,-0.33012379642365886,0.5874587458745875,0.3721083939193655,-0.6117021276595744,0.6239352640545146,0.3333333333333333,-0.4454203262233375,-0.701252236135957,0.7199248120300752,-0.7831803005008348,0.3610648918469218,0.0
0.23723723723723725,-0.7525125628140703,-0.648653375306051,0.7980276134122288,0.35144927536231885,0.5817191283292978,0.5219411461022199,0.38515901060070673,0.6334340382678751,0.3196564885496183,-0.4126547455295736,0.4532453245324532,0.34368803701255785,-0.7489361702127659,0.7789608177172062,0.003663003663003663,-0.5514429109159348,-0.6100178890876565,0.7236842105263158,-0.8053005008347246,-0.08485856905158069,0.0
0.23823823823823823,-0.7264447236180904,-0.7534102833158447,0.8765285996055227,0.7985507246376813,0.4219128329297821,0.6406814661848219,0.3427561837455831,0.7180261832829808,0.3530534351145038,-0.343878954607978,0.48734873487348734,0.5485789821546596,-0.6425531914893617,0.661839863713799,0.44688644688644685,-0.5181932245922207,-0.8372093023255813,0.7023809523809523,-0.7800500834724541,0.7204658901830283,0.0
0.23923923923923923,-0.7311557788944723,-0.6329136061559987,0.8958579881656804,0.6159420289855073,0.3250605326876514,0.6081569437274135,0.4593639575971732,0.4541792547834844,0.1965648854961832,-0.5089408528198074,0.3817381738173817,0.4163912756113682,-0.6345744680851064,0.7278534923339013,0.6941391941391941,-0.6555834378920953,-0.6064400715563506,0.6578947368421053,-0.835559265442404,0.013311148086522463,0.0
0.24024024024024024,-0.8674623115577889,-0.627492130115425,0.8741617357001973,0.5123188405797101,0.28450363196125905,0.45482705214248836,0.22614840989399296,0.5730110775427996,0.3053435114503817,-0.3314993122420908,0.5896589658965897,0.4619960343688037,-0.6617021276595745,0.7534071550255537,0.3296703296703296,-0.622961104140527,-0.481216457960644,0.6629072681704261,-0.8683222036727879,-0.13477537437603995,0.0
0.24124124124124124,-0.7327261306532663,-0.6016089541797831,0.796844181459566,0.5659420289855073,0.47639225181598066,0.5214248838409912,0.33215547703180215,0.5991943605236656,0.39503816793893126,-0.5914718019257221,0.6303630363036303,0.5208195637805685,-0.7085106382978724,0.7223168654173765,0.5805860805860805,-0.595357590966123,-0.6100178890876565,0.5231829573934836,-0.7967445742904842,-0.13311148086522465,0.0
0.24224224224224225,-0.7129396984924623,-0.8485484435117174,0.7211045364891518,0.3934782608695653,0.10835351089588378,0.5720185854414043,-0.2279151943462898,0.7311178247734139,0.45038167938931295,-0.6533700137551581,0.6787678767876787,0.5908790482485129,-0.7196808510638298,0.5911413969335605,0.01282051282051282,-0.5326223337515683,-0.4373881932021466,0.8302005012531327,-0.7301752921535893,0.09151414309484193,0.0
0.24324324324324326,-0.7572236180904522,-0.6811822315494929,0.8650887573964496,0.5485507246376812,0.9225181598062955,0.5317501290655653,-0.12720848056537104,0.675730110775428,0.4856870229007633,-0.5570839064649244,0.5533553355335533,0.6153337739590219,-0.946808510638298,0.651618398637138,0.1648351648351648,-0.4272271016311167,-0.610912343470483,0.6973684210526315,-0.7898580968280468,0.17470881863560733,0.0
0.24424424424424424,-0.7295854271356783,-0.7158097236796083,0.9096646942800789,0.6731884057971015,0.36380145278450365,0.5838926174496644,0.5706713780918728,0.6576032225579054,0.6727099236641221,-0.46905089408528206,0.43784378437843785,0.39325842696629215,-0.5856382978723405,0.6865417376490631,0.19047619047619047,-0.5006273525721455,-0.5778175313059034,0.6497493734335839,-0.8092654424040068,0.18968386023294512,0.0
0.24524524524524524,-0.6193467336683417,-0.8522210563133963,0.8059171597633136,0.922463768115942,0.33171912832929784,0.7640681466184822,0.26855123674911663,0.5095669687814703,0.28435114503816794,-0.515818431911967,0.5269526952695269,0.9180436219431594,-0.5617021276595745,0.5787904599659285,0.21245421245421245,-0.25094102885821834,-0.7343470483005365,0.7518796992481203,-0.7214106844741235,0.3643926788685524,0.0
0.24624624624624625,-0.6548366834170853,-0.6122770199370409,0.8930966469428007,0.5956521739130435,0.4533898305084746,0.6004130098089829,0.3639575971731449,0.5629405840886204,0.5715648854961831,-0.7276478679504815,0.7205720572057206,0.869795109054858,-0.7063829787234044,0.6422487223168655,0.4304029304029304,-0.589711417816813,-0.6958855098389982,0.6835839598997493,-0.7328881469115193,-0.3277870216306157,0.0
0.24724724724724725,-0.8706030150753767,-0.6888772298006296,0.8378698224852071,0.8666666666666667,0.30447941888619856,0.628291171915333,0.42402826855123676,0.5548841893252769,0.5744274809160305,-0.5240715268225585,0.5082508250825083,0.660277594183741,-0.6702127659574468,0.9114139693356049,0.01648351648351648,-0.7396486825595985,-0.7620751341681573,0.7700501253132832,-0.934891485809683,0.09650582362728787,0.0
0.24824824824824826,-0.4645100502512563,-0.7005946135012242,0.7692307692307692,0.7543478260869565,0.6501210653753028,0.7403200826019617,0.5865724381625442,0.5760322255790533,0.6393129770992366,-0.515818431911967,0.7733773377337733,0.7772637144745539,-0.5388297872340425,0.4186541737649063,0.3131868131868132,-0.1825595984943538,-0.6073345259391771,0.6616541353383458,-0.5964106844741236,-0.2362728785357737,0.0
0.24924924924924924,-0.7854899497487436,-0.5706540748513466,0.8974358974358974,0.6760869565217392,0.2566585956416465,0.5188435725348476,0.6060070671378093,0.500503524672709,0.4475190839694656,-0.5557083906464925,0.5731573157315731,0.6159947124917383,-0.5898936170212766,0.723168654173765,0.4322344322344322,-0.4585947302383939,-0.6967799642218246,0.7067669172932329,-0.8651919866444073,-0.2346089850249584,0.0
0.2502502502502503,-0.6815326633165829,-0.6881776845050717,0.869033530571992,0.5659420289855073,0.3970944309927361,0.6313887454827053,0.38515901060070673,0.15206445115810674,0.3912213740458015,-0.6671251719394773,0.42464246424642466,0.6411103767349636,-0.5728723404255319,0.7163543441226576,0.3754578754578754,-0.21267252195734002,-0.8783542039355992,0.6785714285714285,-0.8656093489148581,-0.12146422628951747,0.0
0.25125125125125125,-0.7459170854271356,-0.6180482686253934,0.8370808678500985,0.5992753623188406,0.614406779661017,0.6066081569437274,0.2932862190812721,0.675730110775428,0.5333969465648856,-0.4814305364511692,0.682068206820682,0.5717118307997356,-0.6654255319148936,0.6754684838160137,0.38278388278388276,-0.5307402760351317,-0.6529516994633273,0.6779448621553885,-0.7946577629382304,-0.3361064891846922,0.0
0.25225225225225223,-0.7701005025125628,-0.7336481287163344,0.8469428007889545,0.7304347826086958,0.415859564164649,0.6308724832214765,0.7402826855123675,0.6203423967774421,0.05248091603053435,-0.47317744154057767,0.4213421342134213,0.5803040317250496,-0.8361702127659575,0.7022998296422488,0.38827838827838823,-0.45483061480552067,-0.5143112701252235,0.6766917293233082,-0.7136894824707847,0.004991680532445923,0.0
0.25325325325325326,-0.8878768844221105,-0.5904162294508569,0.8856015779092702,0.7036231884057972,0.5363196125907991,0.4610221992772328,0.27738515901060073,0.5558912386706949,0.416030534351145,-0.44979367262723524,0.6534653465346534,0.5902181097157965,-0.8117021276595745,0.8287904599659285,-0.04212454212454212,-0.7528230865746549,-0.8372093023255813,0.6823308270676691,-0.9417779632721203,-0.15806988352745424,0.0
0.25425425425425424,-0.6121231155778895,-0.6806575725778244,0.9392504930966468,0.6326086956521739,0.14891041162227603,0.5952503871966959,0.4134275618374559,0.5589123867069486,0.44656488549618323,-0.6671251719394773,0.55995599559956,0.6239259748843358,-0.4111702127659575,0.6226575809199318,0.16666666666666666,-0.49372647427854455,-0.699463327370304,0.6898496240601504,-0.7237061769616027,-0.20299500831946757,0.0
0.2552552552552553,-0.6925251256281407,-0.6365862189576775,0.818145956607495,0.44637681159420295,0.20520581113801456,0.43985544656685593,0.13604240282685515,0.6394763343403826,0.40553435114503816,-0.37964236588720773,0.4235423542354235,0.38532716457369465,-0.6148936170212765,0.6379897785349233,0.36446886446886445,-0.4560853199498118,-0.5572450805008944,0.7236842105263158,-0.7527128547579299,0.49750415973377704,0.0
0.25625625625625625,-0.7760678391959799,-0.5925148653375306,0.975542406311637,0.5847826086956522,0.21428571428571427,0.5895715023231801,0.25265017667844525,0.6777442094662639,0.37309160305343514,-0.6533700137551581,0.4686468646864686,0.5532055518836748,-0.6765957446808512,0.7265758091993186,0.020146520146520144,-0.5420326223337515,-0.592128801431127,0.6491228070175439,-0.8015442404006679,0.043261231281198,0.0
0.25725725725725723,-0.7905150753768844,-0.6162994053864987,0.8820512820512821,0.6804347826086957,0.23668280871670705,0.551368094992256,0.519434628975265,0.5881168177240684,0.33874045801526714,-0.48693259972489683,0.5269526952695269,0.5413086582947786,-0.6648936170212766,0.667802385008518,0.467032967032967,-0.589711417816813,-0.6198568872987477,0.6121553884711779,-0.8284641068447413,0.04492512479201331,0.0
0.25825825825825827,-0.894786432160804,-0.5886673662119623,0.8816568047337278,0.5152173913043478,0.3311138014527846,0.4909654104284976,0.24381625441696117,0.6525679758308157,0.4026717557251908,-0.218707015130674,0.6259625962596259,0.25578321216126904,-0.7856382978723405,0.755962521294719,0.17399267399267399,-0.6863237139272271,-0.5840787119856887,0.7418546365914787,-0.8595575959933222,0.10981697171381033,0.0
0.25925925925925924,-0.7735552763819096,-0.664917803427772,0.8737672583826429,0.5782608695652175,0.4170702179176755,0.6169334021683015,0.48409893992932873,0.4984894259818731,0.6221374045801527,-0.5997248968363136,0.581958195819582,0.5558493060145406,-0.9409574468085107,0.692504258943782,0.08608058608058608,-0.4968632371392723,-0.8175313059033988,0.600250626566416,-0.8230383973288815,-0.43261231281198004,0.0
0.2602602602602603,-0.9120603015075376,-0.658272123119972,0.9218934911242603,0.6036231884057971,0.35048426150121065,0.5343314403717088,0.46289752650176685,0.513595166163142,0.37309160305343514,-0.5419532324621733,0.42574257425742573,0.5168539325842697,-0.8276595744680851,0.7389267461669506,0.2637362637362637,-0.4730238393977415,-0.7191413237924865,0.7362155388471178,-0.890442404006678,-0.09484193011647256,0.0
0.26126126126126126,-0.7471733668341708,-0.7824414130814971,0.8887573964497041,0.6557971014492754,0.2742130750605327,0.7222509034589571,0.16254416961130744,0.49647532729103727,0.22996183206106868,-0.5295735900962861,0.5148514851485149,0.6331791143423662,-0.573936170212766,0.7018739352640545,0.26190476190476186,-0.5407779171894604,-0.6305903398926653,0.8408521303258145,-0.8407762938230384,0.064891846921797,0.0
0.26226226226226224,-0.7766959798994975,-0.6587967820916404,0.9069033530571992,0.6115942028985507,0.12590799031476999,0.5338151781104801,0.1590106007067138,0.7270896273917422,0.6221374045801527,-0.27097661623108665,0.5082508250825083,0.3542630535360212,-0.600531914893617,0.7031516183986372,0.21062271062271062,-0.5683814303638645,-0.4847942754919499,0.6748120300751879,-0.8207429048414023,0.49584026622296173,0.0
0.26326326326326327,-0.8178391959798995,-0.6796082546344876,0.9368836291913214,0.7326086956521739,0.27239709443099275,0.6897263810015488,0.12897526501766785,0.5427995971802618,0.3244274809160305,-0.5722145804676754,0.36083608360836084,0.39656311962987445,-0.7250000000000001,0.7125212947189098,0.029304029304029304,-0.43538268506900873,-0.7146690518783542,0.7807017543859649,-0.832220367278798,0.14309484193011646,0.0
0.26426426426426425,-0.7562814070351758,-0.8516963973417279,0.7680473372781065,0.5978260869565217,-0.08111380145278452,0.6236448115642746,-0.03003533568904594,0.5256797583081572,0.325381679389313,-0.6024759284731774,0.34763476347634764,0.6417713152676802,-0.46063829787234045,0.6605621805792163,-0.018315018315018312,-0.5043914680050188,-0.6797853309481215,0.9041353383458647,-0.8132303839732888,0.18302828618968386,0.0
0.2652652652652653,-0.8558417085427136,-0.9011892270024483,0.818145956607495,0.8753623188405798,0.27663438256658596,0.7645844088797109,0.22438162544169613,0.7079556898288015,0.3788167938931298,-0.35075653370013754,0.46974697469746973,0.7276933245208196,-0.6404255319148936,0.7721465076660988,0.2637362637362637,-0.6411543287327478,-0.6323792486583183,0.8201754385964911,-0.9065108514190319,0.3427620632279534,0.0
0.26626626626626626,-0.9340452261306533,-0.6621196222455404,0.9313609467455621,0.7492753623188406,0.43825665859564167,0.6417139907072793,0.38515901060070673,0.6243705941591138,0.3845419847328244,-0.6478679504814305,0.6523652365236523,0.6622604097818904,-0.7893617021276597,0.7346678023850086,0.17399267399267399,-0.5338770388958595,-0.4105545617173524,0.6967418546365916,-0.9207011686143572,-0.26455906821963393,0.0
0.2672672672672673,-0.7999371859296482,-0.7565582371458551,0.9617357001972386,0.6586956521739131,0.46852300242130757,0.6985028394424367,0.18374558303886926,0.6747230614300102,0.6669847328244274,-0.42778541953232463,0.7876787678767876,0.5459352280237938,-0.6888297872340425,0.6460817717206133,-0.04395604395604395,-0.5846925972396487,-0.590339892665474,0.7656641604010025,-0.797787979966611,0.01663893510815308,0.0
0.2682682682682683,-0.7512562814070352,-0.6659671213711088,0.9112426035502958,0.6014492753623188,0.5036319612590799,0.6045431078988126,0.4770318021201414,0.41490433031218527,0.43702290076335876,-0.5020632737276479,0.44554455445544555,0.6021150033046927,-0.700531914893617,0.7857751277683135,0.2216117216117216,-0.5100376411543287,-0.701252236135957,0.8007518796992481,-0.8276293823038398,-0.44758735440931785,0.0
0.26926926926926925,-0.8297738693467336,-0.5033228401538999,0.910059171597633,0.3811594202898551,0.2699757869249395,0.39081053175012903,0.39222614840989406,0.5850956696878147,0.4933206106870229,-0.7620357634112793,0.528052805280528,0.37739590218109714,-0.6622340425531916,0.7678875638841568,0.2637362637362637,-0.631116687578419,-0.6234347048300536,0.6284461152882205,-0.8929465776293823,-0.5640599001663894,0.0
0.2702702702702703,-0.7255025125628141,-0.842077649527807,0.8840236686390532,0.7043478260869566,0.30690072639225185,0.6535880227155395,0.13780918727915195,0.5518630412890232,0.6059160305343512,-0.530949105914718,0.506050605060506,0.6259087904824852,-0.7010638297872341,0.6869676320272573,-0.1886446886446886,-0.3958594730238394,-0.5035778175313058,0.7355889724310776,-0.7923622704507514,0.5207986688851913,0.0
0.27127127127127126,-0.6695979899497487,-0.7546344875830711,0.850887573964497,0.7057971014492754,0.6464891041162228,0.6386164171399071,0.12014134275618377,0.5629405840886204,0.45324427480916024,-0.6368638239339753,0.5808580858085809,0.8162590879048249,-0.7308510638297874,0.6980408858603067,0.020146520146520144,-0.3801756587202007,-0.6788908765652951,0.7857142857142857,-0.7838063439065108,-0.2628951747088186,0.0
0.2722722722722723,-0.957286432160804,-0.7677509618747813,0.8765285996055227,0.45362318840579713,0.6846246973365617,0.5704697986577181,-0.088339222614841,0.7039274924471298,0.3959923664122137,-0.5502063273727649,0.6952695269526953,0.44481163251817585,-0.997872340425532,0.803236797274276,0.5054945054945055,-0.8061480552070263,-0.5134168157423971,0.7813283208020051,-0.9202838063439066,-0.1064891846921797,0.0
0.2732732732732733,-0.6532663316582914,-0.8077999300454705,0.7869822485207101,0.7195652173913044,0.3371670702179177,0.6262261228704182,-0.0971731448763251,0.43202416918429004,0.21183206106870228,-0.38101788170563966,0.4884488448844884,0.6226040978189028,-0.5111702127659574,0.6861158432708688,0.49267399267399264,-0.43726474278544536,-0.6055456171735242,0.8596491228070176,-0.7748330550918198,0.0415973377703827,0.0
0.27427427427427425,-0.8822236180904522,-0.6610703043022035,0.7996055226824458,0.6231884057971014,0.3232445520581114,0.472896231285493,0.09540636042402828,0.6505538771399799,0.11068702290076336,-0.5639614855570839,0.35533553355335534,0.5175148711169861,-0.8212765957446809,0.7265758091993186,-0.05311355311355311,-0.596612296110414,-0.7352415026833631,0.6209273182957393,-0.8758347245409015,-0.07321131447587355,0.0
0.2752752752752753,-0.853643216080402,-0.7305001748863238,0.8126232741617356,0.7340579710144928,0.28147699757869254,0.6871450696954052,0.2756183745583039,0.6918429003021148,0.4666030534351145,-0.547455295735901,0.4807480748074807,0.627230667547918,-0.7053191489361703,0.6648211243611585,0.007326007326007326,-0.3920953575909661,-0.6153846153846153,0.6522556390977443,-0.8349332220367279,0.36605657237936773,0.0
0.27627627627627627,-0.8288316582914572,-0.5528156698146205,0.9345167652859961,0.43985507246376815,0.4424939467312349,0.41713990707279297,0.4893992932862192,1.0,0.6068702290076335,-0.5337001375515819,0.7458745874587459,0.47587574355584933,-0.7319148936170212,0.7342419080068143,0.5402930402930403,-0.7797992471769134,-0.5384615384615384,0.5852130325814536,-0.7982053422370619,-0.27953410981697174,0.0
0.2772772772772773,-0.8728015075376884,-0.7019937040923401,0.9865877712031558,0.6615942028985508,0.3184019370460049,0.6396489416623645,0.4469964664310955,0.5498489425981874,0.541030534351145,-0.6341127922971115,0.47414741474147415,0.47719762062128224,-0.7122340425531916,0.7419080068143101,-0.12454212454212454,-0.5972396486825595,-0.7101967799642218,0.7030075187969925,-0.8952420701168615,0.08818635607321132,0.0
0.2782782782782783,-0.7936557788944724,-0.7401189227002449,0.8682445759368836,0.6384057971014493,0.36743341404358354,0.6375838926174497,0.1413427561837456,0.5538771399798591,0.4904580152671756,-0.7042640990371389,0.5456545654565457,0.6715135492399208,-0.6090425531914894,0.8006814310051107,-0.11355311355311354,-0.5809284818067754,-0.6690518783542039,0.8270676691729323,-0.8825125208681136,0.0033277870216306157,0.0
0.27927927927927926,-0.8178391959798995,-0.6164742917103883,0.9431952662721893,0.6246376811594203,0.5096852300242131,0.5074858027878162,0.2597173144876325,0.7381671701913394,0.2709923664122137,-0.23246217331499314,0.43234323432343236,0.4296100462656973,-0.8473404255319149,0.7517035775127768,0.5897435897435898,-0.6643663739021329,-0.6932021466905187,0.6134085213032581,-0.7783806343906511,0.49417637271214643,0.0
0.2802802802802803,-0.8614949748743718,-0.8609653725078699,0.8287968441814595,0.6123188405797102,0.1646489104116223,0.5864739287558078,-0.13604240282685515,0.5891238670694864,0.5133587786259542,-0.594222833562586,0.43234323432343236,0.49438202247191015,-0.7143617021276596,0.8147359454855196,-0.17216117216117216,-0.5972396486825595,-0.6547406082289803,0.8038847117794485,-0.8885642737896494,-0.0033277870216306157,0.0
0.28128128128128127,-0.844535175879397,-0.7061909758656874,0.9234714003944774,0.5514492753623189,0.13498789346246975,0.682498709344347,0.0795053003533569,0.8499496475327291,0.5801526717557252,-0.8363136176066025,0.7095709570957096,0.559153998678123,-0.6457446808510638,0.7146507666098808,-0.06593406593406592,-0.7779171894604767,-0.533989266547406,0.8671679197994986,-0.8622704507512521,-0.2079866888519135,0.0
0.2822822822822823,-0.917713567839196,-0.6766351871283666,0.903353057199211,0.8028985507246378,0.21912832929782083,0.588022715539494,0.7367491166077739,0.6294058408862034,0.5572519083969465,-0.5364511691884457,0.5016501650165016,0.5796430931923332,-0.6962765957446808,0.8049403747870528,0.5934065934065934,-0.7258469259723964,-0.5375670840787119,0.7048872180451128,-0.8841819699499166,0.13976705490848587,0.0
0.2832832832832833,-0.719535175879397,-0.8908709338929697,0.8189349112426035,0.8615942028985508,0.11864406779661019,0.8224057821373257,-0.13957597173144878,0.5146022155085599,0.5515267175572518,-0.6107290233837689,0.638063806380638,0.8836748182419035,-0.6250000000000001,0.6660988074957411,-0.06776556776556776,-0.45169385194479295,-0.6440071556350625,0.8045112781954887,-0.8217863105175293,0.018302828618968387,0.0
0.28428428428428426,-0.5891959798994975,-0.885099685204617,0.7195266272189349,0.7115942028985508,0.09624697336561744,0.7516778523489932,-0.245583038869258,0.7139979859013091,0.5047709923664122,-0.6932599724896836,0.6039603960396039,0.7309980171844019,-0.5356382978723404,0.5698466780238501,-0.029304029304029304,-0.46424090338770385,-0.47048300536672627,0.6929824561403509,-0.6807178631051753,0.3893510815307821,0.0
0.2852852852852853,-0.7873743718592965,-0.968170689052116,0.8059171597633136,0.8369565217391305,0.7475786924939468,0.7976251935983479,-0.19964664310954067,0.6404833836858006,0.6755725190839694,-0.1966987620357634,0.7799779977997799,0.6748182419035029,-0.5888297872340426,0.6733390119250426,0.28021978021978017,-0.5614805520702635,-0.5232558139534883,0.8414786967418546,-0.8806343906510852,-0.24292845257903495,0.0
0.2862862862862863,-0.6410175879396984,-0.7018188177684505,0.8169625246548323,0.6007246376811595,0.44128329297820823,0.49664429530201337,-0.03710247349823322,0.3162134944612286,0.06393129770992366,-0.4044016506189821,0.34763476347634764,0.5512227362855254,-0.6952127659574469,0.7474446337308347,0.39010989010989006,-0.25094102885821834,-0.5858676207513417,0.6779448621553885,-0.7739983305509183,0.3560732113144759,0.0
0.2872872872872873,-0.6878140703517588,-0.5792235047219307,0.9143984220907297,0.5681159420289855,0.5575060532687652,0.4734124935467217,0.4169611307420495,0.49647532729103727,0.4866412213740458,-0.34938101788170567,0.6116611661166117,0.5280898876404495,-0.8132978723404255,0.7201873935264055,0.1465201465201465,-0.4962358845671267,-0.6681574239713773,0.5708020050125313,-0.7545909849749584,-0.13643926788685526,0.0
0.2882882882882883,-0.7638190954773869,-0.6696397341727878,0.9376725838264298,0.5297101449275362,0.3595641646489104,0.535880227155395,0.038869257950530034,0.5961732124874118,0.5477099236641221,-0.8143053645116919,0.7480748074807481,0.5393258426966292,-0.65,0.690374787052811,0.14468864468864467,-0.6160602258469259,-0.774597495527728,0.6729323308270677,-0.8313856427378965,-0.7071547420965059,0.0
0.28928928928928926,-0.6281407035175879,-0.6663168940188877,0.8564102564102563,0.6340579710144928,0.6331719128329298,0.5085183273102736,0.40106007067137817,0.5518630412890232,0.4303435114503817,-0.5020632737276479,0.5577557755775577,0.6378056840713814,-0.6436170212765958,0.6839863713798978,0.16666666666666666,-0.5589711417816813,-0.6797853309481215,0.6986215538847117,-0.7577212020033389,-0.6655574043261232,0.0
0.2902902902902903,-0.7675879396984924,-0.6654424623994404,0.8962524654832346,0.7804347826086957,0.6004842615012107,0.7361899845121321,0.734982332155477,0.5951661631419939,0.43702290076335876,-0.5584594222833563,0.6853685368536854,0.7825512227362855,-0.7090425531914893,0.6609880749574106,0.847985347985348,-0.5878293601003765,-0.6771019677996422,0.6303258145363408,-0.8464106844741236,-0.06821963394342763,0.0
0.2912912912912913,-0.6975502512562815,-0.9288212661769849,0.7408284023668639,0.6521739130434784,0.2796610169491526,0.7749096541042849,-0.10600706713780919,0.6817724068479356,0.2538167938931298,-0.6492434662998624,0.4807480748074807,0.644415069398546,-0.6936170212765959,0.7546848381601363,-0.03479853479853479,-0.5771643663739021,-0.8774597495527727,0.8402255639097743,-0.7391485809682805,0.32279534109816976,0.0
0.2922922922922923,-0.6623743718592965,-0.8244141308149704,0.798422090729783,0.5956521739130435,0.5508474576271187,0.6411977284460506,-0.0088339222614841,0.7099697885196374,0.44656488549618323,-0.6946354883081156,0.713971397139714,0.7633840052875084,-0.6659574468085107,0.6171209540034073,0.03296703296703296,-0.5884567126725219,-0.6386404293381037,0.6842105263157895,-0.8082220367278798,-0.13976705490848587,0.0
0.2932932932932933,-0.9195979899497487,-0.7686253934942286,0.7775147928994083,0.8710144927536232,0.4836561743341405,0.7114093959731543,0.051236749116607784,0.662638469284995,0.47423664122137404,-0.218707015130674,0.5192519251925192,0.5109054857898216,-0.7611702127659575,0.7329642248722318,0.09706959706959706,-0.6292346298619823,-0.7656529516994632,0.8446115288220551,-0.914440734557596,0.6023294509151415,0.0
0.29429429429429427,-0.612751256281407,-0.6538999650227352,0.8548323471400393,0.7398550724637681,0.3970944309927361,0.6060918946824987,0.303886925795053,0.5921450151057401,0.17461832061068702,-0.34800550206327374,0.4004400440044004,0.7204230006609387,-0.6595744680851064,0.614565587734242,0.34798534798534797,-0.4215809284818068,-0.6681574239713773,0.7155388471177944,-0.7051335559265443,0.5557404326123129,0.0
0.2952952952952953,-0.7185929648241205,-0.922175585869185,0.713214990138067,1.0,0.34443099273607747,0.8921011874032008,0.24204946996466437,0.2890231621349446,0.06011450381679389,-0.23658872077028884,0.2244224422442244,0.722405816259088,-0.5792553191489361,0.710817717206133,0.2216117216117216,-0.2917189460476788,-0.8184257602862254,0.7055137844611528,-0.797787979966611,0.4742096505823627,0.0
0.2962962962962963,-0.8815954773869346,-0.7740468695348024,0.9171597633136095,0.5644927536231885,0.5121065375302664,0.6014455343314403,-0.2473498233215548,0.62134944612286,0.33874045801526714,-0.5735900962861072,0.6083608360836084,0.5922009253139459,-0.7898936170212767,0.9552810902896082,0.1648351648351648,-0.8431618569636136,-0.7701252236135956,0.7919799498746867,-0.93322203672788,-0.2728785357737105,0.0
0.2972972972972973,-0.8527010050251256,-0.76162994053865,0.9029585798816568,0.6289855072463768,0.1834140435835351,0.6448115642746516,0.2756183745583039,0.5518630412890232,0.43702290076335876,-0.7840440165061898,0.5148514851485149,0.6761401189689359,-0.8500000000000001,0.6916524701873936,-0.0018315018315018315,-0.4579673776662484,-0.6556350626118067,0.7888471177944861,-0.8196994991652755,0.051580698835274545,0.0
0.2982982982982983,-0.7845477386934674,-0.7527107380202869,0.8429980276134121,0.582608695652174,0.24152542372881358,0.5751161590087764,0.14664310954063606,0.4793554884189325,0.5429389312977099,-0.38927097661623106,0.4653465346534653,0.3463317911434237,-0.5840425531914895,0.8202725724020443,-0.06959706959706959,-0.5577164366373902,-0.6171735241502683,0.6171679197994987,-0.89169449081803,0.2728785357737105,0.0
0.2992992992992993,-0.7735552763819096,-0.8196922000699546,0.8824457593688363,0.8992753623188408,0.5030266343825666,0.7578729994837377,0.21024734982332158,0.5840886203423967,0.7251908396946565,-0.44979367262723524,0.6204620462046204,0.7309980171844019,-0.7170212765957448,0.7427597955706985,-0.1703296703296703,-0.7013801756587202,-0.7656529516994632,0.7669172932330827,-0.7936143572621035,0.18469217970049917,0.0
0.3003003003003003,-0.6080402010050251,-0.6717383700594614,0.9136094674556212,0.4739130434782609,0.5575060532687652,0.5043882292204439,0.21378091872791521,0.2890231621349446,0.4217557251908397,-0.6038514442916094,0.4554455445544554,0.598149372108394,-0.6585106382978724,0.6793015332197615,0.21978021978021975,-0.432245922208281,-0.7155635062611807,0.6879699248120301,-0.7915275459098499,-0.09317803660565724,0.0
0.3013013013013013,-0.7132537688442211,-0.6007345225603358,0.9396449704142011,0.6543478260869566,0.4297820823244552,0.5906040268456375,0.8392226148409895,0.43705941591137965,0.4208015267175572,-0.45804676753782675,0.5115511551155115,0.5307336417713153,-0.5526595744680851,0.7525553662691653,0.4505494505494505,-0.6210790464240903,-0.7620751341681573,0.6572681704260651,-0.8351419031719532,-0.13810316139767057,0.0
0.3023023023023023,-0.7908291457286432,-0.8046519762154599,0.7767258382642998,0.6782608695652175,0.1725181598062954,0.6969540526587507,0.3021201413427562,0.8046324269889225,0.45706106870229,-0.40027510316368636,0.46204620462046203,0.44943820224719105,-0.6085106382978723,0.694633730834753,-0.038461538461538464,-0.6254705144291092,-0.33810375670840787,0.8245614035087719,-0.8130217028380634,0.4242928452579035,0.0
0.3033033033033033,-0.6878140703517588,-0.5489681706890521,0.8043392504930966,0.4376811594202899,0.8062953995157386,0.27671657201858546,0.1484098939929329,0.6354481369587109,0.3463740458015267,-0.5845942228335625,0.888888888888889,0.4639788499669531,-0.721276595744681,0.5843270868824533,0.4487179487179487,-0.5639899623588457,-0.62432915921288,0.6071428571428571,-0.7573038397328882,-0.036605657237936774,0.0
0.30430430430430433,-0.8753140703517587,-0.7140608604407136,0.8895463510848125,0.7710144927536233,0.15738498789346247,0.5456892101187403,-0.051236749116607784,0.4904330312185297,0.2814885496183206,-0.2723521320495186,0.2431243124312431,0.41374752148050237,-0.726063829787234,0.788756388415673,0.42124542124542125,-0.5489335006273526,-0.6851520572450804,0.775062656641604,-0.8983722871452421,0.18801996672212978,0.0
0.3053053053053053,-0.6790201005025125,-0.617873382301504,0.9250493096646943,0.773913043478261,0.5332929782082325,0.5931853381517811,0.5424028268551238,0.6173212487411883,0.6326335877862596,-0.4662998624484182,0.7513751375137514,0.7422339722405816,-0.7313829787234043,0.624787052810903,0.44505494505494503,-0.432245922208281,-0.6958855098389982,0.6616541353383458,-0.7020033388981636,-0.09151414309484193,0.0
0.3063063063063063,-0.7713567839195979,-0.8223154949282966,0.8027613412228797,0.8108695652173914,0.19067796610169493,0.6855962829117191,0.34098939929328625,0.5015105740181269,0.41030534351145037,-0.49931224209078406,0.24202420242024203,0.48380700594844683,-0.5601063829787234,0.6614139693356048,-0.08058608058608058,-0.39021329987452946,-0.6350626118067978,0.7844611528822055,-0.8491235392320534,0.4908485856905158,0.0
0.3073073073073073,-0.8382537688442211,-0.6689401888772298,0.8816568047337278,0.5891304347826087,0.5326876513317191,0.5240061951471346,0.1872791519434629,0.42799597180261834,0.36354961832061067,-0.3177441540577717,0.6083608360836084,0.38664904163912756,-0.6335106382978724,0.7759795570698468,0.46886446886446886,-0.5156838143036386,-0.7101967799642218,0.7305764411027568,-0.8989983305509182,-0.10981697171381033,0.0
0.3083083083083083,-0.7565954773869346,-0.8398041273172437,0.8142011834319527,0.7384057971014493,0.19067796610169493,0.7315436241610738,0.2632508833922262,0.6606243705941591,0.4312977099236641,-0.2764786795048143,0.5566556655665567,0.5399867812293456,-0.599468085106383,0.6026405451448041,0.3626373626373626,-0.43538268506900873,-0.554561717352415,0.769423558897243,-0.8019616026711186,0.4193011647254576,0.0
0.30930930930930933,-0.9170854271356783,-0.5587618048268626,0.8623274161735699,0.5086956521739131,0.26150121065375304,0.453794527620031,0.2208480565371025,0.7764350453172205,0.22041984732824427,-0.33837689133425036,0.5247524752475247,0.4289491077329809,-0.6792553191489361,0.6643952299829643,0.13186813186813184,-0.5388958594730238,-0.48300536672629696,0.6879699248120301,-0.8601836393989983,0.27620632279534113,0.0
0.3103103103103103,-0.748429648241206,-0.5918153200419727,0.8390532544378697,0.6007246376811595,0.2257869249394673,0.5229736706246773,0.5353356890459364,0.4793554884189325,0.5362595419847328,-0.7028885832187071,0.6402640264026402,0.644415069398546,-0.7117021276595745,0.704855195911414,0.1794871794871795,-0.5633626097867002,-0.590339892665474,0.6102756892230576,-0.854966611018364,-0.4292845257903494,0.0
0.3113113113113113,-0.7779522613065326,-0.7084644980762504,0.8228796844181459,0.6326086956521739,0.06416464891041163,0.5023231801755291,0.1590106007067138,0.75730110775428,0.1946564885496183,-0.4649243466299863,0.2288228822882288,0.39524124256444154,-0.6175531914893617,0.6243611584327087,0.05128205128205128,-0.4705144291091593,-0.3631484794275492,0.6528822055137844,-0.7765025041736228,0.5341098169717139,0.0
0.3123123123123123,-0.6652010050251256,-0.6414830360265827,0.8138067061143984,0.668840579710145,0.6519370460048426,0.6535880227155395,0.4823321554770319,0.676737160120846,0.49427480916030536,-0.38927097661623106,0.7029702970297029,0.7098479841374753,-0.7468085106382979,0.696763202725724,0.5384615384615384,-0.6141781681304893,-0.5787119856887298,0.651002506265664,-0.7180717863105175,-0.4359400998336107,0.0
0.3133133133133133,-0.753140703517588,-0.6552990556138509,0.8319526627218934,0.6043478260869566,0.20157384987893465,0.541042849767682,0.21024734982332158,0.39274924471299094,0.15362595419847327,-0.7400275103163687,0.3289328932893289,0.45406477197620626,-0.7319148936170212,0.6814310051107326,0.5952380952380952,-0.205771643663739,-0.6788908765652951,0.6835839598997493,-0.7879799666110183,-0.3444259567387687,0.0
0.31431431431431434,-0.6893844221105527,-0.6944735921650927,0.9092702169625246,0.6340579710144928,0.18765133171912834,0.5921528136293237,0.3215547703180212,0.5699899295065458,0.758587786259542,-0.5804676753782668,0.8184818481848184,0.6543291473892928,-0.5345744680851063,0.6669505962521295,-0.01648351648351648,-0.3707653701380175,-0.6627906976744186,0.6422305764411027,-0.8078046744574291,0.026622296173044926,0.0
0.3153153153153153,-0.7013190954773869,-0.7425673312346975,0.8769230769230768,0.7173913043478262,0.1610169491525424,0.6210635002581312,0.34805653710247353,0.851963746223565,0.46564885496183206,-0.3576341127922971,0.6336633663366336,0.55783212161269,-0.5904255319148937,0.7197614991482113,-0.1227106227106227,-0.7565872020075282,-0.45259391771019675,0.6697994987468671,-0.7671118530884808,0.459234608985025,0.0
0.3163163163163163,-0.8941582914572864,-0.6587967820916404,0.919921104536489,0.5971014492753624,0.5799031476997579,0.44243675787299946,0.26855123674911663,0.5236656596173213,0.24427480916030533,-0.5900962861072903,0.46424642464246424,0.49306014540647725,-0.8936170212765958,0.8735093696763204,0.1868131868131868,-0.6913425345043915,-0.7379248658318425,0.6441102756892231,-0.9033806343906511,-0.06156405990016639,0.0
0.3173173173173173,-0.6868718592964823,-0.6514515564882827,0.8911242603550295,0.6637681159420291,0.24818401937046006,0.6205472379969024,0.5883392226148411,0.8408862034239677,0.3921755725190839,-0.6946354883081156,0.6303630363036303,0.7072042300066095,-0.6707446808510639,0.57793867120954,0.26190476190476186,-0.4661229611041405,-0.4194991055456171,0.7155388471177944,-0.7268363939899833,0.06821963394342763,0.0
0.3183183183183183,-0.8143844221105527,-0.7796432318992655,0.9321499013806706,0.7253623188405797,0.4939467312348668,0.6365513680949922,0.10070671378091874,0.6727089627391742,0.3893129770992366,-0.5914718019257221,0.6457645764576457,0.5525446133509584,-0.8271276595744681,0.6980408858603067,0.2912087912087912,-0.6530740276035131,-0.6762075134168157,0.8546365914786967,-0.8562186978297162,0.11480865224625625,0.0
0.31931931931931934,-0.6695979899497487,-0.7651276670164393,0.8382642998027613,0.47028985507246385,0.24576271186440682,0.5482705214248839,0.0971731448763251,0.46727089627391744,0.41698473282442744,-0.6341127922971115,0.5863586358635864,0.643093192333113,-0.5845744680851064,0.6503407155025553,0.04212454212454212,-0.4585947302383939,-0.7343470483005365,0.8746867167919798,-0.7531302170283807,-0.30948419301164726,0.0
0.3203203203203203,-0.7405778894472361,-0.7394193774046869,0.8777120315581853,0.47173913043478266,0.12832929782082325,0.6308724832214765,0.01236749116607774,0.486404833836858,0.31583969465648853,-0.5364511691884457,0.3465346534653465,0.465300727032386,-0.6888297872340425,0.7206132879045997,0.23076923076923075,-0.4905897114178168,-0.684257602862254,0.7713032581453634,-0.8063439065108514,0.48252911813643923,0.0
0.3213213213213213,-0.832286432160804,-0.7228051766351872,0.8378698224852071,0.7260869565217392,0.23062953995157387,0.6954052658750645,0.21908127208480568,0.42900302114803623,0.24045801526717556,-0.47180192572214585,0.24642464246424642,0.5062789160608064,-0.6441489361702128,0.8232538330494038,0.2161172161172161,-0.4686323713927227,-0.7039355992844365,0.6591478696741855,-0.8589315525876461,0.6655574043261232,0.0
0.32232232232232233,-0.861180904522613,-0.6601958726827561,0.9518737672583825,0.6659420289855074,0.02360774818401937,0.7077955601445534,0.687279151943463,0.6656596173212488,0.5353053435114504,-0.7221458046767538,0.4565456545654565,0.5631196298744217,-0.6425531914893617,0.7257240204429302,0.2875457875457875,-0.6022584692597239,-0.622540250447227,0.7700501253132832,-0.8257512520868113,0.2545757071547421,0.0
0.3233233233233233,-0.8033919597989949,-0.6080797481636936,0.8915187376725837,0.5927536231884059,0.23062953995157387,0.4331440371708828,0.26855123674911663,0.8267875125881168,0.46564885496183206,-0.4484181568088033,0.6127612761276128,0.34368803701255785,-0.647340425531915,0.778534923339012,0.10439560439560439,-0.6254705144291092,-0.49105545617173524,0.7593984962406014,-0.8073873121869783,-0.018302828618968387,0.0
0.32432432432432434,-0.8357412060301507,-0.7026932493878978,0.8875739644970414,0.47318840579710153,0.41828087167070216,0.5854414042333504,-0.12014134275618377,0.7270896273917422,0.5267175572519084,-0.5199449793672627,0.682068206820682,0.35228023793787183,-0.7670212765957447,0.7444633730834753,0.5128205128205129,-0.7478042659974905,-0.622540250447227,0.6604010025062657,-0.8620617696160268,0.04991680532445923,0.0
0.3253253253253253,-0.6221733668341709,-0.7838405036726128,0.790138067061144,0.7963768115942029,0.3668280871670702,0.747031491997935,0.46643109540636046,0.5871097683786505,0.3645038167938931,-0.3645116918844567,0.3256325632563256,0.5558493060145406,-0.5324468085106383,0.4829642248722317,0.09706959706959706,-0.09723964868255959,-0.6529516994633273,0.699874686716792,-0.6729966611018364,0.9417637271214642,0.0
0.3263263263263263,-0.6677135678391959,-0.608954179783141,0.8497041420118342,0.7050724637681159,0.7191283292978208,0.5973154362416108,0.30565371024734983,0.6525679758308157,0.657442748091603,-0.4814305364511692,0.8360836083608361,0.5710508922670192,-0.7356382978723405,0.7061328790459966,0.4139194139194139,-0.6756587202007528,-0.6958855098389982,0.7092731829573934,-0.7489565943238732,-0.1264559068219634,0.0
0.32732732732732733,-0.7327261306532663,-0.8807275271073801,0.8848126232741617,0.7079710144927537,-0.1053268765133172,0.7816210635002581,0.05653710247349824,0.7250755287009063,0.5906488549618321,-0.5832187070151307,0.4884488448844884,0.7435558493060146,-0.5324468085106383,0.6750425894378195,0.07142857142857142,-0.6756587202007528,-0.5402504472271914,0.8452380952380952,-0.7700333889816361,0.5773710482529117,0.0
0.3283283283283283,-0.7176507537688442,-0.6082546344875831,0.8358974358974359,0.6442028985507247,0.35411622276029053,0.6804336602994321,0.607773851590106,0.5427995971802618,0.4522900763358778,-0.7083906464924347,0.6259625962596259,0.6596166556510245,-0.6148936170212765,0.710817717206133,0.20512820512820512,-0.5319949811794228,-0.6949910554561717,0.6892230576441103,-0.7921535893155258,-0.10316139767054909,0.0
0.32932932932932935,-0.8878768844221105,-0.7429171038824764,0.8193293885601577,0.6268115942028986,0.1301452784503632,0.5632421270005162,0.22614840989399296,0.5740181268882175,0.15744274809160305,-0.4140302613480055,0.3861386138613861,0.5452742894910774,-0.6755319148936171,0.7495741056218058,0.30036630036630035,-0.6116687578419071,-0.6395348837209301,0.5952380952380952,-0.9090150250417363,0.4392678868552413,0.0
0.3303303303303303,-0.8040201005025125,-0.6874781392095138,0.8481262327416172,0.4884057971014493,0.3553268765133172,0.5704697986577181,0.22614840989399296,0.6616314199395771,0.49809160305343514,-0.8789546079779917,0.528052805280528,0.5829477858559154,-0.8574468085106384,0.6805792163543442,0.3223443223443223,-0.5213299874529485,-0.5813953488372092,0.7731829573934836,-0.7963272120200334,-0.31281198003327787,0.0
0.33133133133133136,-0.7151381909547738,-0.7847149352920602,0.8737672583826429,0.7065217391304348,0.1997578692493947,0.7418688693856479,0.19964664310954067,0.42396777442094663,0.4895038167938931,-0.4855570839064649,0.5753575357535754,0.5974884335756775,-0.5941489361702128,0.6439522998296423,0.029304029304029304,-0.3475533249686324,-0.6958855098389982,0.7800751879699248,-0.8155258764607679,0.011647254575707155,0.0
0.33233233233233234,-0.7785804020100502,-0.8170689052116124,0.9092702169625246,0.7615942028985507,0.337772397094431,0.7046979865771812,0.5159010600706714,0.6948640483383686,0.6240458015267175,-0.30261348005502064,0.7447744774477448,0.6331791143423662,-0.6361702127659574,0.7257240204429302,0.12087912087912088,-0.7452948557089083,-0.5384615384615384,0.8414786967418546,-0.8403589315525877,0.2579034941763727,0.0
0.3333333333333333,-0.7603643216080401,-0.8716334382651276,0.8429980276134121,0.7253623188405797,0.40193704600484265,0.7609705730511099,0.0706713780918728,0.46626384692849954,0.6020992366412213,-0.3548830811554333,0.5676567656765676,0.6120290812954396,-0.6446808510638298,0.7316865417376491,0.16300366300366298,-0.6304893350062735,-0.556350626118068,0.7142857142857142,-0.8608096828046745,0.40599001663893514,0.0
0.33433433433433435,-0.7418341708542714,-0.6024833857992304,0.867455621301775,0.5036231884057971,0.7233656174334141,0.4909654104284976,0.42402826855123676,0.46324269889224573,0.4780534351145038,-0.5529573590096286,0.5093509350935094,0.36549900859220097,-0.7382978723404255,0.6980408858603067,0.2875457875457875,-0.31304893350062735,-0.7075134168157423,0.6616541353383458,-0.8401502504173622,0.01497504159733777,0.0
0.3353353353353353,-0.7154522613065326,-0.667890870933893,0.841025641025641,0.5434782608695653,0.3420096852300242,0.5756324212700051,0.3021201413427562,0.5216515609264855,0.5534351145038168,-0.9738651994497937,0.473047304730473,0.6761401189689359,-0.7962765957446809,0.7159284497444635,0.15567765567765568,-0.5633626097867002,-0.5536672629695885,0.699874686716792,-0.8583055091819701,-0.32279534109816976,0.0
0.33633633633633636,-0.6812185929648241,-0.7656523259881077,0.8682445759368836,0.8855072463768117,0.3093220338983051,0.6835312338668044,0.07773851590106007,0.607250755287009,0.6087786259541984,-0.7950481430536451,0.4477447744774477,0.955056179775281,-0.6946808510638298,0.641396933560477,-0.39010989010989006,-0.6097867001254704,-0.5196779964221824,0.769423558897243,-0.7529215358931554,-0.173044925124792,0.0
0.33733733733733734,-0.7657035175879398,-0.6343126967471143,0.860749506903353,0.6507246376811595,0.2536319612590799,0.5560144553433144,0.4346289752650177,0.581067472306143,0.5467557251908396,-0.41127922971114167,0.638063806380638,0.5584930601454065,-0.522340425531915,0.7759795570698468,0.23626373626373626,-0.6191969887076537,-0.6288014311270125,0.6409774436090224,-0.8612270450751252,-0.3161397670549085,0.0
0.3383383383383383,-1.0,-0.6754109828611403,0.8844181459566074,0.6659420289855074,0.14527845036319612,0.5276200309757356,-0.00353356890459364,0.5246727089627392,0.18129770992366412,-0.5543328748280606,0.29042904290429045,0.4084600132187707,-0.6872340425531915,1.0,0.29853479853479853,-0.7020075282308657,-0.7593917710196779,0.8521303258145364,-1.0,-0.15806988352745424,0.0
0.33933933933933935,-0.9472361809045226,-0.7200069954529555,0.7668639053254437,0.5384057971014493,0.2070217917675545,0.5271037687145069,0.01060070671378092,0.44511581067472306,0.24045801526717556,-0.7028885832187071,0.1672167216721672,0.4712491738268341,-0.7680851063829788,0.8688245315161841,-0.045787545787545784,-0.4874529485570891,-0.5518783542039355,0.7625313283208021,-0.9680717863105176,0.1048252911813644,0.0
0.34034034034034033,-0.7631909547738693,-0.6281916754109829,0.8465483234714003,0.5217391304347826,0.3292978208232446,0.509550851832731,0.3356890459363958,0.7391742195367573,0.6822519083969465,-0.33975240715268223,0.759075907590759,0.5353602115003305,-0.6271276595744681,0.624787052810903,0.5659340659340659,-0.6900878293601004,-0.6252236135957066,0.7186716791979949,-0.8059265442404007,-0.12479201331114809,0.0
0.34134134134134136,-0.821608040201005,-0.5800979363413782,0.7617357001972387,0.6253623188405798,0.21004842615012106,0.532266391326794,0.39222614840989406,0.743202416918429,0.3616412213740458,-0.5116918844566712,0.5214521452145214,0.4157303370786517,-0.673936170212766,0.7287052810902896,0.2161172161172161,-0.6900878293601004,-0.6601073345259391,0.7086466165413533,-0.8343071786310519,0.1713810316139767,0.0
0.34234234234234234,-0.7456030150753769,-0.6722630290311298,0.7814595660749507,0.7297101449275362,0.20460048426150124,0.6401652039235932,0.7102473498233217,0.4954682779456193,0.23377862595419846,-0.3851444291609354,0.3927392739273927,0.4666226040978189,-0.5377659574468084,0.7329642248722318,0.5036630036630036,-0.5018820577164367,-0.6529516994633273,0.6152882205513784,-0.84161101836394,0.2362728785357737,0.0
0.3433433433433433,-0.7308417085427135,-0.5372507869884575,0.8974358974358974,0.4021739130434783,0.6004842615012107,0.4336602994321115,0.47526501766784457,0.36253776435045315,0.34828244274809156,-0.7180192572214581,0.35533553355335534,0.4269662921348315,-0.8159574468085107,0.661839863713799,0.3717948717948718,-0.3193224592220828,-0.7110912343470482,0.7863408521303257,-0.7733722871452421,-0.26455906821963393,0.0
0.34434434434434436,-0.6884422110552764,-0.5919902063658622,0.867455621301775,0.8144927536231885,0.4860774818401938,0.6819824470831182,0.5123674911660777,0.6062437059415912,0.5543893129770991,-0.31361760660247595,0.5753575357535754,0.5723727693324521,-0.6957446808510639,0.5451448040885861,0.26007326007326004,-0.33939774153074026,-0.5769230769230769,0.5833333333333334,-0.7349749582637729,0.20465890183028287,0.0
0.34534534534534533,-0.655464824120603,-0.6845050717033928,0.8248520710059172,0.5702898550724639,0.28934624697336564,0.6277749096541042,0.4770318021201414,0.6143001007049346,0.3139312977099237,-0.8005502063273727,0.4785478547854785,0.6867151354923992,-0.7047872340425532,0.5434412265758093,0.09157509157509157,-0.33939774153074026,-0.48389982110912344,0.6560150375939848,-0.7255843071786311,-0.08485856905158069,0.0
0.34634634634634637,-0.7452889447236182,-0.6407834907310248,0.8528599605522682,0.6217391304347827,0.30690072639225185,0.5699535363964895,0.2667844522968198,0.7250755287009063,0.3377862595419847,-0.38101788170563966,0.5445544554455445,0.619960343688037,-0.5260638297872341,0.76618398637138,0.3974358974358974,-0.6524466750313677,-0.554561717352415,0.8220551378446115,-0.8487061769616028,0.38103161397670554,0.0
0.34734734734734735,-0.6981783919597989,-0.5704791885274572,0.9341222879684418,0.7724637681159421,0.4933414043583535,0.5255549819308208,0.4699646643109541,0.5558912386706949,0.42748091603053434,-0.49931224209078406,0.7073707370737073,0.6378056840713814,-0.624468085106383,0.6856899488926746,0.13369963369963367,-0.5495608531994981,-0.6896243291592128,0.768796992481203,-0.8067612687813023,-0.20133111480865223,0.0
0.3483483483483483,-0.8074748743718593,-0.7722980062959077,0.8694280078895463,0.7565217391304349,0.20520581113801456,0.7490965410428497,0.3250883392226149,0.6424974823766365,0.5295801526717557,-0.6217331499312242,0.6633663366336633,0.6655651024454725,-0.5468085106382979,0.8300681431005111,0.24175824175824176,-0.7264742785445419,-0.7048300536672629,0.775062656641604,-0.8480801335559266,-0.39434276206322794,0.0
0.34934934934934936,-0.7050879396984925,-0.8025533403287863,0.8307692307692307,0.6231884057971014,0.3771186440677966,0.6706246773360867,-0.045936395759717315,0.5367573011077543,0.4026717557251908,-0.34112792297111416,0.44554455445544555,0.5009914077990747,-0.573404255319149,0.7444633730834753,0.11538461538461538,-0.6461731493099121,-0.7889087656529516,0.7969924812030075,-0.7936143572621035,0.2928452579034942,0.0
0.35035035035035034,-0.8222361809045226,-0.7221056313396291,0.8919132149901381,0.7282608695652174,0.5108958837772397,0.5911202891068663,0.2031802120141343,0.6263846928499497,0.5152671755725191,-0.3246217331499312,0.7282728272827282,0.6060806345009915,-0.7388297872340426,0.7917376490630325,0.5128205128205129,-0.7070263488080301,-0.5554561717352414,0.7105263157894736,-0.8374373956594324,0.043261231281198,0.0
0.35135135135135137,-0.8985552763819096,-0.7714235746764603,0.9546351084812622,0.8166666666666668,0.12288135593220341,0.6675271037687145,0.40282685512367494,0.6958710976837864,0.34351145038167935,-0.4965612104539202,0.3432343234323432,0.55783212161269,-0.6776595744680851,0.8560477001703577,0.11172161172161171,-0.6624843161856964,-0.6064400715563506,0.7994987468671679,-0.8710350584307179,0.437603993344426,0.0
0.35235235235235235,-0.6912688442211055,-0.9261979713186429,0.8189349112426035,0.8413043478260871,0.4818401937046005,0.7671657201858544,-0.051236749116607784,0.44108761329305135,0.4007633587786259,-0.37689133425034393,0.2552255225522552,0.6886979510905487,-0.6223404255319149,0.7159284497444635,0.48534798534798534,-0.33061480552070266,-0.7763864042933809,0.8214285714285714,-0.7967445742904842,0.2928452579034942,0.0
0.3533533533533533,-0.8508165829145728,-0.6259181532004198,0.9968441814595661,0.7000000000000001,0.22941888619854722,0.565307176045431,0.7155477031802121,0.5770392749244713,0.29770992366412213,-0.1609353507565337,0.5357535753575358,0.4382022471910113,-0.5664893617021277,0.9297274275979557,0.358974358974359,-0.7296110414052698,-0.7808586762075134,0.7374686716791979,-0.893363939899833,0.4193011647254576,0.0
0.35435435435435436,-0.8630653266331658,-0.6157747464148303,0.8209072978303746,0.5065217391304347,0.3075060532687652,0.4811564274651523,0.39399293286219084,0.4692849949647533,0.29198473282442744,-0.5832187070151307,0.4081408140814081,0.48182419035029744,-0.6654255319148936,0.7793867120954004,0.21428571428571427,-0.7032622333751568,-0.6288014311270125,0.7355889724310776,-0.9150667779632721,-0.37271214642262895,0.0
0.35535535535535534,-0.6209170854271356,-0.6958726827562085,0.8907297830374753,0.5659420289855073,0.4406779661016949,0.44243675787299946,-0.04770318021201414,0.5790533736153071,0.4541984732824427,-0.41127922971114167,0.6402640264026402,0.5604758757435558,-0.6356382978723405,0.6154173764906303,0.25457875457875456,-0.5501882057716436,-0.6726296958855098,0.6973684210526315,-0.7383138564273789,0.1281198003327787,0.0
0.3563563563563564,-0.8473618090452261,-0.6273172437915355,0.8749506903353057,0.5731884057971015,0.27300242130750607,0.5038719669592152,0.3127208480565371,0.6847935548841894,0.3816793893129771,-0.3342503438789546,0.47744774477447743,0.40118968935888966,-0.6340425531914894,0.669931856899489,0.3772893772893772,-0.5564617314930991,-0.6216457960644006,0.7474937343358395,-0.8265859766277128,0.1314475873544093,0.0
0.35735735735735735,-0.7939698492462312,-0.5356768100734522,0.9471400394477316,0.5753623188405798,0.3922518159806296,0.5116159008776459,0.6484098939929329,0.3806646525679758,0.4198473282442748,-0.5625859697386519,0.49834983498349833,0.48314606741573035,-0.6675531914893617,0.780664395229983,0.08424908424908424,-0.42785445420326224,-0.8515205724508049,0.5545112781954887,-0.8756260434056761,-0.40432612312811983,0.0
0.35835835835835833,-0.8288316582914572,-0.8100734522560336,0.8564102564102563,0.6905797101449276,0.2039951573849879,0.6628807434176561,0.22614840989399296,0.6555891238670695,0.258587786259542,-0.6836313617606603,0.4708470847084708,0.5089226701916723,-0.6920212765957446,0.7342419080068143,0.07142857142857142,-0.6323713927227101,-0.7602862254025043,0.8088972431077693,-0.8710350584307179,0.23294509151414314,0.0
0.35935935935935936,-0.7760678391959799,-0.7359216509268975,0.8469428007889545,0.6753623188405798,0.4806295399515739,0.6417139907072793,0.11307420494699648,0.6545820745216516,0.4265267175572519,-0.42503438789546083,0.49504950495049505,0.6615994712491738,-0.7058510638297872,0.6750425894378195,0.07692307692307693,-0.515056461731493,-0.6118067978533095,0.7725563909774437,-0.7883973288814692,0.4708818635607321,0.0
0.36036036036036034,-0.8043341708542713,-0.6850297306750612,0.9763313609467456,0.46014492753623193,0.326271186440678,0.5389778007227671,0.2667844522968198,0.4561933534743203,0.183206106870229,-0.6107290233837689,0.2706270627062706,0.2888301387970919,-0.6398936170212767,0.8019591141396935,-0.02564102564102564,-0.4981179422835634,-0.8300536672629696,0.606516290726817,-0.9033806343906511,-0.0831946755407654,0.0
0.3613613613613614,-0.7713567839195979,-0.5746764603008044,0.8717948717948717,0.5565217391304348,0.5593220338983051,0.36602994321115123,0.15547703180212014,0.7119838872104732,0.5343511450381679,-0.09766162310866575,0.693069306930693,0.4144084600132188,-0.8042553191489362,0.661839863713799,0.46520146520146516,-0.597867001254705,-0.5885509838998211,0.6666666666666666,-0.7902754590984975,0.013311148086522463,0.0
0.36236236236236236,-0.7923994974874372,-0.6117523609653726,0.9854043392504931,0.6028985507246377,0.438861985472155,0.4842540010325245,0.38515901060070673,0.3856998992950655,0.37213740458015265,-0.4030261348005502,0.4037403740374037,0.2994051553205552,-0.6462765957446809,0.7308347529812607,0.4194139194139194,-0.42534504391468003,-0.8595706618962432,0.738095238095238,-0.854340567612688,0.03826955074875208,0.0
0.3633633633633634,-0.801821608040201,-0.7074151801329136,0.7431952662721892,0.582608695652174,0.438861985472155,0.5379452762003097,0.1501766784452297,0.8046324269889225,0.4198473282442748,-0.23521320495185696,0.46974697469746973,0.411764705882353,-0.722872340425532,0.6673764906303237,0.13736263736263735,-0.5740276035131744,-0.556350626118068,0.6560150375939848,-0.8084307178631053,0.7420965058236273,0.0
0.36436436436436437,-0.9142587939698492,-0.698321091290661,0.9443786982248521,0.636231884057971,0.27663438256658596,0.4987093443469282,0.12720848056537104,0.5770392749244713,0.33396946564885494,-0.5832187070151307,0.396039603960396,0.4553866490416391,-0.7877659574468086,0.7734241908006815,0.40109890109890106,-0.47490589711417813,-0.644901610017889,0.637844611528822,-0.8729131886477463,-0.21963394342762066,0.0
0.36536536536536535,-0.6765075376884422,-0.8457502623294859,0.7471400394477317,0.8202898550724638,0.3008474576271187,0.7594217862674238,0.20671378091872794,0.45317220543806647,0.4961832061068702,-0.671251719394773,0.5016501650165016,0.8103106411103768,-0.6207446808510639,0.741482112436116,-0.038461538461538464,-0.3557089084065244,-0.7674418604651162,0.8045112781954887,-0.7735809682804674,0.1281198003327787,0.0
0.3663663663663664,-0.7766959798994975,-0.7551591465547394,0.8027613412228797,0.7420289855072465,0.5139225181598063,0.7114093959731543,0.07420494699646644,0.5659617321248742,0.5772900763358778,-0.6685006877579092,0.781078107810781,0.660277594183741,-0.6521276595744682,0.7338160136286201,0.047619047619047616,-0.6624843161856964,-0.7084078711985689,0.768796992481203,-0.8672787979966611,0.01663893510815308,0.0
0.36736736736736736,-0.7440326633165829,-0.8553690101434068,0.9278106508875739,0.7485507246376811,0.3553268765133172,0.8755807950438822,0.2385159010600707,0.45216515609264857,0.49809160305343514,-0.5557083906464925,0.43014301430143015,0.5803040317250496,-0.5462765957446808,0.7065587734241908,0.0,-0.562107904642409,-0.6583184257602862,0.9354636591478697,-0.8512103505843072,0.1480865224625624,0.0
0.3683683683683684,-0.6652010050251256,-0.6558237145855195,0.8694280078895463,0.4724637681159421,0.5435835351089588,0.5162622612287042,0.1678445229681979,0.3423967774420947,0.41316793893129766,-0.48968363136176063,0.40484048404840484,0.5558493060145406,-0.6127659574468085,0.7316865417376491,0.22527472527472525,-0.09096612296110412,-0.8282647584973166,0.8151629072681703,-0.8232470784641068,0.05324459234608985,0.0
0.36936936936936937,-0.6271984924623115,-0.8088492479888073,0.9270216962524654,0.768840579710145,0.711864406779661,0.734641197728446,-0.1519434628975265,0.45317220543806647,0.4541984732824427,-0.4786795048143053,0.5445544554455445,0.5644415069398546,-0.7606382978723404,0.5834752981260648,-0.12454212454212454,-0.31304893350062735,-0.774597495527728,0.6754385964912281,-0.717237061769616,0.04825291181364393,0.0
0.37037037037037035,-0.6853015075376884,-0.5094438614900314,0.8796844181459565,0.5623188405797102,0.5260290556900726,0.4341765616933402,0.38339222614840995,0.3605236656596173,0.3463740458015267,-0.5130674002751032,0.4004400440044004,0.48645076007931265,-0.6015957446808511,0.6558773424190801,0.25274725274725274,-0.3005018820577164,-0.5849731663685152,0.6397243107769423,-0.8071786310517529,0.2296173044925125,0.0
0.3713713713713714,-0.7663316582914572,-0.6323889471843303,0.819723865877712,0.5804347826086957,0.8165859564164649,0.41972121837893644,0.03356890459363958,0.5498489425981874,0.5333969465648856,-0.6671251719394773,0.5214521452145214,0.6047587574355585,-0.9191489361702128,0.6942078364565588,0.3278388278388278,-0.4962358845671267,-0.7620751341681573,0.6961152882205514,-0.8005008347245409,-0.00831946755407654,0.0
0.37237237237237236,-0.6344221105527638,-0.8067506121021337,0.8863905325443786,0.7326086956521739,0.20520581113801456,0.7325761486835313,0.3462897526501767,0.5891238670694864,0.09064885496183206,-0.5735900962861072,0.5269526952695269,0.8162590879048249,-0.6132978723404255,0.6154173764906303,0.10073260073260072,-0.43851944792973646,-0.5178890876565294,0.831453634085213,-0.71389816360601,0.08985024958402663,0.0
0.3733733733733734,-0.8944723618090451,-0.472193074501574,0.8911242603550295,0.2898550724637682,0.47639225181598066,0.34744450180691794,0.17844522968197882,0.5679758308157099,0.892175572519084,-0.48968363136176063,0.8426842684268426,0.17911434236615997,-0.8313829787234043,0.6520442930153322,0.35347985347985345,-0.596612296110414,-0.7146690518783542,0.6058897243107769,-0.8768781302170284,-0.11480865224625625,0.0
0.3743743743743744,-0.7072864321608039,-0.7672263029031129,0.7321499013806706,0.5485507246376812,0.6361985472154964,0.623128549303046,0.09187279151943463,0.5347432024169184,0.15362595419847327,-0.3851444291609354,0.35753575357535755,0.4243225380039657,-0.6553191489361703,0.6528960817717206,0.2948717948717949,-0.31179422835633624,-0.6529516994633273,0.7844611528822055,-0.777128547579299,-0.19633943427620631,0.0
0.37537537537537535,-0.7839195979899497,-0.624169289961525,0.8130177514792899,0.6420289855072464,0.18280871670702178,0.5462054723799691,0.46289752650176685,0.5780463242698892,0.2146946564885496,-0.8266850068775791,0.42794279427942794,0.7091870456047588,-0.7904255319148936,0.735519591141397,0.45421245421245415,-0.5558343789209536,-0.6896243291592128,0.7086466165413533,-0.8551752921535893,-0.3410981697171381,0.0
0.3763763763763764,-0.6890703517587939,-0.7847149352920602,0.8583826429980276,0.8840579710144928,0.2082324455205811,0.7656169334021683,0.13427561837455831,0.500503524672709,0.3187022900763359,-0.23108665749656124,0.4444444444444445,0.5961665565102446,-0.6271276595744681,0.696763202725724,0.31501831501831495,-0.45169385194479295,-0.644901610017889,0.6604010025062657,-0.7429048414023373,0.6955074875207987,0.0
0.37737737737737737,-0.6121231155778895,-0.6559986009094089,0.9009861932938855,0.7079710144927537,0.6265133171912832,0.6102219927723282,0.4169611307420495,0.6243705941591138,0.38835877862595414,-0.23796423658872076,0.42684268426842686,0.5479180436219432,-0.5255319148936171,0.5971039182282794,0.2765567765567765,-0.4868255959849435,-0.552772808586762,0.7775689223057645,-0.6961602671118531,-0.24459234608985025,0.0
0.3783783783783784,-0.7845477386934674,-0.6206715634837355,0.9869822485207099,0.7202898550724638,0.3141646489104116,0.5895715023231801,0.21554770318021202,0.23967774420946625,0.2958015267175572,-0.5034387895460798,0.29042904290429045,0.5135492399206875,-0.7558510638297873,0.7959965928449745,0.4413919413919413,-0.3789209535759096,-0.9883720930232557,0.6466165413533834,-0.8468280467445742,-0.1264559068219634,0.0
0.3793793793793794,-0.594535175879397,-0.7299755159146556,0.8564102564102563,0.5369565217391304,0.4564164648910412,0.5838926174496644,0.0,0.649546827794562,0.325381679389313,-0.8376891334250344,0.581958195819582,0.7614011896893589,-0.7462765957446809,0.571550255536627,0.21062271062271062,-0.5006273525721455,-0.6788908765652951,0.768796992481203,-0.6704924874791319,-0.18302828618968386,0.0
0.38038038038038036,-0.7490577889447235,-0.7324239244491081,0.9266272189349113,0.7028985507246377,0.5508474576271187,0.8631905007743933,0.6342756183745584,0.675730110775428,0.4751908396946565,-0.5502063273727649,0.5302530253025303,0.5538664904163912,-0.8281914893617022,0.7363713798977854,0.09523809523809523,-0.5872020075282308,-0.5572450805008944,0.8076441102756892,-0.78610183639399,0.11148086522462564,0.0
0.3813813813813814,-0.7898869346733668,-0.6082546344875831,0.9629191321499012,0.513768115942029,0.3946731234866828,0.5663397005678884,0.372791519434629,0.5377643504531723,0.43225190839694655,-0.7455295735900963,0.4532453245324532,0.47389292795769994,-0.7585106382978724,0.7367972742759796,0.46336996336996333,-0.49435382685069007,-0.6976744186046511,0.7374686716791979,-0.852671118530885,0.11813643926788685,0.0
0.38238238238238237,-0.7380653266331658,-0.6535501923749563,0.8899408284023668,0.6268115942028986,0.6694915254237289,0.5668559628291172,0.1607773851590106,0.5689828801611279,0.325381679389313,-0.6616231086657497,0.3443344334433443,0.5803040317250496,-0.7946808510638298,0.6183986371379898,0.2747252747252747,-0.4485570890840652,-0.6055456171735242,0.62531328320802,-0.7604340567612689,0.39767054908485855,0.0
0.3833833833833834,-0.7902010050251256,-0.5853445260580623,0.9680473372781065,0.5456521739130435,0.1616222760290557,0.4563758389261745,0.2985865724381626,0.4300100704934542,0.2862595419847328,-0.5295735900962861,0.2057205720572057,0.4124256444150694,-0.6164893617021278,0.7248722316865418,0.07692307692307693,-0.3801756587202007,-0.7119856887298748,0.6177944862155388,-0.8476627712854758,-0.18136439267886856,0.0
0.3843843843843844,-0.6912688442211055,-0.7196572228051766,0.8769230769230768,0.6514492753623189,0.7693704600484261,0.7016004130098089,0.053003533568904596,0.44511581067472306,0.5,-0.23933975240715266,0.581958195819582,0.536021150033047,-0.6707446808510639,0.7244463373083476,0.04029304029304029,-0.7151819322459221,-0.8738819320214668,0.8132832080200502,-0.7821368948247079,-0.2695507487520799,0.0
0.38538538538538536,-0.7547110552763818,-0.7208814270724029,0.8650887573964496,0.6637681159420291,0.414043583535109,0.6582343830665978,0.3091872791519435,0.7009063444108761,0.5982824427480916,-0.1499312242090784,0.9196919691969196,0.4210178453403834,-0.5765957446808512,0.8126064735945485,-0.06410256410256411,-0.7967377666248431,-0.684257602862254,0.7105263157894736,-0.8537145242070118,0.09484193011647256,0.0
0.3863863863863864,-0.8988693467336684,-0.8396292409933543,0.8485207100591715,0.8268115942028986,0.5883777239709443,0.8146618482188952,0.3515901060070672,0.5226586102719033,0.5076335877862596,-0.766162310866575,0.43014301430143015,0.5611368142762724,-0.7446808510638298,0.9902044293015334,-0.0934065934065934,-0.8350062735257214,-0.7620751341681573,0.7575187969924813,-0.9561769616026711,0.3011647254575707,0.0
0.38738738738738737,-0.9547738693467336,-0.6162994053864987,0.9388560157790926,0.6768115942028986,-0.09382566585956417,0.563758389261745,0.3763250883392226,0.6143001007049346,0.23664122137404578,-0.5653370013755158,0.2156215621562156,0.6027759418374092,-0.647340425531915,0.8343270868824533,0.5054945054945055,-0.7509410288582183,-0.5831842576028622,0.8139097744360901,-0.9238313856427378,0.2279534109816972,0.0
0.3883883883883884,-0.7104271356783919,-0.9356418328086743,0.8216962524654833,0.7608695652173914,0.1973365617433414,0.930304594734125,0.43109540636042404,0.6364551863041289,0.767175572519084,-0.6905089408528198,0.5500550055005501,0.7931262392597489,-0.5356382978723404,0.6584327086882453,0.1868131868131868,-0.5470514429109159,-0.5867620751341681,0.8652882205513784,-0.7520868113522539,0.24459234608985025,0.0
0.3893893893893894,-0.7217336683417085,-0.7976565232598811,0.8090729783037476,0.6855072463768116,0.5575060532687652,0.7898812596799174,0.3180212014134276,0.6183282980866063,0.4627862595419847,-0.46905089408528206,0.5291529152915291,0.44679444811632524,-0.5042553191489362,0.7393526405451448,-0.05128205128205128,-0.5407779171894604,-0.7459749552772807,0.8063909774436089,-0.7863105175292153,0.1048252911813644,0.0
0.39039039039039036,-0.7446608040201005,-0.6014340678558937,0.8497041420118342,0.5760869565217392,0.6355932203389831,0.5116159008776459,0.03356890459363958,0.3001007049345418,0.38740458015267176,-0.2407152682255846,0.41694169416941695,0.37607402511566423,-0.6047872340425532,0.7287052810902896,0.08058608058608058,-0.40464240903387705,-0.7701252236135956,0.6879699248120301,-0.8530884808013356,0.3311148086522463,0.0
0.3913913913913914,-0.6221733668341709,-0.6922000699545295,0.7909270216962524,0.7485507246376811,0.3837772397094431,0.6344863190500775,0.32332155477031804,0.4541792547834844,0.4713740458015267,-0.5887207702888583,0.4752475247524752,0.6067415730337079,-0.5797872340425533,0.6103066439522998,-0.19047619047619047,-0.3952321204516938,-0.7316636851520572,0.6140350877192982,-0.7477045075125209,0.21797004991680535,0.0
0.3923923923923924,-0.7974246231155779,-0.6276670164393144,0.9254437869822485,0.5608695652173914,0.4430992736077482,0.5224574083634487,0.3975265017667845,0.42396777442094663,0.20610687022900762,-0.42503438789546083,0.3916391639163916,0.35756774619960346,-0.8170212765957447,0.5894378194207837,0.6153846153846154,-0.3299874529485571,-0.554561717352415,0.7324561403508771,-0.8096828046744574,0.17970049916805325,0.0
0.3933933933933934,-0.7255025125628141,-0.7903112976565233,0.9041420118343194,0.65,0.6349878934624698,0.7377387712958183,0.17137809187279154,0.34642497482376633,0.23759541984732824,-0.6767537826685007,0.6644664466446645,0.7521480502313285,-0.7377659574468085,0.7632027257240205,0.8223443223443223,-0.5602258469259723,-1.0,0.7543859649122806,-0.8553839732888148,-0.32279534109816976,0.0
0.3943943943943944,-0.996859296482412,-0.931444561035327,0.9258382642998026,0.7297101449275362,0.6246973365617434,0.8518327310273618,-0.13957597173144878,0.5357502517623364,0.34923664122137404,-0.484181568088033,0.37623762376237624,0.5128883013879709,-0.7739361702127661,0.9599659284497445,0.17216117216117216,-0.8212045169385194,-0.885509838998211,0.7926065162907268,-0.9904006677796329,0.15806988352745424,0.0
0.3953953953953954,-0.9032663316582914,-0.654949282966072,0.8666666666666667,0.7992753623188407,0.3353510895883778,0.5431078988125968,0.07243816254416963,0.6163141993957704,0.44847328244274803,-0.3535075653370014,0.6039603960396039,0.5201586252478521,-0.722340425531915,0.7734241908006815,0.22527472527472525,-0.6769134253450438,-0.6198568872987477,0.7531328320802004,-0.895033388981636,0.4242928452579035,0.0
0.3963963963963964,-0.7374371859296481,-0.7200069954529555,0.9534516765285995,0.4384057971014493,0.4576271186440678,0.5203923593185338,0.1148409893992933,0.3796576032225579,0.44847328244274803,-0.7028885832187071,0.3179317931793179,0.43555849306014544,-0.826063829787234,0.68015332197615,-0.01648351648351648,-0.3074027603513174,-0.8032200357781752,0.7224310776942355,-0.8098914858096828,-0.03494176372712147,0.0
0.3973973973973974,-0.737751256281407,-0.7119622245540398,0.9195266272189349,0.7239130434782609,0.5211864406779662,0.7527103768714507,0.46289752650176685,0.5206445115810675,0.5200381679389313,-0.36176066024759285,0.7051705170517052,0.6966292134831461,-0.6281914893617022,0.7768313458262351,0.2747252747252747,-0.6543287327478042,-0.754025044722719,0.650375939849624,-0.7946577629382304,0.10149750415973378,0.0
0.3983983983983984,-0.6334798994974874,-0.9421126267925848,0.7940828402366863,0.7768115942028987,0.614406779661017,0.8286009292720702,0.1872791519434629,0.6958710976837864,0.7299618320610687,-0.5350756533700138,0.6996699669966997,0.5803040317250496,-0.7750000000000001,0.6550255536626917,-0.46520146520146516,-0.40338770388958595,-0.5330948121645795,0.8953634085213033,-0.7141068447412354,0.2146422628951747,0.0
0.3993993993993994,-0.7091708542713567,-0.8036026582721231,0.7948717948717948,0.6420289855072464,0.09443099273607748,0.6375838926174497,0.07243816254416963,0.7129909365558912,0.5009541984732825,-0.579092159559835,0.4686468646864686,0.6007931262392598,-0.6414893617021277,0.6405451448040886,0.3681318681318681,-0.5294855708908406,-0.6574239713774597,0.6942355889724311,-0.7577212020033389,0.3594009983361065,0.0
0.4004004004004004,-0.7949120603015075,-0.5300804477089892,0.8315581854043392,0.5086956521739131,0.5811138014527845,0.42694889003613834,0.491166077738516,0.4340382678751259,0.40553435114503816,-0.328748280605227,0.680968096809681,0.43093192333113023,-0.7542553191489362,0.784497444633731,0.7234432234432234,-0.5395232120451694,-0.8452593917710196,0.6328320802005012,-0.8708263772954925,-0.3594009983361065,0.0
0.4014014014014014,-0.8319723618090452,-0.7632039174536551,0.8449704142011834,0.9507246376811596,0.19491525423728814,0.6442953020134228,0.33215547703180215,0.4561933534743203,0.43225190839694655,-0.46079779917469055,0.42464246424642466,0.6404494382022472,-0.6154255319148937,0.7112436115843271,0.23626373626373626,-0.48180677540777916,-0.6788908765652951,0.7243107769423558,-0.8612270450751252,-0.03161397670549085,0.0
0.4024024024024024,-0.6168341708542713,-0.6075550891920252,0.9463510848126232,0.42246376811594205,0.5411622276029056,0.3820340733092411,-0.04240282685512368,0.31017119838872104,0.6326335877862596,-0.686382393397524,0.5038503850385039,0.5155320555188369,-0.6521276595744682,0.684412265758092,-0.08424908424908424,-0.2697616060225847,-0.8488372093023254,0.7305764411027568,-0.7614774624373957,-0.2562396006655574,0.0
0.4034034034034034,-0.6005025125628141,-0.7833158447009444,0.7755424063116371,0.860144927536232,0.24455205811138017,0.7444501806917914,0.26855123674911663,0.6283987915407855,0.41030534351145037,-0.2902338376891334,0.42574257425742573,0.44877726371447463,-0.46808510638297873,0.49701873935264057,-0.15750915750915748,-0.335633626097867,-0.7432915921288014,0.6829573934837093,-0.685517529215359,0.8419301164725458,0.0
0.4044044044044044,-0.8812814070351759,-0.6773347324239245,0.9147928994082839,0.7173913043478262,0.2572639225181598,0.588022715539494,0.27385159010600707,0.5025176233635448,0.35209923664122134,-0.3851444291609354,0.37513751375137516,0.45340383344348983,-0.7617021276595745,0.6695059625212948,0.5421245421245421,-0.6398996235884566,-0.7423971377459748,0.7963659147869673,-0.8295075125208682,0.44592346089850254,0.0
0.40540540540540543,-0.7883165829145727,-0.5570129415879679,0.9376725838264298,0.4456521739130435,0.34624697336561744,0.3737738771295818,0.11307420494699648,0.3363544813695871,0.33874045801526714,-0.5804676753782668,0.5192519251925192,0.44877726371447463,-0.722872340425532,0.8096252129471891,0.531135531135531,-0.41718946047678795,-0.5876565295169947,0.7706766917293233,-0.8551752921535893,-0.3344425956738769,0.0
0.4064064064064064,-0.6325376884422109,-0.6159496327387198,0.8232741617357002,0.5101449275362319,0.7360774818401937,0.4821889519876097,0.10424028268551237,0.4753272910372608,0.28816793893129766,-0.42916093535075656,0.7007700770077008,0.6873760740251157,-0.6781914893617021,0.5877342419080068,0.44688644688644685,-0.43789209535759094,-0.5867620751341681,0.6804511278195489,-0.7948664440734559,-0.20465890183028287,0.0
0.4074074074074074,-0.8574120603015075,-0.7037425673312347,0.8698224852071006,0.5884057971014494,0.36743341404358354,0.6680433660299432,0.31448763250883394,0.6596173212487412,0.525763358778626,-0.6987620357634113,0.4037403740374037,0.411764705882353,-0.7771276595744682,0.75809199318569,-0.39926739926739924,-0.7252195734002509,-0.5948121645796064,0.731203007518797,-0.8729131886477463,0.06655574043261232,0.0
0.4084084084084084,-0.8627512562814069,-0.6021336131514515,0.8402366863905325,0.6318840579710145,0.6204600484261501,0.5503355704697986,0.19964664310954067,0.5357502517623364,0.166030534351145,-0.4552957359009629,0.3784378437843784,0.35161929940515535,-0.8994680851063831,0.7044293015332198,0.41758241758241754,-0.5100376411543287,-0.7486583184257601,0.6754385964912281,-0.8397328881469116,-0.08818635607321132,0.0
0.4094094094094094,-0.7942839195979898,-0.6288912207065408,0.8284023668639053,0.6637681159420291,0.2760290556900727,0.5054207537429014,0.2579505300353357,0.5256797583081572,0.4179389312977099,-0.6066024759284732,0.3718371837183718,0.5684071381361534,-0.7106382978723405,0.741482112436116,0.24725274725274726,-0.47490589711417813,-0.60912343470483,0.7073934837092731,-0.8353505843071787,0.04492512479201331,0.0
0.41041041041041043,-0.6878140703517588,-0.6836306400839454,0.8694280078895463,0.722463768115942,0.12772397094430993,0.5952503871966959,0.28621908127208484,0.7391742195367573,0.37690839694656486,-0.11279229711141679,0.451045104510451,0.5994712491738269,-0.44627659574468087,0.6175468483816013,0.5347985347985347,-0.5301129234629861,-0.5518783542039355,0.713032581453634,-0.7593906510851419,0.9683860232945091,0.0
0.4114114114114114,-0.7368090452261307,-0.8885974116824065,0.7743589743589744,0.660144927536232,0.3099273607748184,0.6954052658750645,-0.07420494699646644,0.4350453172205438,0.4522900763358778,-0.577716643741403,0.41474147414741475,0.6483807005948448,-0.5973404255319149,0.700596252129472,0.30036630036630035,-0.5062735257214555,-0.5107334525939177,0.7199248120300752,-0.8359766277128549,0.07820299500831947,0.0
0.4124124124124124,-0.8567839195979899,-0.7967820916404337,0.8848126232741617,0.7405797101449276,0.47578692493946734,0.648941662364481,-0.00530035335689046,0.5558912386706949,0.22232824427480916,-0.6822558459422283,0.41804180418041803,0.6933245208195637,-0.7750000000000001,0.8241056218057923,0.21245421245421245,-0.5752823086574654,-0.8157423971377459,0.8997493734335839,-0.9344741235392321,0.2695507487520799,0.0
0.4134134134134134,-0.7738693467336683,-0.6094788387548093,0.867455621301775,0.4862318840579711,0.42251815980629537,0.4460505937016004,-0.06007067137809188,0.5468277945619335,0.4312977099236641,-0.42916093535075656,0.6435643564356435,0.5148711169861203,-0.75,0.7883304940374788,0.15750915750915748,-0.5934755332496863,-0.5617173524150267,0.6209273182957393,-0.8353505843071787,-0.03826955074875208,0.0
0.4144144144144144,-0.7751256281407035,-0.8039524309199021,0.7502958579881656,0.6594202898550725,0.2245762711864407,0.6122870418172431,0.05830388692579506,0.5458207452165157,0.5706106870229007,-0.5502063273727649,0.43454345434543457,0.6080634500991409,-0.5308510638297873,0.6703577512776832,0.25641025641025644,-0.29422835633626093,-0.6690518783542039,0.6942355889724311,-0.8107262103505843,0.18136439267886856,0.0
0.41541541541541543,-0.7280150753768844,-0.8039524309199021,0.745956607495069,0.5427536231884058,0.34443099273607747,0.6097057305110997,0.23498233215547706,0.5649546827794563,0.3845419847328244,-0.7083906464924347,0.5379537953795379,0.40581625908790486,-0.7468085106382979,0.6724872231686542,0.08974358974358974,-0.535759096612296,-0.5089445438282647,0.7832080200501252,-0.7570951585976629,-0.12312811980033278,0.0
0.4164164164164164,-0.7462311557788944,-0.8102483385799231,0.8311637080867851,0.7268115942028985,0.5108958837772397,0.6541042849767681,-0.026501766784452298,0.6515609264853978,0.6135496183206107,-0.017881705639614855,0.6941694169416942,0.46133509583608723,-0.6111702127659575,0.682282793867121,0.26739926739926734,-0.6210790464240903,-0.7084078711985689,0.7951127819548871,-0.8142737896494158,0.2346089850249584,0.0
0.4174174174174174,-0.8134422110552763,-0.6748863238894719,0.8686390532544378,0.6318840579710145,0.31113801452784506,0.5234899328859061,0.2667844522968198,0.6153071500503524,0.4627862595419847,-0.517193947730399,0.5742574257425742,0.4520819563780569,-0.6936170212765959,0.7904599659284498,0.12087912087912088,-0.5395232120451694,-0.59391771019678,0.7343358395989974,-0.85559265442404,-0.2346089850249584,0.0
0.4184184184184184,-0.8505025125628141,-0.555613850996852,0.8627218934911242,0.568840579710145,0.23426150121065378,0.4682498709344347,0.7332155477031802,0.5196374622356495,0.39503816793893126,-0.7840440165061898,0.5038503850385039,0.47653668208856576,-0.752127659574468,0.7977001703577513,0.3626373626373626,-0.6210790464240903,-0.6019677996422182,0.6911027568922306,-0.8989983305509182,-0.5074875207986689,0.0
0.4194194194194194,-0.7842336683417085,-0.7311997201818818,0.9297830374753452,0.8434782608695652,0.38861985472154964,0.6670108415074858,0.4169611307420495,0.4582074521651561,0.24904580152671757,-0.11141678129298488,0.36743674367436746,0.47389292795769994,-0.5787234042553192,0.8143100511073254,0.41025641025641024,-0.5683814303638645,-0.8819320214669051,0.8408521303258145,-0.8946160267111853,0.40931780366056575,0.0
0.42042042042042044,-0.7449748743718593,-0.5898915704791886,0.9053254437869822,0.5855072463768117,0.5163438256658596,0.6303562209602478,0.627208480565371,0.7663645518630413,0.3616412213740458,-0.3741403026134801,0.6831683168316831,0.6021150033046927,-0.6430851063829788,0.6388415672913118,1.0,-0.6022584692597239,-0.40608228980322003,0.6641604010025063,-0.7842237061769617,-0.0632279534109817,0.0
0.4214214214214214,-0.6922110552763819,-0.7266526757607555,0.8268244575936884,0.7202898550724638,0.07627118644067797,0.6468766133195663,0.24028268551236753,0.37059415911379656,0.18797709923664122,-0.4662998624484182,0.583058305830583,0.6298744216787839,-0.6,0.6418228279386712,0.293040293040293,-0.36449184441656207,-0.793381037567084,0.7468671679197995,-0.7881886477462438,-0.2346089850249584,0.0
0.42242242242242245,-0.7829773869346733,-0.673487233298356,0.8998027613412228,0.7876811594202899,0.4358353510895884,0.6386164171399071,0.3180212014134276,0.6727089627391742,0.41030534351145037,-0.3851444291609354,0.46424642464246424,0.4249834765366821,-0.7281914893617022,0.807495741056218,0.021978021978021976,-0.7082810539523212,-0.757602862254025,0.7901002506265663,-0.8336811352253757,0.4259567387687188,0.0
0.42342342342342343,-0.7682160804020101,-0.7630290311297657,0.9715976331360946,0.7057971014492754,0.29116222760290555,0.6535880227155395,0.3674911660777385,0.6032225579053373,0.416030534351145,-0.4704264099037139,0.49504950495049505,0.5267680105750165,-0.6122340425531916,0.7350936967632028,0.293040293040293,-0.5752823086574654,-0.6869409660107334,0.7005012531328321,-0.8155258764607679,0.024958402662229616,0.0
0.4244244244244244,-0.6287688442211055,-0.6206715634837355,0.8122287968441815,0.7014492753623188,0.5084745762711864,0.5059370160041301,0.5070671378091873,0.5891238670694864,0.4866412213740458,-0.5584594222833563,0.583058305830583,0.7250495703899538,-0.721276595744681,0.58603066439523,0.4065934065934066,-0.4855708908406524,-0.6583184257602862,0.5401002506265664,-0.721619365609349,-0.20133111480865223,0.0
0.42542542542542544,-0.6846733668341709,-0.7210563133962925,0.8642998027613411,0.6768115942028986,0.5708232445520581,0.6066081569437274,0.38515901060070673,0.5659617321248742,0.36927480916030536,-0.5075653370013755,0.4961496149614961,0.5399867812293456,-0.46595744680851064,0.7052810902896082,0.5073260073260073,-0.5771643663739021,-0.6395348837209301,0.7907268170426065,-0.8280467445742905,0.09151414309484193,0.0
0.4264264264264264,-0.8153266331658291,-0.7133613151451557,0.8031558185404339,0.5528985507246378,-0.05750605326876514,0.610738255033557,0.2208480565371025,0.770392749244713,0.39503816793893126,-0.7152682255845942,0.3927392739273927,0.6582947785855916,-0.6707446808510639,0.563458262350937,0.1648351648351648,-0.4579673776662484,-0.51520572450805,0.7142857142857142,-0.7733722871452421,0.09816971713810316,0.0
0.42742742742742745,-0.7412060301507537,-0.6689401888772298,0.9234714003944774,0.5811594202898551,0.37832929782082325,0.4806401652039236,0.3197879858657244,0.5226586102719033,0.6612595419847328,-0.577716643741403,0.5588558855885588,0.4084600132187707,-0.698936170212766,0.684412265758092,-0.3021978021978022,-0.4592220828105395,-0.8801431127012521,0.6860902255639098,-0.8021702838063439,-0.35108153078202997,0.0
0.42842842842842843,-0.7003768844221105,-0.5779993004547045,0.8311637080867851,0.5673913043478261,0.4104116222760291,0.5090345895715023,0.09187279151943463,0.4582074521651561,0.5887404580152672,-0.4704264099037139,0.6171617161716172,0.5287508261731659,-0.7356382978723405,0.7772572402044293,0.010989010989010988,-0.698870765370138,-0.6502683363148478,0.7023809523809523,-0.7992487479131887,-0.16139767054908488,0.0
0.4294294294294294,-0.9346733668341708,-0.5676810073452256,0.8678500986193294,0.6289855072463768,0.5181598062953995,0.5849251419721219,0.04770318021201414,0.7331319234642497,0.41316793893129766,-0.46905089408528206,0.6105610561056106,0.4111037673496365,-0.8398936170212766,0.7189097103918228,0.39010989010989006,-0.624215809284818,-0.7289803220035777,0.7807017543859649,-0.8910684474123539,-0.036605657237936774,0.0
0.43043043043043044,-0.7123115577889446,-0.8391045820216859,0.7712031558185404,0.8355072463768117,0.48305084745762716,0.6541042849767681,-0.3021201413427562,0.541792547834844,0.5333969465648856,-0.6024759284731774,0.5115511551155115,0.9220092531394581,-0.6111702127659575,0.6729131175468485,0.4413919413919413,-0.3343789209535759,-0.6932021466905187,0.8051378446115287,-0.8487061769616028,-0.021630615640599,0.0
0.4314314314314314,-0.6695979899497487,-0.7121371108779294,0.8887573964497041,0.7166666666666667,0.5562953995157386,0.7093443469282396,0.6590106007067138,0.5256797583081572,0.3206106870229008,-0.49105914718019256,0.36963696369636967,0.58955717118308,-0.600531914893617,0.706984667802385,0.20512820512820512,-0.3550815558343789,-0.663685152057245,0.6466165413533834,-0.7395659432387313,0.2579034941763727,0.0
0.43243243243243246,-0.7107412060301507,-0.6231199720181883,0.9285996055226824,0.8637681159420291,0.7881355932203391,0.697986577181208,0.6554770318021202,0.4511581067472306,0.5801526717557252,-0.42778541953232463,0.7854785478547854,0.7825512227362855,-0.6914893617021277,0.8471039182282795,0.0989010989010989,-0.7095357590966123,-0.610912343470483,0.6384711779448621,-0.8762520868113522,-0.45257903494176377,0.0
0.43343343343343343,-0.5904522613065326,-0.6080797481636936,0.8469428007889545,0.6442028985507247,0.4424939467312349,0.5131646876613319,0.4946996466431096,0.6424974823766365,0.3597328244274809,-0.328748280605227,0.614961496149615,0.48380700594844683,-0.4132978723404256,0.6358603066439524,0.5824175824175823,-0.4611041405269761,-0.5357781753130589,0.7174185463659147,-0.7585559265442404,0.2878535773710482,0.0
0.4344344344344344,-0.7145100502512562,-0.5617348723329836,0.9151873767258382,0.5427536231884058,0.3668280871670702,0.5823438306659783,0.47173144876325096,0.6858006042296073,0.5763358778625953,-0.4140302613480055,0.5984598459845984,0.38400528750826174,-0.5234042553191489,0.7287052810902896,0.14102564102564102,-0.6135508155583438,-0.6422182468694095,0.7600250626566416,-0.8109348914858098,-0.11480865224625625,0.0
0.43543543543543545,-0.6787060301507537,-0.9275970619097587,0.841025641025641,0.9239130434782609,0.5314769975786925,0.9024264326277749,0.26501766784452296,0.5861027190332326,0.3196564885496183,-0.4662998624484182,0.5159515951595159,0.7045604758757437,-0.6749999999999999,0.608603066439523,0.16666666666666666,-0.5451693851944792,-0.7772808586762074,0.7838345864661653,-0.7785893155258765,0.1048252911813644,0.0
0.4364364364364364,-0.7097989949748743,-0.7782441413081498,0.8035502958579881,0.6173913043478261,0.04055690072639226,0.5895715023231801,-0.1855123674911661,0.6304128902316214,0.5095419847328244,-0.422283356258597,0.517051705170517,0.5446133509583608,-0.5888297872340426,0.6034923339011925,0.06043956043956044,-0.4335006273525721,-0.4883720930232558,0.650375939849624,-0.7512520868113522,0.24792013311148087,0.0
0.43743743743743746,-0.7424623115577889,-0.6659671213711088,0.8820512820512821,0.8333333333333334,0.25968523002421307,0.5591120289106866,0.4558303886925796,0.5830815709969788,0.09064885496183206,-0.40852819807427787,0.3817381738173817,0.7012557832121613,-0.5473404255319149,0.6763202725724021,0.40109890109890106,-0.40276035131744037,-0.7289803220035777,0.8721804511278194,-0.7750417362270451,0.18469217970049917,0.0
0.43843843843843844,-0.644786432160804,-0.5288562434417629,0.886785009861933,0.5594202898550725,0.677360774818402,0.4661848218895199,0.30565371024734983,0.40080563947633435,0.2757633587786259,-0.37276478679504815,0.24202420242024203,0.2696629213483146,-0.5941489361702128,0.639267461669506,0.08974358974358974,-0.2553324968632371,-0.725402504472272,0.5808270676691729,-0.7303839732888148,0.13976705490848587,0.0
0.4394394394394394,-0.7770100502512564,-0.5961874781392095,0.8765285996055227,0.7086956521739131,0.2772397094430993,0.5539494062983995,0.6395759717314488,0.5609264853977846,0.564885496183206,-0.6492434662998624,0.6798679867986799,0.5029742233972241,-0.6265957446808511,0.75,0.23809523809523808,-0.6756587202007528,-0.7567084078711985,0.6898496240601504,-0.8451585976627712,0.009983361064891847,0.0
0.44044044044044045,-0.7478015075376884,-0.9200769499825114,0.8236686390532544,0.8456521739130436,0.4739709443099274,0.8415074858027878,-0.21378091872791521,0.4984894259818731,0.6459923664122138,-0.5502063273727649,0.6435643564356435,0.8261731658955718,-0.7021276595744682,0.7099659284497445,0.30036630036630035,-0.5420326223337515,-0.5885509838998211,0.8026315789473684,-0.8484974958263773,-0.11314475873544094,0.0
0.44144144144144143,-0.7079145728643216,-0.6857292759706191,0.8986193293885602,0.4818840579710146,0.18825665859564167,0.329891584925142,0.00353356890459364,0.47230614300100704,0.4198473282442748,-0.4415405777166438,0.49284928492849284,0.5499008592200926,-0.5920212765957447,0.6788756388415673,0.2490842490842491,-0.5652446675031367,-0.6851520572450804,0.7575187969924813,-0.7873539232053423,-0.07487520798668885,0.0
0.44244244244244246,-0.6780778894472361,-0.7869884575026233,0.9013806706114399,0.6695652173913045,0.1549636803874092,0.6582343830665978,-0.13074204946996468,0.48539778449144005,0.21374045801526717,-0.7482806052269602,0.396039603960396,0.6768010575016524,-0.5164893617021277,0.6827086882453152,0.33699633699633696,-0.4623588456712672,-0.5957066189624329,0.7575187969924813,-0.7708681135225376,0.1647254575707155,0.0
0.44344344344344344,-0.8699748743718593,-0.6610703043022035,0.9546351084812622,0.5543478260869565,0.5260290556900726,0.5926690758905523,0.6448763250883393,0.7190332326283988,0.5429389312977099,-0.7565337001375516,0.5137513751375138,0.5783212161269002,-0.8531914893617022,0.7431856899488928,-0.06593406593406592,-0.5997490589711417,-0.6198568872987477,0.7675438596491229,-0.8994156928213689,0.08485856905158069,0.0
0.4444444444444444,-0.7390075376884422,-0.7305001748863238,0.8418145956607495,0.49202898550724644,0.20096852300242132,0.558595766649458,-0.09893992932862192,0.7673716012084593,0.7423664122137404,-0.44704264099037144,0.7293729372937294,0.4144084600132188,-0.6776595744680851,0.6294718909710392,0.293040293040293,-0.6348808030112923,-0.5679785330948122,0.6102756892230576,-0.7904841402337228,0.44758735440931785,0.0
0.44544544544544545,-0.777324120603015,-0.7131864288212663,0.7767258382642998,0.8000000000000002,0.36380145278450365,0.7325761486835313,0.4505300353356891,0.6696878147029205,0.3797709923664122,-0.5048143053645117,0.44334433443344334,0.7481824190350297,-0.5180851063829788,0.6260647359454855,0.7747252747252746,-0.44667503136762854,-0.6940966010733453,0.681704260651629,-0.8224123539232053,0.19467554076539104,0.0
0.44644644644644643,-0.7333542713567839,-0.8055264078349073,0.7972386587771202,0.7152173913043479,0.475181598062954,0.7114093959731543,0.00530035335689046,0.4783484390735146,0.3893129770992366,-0.4346629986244842,0.4532453245324532,0.7164573694646399,-0.6250000000000001,0.721039182282794,0.1813186813186813,-0.603513174404015,-0.7450805008944543,0.769423558897243,-0.8030050083472454,0.03494176372712147,0.0
0.44744744744744747,-0.8103015075376884,-0.5339279468345576,0.9207100591715977,0.6173913043478261,0.43159806295399517,0.5121321631388746,0.5070671378091873,0.6787512588116819,0.5772900763358778,-0.6313617606602476,0.7381738173817382,0.5056179775280899,-0.6941489361702128,0.6835604770017036,0.08608058608058608,-0.7584692597239648,-0.6905187835420393,0.7067669172932329,-0.8261686143572622,-0.15806988352745424,0.0
0.44844844844844844,-0.7861180904522613,-0.7284015389996502,0.8733727810650886,0.5717391304347826,0.15738498789346247,0.5838926174496644,0.21378091872791521,0.5780463242698892,0.5877862595419847,-0.6011004126547456,0.7029702970297029,0.39061467283542634,-0.550531914893617,0.6362862010221465,0.2161172161172161,-0.5464240903387704,-0.5787119856887298,0.6973684210526315,-0.8376460767946579,-0.1464226289517471,0.0
0.4494494494494494,-0.7509422110552764,-0.611927247289262,0.8035502958579881,0.5289855072463768,0.08656174334140436,0.5467217346411977,0.46113074204947,0.405840886203424,0.29866412213740456,-0.5639614855570839,0.4807480748074807,0.34104428288169203,-0.502127659574468,0.6933560477001703,-0.0018315018315018315,-0.35257214554579674,-0.5957066189624329,0.7280701754385964,-0.8247078464106845,0.18801996672212978,0.0
0.45045045045045046,-0.7908291457286432,-0.7182581322140609,0.9372781065088757,0.6934782608695652,0.6937046004842615,0.66133195663397,0.20141342756183747,0.5216515609264855,0.47041984732824427,-0.7056396148555709,0.6259625962596259,0.6569729015201586,-0.7558510638297873,0.7261499148211245,0.38827838827838823,-0.5313676286072773,-0.590339892665474,0.7619047619047619,-0.8754173622704509,-0.30615640599001664,0.0
0.45145145145145144,-0.8966708542713567,-0.7254284714935292,0.8792899408284024,0.5927536231884059,0.3250605326876514,0.5895715023231801,0.6130742049469965,0.4642497482376637,0.4646946564885496,-0.7166437414030262,0.47194719471947194,0.2756113681427627,-0.772340425531915,0.7925894378194208,-0.1227106227106227,-0.4918444165621079,-0.6601073345259391,0.7098997493734336,-0.9202838063439066,-0.19134775374376042,0.0
0.45245245245245247,-0.7876884422110553,-0.640083945435467,0.8733727810650886,0.42971014492753623,0.39406779661016955,0.5493030459473413,0.49646643109540645,0.6968781470292044,0.2757633587786259,-0.7826685006877578,0.5148514851485149,0.4051553205551884,-0.7324468085106384,0.7074105621805793,0.3681318681318681,-0.44102885821831866,-0.6985688729874776,0.6973684210526315,-0.8107262103505843,0.04492512479201331,0.0
0.45345345345345345,-0.8266331658291457,-0.7208814270724029,0.8370808678500985,0.660144927536232,-0.027239709443099273,0.6169334021683015,0.053003533568904596,0.7905337361530715,0.2538167938931298,-0.3425034387895461,0.43234323432343236,0.38268341044282883,-0.6111702127659575,0.7035775127768313,0.6556776556776556,-0.534504391468005,-0.5474060822898031,0.738095238095238,-0.8374373956594324,0.9068219633943428,0.0
0.4544544544544545,-0.6130653266331658,-0.6853795033228401,0.811439842209073,0.5985507246376812,0.46912832929782083,0.6251935983479607,0.4699646643109541,0.6445115810674723,0.6498091603053435,-0.6272352132049519,0.7282728272827282,0.5624586913417052,-0.5414893617021277,0.6443781942078365,0.01648351648351648,-0.6210790464240903,-0.5554561717352414,0.6591478696741855,-0.7191151919866444,-0.20133111480865223,0.0
0.45545545545545546,-0.818467336683417,-0.8494228751311648,0.8130177514792899,0.8398550724637682,0.42433414043583534,0.7898812596799174,-0.2632508833922262,0.6324269889224572,0.5162213740458016,-0.5557083906464925,0.8162816281628162,0.7713152676801058,-0.7101063829787234,0.7517035775127768,0.12454212454212454,-0.4855708908406524,-0.5116279069767441,0.850250626566416,-0.8572621035058431,-0.22628951747088188,0.0
0.45645645645645644,-0.6815326633165829,-0.8546694648478488,0.818145956607495,0.813768115942029,0.2324455205811138,0.8508002065049044,0.31448763250883394,0.47633434038267874,0.3234732824427481,-0.6079779917469051,0.33993399339933994,0.7058823529411765,-0.5521276595744682,0.661839863713799,0.3223443223443223,-0.4673776662484316,-0.4749552772808587,0.6948621553884712,-0.8061352253756261,0.07321131447587355,0.0
0.4574574574574575,-0.7035175879396985,-0.8163693599160546,0.8469428007889545,0.6521739130434784,0.2542372881355932,0.6494579246257098,0.12897526501766785,0.46727089627391744,0.23854961832061067,-0.6437414030261348,0.37623762376237624,0.5525446133509584,-0.7930851063829788,0.6682282793867121,-0.13553113553113552,-0.3337515683814304,-0.7415026833631484,0.8251879699248119,-0.7785893155258765,-0.19800332778702162,0.0
0.45845845845845845,-0.7151381909547738,-0.7780692549842602,0.8725838264299803,0.5971014492753624,0.8401937046004843,0.6236448115642746,-0.05653710247349824,0.5699899295065458,0.5400763358778625,-0.7867950481430536,0.5753575357535754,0.6807666886979512,-0.848404255319149,0.6541737649063033,-0.10073260073260072,-0.3814303638644918,-0.62432915921288,0.7055137844611528,-0.8098914858096828,-0.3444259567387687,0.0
0.4594594594594595,-0.8555276381909548,-0.7196572228051766,0.8623274161735699,0.46666666666666673,0.2524213075060533,0.6179659266907589,0.19611307420494703,0.8398791540785498,0.2681297709923664,-0.8954607977991748,0.5907590759075908,0.7415730337078653,-0.6936170212765959,0.768313458262351,0.4377289377289377,-0.7490589711417817,-0.4686940966010733,0.6716791979949874,-0.8823038397328882,0.17803660565723795,0.0
0.46046046046046046,-0.9820979899497486,-0.6124519062609304,0.8875739644970414,0.6644927536231885,0.04055690072639226,0.5188435725348476,0.3674911660777385,0.8096676737160121,0.5458015267175572,-0.4594222833562586,0.5401540154015402,0.30403172504957043,-0.6632978723404256,0.8424190800681431,0.1227106227106227,-0.7754077791718945,-0.5026833631484794,0.7274436090225563,-0.9490818030050084,-0.21797004991680535,0.0
0.46146146146146144,-0.6878140703517588,-0.7654774396642182,0.8138067061143984,0.5572463768115943,0.225181598062954,0.5580795043882292,0.21024734982332158,0.5639476334340383,0.30343511450381677,-0.41127922971114167,0.46974697469746973,0.39656311962987445,-0.6287234042553191,0.7180579216354345,0.20146520146520144,-0.5715181932245922,-0.6601073345259391,0.6829573934837093,-0.7397746243739566,0.3577371048252912,0.0
0.4624624624624625,-0.6648869346733668,-0.8812521860790485,0.8339250493096646,0.817391304347826,0.48668280871670705,0.8771295818275684,0.5318021201413428,0.7542799597180262,0.575381679389313,-0.5708390646492435,0.7029702970297029,0.6166556510244549,-0.5058510638297873,0.6916524701873936,0.17765567765567764,-0.6524466750313677,-0.41323792486583183,0.7399749373433584,-0.7721202003338898,0.5108153078202995,0.0
0.46346346346346345,-0.7239321608040201,-0.9218258132214061,0.7696252465483234,0.8528985507246378,0.48244552058111384,0.9256582343830665,0.2544169611307421,0.5991943605236656,0.5801526717557252,-0.4635488308115544,0.7260726072607261,0.6708526107072043,-0.6563829787234042,0.6908006814310051,-0.1978021978021978,-0.622961104140527,-0.6288014311270125,0.8452380952380952,-0.797787979966611,0.09816971713810316,0.0
0.4644644644644645,-0.7474874371859296,-0.6948233648128717,0.8347140039447731,0.5768115942028986,0.1537530266343826,0.4651522973670625,0.10247349823321557,0.6596173212487412,0.45706106870229,-0.6217331499312242,0.7216721672167217,0.6708526107072043,-0.6781914893617021,0.6890971039182283,-0.12637362637362637,-0.5338770388958595,-0.6064400715563506,0.6979949874686717,-0.8025876460767947,-0.3327787021630616,0.0
0.46546546546546547,-0.6821608040201005,-0.8314095837705491,0.860749506903353,0.6311594202898552,0.6035108958837773,0.6251935983479607,-0.01060070671378092,0.47633434038267874,0.22519083969465647,-0.5584594222833563,0.49174917491749176,0.6219431592861864,-0.8164893617021277,0.6345826235093697,0.40109890109890106,-0.4228356336260979,-0.7415026833631484,0.7907268170426065,-0.7708681135225376,-0.18968386023294512,0.0
0.46646646646646645,-0.6303391959798995,-0.8259881077299756,0.9155818540433925,0.7565217391304349,0.6646489104116223,0.813113061435209,0.26855123674911663,0.6706948640483384,0.7547709923664122,-0.36176066024759285,0.8250825082508251,0.6609385327164574,-0.6670212765957447,0.6669505962521295,0.06043956043956044,-0.6587202007528231,-0.59391771019678,0.7731829573934836,-0.7330968280467446,0.07487520798668885,0.0
0.4674674674674675,-0.6881281407035175,-0.7591815320041974,0.7783037475345168,0.6108695652173913,0.12832929782082325,0.5503355704697986,0.02473498233215548,0.7643504531722054,0.308206106870229,-0.6354883081155434,0.5324532453245324,0.5922009253139459,-0.6595744680851064,0.6405451448040886,0.3608058608058608,-0.5213299874529485,-0.5411449016100178,0.8483709273182958,-0.7289232053422371,0.30449251247920134,0.0
0.46846846846846846,-0.7691582914572863,-0.6761105281566981,0.8402366863905325,0.6355072463768117,0.3032687651331719,0.5193598347960764,0.06713780918727916,0.5146022155085599,0.6393129770992366,-0.5584594222833563,0.4312431243124312,0.5346992729676141,-0.7632978723404256,0.7563884156729132,0.06227106227106227,-0.5702634880803011,-0.5885509838998211,0.6177944862155388,-0.85559265442404,0.04991680532445923,0.0
0.4694694694694695,-0.8702889447236181,-0.6362364463098985,0.97396449704142,0.5304347826086957,0.16041162227602906,0.5136809499225606,0.5547703180212015,0.8096676737160121,0.24427480916030533,-0.3933975240715268,0.4763476347634763,0.37871777924653005,-0.6638297872340426,0.7440374787052811,0.5091575091575091,-0.6273525721455457,-0.5107334525939177,0.6102756892230576,-0.8927378964941569,0.5956738768718802,0.0
0.47047047047047047,-0.8831658291457285,-0.7367960825463449,0.8477317554240631,0.6355072463768117,0.49213075060532685,0.8296334537945276,0.2985865724381626,0.6153071500503524,0.433206106870229,-0.4456671251719395,0.5918591859185919,0.4553866490416391,-0.7132978723404255,0.8045144804088586,0.3223443223443223,-0.7063989962358844,-0.6404293381037566,0.8840852130325815,-0.9693238731218697,0.21797004991680535,0.0
0.47147147147147145,-0.8878768844221105,-0.5779993004547045,0.8785009861932938,0.5442028985507247,0.42493946731234866,0.5178110480123902,0.7226148409893993,0.6998992950654581,0.4561068702290076,-0.6189821182943605,0.7194719471947195,0.6173165895571713,-0.8276595744680851,0.7419080068143101,0.510989010989011,-0.6982434127979924,-0.6493738819320214,0.6729323308270677,-0.8983722871452421,-0.04825291181364393,0.0
0.4724724724724725,-0.6906407035175879,-0.8821266176984959,0.8169625246548323,0.8695652173913044,0.48305084745762716,0.7150232318017553,0.06890459363957598,0.2940584088620342,0.6316793893129771,-0.45392022008253097,0.7337733773377338,0.6853932584269663,-0.5308510638297873,0.702725724020443,0.0879120879120879,-0.4065244667503137,-0.7799642218246868,0.9298245614035087,-0.8176126878130218,-0.02995008319467554,0.0
0.47347347347347346,-0.8938442211055276,-0.7016439314445609,0.9179487179487179,0.6898550724637681,0.37651331719128334,0.664945792462571,0.42049469964664316,0.5790533736153071,0.3291984732824427,-0.5075653370013755,0.40484048404840484,0.5221414408460013,-0.7340425531914894,0.8492333901192505,0.31501831501831495,-0.671267252195734,-0.5688729874776386,0.7976190476190476,-0.9255008347245408,0.11148086522462564,0.0
0.4744744744744745,-0.6394472361809045,-0.7016439314445609,0.8571992110453649,0.6891304347826087,0.36319612590799033,0.6587506453278266,0.36925795053003535,0.256797583081571,0.2480916030534351,-0.609353507565337,0.27832783278327833,0.4937210839391937,-0.7377659574468085,0.5979557069846678,0.2838827838827839,-0.28795483061480553,-0.846153846153846,0.7606516290726817,-0.7464524207011687,0.07321131447587355,0.0
0.4754754754754755,-0.8373115577889446,-0.6640433718083246,0.8863905325443786,0.5427536231884058,0.38135593220338987,0.436241610738255,0.026501766784452298,0.6233635448136958,0.4198473282442748,-0.38927097661623106,0.3938393839383938,0.45274289491077335,-0.747872340425532,0.696763202725724,0.45238095238095233,-0.5947302383939773,-0.6171735241502683,0.725563909774436,-0.83889816360601,-0.05324459234608985,0.0
0.47647647647647645,-0.8382537688442211,-0.6519762154599511,0.9053254437869822,0.37536231884057975,0.3819612590799032,0.5178110480123902,0.31448763250883394,0.5981873111782477,0.4045801526717557,-0.5928473177441541,0.6996699669966997,0.37409120951751484,-0.8265957446808512,0.7214650766609881,0.47435897435897434,-0.5840652446675031,-0.5831842576028622,0.7556390977443609,-0.8633138564273789,-0.346089850249584,0.0
0.4774774774774775,-0.8071608040201004,-0.630465197621546,0.8994082840236685,0.5130434782608696,0.39406779661016955,0.4599896747547754,0.27385159010600707,0.5045317220543807,0.5019083969465649,-0.7469050894085283,0.5203520352035204,0.39788499669530736,-0.898404255319149,0.6660988074957411,0.021978021978021976,-0.5200752823086574,-0.6064400715563506,0.7406015037593984,-0.8332637729549249,-0.15307820299500832,0.0
0.47847847847847846,-0.6224874371859296,-0.4987757957327737,0.886785009861933,0.5260869565217392,0.7221549636803875,0.48373773877129583,0.40106007067137817,0.22457200402819738,0.5839694656488549,-0.6905089408528198,0.6974697469746974,0.7461996034368804,-0.5696808510638298,0.7338160136286201,0.21978021978021975,-0.4190715181932246,-0.8059033989266546,0.6604010025062657,-0.8278380634390652,-0.5640599001663894,0.0
0.4794794794794795,-0.8307160804020101,-0.7551591465547394,0.857593688362919,0.6297101449275363,0.75363196125908,0.6923076923076923,0.22261484098939932,0.5679758308157099,0.5305343511450382,-0.437414030261348,0.7227722772277227,0.4904163912756114,-0.8026595744680851,0.7674616695059626,0.17399267399267399,-0.5439146800501882,-0.6135957066189625,0.7362155388471178,-0.8923205342237062,-0.15474209650582363,0.0
0.4804804804804805,-0.6457286432160804,-0.9867086393844002,0.8173570019723866,0.8311594202898551,0.3577481840193705,0.9163655136809499,0.40106007067137817,0.4692849949647533,0.7270992366412213,-0.3713892709766163,0.7304730473047305,0.7666886979510905,-0.5175531914893617,0.7367972742759796,0.04029304029304029,-0.506900878293601,-0.9114490161001787,0.8934837092731829,-0.8274207011686143,-0.11148086522462564,0.0
0.48148148148148145,-0.7088567839195979,-0.7418677859391396,0.893491124260355,0.496376811594203,0.24092009685230026,0.6448115642746516,-0.1607773851590106,0.5226586102719033,0.5343511450381679,-0.6203576341127923,0.5588558855885588,0.6159947124917383,-0.6563829787234042,0.6810051107325383,0.02564102564102564,-0.5915934755332496,-0.737030411449016,0.6954887218045113,-0.8213689482470785,0.11647254575707157,0.0
0.4824824824824825,-0.6752512562814069,-0.832109129066107,0.9092702169625246,0.8094202898550725,0.589588377723971,0.6969540526587507,0.11130742049469966,0.27291037260825785,0.166030534351145,-0.4456671251719395,0.27282728272827284,0.7098479841374753,-0.7122340425531916,0.6775979557069847,0.1758241758241758,-0.28983688833124216,-0.7057245080500895,0.6873433583959899,-0.7936143572621035,-0.04658901830282862,0.0
0.48348348348348347,-0.6083542713567839,-0.6913256383350822,0.8599605522682446,0.7637681159420291,0.12832929782082325,0.6628807434176561,0.3657243816254417,0.6243705941591138,0.44083969465648853,-0.46905089408528206,0.4708470847084708,0.699272967614012,-0.6515957446808511,0.547274275979557,0.17765567765567764,-0.43475533249686316,-0.5992844364937387,0.7368421052631579,-0.7164023372287145,0.1464226289517471,0.0
0.4844844844844845,-0.9466080402010049,-0.6572228051766352,0.8193293885601577,0.5891304347826087,0.5889830508474576,0.5503355704697986,0.20671378091872794,0.5931520644511581,0.3549618320610687,-0.5378266850068776,0.5918591859185919,0.46265697290152014,-0.8164893617021277,0.8496592844974448,0.36996336996337,-0.788582183186951,-0.5089445438282647,0.7807017543859649,-0.9935308848080134,0.24958402662229617,0.0
0.4854854854854855,-0.7961683417085427,-0.6972717733473243,0.872189349112426,0.6543478260869566,-0.1053268765133172,0.5069695405265875,0.0971731448763251,0.48136958710976835,0.23091603053435114,-0.8872077028885833,0.2794279427942794,0.7633840052875084,-0.6441489361702128,0.6533219761499148,0.1758241758241758,-0.41844416562107906,-0.7826475849731663,0.6729323308270677,-0.827212020033389,-0.086522462562396,0.0
0.4864864864864865,-0.7000628140703518,-0.5152151101783841,0.9357001972386587,0.468840579710145,0.6053268765133172,0.45224574083634483,0.5954063604240284,0.19234642497482377,0.44847328244274803,-0.577716643741403,0.592959295929593,0.44613350958360876,-0.7909574468085108,0.7235945485519591,0.08608058608058608,-0.34127979924717694,-0.7844364937388193,0.5989974937343358,-0.823873121869783,-0.6372712146422629,0.0
0.4874874874874875,-0.6915829145728642,-0.74169289961525,0.8524654832347139,0.6507246376811595,0.728813559322034,0.6024780588538978,-0.05653710247349824,0.6032225579053373,0.5954198473282443,-0.49931224209078406,0.7755775577557755,0.6437541308658296,-0.8228723404255319,0.6226575809199318,-0.06776556776556776,-0.624215809284818,-0.6457960644007155,0.5701754385964912,-0.7474958263772955,-0.021630615640599,0.0
0.48848848848848847,-0.9117462311557789,-0.5528156698146205,0.8603550295857988,0.6492753623188406,0.3141646489104116,0.5209086215797625,0.3286219081272085,0.5850956696878147,0.5486641221374046,-0.5735900962861072,0.6006600660066007,0.49570389953734306,-0.7250000000000001,0.6950596252129472,0.14285714285714285,-0.4077791718946048,-0.6171735241502683,0.5545112781954887,-0.8578881469115192,-0.01663893510815308,0.0
0.4894894894894895,-0.7650753768844221,-0.6224204267226303,0.9076923076923077,0.5666666666666668,0.3232445520581114,0.5198760970573051,0.31625441696113077,0.6998992950654581,0.5438931297709922,-0.5337001375515819,0.7128712871287128,0.5836087243886319,-0.5819148936170213,0.8747870528109029,0.13369963369963367,-0.8048933500627352,-0.7522361359570661,0.7243107769423558,-0.8679048414023373,-0.15307820299500832,0.0
0.4904904904904905,-0.8508165829145728,-0.6180482686253934,0.8812623274161735,0.577536231884058,0.3099273607748184,0.6040268456375838,0.5441696113074206,0.4984894259818731,0.3683206106870229,-0.5295735900962861,0.39713971397139713,0.4593522802379379,-0.5638297872340426,0.7917376490630325,0.489010989010989,-0.5094102885821832,-0.7629695885509838,0.6654135338345865,-0.8956594323873122,-0.24459234608985025,0.0
0.4914914914914915,-0.7189070351758794,-0.7250786988457503,0.9360946745562131,0.6985507246376812,0.4467312348668281,0.6437790397521942,0.19787985865724383,0.5901309164149043,0.5916030534351144,-0.6121045392022009,0.5379537953795379,0.7567746199603438,-0.5409574468085107,0.7840715502555367,-0.020146520146520144,-0.6304893350062735,-0.6681574239713773,0.8051378446115287,-0.8002921535893156,-0.1464226289517471,0.0
0.4924924924924925,-0.7261306532663315,-0.8726827562084646,0.9479289940828401,0.7724637681159421,0.3819612590799032,0.7986577181208053,0.4469964664310955,0.7119838872104732,0.7938931297709922,-0.4938101788170564,0.6853685368536854,0.5287508261731659,-0.7558510638297873,0.624787052810903,0.40109890109890106,-0.5859473023839398,-0.725402504472272,0.8483709273182958,-0.7852671118530885,0.24625623960066556,0.0
0.4934934934934935,-0.8250628140703516,-0.7922350472193075,0.8883629191321498,0.8695652173913044,0.11380145278450364,0.6215797625193598,-0.00353356890459364,0.6002014098690835,0.22232824427480916,-0.5488308115543329,0.48184818481848185,0.7461996034368804,-0.7335106382978723,0.7291311754684838,0.13919413919413917,-0.6549560853199498,-0.6592128801431126,0.7518796992481203,-0.8121869782971619,0.5973377703826955,0.0
0.4944944944944945,-0.7779522613065326,-0.6157747464148303,0.8903353057199211,0.5659420289855073,0.5030266343825666,0.5317501290655653,0.40282685512367494,0.526686807653575,0.6803435114503816,-0.3645116918844567,0.5786578657865786,0.48446794448116326,-0.7287234042553192,0.735519591141397,-0.0018315018315018315,-0.5470514429109159,-0.6565295169946332,0.7951127819548871,-0.8806343906510852,0.1497504159733777,0.0
0.4954954954954955,-0.8699748743718593,-0.6928996152500875,0.9234714003944774,0.7021739130434783,0.5254237288135594,0.7077955601445534,0.5017667844522968,0.6283987915407855,0.4437022900763359,-0.5804676753782668,0.44224422442244227,0.6880370125578321,-0.8824468085106384,0.813458262350937,0.3846153846153846,-0.5313676286072773,-0.6341681574239713,0.6171679197994987,-0.9006677796327212,0.2878535773710482,0.0
0.4964964964964965,-0.8099874371859297,-0.590766002098636,0.9195266272189349,0.6666666666666667,0.8420096852300243,0.5028394424367578,0.5424028268551238,0.4350453172205438,0.4312977099236641,-0.609353507565337,0.5533553355335533,0.637144745538665,-0.9037234042553193,0.8151618398637138,0.5293040293040292,-0.6141781681304893,-0.8067978533094812,0.7412280701754386,-0.8787562604340569,-0.06156405990016639,0.0
0.4974974974974975,-0.7298994974874371,-0.7376705141657922,0.8272189349112425,0.6311594202898552,0.08535108958837773,0.5751161590087764,0.2473498233215548,0.6797583081570997,0.4847328244274809,-0.5364511691884457,0.4752475247524752,0.5307336417713153,-0.5851063829787235,0.6920783645655878,0.152014652014652,-0.4422835633626097,-0.5760286225402504,0.7894736842105263,-0.8430717863105176,0.0,0.0
0.4984984984984985,-0.7091708542713567,-0.7504372158097238,0.8800788954635107,0.5159420289855072,0.6416464891041163,0.47909137842023747,0.11130742049469966,0.6354481369587109,0.5744274809160305,-0.5818431911966988,0.8162816281628162,0.5452742894910774,-0.6659574468085107,0.669931856899489,0.30036630036630035,-0.5288582183186951,-0.5617173524150267,0.7857142857142857,-0.7921535893155258,-0.6206322795341098,0.0
0.4994994994994995,-0.8737437185929647,-0.6836306400839454,0.9195266272189349,0.6340579710144928,0.12409200968523003,0.48477026329375317,0.07773851590106007,0.7542799597180262,0.4217557251908397,-0.5295735900962861,0.6325632563256325,0.4018506278916061,-0.6303191489361702,0.735519591141397,0.40109890109890106,-0.8368883312421581,-0.6413237924865831,0.8114035087719297,-0.9136060100166945,0.05324459234608985,0.0
0.5005005005005005,-0.8363693467336683,-0.7647778943686604,0.8911242603550295,0.5942028985507246,0.6555690072639225,0.48270521424883844,-0.1148409893992933,0.5649546827794563,0.08778625954198473,-0.624484181568088,0.35313531353135313,0.5485789821546596,-0.7867021276595746,0.75,0.22710622710622708,-0.5062735257214555,-0.5429338103756708,0.7518796992481203,-0.8603923205342238,-0.1663893510815308,0.0
0.5015015015015015,-0.7829773869346733,-0.624169289961525,0.8804733727810651,0.6311594202898552,0.40617433414043586,0.6535880227155395,0.627208480565371,0.7945619335347432,0.4666030534351145,-0.6107290233837689,0.5610561056105611,0.5584930601454065,-0.6202127659574468,0.7022998296422488,-0.018315018315018312,-0.6373902132998746,-0.5259391771019677,0.7023809523809523,-0.8370200333889817,0.13976705490848587,0.0
0.5025025025025025,-0.8706030150753767,-0.5690800979363414,0.8319526627218934,0.43695652173913047,0.2796610169491526,0.42333505420753736,0.11307420494699648,0.4692849949647533,0.47900763358778625,-0.4745529573590096,0.5104510451045104,0.45009914077990754,-0.5962765957446808,0.7295570698466781,0.11172161172161171,-0.4993726474278545,-0.6779964221824686,0.6228070175438596,-0.9336393989983306,0.028286189683860236,0.0
0.5035035035035035,-0.8756281407035175,-0.8959426372857643,0.8280078895463511,0.6065217391304348,0.026029055690072637,0.820340733092411,0.00706713780918728,0.7230614300100705,0.45706106870229,-0.6038514442916094,0.5181518151815181,0.4077990746860542,-0.525,0.7729982964224873,-0.20879120879120877,-0.7076537013801756,-0.5393559928443649,0.7951127819548871,-0.9065108514190319,0.15806988352745424,0.0
0.5045045045045045,-0.6086683417085427,-0.8349073102483386,0.8686390532544378,0.7434782608695653,0.2796610169491526,0.7077955601445534,0.3021201413427562,0.41893252769385697,0.5124045801526718,-0.7028885832187071,0.44334433443344334,0.6087243886318573,-0.5393617021276597,0.6784497444633731,-0.16666666666666666,-0.4065244667503137,-0.5912343470483005,0.8082706766917293,-0.7648163606010017,-0.13311148086522465,0.0
0.5055055055055055,-0.6940954773869347,-0.8459251486533753,0.7743589743589744,0.6289855072463768,0.5581113801452785,0.6572018585441404,-0.06360424028268552,0.7321248741188318,0.38645038167938933,-0.5061898211829436,0.4598459845984598,0.48909451421017847,-0.722872340425532,0.5383304940374788,-0.0989010989010989,-0.4711417816813049,-0.6216457960644006,0.763157894736842,-0.7178631051752922,0.37437603993344426,0.0
0.5065065065065065,-0.6680276381909547,-0.7467646030080447,0.8130177514792899,0.7456521739130435,0.5653753026634383,0.6695921528136293,0.13780918727915195,0.6153071500503524,0.5200381679389313,-0.5433287482806053,0.7051705170517052,0.722405816259088,-0.5792553191489361,0.6175468483816013,0.2765567765567765,-0.5075282308657466,-0.6797853309481215,0.6723057644110275,-0.7581385642737897,0.3893510815307821,0.0
0.5075075075075075,-0.9010678391959799,-0.6409583770549143,0.9538461538461539,0.6253623188405798,-0.05690072639225182,0.5245224574083635,0.4063604240282686,0.7009063444108761,0.47232824427480913,-0.5419532324621733,0.4961496149614961,0.6014540647719763,-0.6319148936170212,0.8769165247018741,0.34798534798534797,-0.6869510664993725,-0.5008944543828264,0.8446115288220551,-0.929465776293823,0.40599001663893514,0.0
0.5085085085085085,-0.8608668341708543,-0.5949632738719832,0.8911242603550295,0.5789855072463769,0.15556900726392253,0.5503355704697986,0.353356890459364,0.5921450151057401,0.25286259541984735,-0.6313617606602476,0.3157315731573157,0.47521480502313285,-0.726063829787234,0.7610732538330495,0.21062271062271062,-0.6838143036386449,-0.5813953488372092,0.6083959899749373,-0.8658180300500835,-0.21963394342762066,0.0
0.5095095095095095,-0.6146356783919598,-0.8997901364113325,0.8717948717948717,0.7826086956521741,0.2082324455205811,0.7981414558595766,0.4522968197879859,0.796576032225579,0.3711832061068702,-0.5447042640990372,0.6325632563256325,0.7376074025115665,-0.576063829787234,0.5800681431005111,0.13736263736263735,-0.5395232120451694,-0.6377459749552772,0.8264411027568922,-0.724958263772955,0.09650582362728787,0.0
0.5105105105105106,-0.7371231155778895,-0.9277719482336481,0.7479289940828402,0.9007246376811595,0.41101694915254244,0.8859060402684563,0.08480565371024736,0.5850956696878147,0.523854961832061,-0.42090784044016505,0.5896589658965897,0.5803040317250496,-0.6085106382978723,0.6976149914821125,-0.01648351648351648,-0.3582183186951066,-0.5974955277280859,0.8684210526315789,-0.8359766277128549,0.5923460898502496,0.0
0.5115115115115115,-0.899183417085427,-0.6451556488282616,0.8777120315581853,0.5260869565217392,0.05447941888619855,0.476510067114094,0.5777385159010602,0.7603222557905337,0.06774809160305342,-0.32324621733149933,0.3993399339933993,0.23925974884335757,-0.7558510638297873,0.7338160136286201,0.38827838827838823,-0.679422835633626,-0.4874776386404293,0.7932330827067668,-0.8270033388981637,0.49916805324459235,0.0
0.5125125125125125,-0.7116834170854272,-0.7558586918502973,0.8339250493096646,0.43985507246376815,0.31113801452784506,0.5054207537429014,0.02826855123674912,0.6636455186304129,0.4646946564885496,-0.5873452544704264,0.5302530253025303,0.5062789160608064,-0.7446808510638298,0.6541737649063033,-0.04029304029304029,-0.4868255959849435,-0.6771019677996422,0.7161654135338346,-0.7439482470784641,-0.058236272878535784,0.0
0.5135135135135135,-0.6824748743718593,-0.7140608604407136,0.8903353057199211,0.7434782608695653,0.5460048426150121,0.6432627774909654,0.3286219081272085,0.5125881168177241,0.3368320610687023,-0.30398899587345257,0.6545654565456546,0.8037012557832122,-0.573936170212766,0.6609880749574106,0.05311355311355311,-0.32685069008782935,-0.6341681574239713,0.6472431077694235,-0.7691986644407346,-0.04991680532445923,0.0
0.5145145145145145,-0.6526381909547738,-0.9520811472542847,0.8228796844181459,0.8521739130434782,0.20217917675544797,0.9065565307176046,-0.00176678445229682,0.5458207452165157,0.43797709923664124,-0.49793672627235214,0.39713971397139713,0.6847323198942499,-0.3893617021276596,0.7989778534923339,-0.16117216117216115,-0.5558343789209536,-0.6064400715563506,0.8721804511278194,-0.8117696160267113,0.4642262895174709,0.0
0.5155155155155156,-0.7738693467336683,-0.6719132563833509,0.8785009861932938,0.5210144927536232,0.3989104116222761,0.48373773877129583,0.40106007067137817,0.5820745216515609,0.46374045801526714,-0.8404401650618982,0.5005500550055005,0.45274289491077335,-0.6941489361702128,0.8211243611584327,0.007326007326007326,-0.6631116687578419,-0.62432915921288,0.787593984962406,-0.8672787979966611,-0.15806988352745424,0.0
0.5165165165165165,-0.887248743718593,-0.6773347324239245,0.8970414201183432,0.8166666666666668,0.17130750605326875,0.642230252968508,0.22438162544169613,0.5820745216515609,0.37309160305343514,-0.23521320495185696,0.451045104510451,0.456708526107072,-0.6718085106382978,0.741482112436116,0.1923076923076923,-0.3989962358845671,-0.6940966010733453,0.7725563909774437,-0.886686143572621,0.22296173044925127,0.0
0.5175175175175175,-0.8241206030150754,-0.4930045470444211,0.8213017751479289,0.555072463768116,0.5090799031476998,0.2978833247289623,0.22438162544169613,0.4169184290030211,0.31297709923664124,-0.4484181568088033,0.36633663366336633,0.39656311962987445,-0.7186170212765958,0.7874787052810903,-0.11904761904761904,-0.5175658720200752,-0.6055456171735242,0.6748120300751879,-0.8470367278797998,-0.20465890183028287,0.0
0.5185185185185185,-0.5756909547738693,-0.841378104232249,0.7309664694280078,0.75,0.4067796610169492,0.7909137842023748,0.1872791519434629,0.5871097683786505,0.24904580152671757,-0.6327372764786795,0.4213421342134213,0.8717779246530073,-0.6260638297872341,0.557495741056218,-0.14285714285714285,-0.2791718946047679,-0.532200357781753,0.7894736842105263,-0.6581803005008348,0.32279534109816976,0.0
0.5195195195195195,-0.6818467336683416,-0.5682056663168941,0.805128205128205,0.6630434782608696,0.47881355932203395,0.6071244192049561,0.560070671378092,0.6314199395770392,0.32156488549618323,-0.7922971114167813,0.6083608360836084,0.7878387309980172,-0.8218085106382979,0.5438671209540034,0.003663003663003663,-0.4247176913425345,-0.5679785330948122,0.6785714285714285,-0.7477045075125209,-0.40432612312811983,0.0
0.5205205205205206,-0.7035175879396985,-0.6935991605456454,0.8895463510848125,0.7507246376811595,0.4067796610169492,0.6004130098089829,0.27738515901060073,0.5548841893252769,0.46374045801526714,-0.579092159559835,0.6787678767876787,0.7065432914738929,-0.6648936170212766,0.7325383304940375,0.4194139194139194,-0.5595984943538268,-0.6475849731663684,0.7518796992481203,-0.836602671118531,-0.058236272878535784,0.0
0.5215215215215215,-0.647927135678392,-0.6236446309898566,0.8548323471400393,0.6043478260869566,0.39769975786924944,0.5012906556530717,0.25265017667844525,0.39274924471299094,0.10591603053435114,-0.33700137551581844,0.1584158415841584,0.4619960343688037,-0.5856382978723405,0.5898637137989778,0.5036630036630036,-0.2371392722710163,-0.7271914132379248,0.7825814536340853,-0.7700333889816361,0.16139767054908488,0.0
0.5225225225225225,-0.861180904522613,-0.6421825813221407,0.8919132149901381,0.6239130434782609,-0.038135593220338986,0.5503355704697986,0.3904593639575972,0.662638469284995,0.4952290076335878,-0.7303988995873453,0.5225522552255225,0.5796430931923332,-0.622872340425532,0.7836456558773425,-0.02564102564102564,-0.773525721455458,-0.4660107334525939,0.7531328320802004,-0.8837646076794659,0.1480865224625624,0.0
0.5235235235235235,-0.922110552763819,-0.6650926897516614,0.9881656804733727,0.49202898550724644,0.5932203389830508,0.535880227155395,0.6148409893992933,0.9325276938569991,0.6020992366412213,-0.5240715268225585,0.8437843784378438,0.21480502313284866,-0.8872340425531915,0.7099659284497445,-0.020146520146520144,-0.6913425345043915,-0.6100178890876565,0.7850877192982455,-0.8370200333889817,0.15474209650582363,0.0
0.5245245245245245,-0.8775125628140703,-0.7941587967820917,0.8686390532544378,0.8224637681159421,0.40859564164648915,0.7310273618998451,0.42756183745583043,0.72809667673716,0.47232824427480913,-0.40027510316368636,0.48404840484048406,0.48380700594844683,-0.7170212765957448,0.7747018739352641,0.09706959706959706,-0.691969887076537,-0.5983899821109123,0.9116541353383458,-0.8785475792988314,0.2728785357737105,0.0
0.5255255255255256,-0.6221733668341709,-0.897691500524659,0.8990138067061143,0.660144927536232,0.46791767554479424,0.7981414558595766,0.3798586572438163,0.5770392749244713,0.5143129770992366,-0.48968363136176063,0.44334433443344334,0.5082617316589557,-0.6015957446808511,0.505962521294719,-0.13736263736263735,-0.3663739021329987,-0.6037567084078712,0.651002506265664,-0.7003338898163606,0.2878535773710482,0.0
0.5265265265265265,-0.8558417085427136,-0.7047918852745716,0.9061143984220907,0.6565217391304349,0.33656174334140443,0.5302013422818791,0.12014134275618377,0.38771399798590134,0.37213740458015265,-0.6011004126547456,0.44004400440044006,0.6047587574355585,-0.7595744680851064,0.90587734241908,0.047619047619047616,-0.6530740276035131,-0.7996422182468693,0.843358395989975,-0.917779632721202,-0.20632279534109818,0.0
0.5275275275275275,-0.7003768844221105,-0.7623294858342078,0.857593688362919,0.7318840579710145,0.5823244552058111,0.70521424883841,0.051236749116607784,0.6706948640483384,0.4818702290076336,-0.5598349381017882,0.5797579757975798,0.7263714474553867,-0.6686170212765957,0.6384156729131176,0.047619047619047616,-0.4058971141781681,-0.6681574239713773,0.9147869674185463,-0.7975792988313857,0.2129783693843594,0.0
0.5285285285285285,-0.6441582914572864,-0.8356068555438964,0.867455621301775,0.7811594202898552,0.5211864406779662,0.7816210635002581,0.3886925795053004,0.6193353474320241,0.5839694656488549,-0.7303988995873453,0.7194719471947195,0.6596166556510245,-0.6063829787234042,0.6132879045996593,-0.038461538461538464,-0.5602258469259723,-0.6744186046511628,0.7149122807017544,-0.7606427378964942,-0.2096505823627288,0.0
0.5295295295295295,-0.6673994974874371,-0.9431619447359216,0.7613412228796843,0.791304347826087,0.3153753026634383,0.720702116675271,-0.06537102473498234,0.6243705941591138,0.3921755725190839,-0.6519944979367263,0.37513751375137516,0.8592200925313946,-0.7265957446808512,0.5545144804088586,-0.12637362637362637,-0.3958594730238394,-0.5590339892665473,0.6096491228070176,-0.7316360601001669,0.2362728785357737,0.0
0.5305305305305306,-0.7763819095477387,-0.6750612102133613,0.8209072978303746,0.7630434782608696,0.3553268765133172,0.7847186370676303,0.5318021201413428,0.5699899295065458,0.30725190839694655,-0.6286107290233838,0.43234323432343236,0.6397884996695308,-0.5872340425531916,0.7614991482112436,0.05677655677655677,-0.5928481806775407,-0.7173524150268336,0.6641604010025063,-0.8551752921535893,-0.03826955074875208,0.0
0.5315315315315315,-0.7424623115577889,-0.7840153899965022,0.7625246548323471,0.47826086956521746,-0.3032687651331719,0.5844088797108931,0.0176678445229682,0.5085599194360524,0.47900763358778625,-0.4704264099037139,0.35533553355335534,0.4210178453403834,-0.5255319148936171,0.5651618398637138,0.07326007326007325,-0.25407779171894607,-0.34078711985688726,0.650375939849624,-0.7458263772954925,0.1314475873544093,0.0
0.5325325325325325,-0.8015075376884422,-0.739069604756908,0.8205128205128205,0.5492753623188407,0.26150121065375304,0.6334537945276201,-0.026501766784452298,0.5045317220543807,0.31297709923664124,-0.7248968363136177,0.4004400440044004,0.6450760079312624,-0.7031914893617022,0.7747018739352641,0.005494505494505494,-0.5683814303638645,-0.6905187835420393,0.8521303258145364,-0.8712437395659433,-0.06156405990016639,0.0
0.5335335335335335,-0.8238065326633166,-0.795033228401539,0.9065088757396449,0.6115942028985507,0.1234866828087167,0.6262261228704182,0.14310954063604242,0.7522658610271903,0.5887404580152672,-0.5034387895460798,0.5654565456545655,0.6966292134831461,-0.672340425531915,0.7321124361158433,0.05860805860805861,-0.760978670012547,-0.5518783542039355,0.7236842105263158,-0.856636060100167,0.24126455906821961,0.0
0.5345345345345346,-0.7320979899497487,-0.7502623294858343,0.8836291913214991,0.6072463768115942,0.2699757869249395,0.6303562209602478,0.3250883392226149,0.4612286002014099,0.36927480916030536,-0.5378266850068776,0.4191419141914191,0.4778585591539987,-0.6627659574468086,0.7695911413969336,-0.07692307692307693,-0.47741530740276034,-0.644901610017889,0.7111528822055138,-0.843906510851419,0.3194675540765391,0.0
0.5355355355355356,-0.7116834170854272,-0.7175585869185029,0.7913214990138066,0.8630434782608697,0.1676755447941889,0.6732059886422302,1.0,0.7764350453172205,0.2452290076335878,-0.4484181568088033,0.30583058305830585,0.6087243886318573,-0.4632978723404256,0.6499148211243612,0.19597069597069594,-0.5734002509410289,-0.5313059033989266,0.6735588972431077,-0.7815108514190318,0.2911813643926789,0.0
0.5365365365365365,-0.9899497487437185,-0.5956628191675412,0.8686390532544378,0.5456521739130435,0.32082324455205813,0.5389778007227671,0.45406360424028275,0.5699899295065458,0.3005725190839695,-0.38927097661623106,0.3795379537953795,0.35690680766688704,-0.724468085106383,0.9011925042589439,0.42857142857142855,-0.5903387703889585,-0.5572450805008944,0.8101503759398495,-0.9557595993322204,0.2628951747088186,0.0
0.5375375375375375,-0.8530150753768845,-0.5568380552640784,0.9376725838264298,0.6630434782608696,0.765133171912833,0.4661848218895199,0.6607773851590106,0.6173212487411883,0.4360687022900763,-0.4951856946354883,0.5181518151815181,0.4679444811632518,-0.8069148936170213,0.8053662691652471,0.26190476190476186,-0.6141781681304893,-0.7137745974955277,0.5827067669172933,-0.8871035058430718,-0.043261231281198,0.0
0.5385385385385385,-0.5489949748743719,-0.940713536201469,0.7341222879684418,0.7644927536231885,0.7524213075060534,0.8012390294269489,0.284452296819788,0.35448136958710974,0.433206106870229,-0.15543328748280605,0.41254125412541254,0.5869134170522142,-0.7010638297872341,0.5600511073253833,0.03296703296703296,-0.26411543287327477,-0.7629695885509838,0.8571428571428572,-0.6788397328881469,-0.10149750415973378,0.0
0.5395395395395396,-0.6947236180904522,-0.975515914655474,0.71163708086785,0.827536231884058,0.5447941888619855,0.7361899845121321,-0.2296819787985866,0.44108761329305135,0.4952290076335878,-0.46905089408528206,0.4554455445544554,0.8790482485128884,-0.6909574468085107,0.7035775127768313,0.34615384615384615,-0.30363864491844417,-0.7754919499105545,0.8352130325814535,-0.7708681135225376,0.24292845257903495,0.0
0.5405405405405406,-0.7572236180904522,-0.680132913606156,0.7960552268244575,0.5384057971014493,0.4909200968523003,0.4687661331956634,-0.06890459363957598,0.5327291037260826,0.4627862595419847,-0.38927097661623106,0.6655665566556656,0.7118307997356246,-0.6622340425531916,0.7265758091993186,0.14102564102564102,-0.42534504391468003,-0.8604651162790696,0.8533834586466166,-0.8017529215358932,0.04492512479201331,0.0
0.5415415415415415,-0.7641331658291456,-0.7656523259881077,0.9325443786982247,0.7594202898550726,0.48970944309927367,0.7072792978833248,0.09363957597173145,0.676737160120846,0.5725190839694656,-0.5460797799174691,0.4598459845984598,0.651685393258427,-0.7382978723404255,0.7061328790459966,-0.02564102564102564,-0.622961104140527,-0.6985688729874776,0.7218045112781954,-0.7883973288814692,0.11148086522462564,0.0
0.5425425425425425,-0.7094849246231155,-0.6255683805526407,0.8520710059171598,0.7905797101449276,0.2796610169491526,0.6726897263810016,0.5035335689045937,0.44511581067472306,0.26908396946564883,-0.6162310866574966,0.43454345434543457,0.7091870456047588,-0.5936170212765959,0.7551107325383305,0.6117216117216117,-0.48431618569636137,-0.5983899821109123,0.699874686716792,-0.782762938230384,-0.04658901830282862,0.0
0.5435435435435435,-0.717964824120603,-0.6703392794683456,0.8627218934911242,0.7623188405797102,0.8002421307506055,0.7728446050593702,0.775618374558304,0.486404833836858,0.6278625954198473,-0.6629986244841816,0.7480748074807481,0.6351619299405156,-0.6356382978723405,0.786626916524702,-0.07142857142857142,-0.5426599749058971,-0.6717352415026833,0.6735588972431077,-0.8587228714524208,-0.4908485856905158,0.0
0.5445445445445446,-0.8219221105527638,-0.729800629590766,0.8658777120315581,0.6862318840579711,0.12106537530266345,0.6902426432627774,0.49823321554770317,0.3595166163141994,0.27385496183206104,-0.5240715268225585,0.40704070407040704,0.5009914077990747,-0.5920212765957447,0.8096252129471891,-0.045787545787545784,-0.49309912170639897,-0.5268336314847942,0.8189223057644109,-0.9012938230383973,0.09816971713810316,0.0
0.5455455455455456,-0.7449748743718593,-0.6752360965372508,0.8662721893491124,0.377536231884058,0.15193704600484262,0.5353639648941662,0.29505300353356895,0.9738167170191339,0.5496183206106869,-0.5612104539202201,0.8294829482948295,0.5346992729676141,-0.6250000000000001,0.5843270868824533,0.029304029304029304,-0.8237139272271016,-0.24508050089445438,0.831453634085213,-0.7358096828046744,-0.19301164725457573,0.0
0.5465465465465466,-0.7163944723618091,-0.7100384749912556,0.8437869822485206,0.5659420289855073,0.438861985472155,0.5338151781104801,0.11837455830388695,0.6656596173212488,0.6354961832061069,-0.5185694635488308,0.7634763476347634,0.5122273628552545,-0.6414893617021277,0.643526405451448,0.03479853479853479,-0.5050188205771644,-0.6386404293381037,0.6547619047619047,-0.7840150250417363,-0.018302828618968387,0.0
0.5475475475475475,-0.5725502512562813,-0.7378454004896817,0.8370808678500985,0.7369565217391304,0.5006053268765133,0.5838926174496644,0.09010600706713781,0.4229607250755287,0.541030534351145,-0.49793672627235214,0.6083608360836084,0.8321216126900198,-0.6893617021276597,0.46592844974446346,0.13919413919413917,-0.19385194479297363,-0.7101967799642218,0.75,-0.6984557595993323,-0.07154742096505823,0.0
0.5485485485485485,-0.832286432160804,-0.6442812172088143,0.8749506903353057,0.8152173913043479,0.326271186440678,0.6995353639648941,0.568904593639576,0.6928499496475327,0.4618320610687023,-0.35075653370013754,0.39713971397139713,0.5023132848645077,-0.5893617021276597,0.733390119250426,0.23626373626373626,-0.48306148055207027,-0.4919499105545617,0.5344611528822055,-0.853297161936561,0.4575707154742097,0.0
0.5495495495495496,-0.852072864321608,-0.6755858691850297,0.816568047337278,0.7840579710144928,0.11198547215496368,0.5002581311306143,0.26855123674911663,0.7935548841893253,0.1784351145038168,-0.517193947730399,0.5412541254125413,0.6186384666226041,-0.6946808510638298,0.6175468483816013,0.4413919413919413,-0.43726474278544536,-0.5241502683363147,0.8051378446115287,-0.791110183639399,0.12312811980033278,0.0
0.5505505505505506,-0.6856155778894472,-0.6073802028681357,0.8623274161735699,0.6268115942028986,0.5460048426150121,0.5105833763551885,0.27385159010600707,0.21953675730110775,0.1316793893129771,-0.4635488308115544,0.09130913091309131,0.5346992729676141,-0.6452127659574469,0.8079216354344123,0.27289377289377287,-0.3488080301129235,-0.6547406082289803,0.6873433583959899,-0.8708263772954925,-0.00831946755407654,0.0
0.5515515515515516,-0.9437814070351758,-0.661594963273872,0.857593688362919,0.6971014492753623,0.40435835351089594,0.6350025813113062,0.4257950530035336,0.5921450151057401,0.12595419847328243,-0.6272352132049519,0.43564356435643564,0.4950429610046266,-0.7063829787234044,0.790885860306644,0.16117216117216115,-0.6756587202007528,-0.6905187835420393,0.7838345864661653,-0.9282136894824708,0.10981697171381033,0.0
0.5525525525525525,-0.7854899497487436,-0.7261280167890871,0.9506903353057199,0.7471014492753623,0.3898305084745763,0.6809499225606608,0.23498233215547706,0.4300100704934542,0.6240458015267175,-0.5557083906464925,0.5841584158415841,0.45406477197620626,-0.7920212765957447,0.7291311754684838,0.06593406593406592,-0.41405269761606023,-0.6610017889087656,0.7011278195488722,-0.8236644407345577,-0.5540765391014976,0.0
0.5535535535535535,-0.7132537688442211,-0.6596712137110877,0.885207100591716,0.6340579710144928,0.4667070217917676,0.5978316985028393,0.5653710247349824,0.7401812688821752,0.5562977099236641,-0.5557083906464925,0.5478547854785478,0.6047587574355585,-0.5813829787234043,0.8087734241908008,0.15384615384615385,-0.8557089084065245,-0.8076923076923076,0.9104010025062657,-0.8142737896494158,0.12146422628951747,0.0
0.5545545545545546,-0.7010050251256281,-0.664218258132214,0.97396449704142,0.7905797101449276,0.3268765133171913,0.6778523489932885,0.5618374558303888,0.6525679758308157,0.44847328244274803,-0.5639614855570839,0.7293729372937294,0.5994712491738269,-0.548936170212766,0.6908006814310051,0.26739926739926734,-0.5489335006273526,-0.6511627906976744,0.7537593984962406,-0.8011268781302171,-0.259567387687188,0.0
0.5555555555555556,-0.8181532663316582,-0.7060160895417978,0.8319526627218934,0.6231884057971014,0.46912832929782083,0.6277749096541042,0.49293286219081284,0.42799597180261834,0.5429389312977099,-0.8376891334250344,0.713971397139714,0.8473231989424984,-0.7638297872340426,0.723168654173765,0.1758241758241758,-0.47490589711417813,-0.7316636851520572,0.7268170426065163,-0.8958681135225376,-0.09151414309484193,0.0
0.5565565565565566,-0.7776381909547738,-0.8263378803777544,0.863905325443787,0.5347826086956522,0.5629539951573851,0.6303562209602478,0.17844522968197882,0.8479355488418933,0.6221374045801527,-0.5447042640990372,0.5522552255225522,0.5584930601454065,-0.7595744680851064,0.7453151618398638,-0.13186813186813184,-0.7766624843161857,-0.6565295169946332,1.0,-0.7854757929883138,0.2529118136439268,0.0
0.5575575575575575,-0.8712311557788944,-0.5979363413781043,0.9329388560157791,0.5347826086956522,0.38801452784503637,0.49199793495095506,0.549469964664311,0.8177240684793555,0.4198473282442748,-0.6038514442916094,0.41694169416941695,0.5842696629213484,-0.8888297872340426,0.5506814310051107,0.1868131868131868,-0.4422835633626097,-0.5232558139534883,0.6666666666666666,-0.7829716193656093,0.19633943427620631,0.0
0.5585585585585585,-0.9032663316582914,-0.770898915704792,0.8879684418145956,0.4797101449275363,0.1767554479418886,0.6365513680949922,-0.13604240282685515,0.4783484390735146,0.4456106870229008,-0.6052269601100413,0.5489548954895489,0.4223397224058163,-0.673936170212766,0.8679727427597955,0.39926739926739924,-0.6304893350062735,-0.6556350626118067,0.6942355889724311,-0.9707846410684475,-0.2529118136439268,0.0
0.5595595595595596,-0.6359924623115577,-0.6521511017838405,0.8461538461538461,0.7623188405797102,0.814769975786925,0.5833763551884357,0.16607773851590107,0.5357502517623364,0.3931297709923664,-0.3947730398899587,0.627062706270627,0.7713152676801058,-0.7031914893617022,0.6175468483816013,0.4706959706959707,-0.46675031367628605,-0.7325581395348836,0.7474937343358395,-0.7529215358931554,-0.17970049916805325,0.0
0.5605605605605606,-0.8721733668341709,-0.7247289261979714,0.8295857988165681,0.605072463768116,0.14225181598062953,0.5539494062983995,0.05830388692579506,0.5709969788519637,0.7089694656488549,-0.5557083906464925,0.5489548954895489,0.5069398545935229,-0.6861702127659575,0.7546848381601363,-0.2399267399267399,-0.6386449184441656,-0.5447227191413238,0.6152882205513784,-0.8612270450751252,-0.12312811980033278,0.0
0.5615615615615616,-0.8363693467336683,-0.608954179783141,0.9065088757396449,0.40724637681159426,0.3099273607748184,0.49664429530201337,0.2985865724381626,0.6435045317220544,0.633587786259542,-0.859697386519945,0.4444444444444445,0.5029742233972241,-0.7388297872340426,0.8351788756388416,-0.031135531135531136,-0.6493099121706398,-0.6305903398926653,0.8283208020050126,-0.8332637729549249,-0.18136439267886856,0.0
0.5625625625625625,-0.8580402010050251,-0.8495977614550542,0.8844181459566074,0.8478260869565217,0.7167070217917676,0.7769747031491997,0.1855123674911661,0.8187311178247734,0.6354961832061069,-0.4484181568088033,0.7304730473047305,0.605419695968275,-0.7398936170212767,0.6550255536626917,-0.2032967032967033,-0.8337515683814303,-0.5241502683363147,0.6929824561403509,-0.9033806343906511,-0.028286189683860236,0.0
0.5635635635635635,-0.6771356783919598,-0.8548443511717384,0.7747534516765285,0.636231884057971,0.48244552058111384,0.7382550335570469,0.23144876325088343,0.566968781470292,0.37690839694656486,-0.6203576341127923,0.4631463146314631,0.6259087904824852,-0.7335106382978723,0.6682282793867121,0.009157509157509156,-0.47992471769134254,-0.7075134168157423,0.8157894736842105,-0.7393572621035059,0.2861896838602329,0.0
0.5645645645645646,-0.7625628140703516,-0.558586918502973,0.8220907297830374,0.5630434782608696,0.3559322033898305,0.5420753742901394,0.5742049469964665,0.5045317220543807,0.6240458015267175,-0.5075653370013755,0.5577557755775577,0.38400528750826174,-0.4914893617021277,0.6682282793867121,0.2655677655677655,-0.40401505646173147,-0.4579606440071556,0.6240601503759398,-0.8574707846410685,-0.10815307820299501,0.0
0.5655655655655656,-0.7870603015075376,-0.7131864288212663,0.8650887573964496,0.6333333333333334,0.8898305084745763,0.6215797625193598,0.3710247349823322,0.486404833836858,0.5524809160305343,-0.6313617606602476,0.66996699669967,0.5855915399867813,-0.7755319148936171,0.7512776831345827,0.28937728937728935,-0.4109159347553325,-0.686046511627907,0.7142857142857142,-0.8779215358931552,-0.44425956738768724,0.0
0.5665665665665666,-0.6385050251256281,-0.6710388247639035,0.8611439842209072,0.6217391304347827,0.5193704600484261,0.5554981930820857,0.30565371024734983,0.7009063444108761,0.6984732824427481,-0.3865199449793673,0.7722772277227722,0.6034368803701257,-0.7186170212765958,0.6124361158432708,0.33699633699633696,-0.5777917189460476,-0.7307692307692306,0.7042606516290727,-0.7070116861435727,0.24958402662229617,0.0
0.5675675675675675,-0.7858040201005024,-0.6003847499125569,0.8654832347140039,0.6630434782608696,0.2772397094430993,0.5317501290655653,0.4469964664310955,0.6686807653575025,0.3291984732824427,-0.037138927097661624,0.6743674367436744,0.35360211500330474,-0.648936170212766,0.7018739352640545,0.434065934065934,-0.6286072772898369,-0.6028622540250447,0.7619047619047619,-0.8167779632721203,0.30948419301164726,0.0
0.5685685685685685,-0.8847361809045227,-0.624169289961525,0.9195266272189349,0.5449275362318841,0.2627118644067797,0.6040268456375838,0.5371024734982333,0.622356495468278,0.49236641221374045,-0.5625859697386519,0.4752475247524752,0.45274289491077335,-0.9335106382978723,0.7840715502555367,0.13553113553113552,-0.6104140526976161,-0.44633273703041143,0.6685463659147869,-0.848914858096828,0.129783693843594,0.0
0.5695695695695696,-0.859610552763819,-0.673837005946135,0.919921104536489,0.6159420289855073,0.6543583535108959,0.6633970056788848,0.3091872791519435,0.6676737160120846,0.49809160305343514,-0.7826685006877578,0.6424642464246424,0.6027759418374092,-0.9154255319148937,0.7653321976149915,0.2637362637362637,-0.7383939774153074,-0.7155635062611807,0.7268170426065163,-0.840567612687813,-0.2995008319467554,0.0
0.5705705705705706,-0.8856783919597989,-0.7541098286114026,0.9262327416173569,0.8637681159420291,-0.2760290556900727,0.678884873515746,0.4063604240282686,0.9264853977844915,0.33015267175572516,-0.422283356258597,0.3894389438943894,0.5769993390614673,-0.4914893617021277,0.7674616695059626,0.40109890109890106,-0.7013801756587202,-0.24239713774597496,0.9624060150375939,-0.8687395659432389,0.6505823627287854,0.0
0.5715715715715716,-0.7094849246231155,-0.5328786288912207,0.9609467455621301,0.5289855072463768,0.5387409200968524,0.43933918430562724,0.48056537102473507,0.45216515609264857,0.433206106870229,-0.48968363136176063,0.6985698569856985,0.47191011235955055,-0.6090425531914894,0.6396933560477002,0.45604395604395603,-0.3958594730238394,-0.725402504472272,0.62531328320802,-0.8136477462437396,-0.33943427620632277,0.0
0.5725725725725725,-0.8395100502512562,-0.7075900664568031,0.8398422090729782,0.6927536231884058,0.5236077481840193,0.6066081569437274,0.15547703180212014,0.6888217522658611,0.14408396946564883,-0.49793672627235214,0.49064906490649063,0.6107072042300067,-0.8026595744680851,0.6886712095400341,0.586080586080586,-0.486198243412798,-0.6153846153846153,0.644736842105263,-0.8368113522537562,0.19467554076539104,0.0
0.5735735735735735,-0.6498115577889447,-0.7988807275271074,0.8658777120315581,0.7318840579710145,0.4794188861985473,0.7041817243159525,0.06713780918727916,0.4128902316213494,0.5324427480916031,-0.35213204951856947,0.6897689768976898,0.7085261070720424,-0.5531914893617021,0.653747870528109,0.023809523809523808,-0.4974905897114178,-0.7325581395348836,0.7725563909774437,-0.7760851419031719,0.086522462562396,0.0
0.5745745745745746,-0.5860552763819096,-0.6902763203917454,0.7992110453648914,0.6253623188405798,0.35472154963680386,0.5338151781104801,0.1148409893992933,0.35850956696878145,0.4627862595419847,-0.3328748280605227,0.5467546754675467,0.6536682088565764,-0.5212765957446809,0.5600511073253833,-0.14102564102564102,-0.2666248431618569,-0.849731663685152,0.756265664160401,-0.7053422370617696,-0.0831946755407654,0.0
0.5755755755755756,-0.818467336683417,-0.5031479538300104,0.9431952662721893,0.6768115942028986,0.5217917675544794,0.46360351058337634,0.48763250883392234,0.47734138972809664,0.29866412213740456,-0.3947730398899587,0.4554455445544554,0.4144084600132188,-0.6670212765957447,0.8155877342419081,0.4139194139194139,-0.6273525721455457,-0.7477638640429337,0.8070175438596491,-0.8303422370617697,-0.06988352745424294,0.0
0.5765765765765766,-0.8552135678391959,-0.5858691850297307,0.9282051282051282,0.4485507246376812,0.14951573849878935,0.4656685596282912,0.3710247349823322,0.5045317220543807,0.4751908396946565,-0.6327372764786795,0.3113311331133113,0.36021150033046934,-0.6904255319148936,0.7678875638841568,0.09523809523809523,-0.4090338770388959,-0.5688729874776386,0.6322055137844611,-0.9048414023372288,-0.41430948419301167,0.0
0.5775775775775776,-0.9280778894472361,-0.8859741168240644,0.8753451676528599,0.8536231884057971,0.1646489104116223,0.7640681466184822,0.026501766784452298,0.6817724068479356,0.48377862595419846,-0.7372764786795049,0.36193619361936197,0.62128222075347,-0.7872340425531915,0.7606473594548553,0.04029304029304029,-0.6348808030112923,-0.44454382826475847,0.7869674185463659,-0.8952420701168615,0.13311148086522465,0.0
0.5785785785785785,-0.6011306532663316,-0.6343126967471143,0.8335305719921104,0.6398550724637682,0.33837772397094434,0.5462054723799691,0.2385159010600707,0.45317220543806647,0.32156488549618323,-0.4566712517193948,0.6622662266226622,0.4593522802379379,-0.5675531914893617,0.5225724020442931,0.3443223443223443,-0.26097867001254704,-0.6520572450805008,0.5958646616541353,-0.7276711185308848,-0.2146422628951747,0.0
0.5795795795795796,-0.7355527638190955,-0.7147604057362714,0.8737672583826429,0.5717391304347826,0.3801452784503632,0.5265875064532782,0.01060070671378092,0.797583081570997,0.7480916030534351,-0.5130674002751032,0.5962596259625963,0.5974884335756775,-0.7867021276595746,0.6422487223168655,0.25274725274725274,-0.6769134253450438,-0.3318425760286225,0.7023809523809523,-0.7775459098497496,0.32279534109816976,0.0
0.5805805805805806,-0.7145100502512562,-0.6350122420426723,0.8923076923076922,0.6181159420289856,0.23970944309927364,0.5276200309757356,0.37809187279151946,0.4380664652567976,0.4007633587786259,-0.8376891334250344,0.4609460946094609,0.6173165895571713,-0.8127659574468086,0.7235945485519591,0.31135531135531136,-0.3437892095357591,-0.6896243291592128,0.7042606516290727,-0.797787979966611,-0.07653910149750416,0.0
0.5815815815815816,-0.8162688442211056,-0.6339629240993354,0.9333333333333333,0.6724637681159421,0.5393462469733656,0.5389778007227671,0.2932862190812721,0.6324269889224572,0.4675572519083969,-0.3314993122420908,0.4884488448844884,0.4097818902842036,-0.6345744680851064,0.7112436115843271,0.28937728937728935,-0.5307402760351317,-0.62432915921288,0.6340852130325815,-0.8443238731218699,0.3261231281198004,0.0
0.5825825825825826,-0.6944095477386933,-0.7014690451206715,0.869033530571992,0.8224637681159421,0.48244552058111384,0.6102219927723282,0.39222614840989406,0.4159113796576032,0.3616412213740458,-0.5845942228335625,0.4312431243124312,0.6649041639127562,-0.7074468085106383,0.6997444633730835,0.06227106227106227,-0.5445420326223337,-0.7737030411449015,0.731829573934837,-0.8109348914858098,-0.18469217970049917,0.0
0.5835835835835835,-0.5910804020100502,-0.6392095138160195,0.8122287968441815,0.28405797101449276,0.38075060532687655,0.42643262777490964,0.10424028268551237,0.5045317220543807,0.3101145038167939,-0.577716643741403,0.4785478547854785,0.5598149372108394,-0.7106382978723405,0.5809199318568996,0.6886446886446886,-0.3237139272271016,-0.5008944543828264,0.506265664160401,-0.7101419031719532,-0.459234608985025,0.0
0.5845845845845846,-0.8602386934673366,-0.7130115424973767,0.9353057199211045,0.6659420289855074,0.476997578692494,0.6933402168301497,0.30565371024734983,0.5478348439073515,0.3893129770992366,-0.484181568088033,0.3432343234323432,0.434897554527429,-0.699468085106383,0.7610732538330495,0.5073260073260073,-0.411543287327478,-0.7567084078711985,0.7186716791979949,-0.8616444073455759,0.12146422628951747,0.0
0.5855855855855856,-0.8420226130653266,-0.5937390696047569,0.9069033530571992,0.5507246376811594,0.09443099273607748,0.5400103252452246,0.4823321554770319,0.7180261832829808,0.29866412213740456,-0.48005502063273725,0.4081408140814081,0.45803040317250493,-0.7037234042553192,0.768313458262351,0.4377289377289377,-0.6624843161856964,-0.5822898032200358,0.724937343358396,-0.8480801335559266,0.6356073211314476,0.0
0.5865865865865866,-0.8015075376884422,-0.7675760755508919,0.8351084812623274,0.6,-0.10230024213075062,0.5983479607640682,0.04946996466431096,0.701913393756294,0.1269083969465649,-0.42090784044016505,0.4576457645764576,0.4170522141440846,-0.5946808510638298,0.7465928449744463,0.434065934065934,-0.6110414052697616,-0.7334525939177101,0.8076441102756892,-0.7852671118530885,0.329450915141431,0.0
0.5875875875875876,-0.7415201005025126,-0.882476390346275,0.8213017751479289,0.7246376811594204,0.38801452784503637,0.830665978316985,0.2473498233215548,0.8429003021148036,0.7099236641221374,-0.4195323246217332,0.7601760176017601,0.5974884335756775,-0.6930851063829787,0.6920783645655878,0.0989010989010989,-0.679422835633626,-0.5098389982110911,0.6409774436090224,-0.7769198664440734,0.5174708818635607,0.0
0.5885885885885885,-0.8693467336683416,-0.6757607555089192,0.7617357001972387,0.6246376811594203,0.32384987893462475,0.5085183273102736,-0.03180212014134276,0.7180261832829808,0.41412213740458015,-0.7001375515818432,0.43564356435643564,0.4600132187706543,-0.7984042553191489,0.803236797274276,0.17399267399267399,-0.6304893350062735,-0.5635062611806797,0.6704260651629073,-0.8706176961602671,-0.18302828618968386,0.0
0.5895895895895896,-0.7911432160804021,-0.6033578174186779,0.84930966469428,0.5782608695652175,0.4648910411622276,0.5209086215797625,0.05477031802120142,0.6253776435045317,0.34351145038167935,-0.48005502063273725,0.506050605060506,0.5776602775941838,-0.7409574468085107,0.6729131175468485,0.19963369963369962,-0.5740276035131744,-0.7808586762075134,0.637844611528822,-0.837228714524207,0.437603993344426,0.0
0.5905905905905906,-0.7628768844221104,-0.7598810772997551,0.842603550295858,0.6166666666666667,0.2584745762711865,0.6442953020134228,0.38515901060070673,0.6294058408862034,0.4694656488549618,-0.8665749656121046,0.48734873487348734,0.7263714474553867,-0.6617021276595745,0.7146507666098808,0.3021978021978022,-0.6104140526976161,-0.6368515205724508,0.9016290726817042,-0.8115609348914858,-0.1680532445923461,0.0
0.5915915915915916,-0.6714824120603015,-0.8077999300454705,0.8394477317554241,0.7384057971014493,0.2602905569007264,0.60557563242127,-0.02473498233215548,0.49748237663645517,0.6154580152671756,-0.8074277854195323,0.41034103410341033,0.8678122934567085,-0.6659574468085107,0.715076660988075,0.1703296703296703,-0.4215809284818068,-0.7737030411449015,0.8464912280701754,-0.7783806343906511,-0.04658901830282862,0.0
0.5925925925925926,-0.6604899497487438,-0.640083945435467,0.8646942800788955,0.4376811594202899,0.4497578692493947,0.42953020134228187,0.2597173144876325,0.7099697885196374,0.44942748091603046,-0.6492434662998624,0.7007700770077008,0.7580964970257766,-0.6792553191489361,0.6460817717206133,0.2032967032967033,-0.589711417816813,-0.5500894454382826,0.600250626566416,-0.7130634390651085,0.2312811980033278,0.0
0.5935935935935935,-0.8087311557788945,-0.7437915355019238,0.8370808678500985,0.6043478260869566,0.3559322033898305,0.5859576664945793,-0.038869257950530034,0.500503524672709,0.5458015267175572,-0.5089408528198074,0.6094609460946095,0.5558493060145406,-0.7781914893617022,0.6980408858603067,0.2399267399267399,-0.5181932245922207,-0.7137745974955277,0.6585213032581453,-0.8510016694490818,-0.09983361064891846,0.0
0.5945945945945946,-0.9016959798994975,-0.6612451906260931,0.9021696252465482,0.5833333333333334,0.2742130750605327,0.5647909137842024,0.17314487632508835,0.49345417925478346,0.3969465648854961,-0.7579092159559836,0.55995599559956,0.49636483807005954,-0.600531914893617,0.8982112436115843,0.23626373626373626,-0.7289836888331241,-0.6592128801431126,0.8546365914786967,-0.9476210350584309,-0.7271214642262895,0.0
0.5955955955955956,-0.753140703517588,-0.5967121371108779,0.8773175542406312,0.5507246376811594,0.45702179176755453,0.6035105833763552,0.23144876325088343,0.4904330312185297,0.2261450381679389,-0.2861072902338377,0.29482948294829486,0.4203569068076669,-0.7558510638297873,0.6588586030664395,0.30952380952380953,-0.37390213299874525,-0.5509838998211091,0.6604010025062657,-0.7710767946577629,0.675540765391015,0.0
0.5965965965965966,-0.7823492462311558,-0.7471143756558237,0.8122287968441815,0.7920289855072464,0.8274818401937046,0.7217346411977283,0.4522968197879859,0.4783484390735146,0.5830152671755725,-0.4305364511691885,0.5137513751375138,0.6093853271645737,-0.8686170212765958,0.7913117546848383,0.2692307692307692,-0.5181932245922207,-0.7513416815742396,0.7606516290726817,-0.8637312186978298,-0.17970049916805325,0.0
0.5975975975975976,-0.7289572864321608,-0.690101434067856,0.8946745562130176,0.6811594202898551,0.6622276029055691,0.5152297367062467,0.1872791519434629,0.566968781470292,0.5200381679389313,-0.5914718019257221,0.7216721672167217,0.5697290152015863,-0.6468085106382979,0.8432708688245315,0.01648351648351648,-0.6643663739021329,-0.684257602862254,0.6785714285714285,-0.8618530884808013,-0.173044925124792,0.0
0.5985985985985987,-0.8137562814070352,-0.7317243791535503,0.8938856015779092,0.5398550724637682,0.34685230024213076,0.596799173980382,0.21731448763250885,0.41490433031218527,0.4818702290076336,-0.49793672627235214,0.5500550055005501,0.49900859220092536,-0.5750000000000001,0.735519591141397,0.23809523809523808,-0.5520702634880803,-0.9284436493738819,0.7957393483709273,-0.8702003338898163,-0.009983361064891847,0.0
0.5995995995995996,-0.7638190954773869,-0.7353969919552291,0.8800788954635107,0.5862318840579711,0.5502421307506054,0.6494579246257098,0.6130742049469965,0.662638469284995,0.32729007633587787,-0.7180192572214581,0.5720572057205721,0.635822868473232,-0.5920212765957447,0.7772572402044293,0.3736263736263736,-0.47490589711417813,-0.6565295169946332,0.7456140350877192,-0.8242904841402338,-0.18635607321131448,0.0
0.6006006006006006,-0.7474874371859296,-0.6484784889821616,0.8110453648915187,0.5847826086956522,0.2421307506053269,0.6468766133195663,0.5017667844522968,0.3413897280966768,0.34828244274809156,-0.484181568088033,0.2684268426842684,0.4639788499669531,-0.7579787234042554,0.47700170357751287,0.16300366300366298,-0.02948557089084065,-0.5724508050089445,0.6629072681704261,-0.7606427378964942,0.44592346089850254,0.0
0.6016016016016016,-0.6620603015075377,-0.8677859391395593,0.7530571992110453,0.8739130434782609,0.6319612590799032,0.8347960764068146,0.2544169611307421,0.4380664652567976,0.5925572519083969,-0.20495185694635487,0.5775577557755776,0.7138136153337741,-0.6297872340425532,0.6294718909710392,0.007326007326007326,-0.29924717691342534,-0.757602862254025,0.75,-0.7666944908180301,0.21797004991680535,0.0
0.6026026026026026,-0.6014447236180904,-0.7219307450157398,0.8733727810650886,0.791304347826087,0.6489104116222761,0.7444501806917914,0.4522968197879859,0.45317220543806647,0.4933206106870229,-0.4016506189821183,0.5467546754675467,0.5908790482485129,-0.5632978723404255,0.6571550255536627,0.09523809523809523,-0.5445420326223337,-0.5644007155635062,0.5802005012531328,-0.7573038397328882,-0.48419301164725453,0.0
0.6036036036036037,-0.7258165829145728,-0.587093389296957,0.9305719921104536,0.6427536231884059,0.7009685230024213,0.6040268456375838,0.441696113074205,0.5730110775427996,0.48854961832061067,-0.6657496561210454,0.6259625962596259,0.6397884996695308,-0.7010638297872341,0.6890971039182283,0.4157509157509157,-0.5075282308657466,-0.7513416815742396,0.6309523809523808,-0.8042570951585977,0.0,0.0
0.6046046046046046,-0.8781407035175879,-0.6883525708289612,0.8587771203155818,0.6282608695652174,-0.12469733656174334,0.5931853381517811,0.38515901060070673,0.7794561933534744,0.10973282442748092,-0.5281980742778543,0.1859185918591859,0.36021150033046934,-0.6345744680851064,0.6486371379897785,0.44505494505494503,-0.45169385194479295,-0.3980322003577817,0.6936090225563909,-0.8230383973288815,0.36605657237936773,0.0
0.6056056056056056,-0.6623743718592965,-0.8154949282966073,0.8366863905325443,0.6297101449275363,0.3831719128329298,0.6339700567888487,0.09540636042402828,0.6112789526686807,0.6956106870229007,-0.5735900962861072,0.5764576457645765,0.565102445472571,-0.6553191489361703,0.7197614991482113,0.07875457875457874,-0.6913425345043915,-0.6207513416815741,0.8233082706766918,-0.7497913188647747,0.03993344425956739,0.0
0.6066066066066066,-0.7641331658291456,-0.8029031129765652,0.8394477317554241,0.9391304347826088,0.46186440677966106,0.7790397521941146,0.4187279151943463,0.6445115810674723,0.4809160305343511,-0.6629986244841816,0.735973597359736,0.7792465300727033,-0.6526595744680852,0.7380749574105623,0.2838827838827839,-0.6373902132998746,-0.6949910554561717,0.6535087719298245,-0.8359766277128549,-0.03327787021630616,0.0
0.6076076076076076,-0.8784547738693468,-0.7158097236796083,0.954240631163708,0.7028985507246377,0.5932203389830508,0.6670108415074858,0.49646643109540645,0.37361530715005037,0.3196564885496183,-0.44704264099037144,0.3905390539053905,0.39193654990085924,-0.7047872340425532,0.7670357751277683,0.0824175824175824,-0.4849435382685069,-0.8398926654740607,0.8515037593984962,-0.9355175292153589,0.10815307820299501,0.0
0.6086086086086087,-0.8062185929648241,-0.7352221056313396,0.9589743589743589,0.6130434782608696,0.5338983050847458,0.6313887454827053,0.4434628975265018,0.49345417925478346,0.47328244274809156,-0.4649243466299863,0.627062706270627,0.38929279576999337,-0.6829787234042554,0.7295570698466781,0.23443223443223443,-0.7446675031367629,-0.7844364937388193,0.7324561403508771,-0.8484974958263773,0.13976705490848587,0.0
0.6096096096096096,-0.6805904522613064,-0.8359566281916755,0.8781065088757396,0.5282608695652175,0.5006053268765133,0.6494579246257098,-0.10954063604240284,0.7119838872104732,0.6765267175572518,-0.7276478679504815,0.77007700770077,0.6741573033707866,-0.700531914893617,0.6686541737649063,0.08608058608058608,-0.5639899623588457,-0.6932021466905187,0.7537593984962406,-0.7406093489148581,-0.11980033277870215,0.0
0.6106106106106106,-0.8847361809045227,-0.6519762154599511,0.9061143984220907,0.47318840579710153,0.45883777239709445,0.5580795043882292,0.3250883392226149,0.3947633434038268,0.4351145038167939,-0.5447042640990372,0.3465346534653465,0.36087243886318576,-0.8425531914893618,0.9182282793867123,-0.11355311355311354,-0.6468005018820576,-0.8085867620751341,0.8013784461152881,-0.965567612687813,-0.0033277870216306157,0.0
0.6116116116116116,-0.9208542713567839,-0.7759706190975866,0.8031558185404339,0.43623188405797103,0.22397094430992737,0.4357253484770263,-0.40282685512367494,0.7925478348439073,0.5095419847328244,-0.5570839064649244,0.7392739273927393,0.4382022471910113,-0.752127659574468,0.817717206132879,0.09157509157509157,-0.7289836888331241,-0.5241502683363147,0.7731829573934836,-0.9165275459098499,-0.1281198003327787,0.0
0.6126126126126126,-0.6469849246231155,-0.6684155299055614,0.8682445759368836,0.7942028985507248,0.33414043583535114,0.6071244192049561,0.21378091872791521,0.5075528700906344,0.6145038167938931,-0.5061898211829436,0.7348734873487349,0.7065432914738929,-0.5617021276595745,0.6937819420783646,0.10256410256410256,-0.5213299874529485,-0.6037567084078712,0.6159147869674185,-0.8000834724540902,-0.09816971713810316,0.0
0.6136136136136137,-0.844535175879397,-0.8342077649527806,0.8777120315581853,0.6942028985507247,-0.22639225181598063,0.6959215281362933,0.1855123674911661,0.851963746223565,0.4856870229007633,-0.7386519944979368,0.49394939493949397,0.5783212161269002,-0.5898936170212766,0.7614991482112436,-0.22527472527472525,-0.6756587202007528,-0.278175313059034,0.950501253132832,-0.8263772954924875,0.1264559068219634,0.0
0.6146146146146146,-0.6366206030150754,-0.875830710038475,0.8355029585798815,0.8007246376811594,0.5508474576271187,0.8327310273618999,0.1148409893992933,0.36958710976837866,0.5324427480916031,-0.3851444291609354,0.6193619361936192,0.7534699272967614,-0.5159574468085106,0.7678875638841568,-0.15934065934065933,-0.5181932245922207,-0.6556350626118067,0.8615288220551378,-0.8211602671118531,0.4359400998336107,0.0
0.6156156156156156,-0.5964195979899497,-0.7677509618747813,0.7285996055226824,0.6137681159420291,0.42009685230024213,0.588022715539494,0.35512367491166086,0.5740181268882175,0.45038167938931295,-0.8033012379642366,0.5423542354235423,0.6701916721744878,-0.6085106382978723,0.5089437819420785,-0.02564102564102564,-0.19636135508155583,-0.6565295169946332,0.7243107769423558,-0.6765442404006679,0.15474209650582363,0.0
0.6166166166166166,-0.6177763819095478,-0.8454004896817068,0.8216962524654833,0.7485507246376811,0.29116222760290555,0.7041817243159525,0.12720848056537104,0.6102719033232629,0.6001908396946565,-0.2984869325997249,0.49724972497249725,0.7038995373430271,-0.3659574468085106,0.5689948892674618,0.15750915750915748,-0.40276035131744037,-0.3908765652951699,0.6679197994987469,-0.7790066777963273,0.2712146422628952,0.0
0.6176176176176176,-0.8787688442211055,-0.739769150052466,0.8516765285996054,0.791304347826087,0.28995157384987896,0.7403200826019617,-0.20848056537102475,0.6555891238670695,0.4303435114503817,-0.5625859697386519,0.4664466446644664,0.6113681427627231,-0.7872340425531915,0.8091993185689949,0.39377289377289376,-0.6260978670012547,-0.5760286225402504,0.8302005012531327,-0.9409432387312188,0.3261231281198004,0.0
0.6186186186186187,-0.7562814070351758,-0.677159846100035,0.8670611439842209,0.8536231884057971,0.1791767554479419,0.6515229736706246,0.35689045936395764,0.5730110775427996,0.3139312977099237,-0.5061898211829436,0.3586358635863586,0.7276933245208196,-0.6728723404255319,0.5741056218057923,0.020146520146520144,-0.4485570890840652,-0.5912343470483005,0.7042606516290727,-0.7677378964941569,0.5973377703826955,0.0
0.6196196196196196,-0.7814070351758794,-0.7100384749912556,0.8382642998027613,0.4804347826086957,0.339588377723971,0.6556530717604543,0.3745583038869258,0.5025176233635448,0.4561068702290076,-0.7606602475928474,0.5214521452145214,0.4269662921348315,-0.6143617021276596,0.6665247018739353,0.023809523809523808,-0.47804265997490586,-0.5590339892665473,0.6829573934837093,-0.8545492487479132,-0.04825291181364393,0.0
0.6206206206206206,-0.7986809045226131,-0.7261280167890871,0.8319526627218934,0.7398550724637681,0.200363196125908,0.6990191017036654,0.3286219081272085,0.594159113796576,0.3702290076335878,-0.4552957359009629,0.4312431243124312,0.6318572372769332,-0.6090425531914894,0.7695911413969336,0.41758241758241754,-0.5959849435382685,-0.7477638640429337,0.75,-0.837228714524207,0.5757071547420964,0.0
0.6216216216216216,-0.7977386934673366,-0.8343826512766701,0.8871794871794871,0.773913043478261,0.006053268765133173,0.6592669075890552,0.1484098939929329,0.4511581067472306,0.47328244274809156,-0.4552957359009629,0.5082508250825083,0.6060806345009915,-0.6377659574468085,0.7525553662691653,-0.007326007326007326,-0.5439146800501882,-0.6833631484794275,0.7556390977443609,-0.857679465776294,-0.3610648918469218,0.0
0.6226226226226226,-0.8570979899497487,-0.7855893669115075,0.8429980276134121,0.5862318840579711,0.5659806295399517,0.6577181208053691,0.03356890459363958,0.6555891238670695,0.28435114503816794,-0.6079779917469051,0.5302530253025303,0.6629213483146067,-0.8882978723404256,0.7244463373083476,0.5201465201465201,-0.713927227101631,-0.5554561717352414,0.8609022556390977,-0.8693656093489149,0.48252911813643923,0.0
0.6236236236236237,-0.8360552763819095,-0.6963973417278769,0.8481262327416172,0.6086956521739131,0.3868038740920097,0.5854414042333504,-0.11660777385159012,0.526686807653575,0.45992366412213737,-0.5433287482806053,0.5258525852585259,0.4745538664904164,-0.7324468085106384,0.7883304940374788,0.36446886446886445,-0.6775407779171895,-0.813953488372093,0.9028822055137844,-0.886060100166945,-0.07321131447587355,0.0
0.6246246246246246,-0.6262562814070352,-0.6407834907310248,0.8749506903353057,0.6565217391304349,0.7227602905569007,0.5823438306659783,0.3657243816254417,0.6364551863041289,0.4780534351145038,-0.1265474552957359,0.7172717271727173,0.5472571050892268,-0.5808510638297874,0.6746166950596253,0.6336996336996336,-0.5890840652446674,-0.5500894454382826,0.6071428571428571,-0.7508347245409015,-0.013311148086522463,0.0
0.6256256256256256,-0.6045854271356784,-0.7250786988457503,0.8785009861932938,0.6666666666666667,0.4322033898305085,0.6004130098089829,0.07773851590106007,0.6112789526686807,0.8196564885496183,-0.874828060522696,0.8712871287128713,0.8189028420356907,-0.6638297872340426,0.6000851788756388,0.03296703296703296,-0.5890840652446674,-0.5661896243291592,0.6666666666666666,-0.685517529215359,-0.36938435940099834,0.0
0.6266266266266266,-0.8278894472361809,-0.7343476740118923,0.8714003944773175,0.6449275362318841,0.46125907990314774,0.5715023231801755,0.2756183745583039,0.5357502517623364,0.36927480916030536,-0.44979367262723524,0.3124312431243124,0.4302709847984138,-0.7148936170212766,0.6686541737649063,0.5238095238095237,-0.3695106649937264,-0.6019677996422182,0.6296992481203006,-0.848914858096828,0.20133111480865223,0.0
0.6276276276276276,-0.8068467336683417,-0.6617698495977614,0.9495069033530572,0.4884057971014493,0.1483050847457627,0.5735673722250904,0.5742049469964665,0.7190332326283988,0.38740458015267176,-0.6932599724896836,0.5610561056105611,0.5267680105750165,-0.5952127659574469,0.6601362862010222,0.2912087912087912,-0.6060225846925972,-0.832737030411449,0.7844611528822055,-0.853923205342237,0.2129783693843594,0.0
0.6286286286286287,-0.7405778894472361,-0.8305351521511017,0.8390532544378697,0.7108695652173913,0.32566585956416466,0.6726897263810016,0.21554770318021202,0.6475327291037261,0.48377862595419846,-0.5749656121045392,0.5412541254125413,0.6741573033707866,-0.6186170212765958,0.7091141396933561,0.13369963369963367,-0.5451693851944792,-0.44007155635062606,0.8684210526315789,-0.7879799666110183,0.15307820299500832,0.0
0.6296296296296297,-0.8523869346733668,-0.7054914305701294,0.9191321499013807,0.7681159420289856,0.2560532687651332,0.6076406814661848,0.176678445229682,0.6173212487411883,0.40362595419847325,-0.3933975240715268,0.41034103410341033,0.5637805684071382,-0.6914893617021277,0.8432708688245315,0.01282051282051282,-0.6468005018820576,-0.5876565295169947,0.7932330827067668,-0.9000417362270451,0.19134775374376042,0.0
0.6306306306306306,-0.7974246231155779,-0.7359216509268975,0.885207100591716,0.791304347826087,0.7960048426150121,0.60557563242127,0.19257950530035337,0.6565961732124874,0.48759541984732824,-0.3713892709766163,0.5412541254125413,0.7633840052875084,-0.7196808510638298,0.7810902896081773,0.19047619047619047,-0.5382685069008782,-0.6502683363148478,0.7124060150375939,-0.8735392320534224,0.22628951747088188,0.0
0.6316316316316316,-0.6727386934673366,-0.7212311997201818,0.8670611439842209,0.6369565217391305,0.5338983050847458,0.5993804852865255,-0.02826855123674912,0.44511581067472306,0.5295801526717557,-0.5832187070151307,0.5148514851485149,0.6206212822207535,-0.7367021276595745,0.7257240204429302,0.2765567765567765,-0.41656210790464243,-0.626118067978533,0.724937343358396,-0.7675292153589316,-0.06821963394342763,0.0
0.6326326326326326,-0.6617462311557789,-0.6981462049667716,0.8986193293885602,0.6072463768115942,0.04055690072639226,0.5317501290655653,0.34805653710247353,0.5820745216515609,0.7471374045801527,-0.3466299862448418,0.7601760176017601,0.5783212161269002,-0.43563829787234043,0.712947189097104,0.021978021978021976,-0.5740276035131744,-0.5375670840787119,0.8276942355889724,-0.7938230383973289,0.17637271214642264,0.0
0.6336336336336337,-0.7349246231155778,-0.7007694998251136,0.813412228796844,0.5376811594202899,0.5181598062953995,0.6659783169850284,0.2985865724381626,0.676737160120846,0.45896946564885494,-0.5543328748280606,0.6072607260726073,0.6100462656972903,-0.6643617021276597,0.6622657580919932,0.45421245421245415,-0.5439146800501882,-0.4579606440071556,0.6196741854636592,-0.7900667779632722,0.3427620632279534,0.0
0.6346346346346347,-0.9302763819095478,-0.7343476740118923,0.8280078895463511,0.5536231884057972,0.2354721549636804,0.6701084150748581,0.038869257950530034,0.46727089627391744,0.4112595419847328,-0.7840440165061898,0.2684268426842684,0.4064771976206213,-0.7319148936170212,0.8790459965928451,-0.26007326007326004,-0.6411543287327478,-0.5957066189624329,0.8471177944862156,-0.9409432387312188,-0.13643926788685526,0.0
0.6356356356356356,-0.6890703517587939,-0.6533753060510669,0.8564102564102563,0.4840579710144928,0.3583535108958838,0.49303045947341245,0.01413427561837456,0.6062437059415912,0.30248091603053434,-0.5515818431911967,0.36963696369636967,0.4732319894249835,-0.7585106382978724,0.57793867120954,0.24358974358974358,-0.47929736511919696,-0.4964221824686941,0.7593984962406014,-0.7157762938230384,0.2695507487520799,0.0
0.6366366366366366,-0.7823492462311558,-0.7820916404337181,0.9305719921104536,0.668840579710145,0.4092009685230025,0.7862674238513164,0.5424028268551238,0.5508559919436052,0.49427480916030536,-0.5818431911966988,0.34213421342134215,0.5485789821546596,-0.5425531914893618,0.77427597955707,0.03479853479853479,-0.49435382685069007,-0.7790697674418604,0.8922305764411027,-0.8960767946577629,0.32279534109816976,0.0
0.6376376376376376,-0.8696608040201005,-0.7074151801329136,0.8757396449704142,0.7173913043478262,0.21004842615012106,0.6035105833763552,0.3674911660777385,0.7754279959718027,0.37786259541984735,-0.6299862448418158,0.2662266226622662,0.5875743555849307,-0.748404255319149,0.7440374787052811,-0.04212454212454212,-0.5589711417816813,-0.5867620751341681,0.8120300751879699,-0.8232470784641068,0.5158069883527454,0.0
0.6386386386386387,-0.6994346733668341,-0.8583420776495279,0.8753451676528599,0.9159420289855074,0.2608958837772397,1.0,0.5176678445229682,0.46727089627391744,0.4866412213740458,-0.7001375515818432,0.32233223322332233,0.6232650363516193,-0.574468085106383,0.8275127768313459,-0.2490842490842491,-0.5087829360100377,-0.6037567084078712,0.9636591478696741,-0.8103088480801336,0.27953410981697174,0.0
0.6396396396396397,-0.7854899497487436,-0.540748513466247,0.8453648915187375,0.5449275362318841,0.3401937046004843,0.5926690758905523,0.5918727915194347,0.62134944612286,0.5629770992366412,-0.343878954607978,0.5654565456545655,0.35228023793787183,-0.5755319148936171,0.7623509369676321,0.3919413919413919,-0.5734002509410289,-0.6905187835420393,0.6791979949874687,-0.8386894824707847,0.519134775374376,0.0
0.6406406406406406,-0.7236180904522612,-0.5799230500174886,0.8978303747534515,0.5565217391304348,0.3268765133171913,0.45947341249354673,0.21201413427561838,0.43202416918429004,-0.02862595419847328,-0.6148555708390647,0.2585258525852585,0.5313945803040317,-0.7196808510638298,0.5553662691652471,0.6813186813186812,-0.18569636135508152,-0.7862254025044721,0.7293233082706766,-0.7835976627712855,-0.06655574043261232,0.0
0.6416416416416416,-0.5794597989949748,-0.698321091290661,0.8694280078895463,0.6586956521739131,0.2651331719128329,0.6933402168301497,0.34805653710247353,0.5538771399798591,0.5229007633587787,-0.5364511691884457,0.5324532453245324,0.658955717118308,-0.573936170212766,0.5353492333901192,-0.1465201465201465,-0.22020075282308654,-0.556350626118068,0.7280701754385964,-0.6681969949916527,0.03494176372712147,0.0
0.6426426426426426,-0.6356783919597989,-0.7743966421825813,0.818145956607495,0.7130434782608696,0.22397094430992737,0.5647909137842024,-0.04063604240282686,0.6807653575025177,0.6288167938931297,-0.3246217331499312,0.5445544554455445,0.48909451421017847,-0.5521276595744682,0.5749574105621806,-0.3498168498168498,-0.5439146800501882,-0.6601073345259391,0.6691729323308271,-0.7186978297161937,0.5124792013311148,0.0
0.6436436436436437,-0.6787060301507537,-0.8001049317943337,0.9392504930966468,0.6782608695652175,0.33232445520581116,0.6499741868869385,0.1413427561837456,0.32527693856998996,0.5209923664122138,-0.6011004126547456,0.4708470847084708,0.6920026437541309,-0.5058510638297873,0.7431856899488928,0.17765567765567764,-0.38958594730238394,-0.9087656529516994,0.6779448621553885,-0.7892320534223707,0.1663893510815308,0.0
0.6446446446446447,-0.8492462311557789,-0.6589716684155299,0.957396449704142,0.5934782608695652,0.16828087167070221,0.588022715539494,0.27385159010600707,0.4793554884189325,0.5486641221374046,-0.5213204951856947,0.506050605060506,0.35955056179775285,-0.7335106382978723,0.753833049403748,-0.14285714285714285,-0.49372647427854455,-0.6556350626118067,0.7230576441102756,-0.876043405676127,-0.11647254575707157,0.0
0.6456456456456456,-0.9494346733668342,-0.4547044421126268,0.9301775147928993,0.4804347826086957,0.17796610169491525,0.43211151264842534,0.27385159010600707,0.8932527693856999,0.23950381679389313,-0.6272352132049519,0.5797579757975798,0.36219431592861867,-0.6441489361702128,0.8862862010221465,0.15934065934065933,-0.8933500627352571,-0.45169946332737027,0.6265664160401002,-0.9872704507512521,-0.14143094841930118,0.0
0.6466466466466466,-0.7104271356783919,-0.7621545995103183,0.8007889546351084,0.7724637681159421,0.46125907990314774,0.7733608673205988,-0.06713780918727916,0.4380664652567976,0.4646946564885496,-0.47180192572214585,0.4631463146314631,0.6847323198942499,-0.7085106382978724,0.6218057921635435,0.35714285714285715,-0.22647427854454202,-0.8121645796064401,0.6647869674185463,-0.7823455759599333,0.5158069883527454,0.0
0.6476476476476476,-0.6118090452261306,-0.6904512067156349,0.8453648915187375,0.6746376811594204,0.4709443099273608,0.541042849767682,0.13074204946996468,0.5387713997985901,0.5229007633587787,-0.48005502063273725,0.5192519251925192,0.6146728354263055,-0.6265957446808511,0.5234241908006815,0.3315018315018315,-0.424090338770389,-0.6565295169946332,0.6848370927318295,-0.657762938230384,-0.3144758735440932,0.0
0.6486486486486487,-0.6856155778894472,-0.6007345225603358,0.8481262327416172,0.610144927536232,0.3789346246973366,0.6236448115642746,0.4646643109540637,0.5397784491440081,0.49904580152671757,-0.4332874828060523,0.6061606160616062,0.36483807005948454,-0.6436170212765958,0.6192504258943782,0.2747252747252747,-0.43977415307402756,-0.7173524150268336,0.7218045112781954,-0.7422787979966611,-0.2712146422628952,0.0
0.6496496496496497,-0.7182788944723617,-0.6939489331934243,0.8859960552268245,0.5224637681159421,0.7772397094430993,0.5493030459473413,0.2756183745583039,0.3373615307150051,0.6183206106870229,-0.6932599724896836,0.6952695269526953,0.5386649041639128,-0.8351063829787235,0.6571550255536627,0.3076923076923077,-0.3670012547051443,-0.6681574239713773,0.7111528822055138,-0.8086393989983306,-0.32279534109816976,0.0
0.6506506506506506,-0.9444095477386935,-0.739769150052466,0.8658777120315581,0.7942028985507248,0.2082324455205811,0.7754259163655136,0.6236749116607774,0.36555891238670696,0.26908396946564883,-0.4442916093535076,0.2376237623762376,0.4983476536682089,-0.7079787234042554,0.7725724020442931,0.13369963369963367,-0.4604767879548306,-0.7128801431127012,0.7374686716791979,-0.9046327212020033,0.4359400998336107,0.0
0.6516516516516516,-0.6862437185929648,-0.6145505421476041,0.8903353057199211,0.5782608695652175,0.49213075060532685,0.46308724832214765,0.42402826855123676,0.75730110775428,0.7137404580152672,-0.47317744154057767,0.8745874587458746,0.5617977528089888,-0.5920212765957447,0.7189097103918228,0.26739926739926734,-0.7427854454203261,-0.5178890876565294,0.7073934837092731,-0.7301752921535893,0.03161397670549085,0.0
0.6526526526526526,-0.797110552763819,-0.6780342777194823,0.8777120315581853,0.7376811594202899,0.25786924939467315,0.6406814661848219,0.5035335689045937,0.6465256797583082,0.2347328244274809,-0.405777166437414,0.4037403740374037,0.5948446794448117,-0.6702127659574468,0.7342419080068143,0.4065934065934066,-0.5363864491844417,-0.6440071556350625,0.744360902255639,-0.8332637729549249,0.5607321131447588,0.0
0.6536536536536537,-0.891645728643216,-0.600034977264778,0.8930966469428007,0.5043478260869565,0.3165859564164649,0.5338151781104801,0.1519434628975265,0.6183282980866063,0.26908396946564883,-0.43603851444291614,0.36633663366336633,0.39656311962987445,-0.7547872340425532,0.6878194207836457,0.293040293040293,-0.4918444165621079,-0.5205724508050089,0.6384711779448621,-0.8426544240400669,0.18136439267886856,0.0
0.6546546546546547,-0.7189070351758794,-0.9150052465897167,0.8303747534516764,0.6971014492753623,0.3335351089588378,0.835828600929272,0.03710247349823322,0.6314199395770392,0.558206106870229,-0.6162310866574966,0.6116611661166117,0.7005948446794449,-0.6904255319148936,0.7061328790459966,-0.08424908424908424,-0.43601003764115426,-0.5080500894454382,0.8709273182957392,-0.7940317195325544,0.18136439267886856,0.0
0.6556556556556556,-0.8319723618090452,-0.9452605806225953,0.7996055226824458,0.6804347826086957,0.2917675544794189,0.6881775942178626,-0.45759717314487636,0.5991943605236656,0.5124045801526718,-0.530949105914718,0.396039603960396,0.45009914077990754,-0.7542553191489362,0.7666098807495741,-0.1813186813186813,-0.6154328732747804,-0.6100178890876565,0.9830827067669172,-0.8507929883138564,0.40099833610648916,0.0
0.6566566566566566,-0.78643216080402,-0.7537600559636236,0.814990138067061,0.7065217391304348,0.437046004842615,0.6943727413526071,0.19081272084805656,0.7784491440080564,0.5038167938931297,-0.46905089408528206,0.5874587458745875,0.5538664904163912,-0.7101063829787234,0.639267461669506,0.2948717948717949,-0.5884567126725219,-0.644901610017889,0.7713032581453634,-0.7990400667779634,0.4176372712146423,0.0
0.6576576576576577,-0.6281407035175879,-0.7191325638335082,0.7869822485207101,0.6644927536231885,0.4939467312348668,0.5167785234899328,0.051236749116607784,0.7180261832829808,0.4541984732824427,-0.5983493810178817,0.48954895489548955,0.5902181097157965,-0.7904255319148936,0.5417376490630325,0.15567765567765568,-0.4542032622333751,-0.5536672629695885,0.7794486215538846,-0.6819699499165275,0.7687188019966723,0.0
0.6586586586586587,-0.5760050251256281,-0.7163343826512767,0.8398422090729782,0.5963768115942029,0.5042372881355932,0.6071244192049561,0.10600706713780919,0.27794561933534745,0.525763358778626,-0.5543328748280606,0.713971397139714,0.6338400528750826,-0.5553191489361703,0.624787052810903,-0.07142857142857142,-0.40401505646173147,-0.8452593917710196,0.8615288220551378,-0.7641903171953256,-0.24792013311148087,0.0
0.6596596596596597,-0.8812814070351759,-0.7458901713885974,0.8339250493096646,0.8594202898550725,0.3456416464891041,0.7950438822922045,0.43816254416961137,0.29103726082578046,0.31297709923664124,-0.38376891334250346,0.3905390539053905,0.44943820224719105,-0.6372340425531915,0.8960817717206134,0.4139194139194139,-0.5100376411543287,-0.8228980322003577,0.681704260651629,-0.9290484140233723,-0.14143094841930118,0.0
0.6606606606606606,-0.8388819095477386,-0.7981811822315495,0.8351084812623274,0.8956521739130435,0.4328087167070218,0.6556530717604543,-0.06890459363957598,0.6576032225579054,0.41412213740458015,-0.41815680880330125,0.5621562156215621,0.7435558493060146,-0.8670212765957447,0.6567291311754685,0.22710622710622708,-0.6122961104140526,-0.5277280858676207,0.8063909774436089,-0.7988313856427379,0.1497504159733777,0.0
0.6616616616616616,-0.8272613065326633,-0.7324239244491081,0.9301775147928993,0.5992753623188406,0.3153753026634383,0.5869901910170366,0.40989399293286227,0.6807653575025177,0.7137404580152672,-0.360385144429161,0.8085808580858085,0.4150693985459353,-0.6345744680851064,0.694633730834753,0.04029304029304029,-0.562107904642409,-0.6672629695885509,0.6829573934837093,-0.8626878130217029,-0.02329450915141431,0.0
0.6626626626626627,-0.7553391959798994,-0.5671563483735572,0.8670611439842209,0.6304347826086957,0.36380145278450365,0.5678884873515746,0.667844522968198,0.4874118831822759,0.25095419847328243,-0.5543328748280606,0.44334433443344334,0.7237276933245208,-0.5398936170212766,0.6814310051107326,0.7234432234432234,-0.4849435382685069,-0.6314847942754919,0.6842105263157895,-0.8117696160267113,0.03494176372712147,0.0
0.6636636636636637,-0.7358668341708542,-0.5874431619447359,0.8895463510848125,0.5934782608695652,0.36561743341404357,0.4945792462570986,0.5247349823321555,0.7824773413897281,0.5801526717557252,-0.5185694635488308,0.7766776677667766,0.5869134170522142,-0.6542553191489362,0.6094548551959115,0.26007326007326004,-0.5821831869510665,-0.4937388193202147,0.6309523809523808,-0.7606427378964942,-0.2113144758735441,0.0
0.6646646646646647,-0.753140703517588,-0.6773347324239245,0.8907297830374753,0.7920289855072464,0.6828087167070218,0.66133195663397,0.37809187279151946,0.6394763343403826,0.5906488549618321,-0.5557083906464925,0.6116611661166117,0.744216787838731,-0.7515957446808511,0.6103066439522998,0.2399267399267399,-0.4015056461731493,-0.5304114490161002,0.6804511278195489,-0.7850584307178632,0.011647254575707155,0.0
0.6656656656656657,-0.7044597989949748,-0.6521511017838405,0.8055226824457592,0.38985507246376816,0.19491525423728814,0.46360351058337634,0.31448763250883394,0.5981873111782477,0.25190839694656486,-0.6960110041265475,0.46204620462046203,0.4342366159947125,-0.5345744680851063,0.6584327086882453,0.25457875457875456,-0.4485570890840652,-0.6440071556350625,0.6911027568922306,-0.7683639398998331,0.13643926788685526,0.0
0.6666666666666666,-0.7826633165829145,-0.6552990556138509,0.957396449704142,0.5130434782608696,0.438861985472155,0.5642746515229736,0.4734982332155478,0.4612286002014099,0.5954198473282443,-0.6685006877579092,0.6952695269526953,0.44216787838731003,-0.5925531914893618,0.8062180579216355,0.06593406593406592,-0.5771643663739021,-0.6565295169946332,0.8408521303258145,-0.8503756260434058,-0.6189683860232945,0.0
0.6676676676676677,-0.78643216080402,-0.7413431269674712,0.8504930966469428,0.7289855072463769,0.5108958837772397,0.6179659266907589,0.2385159010600707,0.6354481369587109,0.5009541984732825,-0.22696011004126548,0.6743674367436744,0.550561797752809,-0.6819148936170213,0.6103066439522998,0.34615384615384615,-0.5796737766624843,-0.6323792486583183,0.7907268170426065,-0.7696160267111853,-0.03993344425956739,0.0
0.6686686686686687,-0.603643216080402,-0.7604057362714236,0.8627218934911242,0.7297101449275362,0.47154963680387413,0.6948890036138359,0.1236749116607774,0.5881168177240684,0.7356870229007634,-0.4745529573590096,0.6567656765676567,0.7409120951751488,-0.574468085106383,0.5890119250425895,-0.10805860805860805,-0.46675031367628605,-0.8425760286225401,0.637844611528822,-0.7270450751252087,0.03161397670549085,0.0
0.6696696696696697,-0.7145100502512562,-0.6944735921650927,0.8840236686390532,0.6239130434782609,0.04176755447941889,0.5782137325761487,0.16431095406360424,0.5246727089627392,0.4007633587786259,-0.4924346629986245,0.3784378437843784,0.49900859220092536,-0.6292553191489363,0.5898637137989778,0.01282051282051282,-0.19949811794228356,-0.5957066189624329,0.6760651629072681,-0.7333055091819699,0.11314475873544094,0.0
0.6706706706706707,-0.8586683417085427,-0.5916404337180833,0.9143984220907297,0.7891304347826087,0.30811138014527845,0.4656685596282912,0.5159010600706714,0.823766364551863,0.6192748091603053,-0.20907840440165062,0.6204620462046204,0.3397224058162591,-0.6648936170212766,0.6988926746166951,0.25641025641025644,-0.823086574654956,-0.4302325581395348,0.7337092731829574,-0.8587228714524208,0.4708818635607321,0.0
0.6716716716716716,-0.8797110552763819,-0.6388597411682406,0.9487179487179486,0.5731884057971015,0.27481840193704604,0.5405265875064532,0.3657243816254417,0.5297079556898289,0.12213740458015267,-0.29298486932599727,0.5016501650165016,0.25380039656311965,-0.6925531914893618,0.8121805792163544,0.5732600732600732,-0.5708908406524467,-0.7459749552772807,0.7186716791979949,-0.914440734557596,0.3610648918469218,0.0
0.6726726726726727,-0.8966708542713567,-0.7121371108779294,0.8611439842209072,0.6333333333333334,0.13801452784503634,0.5776974703149199,0.21378091872791521,0.7724068479355488,0.23377862595419846,-0.6272352132049519,0.4092409240924092,0.44150693985459355,-0.8462765957446808,0.6920783645655878,0.20879120879120877,-0.6681304893350062,-0.554561717352415,0.8364661654135338,-0.8397328881469116,0.36772046589018303,0.0
0.6736736736736737,-0.9400125628140703,-0.7175585869185029,0.8331360946745562,0.6978260869565218,0.5357142857142857,0.547754259163655,0.05653710247349824,0.4783484390735146,0.3005725190839695,-0.6286107290233838,0.47744774477447743,0.5776602775941838,-0.7882978723404256,0.9297274275979557,0.6318681318681317,-0.7559598494353826,-0.6162790697674417,0.8139097744360901,-0.989983305509182,0.3178036605657238,0.0
0.6746746746746747,-0.8514447236180903,-0.6939489331934243,0.8615384615384616,0.44637681159420295,0.11380145278450364,0.445018069179143,-0.06360424028268552,0.6414904330312186,0.17080152671755724,-0.5048143053645117,0.37073707370737075,0.4824851288830139,-0.6547872340425532,0.7065587734241908,0.6904761904761905,-0.4962358845671267,-0.5205724508050089,0.843358395989975,-0.9015025041736228,-0.23294509151414314,0.0
0.6756756756756757,-0.7427763819095478,-0.6705141657922351,0.8106508875739645,0.518840579710145,0.12893462469733658,0.48838409912235414,0.245583038869258,0.7935548841893253,0.6927480916030534,-0.609353507565337,0.6160616061606161,0.5743555849306015,-0.6893617021276597,0.5651618398637138,0.1648351648351648,-0.4905897114178168,-0.5196779964221824,0.8076441102756892,-0.743322203672788,-0.38269550748752085,0.0
0.6766766766766766,-0.7861180904522613,-0.6124519062609304,0.8457593688362919,0.6623188405797102,0.20460048426150124,0.5245224574083635,0.18197879858657245,0.6102719033232629,0.2452290076335878,-0.24621733149931224,0.40264026402640263,0.5617977528089888,-0.5356382978723404,0.8109028960817717,0.5824175824175823,-0.5420326223337515,-0.6082289803220036,0.7763157894736842,-0.8518363939899833,0.44758735440931785,0.0
0.6776776776776777,-0.8269472361809045,-0.6019587268275621,0.9380670611439842,0.7557971014492754,0.3692493946731235,0.5534331440371709,0.9328621908127209,0.4471299093655589,0.18225190839694655,-0.38101788170563966,0.27502750275027504,0.33773959021810973,-0.574468085106383,0.8100511073253833,0.4725274725274725,-0.4893350062735257,-0.622540250447227,0.9185463659147869,-0.8787562604340569,0.38768718801996677,0.0
0.6786786786786787,-0.7854899497487436,-0.6685904162294508,0.8011834319526627,0.5833333333333334,0.4491525423728814,0.6066081569437274,0.24204946996466437,0.47230614300100704,0.44942748091603046,-0.5900962861072903,0.5786578657865786,0.6219431592861864,-0.6882978723404256,0.7367972742759796,0.5567765567765567,-0.36323713927227097,-0.6135957066189625,0.6040100250626566,-0.848914858096828,0.03327787021630616,0.0
0.6796796796796797,-0.8278894472361809,-0.611927247289262,0.8658777120315581,0.6956521739130435,0.42736077481840196,0.5172947857511616,0.2597173144876325,0.6938569989929506,0.6183206106870229,-0.4938101788170564,0.6611661166116611,0.39458030403172506,-0.698404255319149,0.682282793867121,-0.17216117216117216,-0.5790464240903388,-0.6207513416815741,0.6848370927318295,-0.8464106844741236,-0.2512479201331115,0.0
0.6806806806806807,-0.8605527638190955,-0.5968870234347674,0.9510848126232742,0.5347826086956522,0.6337772397094431,0.5441404233350542,0.3975265017667845,0.5881168177240684,0.43225190839694655,-0.27785419532324623,0.341034103410341,0.317911434236616,-0.8601063829787234,0.6511925042589438,0.24358974358974358,-0.4215809284818068,-0.7397137745974954,0.5964912280701754,-0.8036310517529216,0.24625623960066556,0.0
0.6816816816816816,-0.6969221105527638,-0.640083945435467,0.8244575936883628,0.6789855072463769,0.238498789346247,0.5973154362416108,0.23144876325088343,0.6666666666666667,0.5543893129770991,-0.6836313617606603,0.5610561056105611,0.5928618638466623,-0.7409574468085107,0.6465076660988075,-0.14285714285714285,-0.4228356336260979,-0.6055456171735242,0.5977443609022556,-0.7856844741235393,0.01497504159733777,0.0
0.6826826826826827,-0.7713567839195979,-0.7047918852745716,0.8627218934911242,0.6507246376811595,0.36380145278450365,0.5766649457924625,0.3127208480565371,0.6586102719033233,0.37595419847328243,-0.5268225584594223,0.5511551155115512,0.551883674818242,-0.8090425531914893,0.6622657580919932,0.5073260073260073,-0.39962358845671264,-0.481216457960644,0.862781954887218,-0.8013355592654424,-0.058236272878535784,0.0
0.6836836836836837,-0.7886306532663316,-0.5330535152151102,0.8919132149901381,0.5702898550724639,0.4219128329297821,0.4605059370160041,0.34098939929328625,0.4612286002014099,0.4007633587786259,-0.312242090784044,0.3806380638063806,0.38268341044282883,-0.6154255319148937,0.6626916524701875,0.08058608058608058,-0.424090338770389,-0.8273703041144901,0.7167919799498745,-0.818864774624374,0.07487520798668885,0.0
0.6846846846846847,-0.8103015075376884,-0.7173837005946135,0.9041420118343194,0.718840579710145,0.2282082324455206,0.6381001548786783,0.49646643109540645,0.6747230614300102,0.41412213740458015,-0.44704264099037144,0.5005500550055005,0.48975545274289495,-0.6191489361702127,0.7959965928449745,-0.05677655677655677,-0.5771643663739021,-0.39982110912343466,0.6303258145363408,-0.8464106844741236,0.7653910149750417,0.0
0.6856856856856857,-0.7113693467336684,-0.6878279118572928,0.9155818540433925,0.7565217391304349,0.12651331719128328,0.5890552400619514,0.45759717314487636,0.44108761329305135,0.3396946564885496,-0.5144429160935351,0.2673267326732673,0.48578982154659617,-0.6111702127659575,0.68824531516184,-0.4157509157509157,-0.4222082810539523,-0.6967799642218246,0.843984962406015,-0.7241235392320535,-0.21630615640599002,0.0
0.6866866866866866,-0.6834170854271356,-0.7717733473242393,0.9368836291913214,0.9391304347826088,0.7312348668280871,0.7527103768714507,0.5318021201413428,0.3716012084592145,0.291030534351145,-0.4346629986244842,0.41694169416941695,0.8169200264375414,-0.6797872340425533,0.6205281090289609,0.25457875457875456,-0.3462986198243413,-0.6923076923076923,0.7186716791979949,-0.7929883138564273,0.2312811980033278,0.0
0.6876876876876877,-0.6865577889447235,-0.7868135711787337,0.7479289940828402,0.682608695652174,0.6840193704600483,0.7010841507485803,0.14664310954063606,0.4169184290030211,0.325381679389313,-0.36588720770288863,0.297029702970297,0.5545274289491078,-0.6792553191489361,0.5821976149914821,0.37912087912087905,-0.3475533249686324,-0.5813953488372092,0.7800751879699248,-0.7581385642737897,0.1497504159733777,0.0
0.6886886886886887,-0.6991206030150753,-0.5774746414830361,0.9317554240631164,0.3934782608695653,0.6259079903147701,0.3056272586473929,0.5406360424028269,0.5216515609264855,0.20610687022900762,-0.5034387895460798,0.41804180418041803,0.3278255122273629,-0.8292553191489361,0.6162691652470188,0.4981684981684982,-0.3851944792973651,-0.8005366726296959,0.6547619047619047,-0.7116026711185309,-0.004991680532445923,0.0
0.6896896896896897,-0.8715452261306532,-0.81462049667716,0.8039447731755422,0.8166666666666668,0.5048426150121066,0.6835312338668044,0.02826855123674912,0.49345417925478346,0.30248091603053434,-0.6368638239339753,0.2046204620462046,0.5769993390614673,-0.8909574468085107,0.7857751277683135,0.07692307692307693,-0.5156838143036386,-0.7495527728085867,0.706140350877193,-0.8608096828046745,0.09983361064891846,0.0
0.6906906906906907,-0.7594221105527639,-0.6091290661070304,0.9443786982248521,0.6173913043478261,0.34806295399515735,0.5813113061435209,0.7049469964664312,0.40986908358509566,0.5381679389312977,-0.5337001375515819,0.594059405940594,0.5644415069398546,-0.7111702127659575,0.6409710391822828,0.2857142857142857,-0.4755332496863237,-0.793381037567084,0.7155388471177944,-0.830550918196995,0.15973377703826955,0.0
0.6916916916916916,-0.8300879396984924,-0.7091640433718083,0.8615384615384616,0.5666666666666668,0.4558111380145279,0.5312338668043366,-0.03356890459363958,0.6787512588116819,0.5658396946564885,-0.6409903713892711,0.5423542354235423,0.6021150033046927,-0.7542553191489362,0.6980408858603067,0.06959706959706959,-0.6254705144291092,-0.5751341681574239,0.768796992481203,-0.8441151919866444,0.19467554076539104,0.0
0.6926926926926927,-0.7804648241206029,-0.5335781741867787,0.9092702169625246,0.46014492753623193,0.4297820823244552,0.40939597315436244,0.5936395759717316,0.7109768378650554,0.6278625954198473,-0.8734525447042641,0.759075907590759,0.40251156642432256,-0.8265957446808512,0.7338160136286201,0.2747252747252747,-0.6718946047678794,-0.501788908765653,0.5927318295739348,-0.8109348914858098,-0.5623960066555741,0.0
0.6936936936936937,-0.8099874371859297,-0.5571878279118573,0.867455621301775,0.6304347826086957,0.47639225181598066,0.5276200309757356,0.6024734982332156,0.3635448136958711,0.27480916030534347,-0.5378266850068776,0.4488448844884488,0.543291473892928,-0.873936170212766,0.801107325383305,0.10805860805860805,-0.506900878293601,-0.7200357781753131,0.681077694235589,-0.8524624373956594,0.07986688851913477,0.0
0.6946946946946947,-0.7930276381909547,-0.7362714235746765,0.8804733727810651,0.6297101449275363,0.5750605326876513,0.509550851832731,0.17137809187279154,0.5720040281973816,0.3816793893129771,-0.2902338376891334,0.5654565456545655,0.6140118968935889,-0.676063829787234,0.7448892674616696,0.6501831501831501,-0.48055207026348806,-0.6896243291592128,0.6434837092731829,-0.8514190317195326,-0.1680532445923461,0.0
0.6956956956956957,-0.6809045226130653,-0.7387198321091291,0.8047337278106509,0.6717391304347827,0.475181598062954,0.7191533298915849,0.3886925795053004,0.7099697885196374,0.6020992366412213,-0.5570839064649244,0.7953795379537953,0.6946463978849967,-0.6787234042553192,0.6558773424190801,0.24175824175824176,-0.6624843161856964,-0.682468694096601,0.7424812030075187,-0.7737896494156928,0.03161397670549085,0.0
0.6966966966966966,-0.8511306532663316,-0.7528856243441763,0.955818540433925,0.7927536231884059,0.5883777239709443,0.7971089313371192,0.19257950530035337,0.8267875125881168,0.5725190839694656,-0.43603851444291614,0.8844884488448845,0.5069398545935229,-0.8404255319148937,0.6648211243611585,0.3205128205128205,-0.7471769134253451,-0.7728085867620751,0.7744360902255638,-0.8276293823038398,0.24792013311148087,0.0
0.6976976976976977,-0.6551507537688441,-0.7200069954529555,0.811439842209073,0.5456521739130435,0.3371670702179177,0.5859576664945793,0.1501766784452297,0.28700906344410876,0.3425572519083969,-0.5997248968363136,0.5104510451045104,0.5928618638466623,-0.4670212765957447,0.7482964224872232,0.19597069597069594,-0.43663739021329984,-0.795169946332737,0.8045112781954887,-0.8113522537562604,-0.32445923460898507,0.0
0.6986986986986987,-0.6325376884422109,-0.6267925848198671,0.9147928994082839,0.6340579710144928,0.7167070217917676,0.5136809499225606,0.34805653710247353,0.5861027190332326,0.22519083969465647,-0.6052269601100413,0.4312431243124312,0.7970918704560476,-0.7776595744680851,0.6558773424190801,0.5293040293040292,-0.41844416562107906,-0.5957066189624329,0.6522556390977443,-0.7729549248747913,-0.15640599001663893,0.0
0.6996996996996997,-0.7223618090452261,-0.677159846100035,0.8627218934911242,0.8159420289855073,0.9170702179176755,0.6530717604543107,0.06713780918727916,0.42497482376636453,0.5152671755725191,-0.44016506189821186,0.5753575357535754,0.7197620621282221,-0.8031914893617021,0.6584327086882453,0.2875457875457875,-0.3851944792973651,-0.6502683363148478,0.7180451127819548,-0.8232470784641068,-0.519134775374376,0.0
0.7007007007007007,-0.7079145728643216,-0.7628541448058762,0.8398422090729782,0.568840579710145,0.21731234866828086,0.5462054723799691,0.13957597173144878,0.6273917421953675,0.5896946564885496,-0.42778541953232463,0.7073707370737073,0.4038334434897555,-0.6781914893617021,0.5523850085178875,-0.07326007326007325,-0.17440401505646175,-0.6127012522361359,0.6422305764411027,-0.7372704507512521,-0.1281198003327787,0.0
0.7017017017017017,-0.7383793969849246,-0.7144106330884925,0.8587771203155818,0.6304347826086957,0.43825665859564167,0.5203923593185338,-0.26855123674911663,0.6586102719033233,0.5324427480916031,-0.8033012379642366,0.5368536853685368,0.8169200264375414,-0.8271276595744681,0.5945485519591142,-0.007326007326007326,-0.41468005018820575,-0.5277280858676207,0.7556390977443609,-0.7627295492487479,0.2612312811980033,0.0
0.7027027027027027,-0.8913316582914572,-0.5012242042672264,0.9207100591715977,0.5123188405797101,0.5587167070217918,0.4414042333505421,0.7031802120141344,0.8056394763343404,0.4293893129770992,-0.7730398899587346,0.7447744774477448,0.5135492399206875,-0.8202127659574469,0.7925894378194208,-0.04212454212454212,-0.7534504391468005,-0.6341681574239713,0.6766917293233082,-0.8808430717863106,0.3594009983361065,0.0
0.7037037037037037,-0.6972361809045227,-0.7962574326687653,0.8516765285996054,0.8949275362318841,0.42857142857142855,0.7867836861125451,0.16254416961130744,0.6203423967774421,0.28721374045801523,-0.2696011004126548,0.3124312431243124,0.6556510244547258,-0.5930851063829787,0.5919931856899489,0.04395604395604395,-0.3343789209535759,-0.6779964221824686,0.8458646616541353,-0.7443656093489149,0.8136439267886856,0.0
0.7047047047047047,-0.7977386934673366,-0.6497026932493879,0.9009861932938855,0.6173913043478261,0.28450363196125905,0.5307176045431079,0.27915194346289757,0.5387713997985901,0.49904580152671757,-0.3933975240715268,0.49174917491749176,0.34236615994712494,-0.6186170212765958,0.7278534923339013,0.19963369963369962,-0.4836888331242158,-0.6386404293381037,0.7619047619047619,-0.8712437395659433,0.2545757071547421,0.0
0.7057057057057057,-0.739321608040201,-0.6479538300104932,0.8603550295857988,0.6384057971014493,0.3250605326876514,0.6091894682498709,0.053003533568904596,0.8056394763343404,0.19083969465648856,-0.4332874828060523,0.40484048404840484,0.23331130204890946,-0.7574468085106383,0.651618398637138,0.30586080586080583,-0.5840652446675031,-0.5554561717352414,0.8101503759398495,-0.7107679465776294,0.49417637271214643,0.0
0.7067067067067067,-0.7308417085427135,-0.9125568380552641,0.8232741617357002,0.791304347826087,0.6192493946731235,0.7496128033040784,-0.08303886925795054,0.6837865055387714,0.49427480916030536,-0.624484181568088,0.5731573157315731,0.8347653668208856,-0.7250000000000001,0.723168654173765,0.49267399267399264,-0.589711417816813,-0.7656529516994632,0.7493734335839598,-0.8203255425709516,0.18136439267886856,0.0
0.7077077077077077,-0.5405150753768844,-0.6509268975166141,0.8741617357001973,0.5492753623188407,0.4340193704600484,0.5240061951471346,0.5636042402826855,0.6858006042296073,0.6402671755725191,-0.5075653370013755,0.7337733773377338,0.7197620621282221,-0.573936170212766,0.546848381601363,0.35531135531135527,-0.45232120451693847,-0.6574239713774597,0.6735588972431077,-0.6788397328881469,-0.02995008319467554,0.0
0.7087087087087087,-0.8976130653266331,-0.6677159846100035,0.8966469428007889,0.5717391304347826,0.27481840193704604,0.6014455343314403,0.2031802120141343,0.7260825780463243,0.4389312977099237,-0.8198074277854195,0.4367436743674368,0.566424322538004,-0.8473404255319149,0.6856899488926746,0.06043956043956044,-0.6411543287327478,-0.5849731663685152,0.6904761904761905,-0.8668614357262103,-0.086522462562396,0.0
0.7097097097097097,-0.8580402010050251,-0.8427771948233648,0.9072978303747533,0.8659420289855073,0.26210653753026636,0.6437790397521942,-0.13074204946996468,0.6022155085599195,0.38263358778625955,-0.5213204951856947,0.5412541254125413,0.49702577660277597,-0.722340425531915,0.737649063032368,-0.20146520146520144,-0.5545796737766625,-0.6010733452593917,0.87531328320802,-0.8923205342237062,0.0033277870216306157,0.0
0.7107107107107107,-0.7116834170854272,-0.7193074501573977,0.8106508875739645,0.668840579710145,0.5193704600484261,0.5952503871966959,0.23321554770318023,0.6283987915407855,0.5811068702290076,-0.5089408528198074,0.5775577557755776,0.5175148711169861,-0.7547872340425532,0.6465076660988075,0.32600732600732596,-0.4993726474278545,-0.5626118067978533,0.6096491228070176,-0.7435308848080134,-0.043261231281198,0.0
0.7117117117117117,-0.7408919597989949,-0.7224554039874083,0.8568047337278106,0.7202898550724638,0.5484261501210654,0.7098606091894683,0.5176678445229682,0.7411883182275931,0.7633587786259542,-0.40715268225584594,0.6534653465346534,0.6318572372769332,-0.699468085106383,0.4765758091993186,0.21428571428571427,-0.5457967377666249,-0.48389982110912344,0.8527568922305764,-0.7470784641068448,0.19966722129783693,0.0
0.7127127127127127,-0.5885678391959799,-0.6892270024484085,0.8323471400394477,0.5362318840579711,0.42433414043583534,0.47547754259163655,-0.0618374558303887,0.42799597180261834,0.6145038167938931,-0.515818431911967,0.7491749174917492,0.5941837409120952,-0.5367021276595745,0.5783645655877343,0.4249084249084249,-0.36072772898368877,-0.6386404293381037,0.6553884711779449,-0.6907345575959933,-0.043261231281198,0.0
0.7137137137137137,-0.9211683417085426,-0.75166142007695,0.9084812623274161,0.6920289855072465,0.39164648910411626,0.6897263810015488,0.14487632508833925,0.3716012084592145,0.3101145038167939,-0.5900962861072903,0.4653465346534653,0.5763384005287508,-0.7010638297872341,0.8956558773424192,0.3021978021978022,-0.6148055207026348,-0.793381037567084,0.8615288220551378,-0.9872704507512521,-0.30782029950083195,0.0
0.7147147147147147,-0.8442211055276382,-0.5423224903812521,0.8710059171597634,0.5594202898550725,0.7336561743341404,0.5363964894166235,0.6413427561837456,0.7119838872104732,0.23759541984732824,-0.5103163686382394,0.5742574257425742,0.39127561136814276,-0.8303191489361702,0.7687393526405452,0.6703296703296703,-0.6304893350062735,-0.6216457960644006,0.6240601503759398,-0.8403589315525877,0.5174708818635607,0.0
0.7157157157157157,-0.8608668341708543,-0.8226652675760755,0.9514792899408283,0.6485507246376813,0.1440677966101695,0.6122870418172431,0.12720848056537104,0.5629405840886204,0.45324427480916024,-0.4855570839064649,0.5489548954895489,0.4732319894249835,-0.6218085106382979,0.8015332197614992,-0.15934065934065933,-0.6756587202007528,-0.6010733452593917,0.8840852130325815,-0.8908597662771286,-0.09650582362728787,0.0
0.7167167167167167,-0.7685301507537688,-0.5575376005596363,0.9061143984220907,0.5086956521739131,0.36985472154963683,0.5813113061435209,0.6643109540636043,0.5226586102719033,0.2967557251908397,-0.42090784044016505,0.3124312431243124,0.4097818902842036,-0.624468085106383,0.7342419080068143,0.19413919413919412,-0.3638644918444165,-0.7021466905187835,0.7211779448621554,-0.8034223706176962,0.36938435940099834,0.0
0.7177177177177178,-0.8338567839195978,-0.627492130115425,0.8161735700197238,0.7615942028985507,0.33050847457627125,0.5771812080536913,0.7155477031802121,0.770392749244713,0.525763358778626,-0.5708390646492435,0.66996699669967,0.5327164573694647,-0.7617021276595745,0.764054514480409,0.45421245421245415,-0.7547051442910916,-0.462432915921288,0.8013784461152881,-0.8459933222036728,-0.18635607321131448,0.0
0.7187187187187187,-0.7496859296482412,-0.7266526757607555,0.8449704142011834,0.5594202898550725,0.2070217917675545,0.574083634486319,0.04063604240282686,0.581067472306143,0.3893129770992366,-0.5460797799174691,0.37073707370737075,0.6232650363516193,-0.5946808510638298,0.7176320272572403,0.1978021978021978,-0.48180677540777916,-0.6690518783542039,0.7305764411027568,-0.8042570951585977,0.31114808652246256,0.0
0.7197197197197197,-0.7795226130653267,-0.8153200419727177,0.811439842209073,0.6036231884057971,0.47457627118644075,0.6912751677852349,-0.02473498233215548,0.4018126888217523,0.45324427480916024,-0.3865199449793673,0.34763476347634764,0.38202247191011235,-0.6335106382978724,0.7670357751277683,-0.2857142857142857,-0.3506900878293601,-0.8425760286225401,0.6597744360902255,-0.8558013355592655,0.2995008319467554,0.0
0.7207207207207207,-0.7836055276381909,-0.6626442812172089,0.8504930966469428,0.5623188405797102,0.5423728813559322,0.5947341249354672,0.12190812720848059,0.35347432024169184,0.10400763358778625,-0.720770288858322,0.28822882288228824,0.5571711830799736,-0.7457446808510638,0.7342419080068143,0.38827838827838823,-0.4454203262233375,-0.6279069767441859,0.7832080200501252,-0.8731218697829717,-0.38435940099833615,0.0
0.7217217217217218,-0.827575376884422,-0.608954179783141,0.9021696252465482,0.555072463768116,0.6283292978208233,0.572534847702633,0.2897526501766785,0.46223564954682783,0.3463740458015267,-0.5460797799174691,0.581958195819582,0.434897554527429,-0.7909574468085108,0.7551107325383305,0.358974358974359,-0.5269761606022584,-0.682468694096601,0.6785714285714285,-0.9067195325542571,-0.22129783693843597,0.0
0.7227227227227228,-0.861180904522613,-0.7004197271773347,0.8635108481262327,0.6239130434782609,0.43523002421307505,0.565307176045431,0.519434628975265,0.6505538771399799,0.5248091603053435,-0.6341127922971115,0.583058305830583,0.6649041639127562,-0.7718085106382979,0.7367972742759796,0.3717948717948718,-0.7465495608531995,-0.610912343470483,0.6954887218045113,-0.8510016694490818,0.03826955074875208,0.0
0.7237237237237237,-0.7547110552763818,-0.7883875480937391,0.7999999999999999,0.9173913043478261,0.3407990314769976,0.692823954568921,0.31625441696113077,0.4340382678751259,0.3291984732824427,-0.31636863823933975,0.3641364136413641,0.6873760740251157,-0.7494680851063831,0.7397785349233391,0.07326007326007325,-0.486198243412798,-0.5581395348837209,0.8533834586466166,-0.8194908180300501,0.3211314475873544,0.0
0.7247247247247247,-0.8966708542713567,-0.6255683805526407,0.919921104536489,0.46086956521739136,0.09200968523002422,0.47909137842023747,0.25618374558303886,0.7069486404833837,0.3463740458015267,-0.48005502063273725,0.570957095709571,0.35822868473231995,-0.5893617021276597,0.8062180579216355,0.30952380952380953,-0.7076537013801756,-0.6368515205724508,0.7512531328320802,-0.8762520868113522,0.16139767054908488,0.0
0.7257257257257257,-0.8542713567839196,-0.6030080447708989,0.8007889546351084,0.5840579710144929,0.2784503631961259,0.525038719669592,0.3445229681978799,0.701913393756294,0.43702290076335876,-0.23383768913342506,0.49174917491749176,0.48380700594844683,-0.5851063829787235,0.6805792163543442,0.2692307692307692,-0.5539523212045169,-0.7701252236135956,0.6109022556390977,-0.8837646076794659,0.4658901830282863,0.0
0.7267267267267268,-0.9610552763819095,-0.7408184679958026,0.9518737672583825,0.7202898550724638,0.48970944309927367,0.7387712958182757,0.35689045936395764,0.5287009063444109,0.5858778625954199,-0.6643741403026134,0.5720572057205721,0.5241242564441507,-0.7909574468085108,0.8304940374787053,0.0,-0.7227101631116687,-0.6592128801431126,0.6829573934837093,-0.9465776293823038,-0.5224625623960066,0.0
0.7277277277277278,-0.7958542713567838,-0.7217558586918502,0.7905325443786981,0.4753623188405798,0.6416464891041163,0.5900877645844089,0.3286219081272085,0.730110775427996,0.39980916030534347,-0.6547455295735901,0.6644664466446645,0.49438202247191015,-0.7090425531914893,0.7001703577512777,0.20879120879120877,-0.5250941028858218,-0.5554561717352414,0.7644110275689222,-0.853923205342237,-0.13976705490848587,0.0
0.7287287287287287,-0.8530150753768845,-0.6037075900664568,0.8252465483234714,0.6920289855072465,0.4515738498789346,0.5761486835312339,0.35512367491166086,0.7069486404833837,0.4561068702290076,-0.8253094910591472,0.6303630363036303,0.7111698612029083,-0.7893617021276597,0.7925894378194208,-0.10622710622710622,-0.8350062735257214,-0.6556350626118067,0.6923558897243107,-0.8729131886477463,-0.019966722129783693,0.0
0.7297297297297297,-0.7644472361809045,-0.7219307450157398,0.832741617357002,0.6775362318840581,0.6210653753026635,0.6659783169850284,0.23144876325088343,0.3373615307150051,0.3654580152671756,-0.297111416781293,0.5071507150715071,0.5188367481824191,-0.5691489361702128,0.7879045996592846,0.13553113553113552,-0.4811794228356336,-0.849731663685152,0.8176691729323308,-0.8868948247078464,0.19301164725457573,0.0
0.7307307307307307,-0.6915829145728642,-0.7796432318992655,0.8990138067061143,0.6797101449275362,0.5502421307506054,0.6670108415074858,0.1236749116607774,0.5619335347432025,0.5429389312977099,-0.4855570839064649,0.5423542354235423,0.6470588235294118,-0.6202127659574468,0.6422487223168655,0.21794871794871792,-0.3224592220828105,-0.6520572450805008,0.7117794486215537,-0.7677378964941569,0.2978369384359401,0.0
0.7317317317317318,-0.6626884422110552,-0.6841552990556138,0.8982248520710059,0.6623188405797102,0.36319612590799033,0.6040268456375838,0.3091872791519435,0.5327291037260826,0.44942748091603046,-0.28060522696011003,0.5159515951595159,0.5406477197620622,-0.6617021276595745,0.659710391822828,0.2161172161172161,-0.4698870765370138,-0.573345259391771,0.731203007518797,-0.7587646076794659,0.6605657237936773,0.0
0.7327327327327328,-0.8175251256281407,-0.7119622245540398,0.8903353057199211,0.6782608695652175,0.10472154963680387,0.696437790397522,0.48763250883392234,0.8459214501510574,0.38645038167938933,-0.4332874828060523,0.4367436743674368,0.4170522141440846,-0.7191489361702128,0.7197614991482113,0.20879120879120877,-0.7227101631116687,-0.5026833631484794,0.6917293233082707,-0.7833889816360601,0.2562396006655574,0.0
0.7337337337337337,-0.7873743718592965,-0.8396292409933543,0.8686390532544378,0.6731884057971015,0.1053268765133172,0.6659783169850284,-0.08480565371024736,0.5720040281973816,0.1898854961832061,-0.297111416781293,0.4312431243124312,0.47058823529411764,-0.6617021276595745,0.8479557069846679,0.35347985347985345,-0.5872020075282308,-0.7513416815742396,0.8020050125313283,-0.8868948247078464,0.5058236272878536,0.0
0.7347347347347347,-0.8008793969849245,-0.6007345225603358,0.886785009861933,0.5471014492753624,0.32808716707021796,0.5704697986577181,0.39222614840989406,0.5488418932527694,0.4561068702290076,-0.6299862448418158,0.4664466446644664,0.36748182419035036,-0.6207446808510639,0.770442930153322,0.05860805860805861,-0.589711417816813,-0.7504472271914131,0.744360902255639,-0.8015442404006679,-0.3277870216306157,0.0
0.7357357357357357,-0.9962311557788944,-0.6759356418328087,0.8390532544378697,0.6978260869565218,0.2984261501210654,0.6365513680949922,0.4893992932862192,0.622356495468278,0.05438931297709924,-0.5268225584594223,0.23982398239823982,0.5346992729676141,-0.6351063829787235,0.8121805792163544,0.3681318681318681,-0.6091593475533249,-0.5268336314847942,0.7756892230576441,-0.9780884808013357,0.17637271214642264,0.0
0.7367367367367368,-0.5753768844221105,-0.8189926547743966,0.8429980276134121,0.6862318840579711,0.6368038740920098,0.7227671657201857,0.2296819787985866,0.3816717019133938,0.5095419847328244,-0.5350756533700138,0.49174917491749176,0.683410442828817,-0.8074468085106383,0.4987223168654174,0.47435897435897434,-0.34127979924717694,-0.5688729874776386,0.7713032581453634,-0.718906510851419,0.15973377703826955,0.0
0.7377377377377378,-0.7945979899497486,-0.555613850996852,0.9021696252465482,0.641304347826087,0.5605326876513318,0.4661848218895199,0.47879858657243823,0.8086606243705942,0.32824427480916024,-0.4126547455295736,0.4532453245324532,0.4084600132187707,-0.8154255319148936,0.6499148211243612,0.4304029304029304,-0.5087829360100377,-0.5769230769230769,0.6215538847117794,-0.7443656093489149,0.34775374376039936,0.0
0.7387387387387387,-0.7569095477386935,-0.5704791885274572,0.8942800788954635,0.5384057971014493,0.9437046004842615,0.4331440371708828,0.39929328621908133,0.877139979859013,0.6192748091603053,-0.5199449793672627,0.8492849284928493,0.5624586913417052,-1.0,0.6984667802385008,0.11904761904761904,-0.7239648682559597,-0.5080500894454382,0.5933583959899749,-0.775459098497496,-0.5956738768718802,0.0
0.7397397397397397,-0.856469849246231,-0.7378454004896817,0.8489151873767259,0.7210144927536233,0.4297820823244552,0.7026329375322664,0.1590106007067138,0.7532729103726082,0.258587786259542,-0.5570839064649244,0.36303630363036304,0.5611368142762724,-0.7558510638297873,0.6605621805792163,0.2454212454212454,-0.5708908406524467,-0.4803220035778175,0.6522556390977443,-0.8196994991652755,0.4792013311148086,0.0
0.7407407407407407,-0.8787688442211055,-0.7952081147254284,0.9345167652859961,0.6282608695652174,0.43341404358353514,0.6189984512132163,0.1607773851590106,0.5881168177240684,0.6650763358778625,-0.8005502063273727,0.539053905390539,0.6232650363516193,-0.8148936170212766,0.8620102214650767,0.11355311355311354,-0.6731493099121706,-0.5277280858676207,0.7149122807017544,-0.9305091819699499,-0.3344425956738769,0.0
0.7417417417417418,-0.7547110552763818,-0.7817418677859391,0.7980276134122288,0.7985507246376813,0.2584745762711865,0.7878162106350026,0.14664310954063606,0.5770392749244713,0.36354961832061067,-0.5240715268225585,0.5225522552255225,0.6265697290152016,-0.6606382978723404,0.700596252129472,0.05677655677655677,-0.48306148055207027,-0.6323792486583183,0.7926065162907268,-0.833889816360601,0.5856905158069884,0.0
0.7427427427427428,-0.7716708542713567,-0.5970619097586569,0.8725838264299803,0.6630434782608696,0.4491525423728814,0.5973154362416108,0.6342756183745584,0.6102719033232629,0.22900763358778625,-0.4814305364511692,0.3443344334433443,0.5968274950429611,-0.6946808510638298,0.641396933560477,0.1227106227106227,-0.3964868255959849,-0.6735241502683362,0.5971177944862155,-0.7798414023372288,0.19800332778702162,0.0
0.7437437437437437,-0.9126884422110553,-0.6568730325288562,0.9045364891518738,0.6028985507246377,0.6410411622276029,0.5776974703149199,0.5742049469964665,0.541792547834844,0.3015267175572519,-0.657496561210454,0.5665566556655666,0.403172504957039,-0.9015957446808511,0.7644804088586031,0.021978021978021976,-0.5483061480552069,-0.6592128801431126,0.7412280701754386,-0.9159015025041737,0.09983361064891846,0.0
0.7447447447447447,-0.9152010050251256,-0.6033578174186779,0.8504930966469428,0.5695652173913044,0.33898305084745767,0.5178110480123902,0.1607773851590106,0.7250755287009063,0.4456106870229008,-0.18844566712517197,0.4829482948294829,0.3113020489094514,-0.7058510638297872,0.6980408858603067,0.26190476190476186,-0.5928481806775407,-0.39355992844364934,0.7023809523809523,-0.8724958263772955,0.20465890183028287,0.0
0.7457457457457457,-0.7509422110552764,-0.664917803427772,0.8603550295857988,0.7630434782608696,0.38861985472154964,0.6654620547237996,0.053003533568904596,0.6847935548841894,0.4293893129770992,-0.5144429160935351,0.6413641364136413,0.6100462656972903,-0.5521276595744682,0.7052810902896082,0.304029304029304,-0.47929736511919696,-0.6574239713774597,0.7869674185463659,-0.8280467445742905,0.10981697171381033,0.0
0.7467467467467468,-0.7145100502512562,-0.7443161944735922,0.8583826429980276,0.6920289855072465,0.4400726392251816,0.7010841507485803,0.24028268551236753,0.5639476334340383,0.2099236641221374,-0.3466299862448418,0.4015401540154015,0.5261070720423001,-0.6170212765957447,0.5481260647359455,0.018315018315018312,-0.3017565872020075,-0.5751341681574239,0.7844611528822055,-0.7739983305509183,0.2545757071547421,0.0
0.7477477477477478,-0.7386934673366833,-0.7233298356068556,0.7684418145956606,0.6014492753623188,0.6707021791767556,0.5849251419721219,0.20671378091872794,0.6344410876132931,0.5877862595419847,-0.4965612104539202,0.7392739273927393,0.5274289491077331,-0.8308510638297874,0.7372231686541738,0.4267399267399267,-0.6248431618569635,-0.6270125223613595,0.6892230576441103,-0.8186560934891486,-0.2312811980033278,0.0
0.7487487487487487,-0.8548994974874371,-0.6713885974116824,0.8895463510848125,0.5840579710144929,0.43341404358353514,0.623128549303046,0.1696113074204947,0.6163141993957704,0.39885496183206104,-0.53232462173315,0.5456545654565457,0.34104428288169203,-0.774468085106383,0.7691652470187395,0.1868131868131868,-0.6135508155583438,-0.6538461538461537,0.7863408521303257,-0.8720784641068449,0.036605657237936774,0.0
0.7497497497497497,-0.7930276381909547,-0.6299405386498775,0.9124260355029586,0.5224637681159421,0.030266343825665863,0.495611770779556,0.26855123674911663,0.3987915407854985,0.20610687022900762,-0.4456671251719395,0.4213421342134213,0.4342366159947125,-0.525,0.7563884156729132,0.35531135531135527,-0.5426599749058971,-0.6359570661896242,0.7211779448621554,-0.8825125208681136,-0.07487520798668885,0.0
0.7507507507507507,-0.7559673366834171,-0.6657922350472193,0.8978303747534515,0.6992753623188406,0.2778450363196126,0.6308724832214765,0.35689045936395764,0.798590130916415,0.5448473282442747,-0.21045392022008252,0.5786578657865786,0.4699272967614012,-0.5590425531914893,0.6337308347529813,0.5219780219780219,-0.6204516938519448,-0.6806797853309481,0.8966165413533834,-0.7813021702838064,0.5574043261231282,0.0
0.7517517517517518,-0.6202889447236181,-0.6624693948933194,0.805128205128205,0.5463768115942029,0.5145278450363197,0.5317501290655653,0.0795053003533569,0.2668680765357503,0.2652671755725191,-0.8555708390646493,0.2662266226622662,0.8658294778585592,-0.7106382978723405,0.6103066439522998,-0.10989010989010987,-0.28419071518193223,-0.8703041144901609,0.7155388471177944,-0.7589732888146912,-0.15474209650582363,0.0
0.7527527527527528,-0.6900125628140703,-0.8438265127667017,0.8568047337278106,0.49565217391304356,0.2288135593220339,0.678884873515746,-0.09010600706713781,0.3776435045317221,0.24141221374045801,-0.6066024759284732,0.2585258525852585,0.5941837409120952,-0.6574468085106383,0.7610732538330495,0.06043956043956044,-0.38770388958594726,-0.8407871198568871,0.8020050125313283,-0.7835976627712855,0.6039933444259568,0.0
0.7537537537537538,-0.9274497487437185,-0.630814970269325,0.8717948717948717,0.6043478260869566,0.26573849878934624,0.4780588538977801,0.26855123674911663,0.5760322255790533,0.4293893129770992,-0.594222833562586,0.6039603960396039,0.44481163251817585,-0.6271276595744681,0.8807495741056219,0.22893772893772893,-0.7628607277289836,-0.6529516994633273,0.7969924812030075,-0.9730801335559266,0.10815307820299501,0.0
0.7547547547547547,-0.6906407035175879,-0.6685904162294508,0.7861932938856016,0.7086956521739131,0.2106537530266344,0.5797625193598348,-0.12190812720848059,0.7724068479355488,0.3702290076335878,-0.7015130674002751,0.40484048404840484,0.5756774619960344,-0.6957446808510639,0.590289608177172,-0.05494505494505494,-0.5671267252195734,-0.5044722719141322,0.787593984962406,-0.7151502504173624,0.173044925124792,0.0
0.7557557557557557,-0.8545854271356784,-0.7600559636236447,0.8560157790927021,0.7427536231884058,0.11682808716707023,0.6277749096541042,-0.2385159010600707,0.5568982880161129,0.3711832061068702,-0.5859697386519945,0.3795379537953795,0.5604758757435558,-0.6340425531914894,0.7193356047700171,0.06593406593406592,-0.5564617314930991,-0.665474060822898,0.7825814536340853,-0.8666527545909849,-0.03494176372712147,0.0
0.7567567567567568,-0.9365577889447236,-0.6124519062609304,0.9175542406311636,0.477536231884058,0.19249394673123488,0.48838409912235414,0.2879858657243817,0.729103726082578,0.0849236641221374,-0.4154057771664374,0.36743674367436746,0.35558493060145413,-0.674468085106383,0.784497444633731,0.3663003663003663,-0.5370138017565872,-0.5992844364937387,0.7619047619047619,-0.8992070116861436,0.5291181364392679,0.0
0.7577577577577578,-0.7883165829145727,-0.7147604057362714,0.8595660749506903,0.660144927536232,-0.024818401937046007,0.6060918946824987,0.42049469964664316,0.6283987915407855,-0.034351145038167934,-0.577716643741403,0.0979097909790979,0.5208195637805685,-0.6696808510638298,0.7350936967632028,0.19597069597069594,-0.5947302383939773,-0.6314847942754919,0.731203007518797,-0.7863105175292153,0.6522462562396008,0.0
0.7587587587587588,-0.8024497487437185,-0.7093389296956978,0.8086785009861932,0.5239130434782608,0.44188861985472155,0.6778523489932885,0.17491166077738518,0.5448136958710977,-0.07538167938931298,-0.5694635488308115,0.3047304730473048,0.4322538003965632,-0.7047872340425532,0.7304088586030665,0.5641025641025641,-0.5382685069008782,-0.6735241502683362,0.7005012531328321,-0.8330550918196995,0.41430948419301167,0.0
0.7597597597597597,-0.7609924623115578,-0.6855543896467297,0.867455621301775,0.7021739130434783,0.6077481840193705,0.5751161590087764,0.5017667844522968,0.6686807653575025,0.4150763358778626,-0.32049518569463553,0.45434543454345433,0.4130865829477859,-0.7771276595744682,0.6345826235093697,0.26007326007326004,-0.4962358845671267,-0.6744186046511628,0.7230576441102756,-0.7921535893155258,0.2945091514143095,0.0
0.7607607607607607,-0.7415201005025126,-0.7289261979713186,0.9242603550295857,0.6043478260869566,0.14709443099273609,0.678884873515746,0.25618374558303886,0.7401812688821752,0.2280534351145038,-0.547455295735901,0.25192519251925194,0.5062789160608064,-0.5755319148936171,0.7265758091993186,0.22893772893772893,-0.5646173149309912,-0.5116279069767441,0.6967418546365916,-0.7831803005008348,0.5873544093178037,0.0
0.7617617617617618,-0.591394472361809,-0.9496327387198321,0.7668639053254437,0.827536231884058,0.337772397094431,0.821889519876097,-0.08657243816254417,0.5045317220543807,0.40362595419847325,-0.3865199449793673,0.6523652365236523,0.7706543291473893,-0.5473404255319149,0.7014480408858603,0.25641025641025644,-0.5,-0.7522361359570661,0.7913533834586465,-0.7414440734557596,0.028286189683860236,0.0
0.7627627627627628,-0.8369974874371859,-0.5512416928996152,0.84930966469428,0.6811594202898551,0.37469733656174337,0.5735673722250904,0.6855123674911662,0.594159113796576,0.564885496183206,-0.6740027510316369,0.6688668866886688,0.5287508261731659,-0.7574468085106383,0.6656729131175468,0.35714285714285715,-0.411543287327478,-0.5894454382826475,0.744360902255639,-0.8518363939899833,-0.2079866888519135,0.0
0.7637637637637638,-0.666143216080402,-0.792060160895418,0.8280078895463511,0.7065217391304348,0.5060532687651331,0.7330924109447599,0.3886925795053004,0.690835850956697,0.48759541984732824,-0.48830811554332876,0.7205720572057206,0.7243886318572373,-0.8297872340425533,0.641396933560477,0.031135531135531136,-0.513801756587202,-0.5751341681574239,0.8389724310776941,-0.7278797996661102,0.1048252911813644,0.0
0.7647647647647647,-0.8467336683417086,-0.6225953130465198,0.9155818540433925,0.5521739130434783,0.20096852300242132,0.5446566855962829,0.3816254416961131,0.6455186304128903,0.38835877862595414,-0.3631361760660248,0.33003300330033003,0.4077990746860542,-0.6925531914893618,0.6375638841567293,0.14835164835164835,-0.28293601003764113,-0.59391771019678,0.6384711779448621,-0.8585141903171953,0.3444259567387687,0.0
0.7657657657657657,-0.9623115577889447,-0.6437565582371458,0.9428007889546351,0.7144927536231884,0.5139225181598063,0.6350025813113062,0.4169611307420495,0.5377643504531723,0.4856870229007633,-0.6973865199449794,0.5577557755775577,0.40449438202247195,-0.8058510638297872,0.8679727427597955,0.20695970695970695,-0.7101631116687578,-0.725402504472272,0.656641604010025,-0.9989565943238732,-0.6821963394342762,0.0
0.7667667667667668,-0.6516959798994975,-0.7548093739069605,0.8039447731755422,0.7797101449275363,0.4079903147699758,0.7315436241610738,0.12720848056537104,0.6445115810674723,0.5133587786259542,-0.6740027510316369,0.5577557755775577,0.7904824851288831,-0.6101063829787234,0.6567291311754685,0.25457875457875456,-0.4811794228356336,-0.7522361359570661,0.7807017543859649,-0.7735809682804674,-0.17970049916805325,0.0
0.7677677677677678,-0.7974246231155779,-0.5958377054914306,0.8745562130177514,0.5623188405797102,0.33837772397094434,0.4367578729994837,0.5459363957597173,0.6475327291037261,0.4007633587786259,-0.6781292984869326,0.5434543454345434,0.5076007931262393,-0.7941489361702129,0.6988926746166951,0.40109890109890106,-0.5282308657465495,-0.6690518783542039,0.7293233082706766,-0.7998747913188649,-0.2878535773710482,0.0
0.7687687687687688,-0.8011934673366834,-0.6815320041972718,0.8240631163708086,0.5398550724637682,0.38075060532687655,0.4945792462570986,-0.053003533568904596,0.47734138972809664,0.5467557251908396,-0.2764786795048143,0.4752475247524752,0.38334434897554526,-0.6452127659574469,0.7487223168654175,0.2655677655677655,-0.5796737766624843,-0.70304114490161,0.8120300751879699,-0.8528797996661102,-0.03161397670549085,0.0
0.7697697697697697,-0.9035804020100502,-0.5626093039524309,0.8678500986193294,0.5572463768115943,0.24455205811138017,0.5012906556530717,0.3745583038869258,0.5921450151057401,0.383587786259542,-0.5873452544704264,0.3355335533553355,0.5148711169861203,-0.7579787234042554,0.8087734241908008,0.16300366300366298,-0.8155583437892095,-0.6940966010733453,0.6591478696741855,-0.881051752921536,-0.036605657237936774,0.0
0.7707707707707707,-0.6991206030150753,-0.8441762854144805,0.8094674556213017,0.727536231884058,0.016343825665859565,0.7387712958182757,0.09893992932862192,0.729103726082578,0.34541984732824427,-0.4126547455295736,0.5742574257425742,0.5842696629213484,-0.5691489361702128,0.5821976149914821,-0.12637362637362637,-0.3933500627352572,-0.4847942754919499,0.7280701754385964,-0.7224540901502505,0.1663893510815308,0.0
0.7717717717717718,-0.7314698492462312,-0.6140258831759356,0.8603550295857988,0.4905797101449276,0.4642857142857143,0.4042333505420754,0.026501766784452298,0.649546827794562,0.5543893129770991,-0.5969738651994498,0.7458745874587459,0.5062789160608064,-0.6893617021276597,0.7431856899488928,0.06410256410256411,-0.7691342534504391,-0.48389982110912344,0.8552631578947368,-0.8073873121869783,-0.18302828618968386,0.0
0.7727727727727728,-0.7952261306532663,-0.6432318992654774,0.8765285996055227,0.8123188405797102,0.2179176755447942,0.6954052658750645,0.5035335689045937,0.6273917421953675,0.3187022900763359,-0.5543328748280606,0.5192519251925192,0.5974884335756775,-0.5308510638297873,0.7798126064735946,0.45787545787545786,-0.691969887076537,-0.573345259391771,0.7944862155388471,-0.8601836393989983,0.2878535773710482,0.0
0.7737737737737738,-0.8439070351758793,-0.7023434767401189,0.8485207100591715,0.6057971014492753,0.2675544794188862,0.6081569437274135,0.333922261484099,0.8741188318227593,0.3234732824427481,-0.5667125171939477,0.5720572057205721,0.4950429610046266,-0.7143617021276596,0.7112436115843271,0.3333333333333333,-0.6900878293601004,-0.44454382826475847,0.7305764411027568,-0.8363939899833055,0.3161397670549085,0.0
0.7747747747747747,-0.6451005025125627,-0.8001049317943337,0.8007889546351084,0.5869565217391305,0.07142857142857142,0.5720185854414043,-0.19787985865724383,0.9375629405840886,0.5515267175572518,-0.4346629986244842,0.8085808580858085,0.6543291473892928,-0.45585106382978724,0.5630323679727428,0.14102564102564102,-0.6141781681304893,-0.5840787119856887,0.8063909774436089,-0.7057595993322204,0.28119800332778705,0.0
0.7757757757757757,-0.8527010050251256,-0.657922350472193,0.8994082840236685,0.6253623188405798,0.3922518159806296,0.5632421270005162,0.5477031802120141,0.34642497482376633,0.642175572519084,-0.6107290233837689,0.48184818481848185,0.5399867812293456,-0.7324468085106384,0.7776831345826236,0.05128205128205128,-0.5520702634880803,-0.6681574239713773,0.7343358395989974,-0.8944073455759599,-0.24625623960066556,0.0
0.7767767767767768,-0.8677763819095476,-0.6357117873382301,0.8145956607495068,0.5579710144927537,0.25181598062953997,0.4661848218895199,0.27915194346289757,0.7371601208459214,0.5276717557251909,-0.3081155433287483,0.7480748074807481,0.5922009253139459,-0.5638297872340426,0.7563884156729132,0.1465201465201465,-0.7352572145545796,-0.5295169946332736,0.7713032581453634,-0.9019198664440735,-0.19966722129783693,0.0
0.7777777777777778,-0.7631909547738693,-0.7446659671213711,0.8418145956607495,0.6297101449275363,0.6004842615012107,0.6479091378420236,0.02120141342756184,0.7653575025176234,0.6994274809160305,-0.47730398899587345,0.8129812981298129,0.550561797752809,-0.7606382978723404,0.712947189097104,0.13369963369963367,-0.6210790464240903,-0.5840787119856887,0.7324561403508771,-0.7714941569282138,0.18469217970049917,0.0
0.7787787787787788,-0.7776381909547738,-0.6538999650227352,0.8473372781065088,0.5521739130434783,0.3268765133171913,0.5776974703149199,0.42756183745583043,0.49345417925478346,0.38740458015267176,-0.5997248968363136,0.3641364136413641,0.573694646397885,-0.698936170212766,0.7010221465076661,0.07142857142857142,-0.5100376411543287,-0.569767441860465,0.5532581453634084,-0.8244991652754592,-0.0016638935108153079,0.0
0.7797797797797797,-0.7958542713567838,-0.5631339629240993,0.7956607495069032,0.6268115942028986,0.637409200968523,0.5131646876613319,0.7226148409893993,0.4783484390735146,0.24427480916030533,-0.751031636863824,0.6193619361936192,0.7045604758757437,-0.8702127659574468,0.7431856899488928,0.8974358974358974,-0.5219573400250941,-0.7048300536672629,0.6040100250626566,-0.8359766277128549,-0.1464226289517471,0.0
0.7807807807807807,-0.6532663316582914,-0.8802028681357118,0.7806706114398422,0.7398550724637681,0.20581113801452788,0.6510067114093959,-0.09010600706713781,0.62134944612286,0.4017175572519084,-0.5103163686382394,0.35753575357535755,0.722405816259088,-0.5877659574468085,0.6090289608177172,-0.010989010989010988,-0.40213299874529485,-0.6681574239713773,0.6666666666666666,-0.7090984974958264,0.18469217970049917,0.0
0.7817817817817818,-0.8153266331658291,-0.48758307100384746,0.8031558185404339,0.5557971014492754,0.5290556900726393,0.4377903975219411,0.6943462897526502,0.5891238670694864,0.3597328244274809,-0.49793672627235214,0.5346534653465346,0.4593522802379379,-0.800531914893617,0.7900340715502556,0.6245421245421245,-0.7095357590966123,-0.6180679785330947,0.5789473684210527,-0.8685308848080133,-0.15474209650582363,0.0
0.7827827827827828,-0.9148869346733667,-0.5666316894018888,0.867455621301775,0.3557971014492754,0.6567796610169492,0.35157459989674755,0.16431095406360424,0.5156092648539778,0.20419847328244273,-0.6492434662998624,0.4631463146314631,0.2696629213483146,-0.9989361702127659,0.8155877342419081,0.23260073260073258,-0.5037641154328732,-0.5572450805008944,0.7186716791979949,-0.8714524207011687,-0.2678868552412646,0.0
0.7837837837837838,-0.6812185929648241,-0.7621545995103183,0.8366863905325443,0.6,0.08353510895883778,0.6535880227155395,0.11837455830388695,0.4874118831822759,0.25,-0.24896836313617607,0.48184818481848185,0.5908790482485129,-0.5047872340425532,0.674190800681431,0.2967032967032967,-0.28544542032622333,-0.4552772808586762,0.7017543859649124,-0.7909015025041737,0.3144758735440932,0.0
0.7847847847847848,-0.7054020100502513,-0.6610703043022035,0.7439842209072978,0.5065217391304347,0.6168280871670702,0.537429013939081,0.13780918727915195,0.3816717019133938,0.6879770992366412,-0.44704264099037144,0.7029702970297029,0.5201586252478521,-0.6792553191489361,0.7091141396933561,0.04029304029304029,-0.5056461731493099,-0.8631484794275491,0.6779448621553885,-0.7998747913188649,-0.1680532445923461,0.0
0.7857857857857858,-0.6011306532663316,-0.6213711087792935,0.8717948717948717,0.4927536231884059,0.45217917675544794,0.4491481672689726,0.10777385159010601,0.20543806646525678,0.4675572519083969,-0.624484181568088,0.3795379537953795,0.5743555849306015,-0.6281914893617022,0.706984667802385,0.1923076923076923,-0.4015056461731493,-0.7271914132379248,0.6422305764411027,-0.789440734557596,-0.3161397670549085,0.0
0.7867867867867868,-0.9120603015075376,-0.6631689401888772,0.8698224852071006,0.7065217391304348,0.2917675544794189,0.5906040268456375,0.245583038869258,0.4310171198388721,0.38263358778625955,-0.2544704264099037,0.5775577557755776,0.49306014540647725,-0.7132978723404255,0.8943781942078366,0.26190476190476186,-0.698870765370138,-0.7039355992844365,0.8333333333333334,-0.9325959933222038,0.0815307820299501,0.0
0.7877877877877878,-0.8310301507537687,-0.6530255334032878,0.9140039447731756,0.47463768115942034,0.3450363196125908,0.48477026329375317,-0.053003533568904596,0.4582074521651561,0.5229007633587787,-0.8404401650618982,0.43014301430143015,0.6192994051553207,-0.747872340425532,0.8547700170357753,0.3021978021978022,-0.6129234629861982,-0.7388193202146689,0.681077694235589,-0.8775041736227046,-0.19467554076539104,0.0
0.7887887887887888,-0.7955402010050251,-0.7467646030080447,0.8785009861932938,0.6673913043478261,0.7814769975786925,0.6556530717604543,0.17314487632508835,0.7230614300100705,0.40935114503816794,-0.405777166437414,0.7095709570957096,0.6219431592861864,-0.7829787234042553,0.6665247018739353,0.575091575091575,-0.48306148055207027,-0.6627906976744186,0.7124060150375939,-0.794449081803005,0.05657237936772047,0.0
0.7897897897897898,-0.8294597989949748,-0.7444910807974816,0.869033530571992,0.718840579710145,0.36319612590799033,0.5456892101187403,0.22261484098939932,0.7421953675730111,0.3530534351145038,-0.547455295735901,0.5225522552255225,0.6080634500991409,-0.752127659574468,0.7261499148211245,0.21978021978021975,-0.6562107904642409,-0.45259391771019675,0.7005012531328321,-0.8585141903171953,0.19633943427620631,0.0
0.7907907907907908,-0.8194095477386935,-0.5482686253934942,0.921499013806706,0.5724637681159421,0.6549636803874093,0.5085183273102736,0.24028268551236753,0.47734138972809664,0.5658396946564885,-0.5928473177441541,0.6006600660066007,0.6708526107072043,-0.8904255319148936,0.7938671209540035,0.5934065934065934,-0.56900878293601,-0.7441860465116278,0.6986215538847117,-0.8537145242070118,-0.4342762063227954,0.0
0.7917917917917918,-0.7050879396984925,-0.8744316194473593,0.8142011834319527,0.7855072463768117,0.5768765133171913,0.7000516262261229,-0.16607773851590107,0.38469284994964753,0.32251908396946566,-0.5763411279229711,0.4499449944994499,0.7521480502313285,-0.7382978723404255,0.6132879045996593,0.20512820512820512,-0.24843161856963614,-0.5930232558139534,0.8984962406015037,-0.7769198664440734,-0.04492512479201331,0.0
0.7927927927927928,-0.666143216080402,-0.7140608604407136,0.8670611439842209,0.6579710144927537,0.5889830508474576,0.675271037687145,0.2968197879858658,0.5337361530715006,0.37309160305343514,-0.37689133425034393,0.594059405940594,0.6417713152676802,-0.6749999999999999,0.6367120954003408,0.5183150183150182,-0.4692597239648682,-0.7772808586762074,0.7819548872180451,-0.7312186978297163,-0.11647254575707157,0.0
0.7937937937937938,-0.7829773869346733,-0.5937390696047569,0.945956607495069,0.7159420289855073,0.2033898305084746,0.558595766649458,0.4257950530035336,0.33031218529707956,0.18034351145038166,-0.5557083906464925,0.2992299229922992,0.5201586252478521,-0.698404255319149,0.8385860306643953,-0.0018315018315018315,-0.5043914680050188,-0.6905187835420393,0.6478696741854636,-0.8687395659432389,0.05324459234608985,0.0
0.7947947947947948,-0.7499999999999999,-0.8235396991955228,0.908086785009862,0.7507246376811595,0.38740920096852305,0.7062467733608674,0.13780918727915195,0.6314199395770392,0.424618320610687,-0.5708390646492435,0.5544554455445544,0.722405816259088,-0.6675531914893617,0.7470187393526406,0.3443223443223443,-0.6386449184441656,-0.686046511627907,0.8107769423558897,-0.851627712854758,0.09151414309484193,0.0
0.7957957957957958,-0.6890703517587939,-0.915879678209164,0.8623274161735699,0.65,0.5369249394673123,0.7041817243159525,0.1696113074204947,0.648539778449144,0.49904580152671757,-0.5378266850068776,0.5610561056105611,0.6906807666886979,-0.7675531914893617,0.5451448040885861,0.12637362637362637,-0.4705144291091593,-0.5679785330948122,0.843358395989975,-0.7606427378964942,0.054908485856905165,0.0
0.7967967967967968,-0.7814070351758794,-0.7404686953480237,0.8670611439842209,0.5963768115942029,0.15254237288135594,0.7026329375322664,0.1484098939929329,0.6132930513595166,0.5610687022900763,-0.6121045392022009,0.42794279427942794,0.549239920687376,-0.5606382978723404,0.780664395229983,-0.023809523809523808,-0.5721455457967377,-0.6359570661896242,0.7167919799498745,-0.8535058430717863,0.415973377703827,0.0
0.7977977977977978,-0.8976130653266331,-0.6474291710388248,0.8276134122287967,0.5543478260869565,0.17130750605326875,0.5462054723799691,0.4823321554770319,0.823766364551863,0.49713740458015265,-0.5254470426409904,0.5588558855885588,0.5003304692663583,-0.601063829787234,0.817291311754685,0.21062271062271062,-0.828732747804266,-0.6976744186046511,0.7593984962406014,-0.9023372287145243,0.1480865224625624,0.0
0.7987987987987988,-0.6981783919597989,-0.8406785589366912,0.77396449704142,0.75,0.1368038740920097,0.6902426432627774,0.28621908127208484,0.5377643504531723,0.5448473282442747,-0.5020632737276479,0.49724972497249725,0.7118307997356246,-0.5989361702127659,0.6051959114139693,0.08424908424908424,-0.4127979924717691,-0.6028622540250447,0.619047619047619,-0.7767111853088481,0.3577371048252912,0.0
0.7997997997997998,-0.7148241206030149,-0.8635886673662119,0.7518737672583826,0.4797101449275363,0.37409200968523004,0.6014455343314403,-0.09010600706713781,0.3454179254783485,0.366412213740458,-0.7826685006877578,0.3894389438943894,0.7184401850627892,-0.7361702127659574,0.7112436115843271,0.2216117216117216,-0.29422835633626093,-0.6368515205724508,0.6553884711779449,-0.8075959933222038,-0.13477537437603995,0.0
0.8008008008008008,-0.9428391959798994,-0.5718782791185729,0.8402366863905325,0.46014492753623193,0.22276029055690075,0.38874548270521425,0.2809187279151944,0.676737160120846,0.7881679389312977,-0.3548830811554333,0.8008800880088008,0.2782551222736286,-0.6819148936170213,0.8701022146507668,0.13736263736263735,-0.6932245922208281,-0.6815742397137745,0.7017543859649124,-0.9724540901502505,0.07154742096505823,0.0
0.8018018018018018,-0.8347989949748743,-0.842077649527807,0.8859960552268245,0.7101449275362319,0.5066585956416465,0.7542591636551368,0.07420494699646644,0.5065458207452165,0.3043893129770992,-0.6685006877579092,0.3828382838283828,0.6609385327164574,-0.8117021276595745,0.7444633730834753,0.20879120879120877,-0.47365119196988703,-0.5420393559928443,0.7518796992481203,-0.8585141903171953,0.03826955074875208,0.0
0.8028028028028028,-0.6027010050251256,-0.6797831409583771,0.8512820512820513,0.4514492753623189,0.5520581113801454,0.5214248838409912,0.2031802120141343,0.6988922457200403,0.39885496183206104,-0.4594222833562586,0.6567656765676567,0.598149372108394,-0.8063829787234043,0.4829642248722317,0.21428571428571427,-0.3237139272271016,-0.6270125223613595,0.5739348370927319,-0.6602671118530885,0.1630615640599002,0.0
0.8038038038038038,-0.7116834170854272,-0.7189576775096187,0.9136094674556212,0.7521739130434784,0.3099273607748184,0.6473928755807951,0.3427561837455831,0.6868076535750253,0.4847328244274809,-0.6341127922971115,0.49394939493949397,0.7329808327825512,-0.6212765957446809,0.6039182282793867,0.06593406593406592,-0.40087829360100374,-0.610912343470483,0.7117794486215537,-0.7312186978297163,0.38103161397670554,0.0
0.8048048048048048,-0.9582286432160804,-0.7077649527806925,0.8469428007889545,0.5210144927536232,0.12530266343825666,0.5162622612287042,-0.04770318021201414,0.622356495468278,0.45515267175572516,-0.7606602475928474,0.3894389438943894,0.5545274289491078,-0.7537234042553193,0.7184838160136287,0.37912087912087905,-0.49560853199498117,-0.4364937388193202,0.7788220551378446,-0.9192404006677797,0.3161397670549085,0.0
0.8058058058058059,-0.9205402010050251,-0.7212311997201818,0.8911242603550295,0.6789855072463769,0.40254237288135597,0.6024780588538978,0.2879858657243817,0.581067472306143,0.4456106870229008,-0.7482806052269602,0.5379537953795379,0.5756774619960344,-0.7489361702127659,0.6942078364565588,0.3333333333333333,-0.45357590966122957,-0.573345259391771,0.731203007518797,-0.8845993322203672,-0.03161397670549085,0.0
0.8068068068068068,-0.8570979899497487,-0.5570129415879679,0.9759368836291914,0.5942028985507246,0.6307506053268765,0.5043882292204439,0.5883392226148411,0.4944612286002014,0.4513358778625954,-0.7083906464924347,0.5786578657865786,0.5373430270984798,-0.7186170212765958,0.9237649063032368,0.20146520146520144,-0.7383939774153074,-0.7039355992844365,0.6754385964912281,-0.9342654424040068,0.05990016638935108,0.0
0.8078078078078078,-0.8954145728643216,-0.49055613850996854,0.893491124260355,0.4869565217391305,0.40617433414043586,0.32782653588022714,0.48409893992932873,0.5558912386706949,0.28530534351145037,-0.5185694635488308,0.3927392739273927,0.3317911434236616,-0.7835106382978725,0.8040885860306644,0.20695970695970695,-0.5282308657465495,-0.6082289803220036,0.7011278195488722,-0.8889816360601002,-0.1264559068219634,0.0
0.8088088088088088,-0.5756909547738693,-0.80797481636936,0.8579881656804732,0.7797101449275363,0.75181598062954,0.7098606091894683,-0.051236749116607784,0.3756294058408862,0.3921755725190839,-0.5653370013755158,0.49944994499449946,0.7970918704560476,-0.7813829787234043,0.614565587734242,0.2875457875457875,-0.31430363864491845,-0.8864042933810374,0.7863408521303257,-0.7270450751252087,-0.11647254575707157,0.0
0.8098098098098098,-0.6739949748743718,-0.7318992654774396,0.8757396449704142,0.6340579710144928,0.6483050847457628,0.5663397005678884,0.07773851590106007,0.4793554884189325,0.648854961832061,-0.7482806052269602,0.7117711771177118,0.7376074025115665,-0.7468085106382979,0.8436967632027258,0.12087912087912088,-0.644918444165621,-0.7397137745974954,0.7199248120300752,-0.8484974958263773,-0.36772046589018303,0.0
0.8108108108108109,-0.9038944723618091,-0.565582371458552,0.8923076923076922,0.6442028985507247,0.03692493946731235,0.5363964894166235,0.519434628975265,0.6998992950654581,0.23282442748091603,-0.4126547455295736,0.55995599559956,0.35822868473231995,-0.6893617021276597,0.7653321976149915,0.44688644688644685,-0.5476787954830614,-0.5858676207513417,0.7738095238095238,-0.8985809682804675,-0.01663893510815308,0.0
0.8118118118118118,-0.6934673366834171,-0.8205666316894019,0.8339250493096646,0.4971014492753624,0.6023002421307506,0.5962829117191534,-0.1607773851590106,0.72809667673716,0.47328244274809156,-0.7001375515818432,0.8778877887788779,0.628552544613351,-0.7803191489361703,0.6908006814310051,0.2582417582417582,-0.7026348808030113,-0.6368515205724508,0.7813283208020051,-0.7798414023372288,-0.11813643926788685,0.0
0.8128128128128128,-0.9466080402010049,-0.5785239594263728,0.9289940828402367,0.48115942028985514,0.2245762711864407,0.43159525038719665,0.3816254416961131,0.6092648539778449,0.1946564885496183,-0.5433287482806053,0.5885588558855885,0.4666226040978189,-0.6957446808510639,0.7930153321976151,0.23626373626373626,-0.5984943538268507,-0.6395348837209301,0.7387218045112782,-0.9557595993322204,-0.09983361064891846,0.0
0.8138138138138138,-0.6739949748743718,-0.6988457502623295,0.813412228796844,0.4108695652173913,0.2082324455205811,0.4439855446566856,-0.35689045936395764,0.3977844914400806,0.34064885496183206,-0.5268225584594223,0.504950495049505,0.5267680105750165,-0.6414893617021277,0.6793015332197615,0.16300366300366298,-0.40213299874529485,-0.6976744186046511,0.7424812030075187,-0.7998747913188649,-0.021630615640599,0.0
0.8148148148148148,-0.6981783919597989,-0.589716684155299,0.9353057199211045,0.5601449275362319,0.8220338983050849,0.5761486835312339,0.4558303886925796,0.44410876132930516,0.45515267175572516,-0.4442916093535076,0.5588558855885588,0.6126900198281561,-0.7425531914893617,0.6976149914821125,0.358974358974359,-0.5338770388958595,-0.7164579606440071,0.5864661654135338,-0.8038397328881469,-0.17470881863560733,0.0
0.8158158158158159,-0.6124371859296482,-0.7306750612102133,0.806706114398422,0.8666666666666667,0.41525423728813565,0.666494579246257,0.2968197879858658,0.729103726082578,0.6965648854961831,-0.4951856946354883,0.5896589658965897,0.6807666886979512,-0.524468085106383,0.4510221465076661,-0.10622710622710622,-0.4422835633626097,-0.592128801431127,0.6823308270676691,-0.6437813021702838,0.49584026622296173,0.0
0.8168168168168168,-0.6017587939698492,-0.7387198321091291,0.8319526627218934,0.5869565217391305,0.5096852300242131,0.6360351058337635,0.20848056537102475,0.44108761329305135,0.34828244274809156,-0.5543328748280606,0.5720572057205721,0.7091870456047588,-0.549468085106383,0.6405451448040886,0.2509157509157509,-0.4215809284818068,-0.6019677996422182,0.6184210526315789,-0.723288814691152,-0.06821963394342763,0.0
0.8178178178178178,-0.6253140703517588,-0.8754809373906961,0.8536489151873767,0.7557971014492754,0.6380145278450364,0.7996902426432627,0.1254416961130742,0.649546827794562,0.7566793893129771,-0.35900962861072905,0.8602860286028603,0.7779246530072704,-0.6196808510638299,0.6950596252129472,0.24725274725274726,-0.6292346298619823,-0.7093023255813953,0.818295739348371,-0.7324707846410684,0.00831946755407654,0.0
0.8188188188188188,-0.8608668341708543,-0.5673312346974467,0.8552268244575937,0.5340579710144928,0.42433414043583534,0.476510067114094,0.6660777385159011,0.6404833836858006,0.6154580152671756,-0.5185694635488308,0.7117711771177118,0.45009914077990754,-0.7111702127659575,0.8402896081771721,0.3846153846153846,-0.7132998745294855,-0.5769230769230769,0.6723057644110275,-0.8879382303839733,-0.26455906821963393,0.0
0.8198198198198198,-0.7543969849246231,-0.7194823364812871,0.9112426035502958,0.7050724637681159,0.20883777239709442,0.706763035622096,0.5618374558303888,0.5901309164149043,0.25,-0.6011004126547456,0.3872387238723872,0.6093853271645737,-0.5914893617021277,0.6524701873935265,0.3864468864468864,-0.5100376411543287,-0.5760286225402504,0.62468671679198,-0.8315943238731218,0.17470881863560733,0.0
0.8208208208208209,-0.8819095477386933,-0.4083595662819168,0.8848126232741617,0.34347826086956523,0.6210653753026635,0.23541559112028912,0.24204946996466437,0.3121852970795569,0.6717557251908396,-0.48830811554332876,0.6226622662266226,0.25908790482485133,-0.8250000000000001,0.7457410562180579,0.35531135531135527,-0.597867001254705,-0.8434704830053666,0.6416040100250626,-0.9275876460767948,-0.3893510815307821,0.0
0.8218218218218218,-0.6454145728643216,-0.7023434767401189,0.8213017751479289,0.7847826086956522,0.5502421307506054,0.6303562209602478,0.5936395759717316,0.5357502517623364,0.27862595419847325,-0.4305364511691885,0.3443344334433443,0.6741573033707866,-0.7617021276595745,0.43526405451448047,0.21978021978021975,-0.26035131744040146,-0.6144901610017889,0.7149122807017544,-0.6688230383973289,0.6472545757071548,0.0
0.8228228228228228,-0.5954773869346733,-0.7137110877929347,0.7964497041420119,0.6789855072463769,0.36561743341404357,0.5663397005678884,0.09187279151943463,0.2578046324269889,0.34541984732824427,-0.8294360385144429,0.41254125412541254,0.8354263053536022,-0.6287234042553191,0.6592844974446338,0.22893772893772893,-0.30928481806775404,-0.6601073345259391,0.6453634085213033,-0.7508347245409015,-0.22296173044925127,0.0
0.8238238238238238,-0.8256909547738693,-0.7301504022385449,0.9092702169625246,0.563768115942029,0.4406779661016949,0.5524006195147135,0.5477031802120141,0.7955689828801612,0.5534351145038168,-0.3356258596973865,0.682068206820682,0.34104428288169203,-0.6797872340425533,0.7755536626916525,-0.11172161172161171,-0.8444165621079046,-0.661896243291592,0.8308270676691729,-0.850584307178631,-0.04492512479201331,0.0
0.8248248248248248,-0.8624371859296482,-0.643057012941588,0.9940828402366864,0.6391304347826088,0.18825665859564167,0.5265875064532782,0.46113074204947,0.541792547834844,0.2814885496183206,-0.24759284731774414,0.4191419141914191,0.3113020489094514,-0.6686170212765957,0.7904599659284498,0.17399267399267399,-0.5056461731493099,-0.7316636851520572,0.6334586466165413,-0.852671118530885,0.28119800332778705,0.0
0.8258258258258259,-0.7119974874371858,-0.6538999650227352,0.832741617357002,0.610144927536232,0.7566585956416465,0.5332989158492514,0.3021201413427562,0.4259818731117825,0.36736641221374045,-0.6134800550206327,0.44554455445544555,0.5968274950429611,-0.7031914893617022,0.7729982964224873,0.47619047619047616,-0.5759096612296111,-0.8264758497316637,0.8245614035087719,-0.8480801335559266,-0.07154742096505823,0.0
0.8268268268268268,-0.8734296482412061,-0.7649527806925498,0.8319526627218934,0.6905797101449276,0.4939467312348668,0.6948890036138359,0.08303886925795054,0.6304128902316214,0.3979007633587786,-0.5859697386519945,0.5588558855885588,0.598149372108394,-0.8047872340425531,0.7857751277683135,-0.04029304029304029,-0.7452948557089083,-0.47942754919499103,0.950501253132832,-0.9075542570951587,0.0415973377703827,0.0
0.8278278278278278,-0.8863065326633166,-0.6444561035327038,0.8646942800788955,0.7507246376811595,0.01937046004842615,0.6881775942178626,0.5989399293286221,0.7925478348439073,0.6374045801526718,-0.8294360385144429,0.8096809680968097,0.7461996034368804,-0.697872340425532,0.8045144804088586,0.4835164835164835,-0.8419071518193225,-0.6073345259391771,0.5394736842105263,-0.9094323873121869,-0.475873544093178,0.0
0.8288288288288288,-0.8787688442211055,-0.6142007694998252,0.9065088757396449,0.8217391304347826,0.3825665859564165,0.656169334021683,0.5742049469964665,0.45720040281973817,0.43702290076335876,-0.5887207702888583,0.5478547854785478,0.6245869134170522,-0.8,0.75,0.4395604395604395,-0.4673776662484316,-0.7146690518783542,0.5927318295739348,-0.893781302170284,-0.1048252911813644,0.0
0.8298298298298298,-0.7192211055276382,-0.7406435816719134,0.8678500986193294,0.7442028985507246,0.5593220338983051,0.6602994321115125,0.17491166077738518,0.5337361530715006,0.5849236641221374,-0.4649243466299863,0.7491749174917492,0.8116325181758097,-0.9388297872340425,0.6626916524701875,0.4194139194139194,-0.5219573400250941,-0.8220035778175313,0.62531328320802,-0.7585559265442404,0.2978369384359401,0.0
0.8308308308308309,-0.6221733668341709,-0.8006295907660022,0.9577909270216962,0.7717391304347826,0.35108958837772397,0.6344863190500775,-0.0706713780918728,0.6102719033232629,0.7395038167938931,-0.6148555708390647,0.8404840484048405,0.7713152676801058,-0.5632978723404255,0.6656729131175468,-0.16666666666666666,-0.7045169385194479,-0.47137745974955275,0.8790726817042607,-0.7646076794657763,0.04991680532445923,0.0
0.8318318318318318,-0.8360552763819095,-0.8436516264428121,0.8366863905325443,0.9021739130434784,0.17070217917675545,0.7392875580795043,0.21378091872791521,0.6586102719033233,0.47232824427480913,-0.7180192572214581,0.5247524752475247,0.6087243886318573,-0.7202127659574469,0.8245315161839863,-0.13919413919413917,-0.6951066499372648,-0.6744186046511628,0.6685463659147869,-0.8729131886477463,-0.3544093178036606,0.0
0.8328328328328328,-0.6934673366834171,-0.7562084644980762,0.9341222879684418,0.7753623188405798,0.09564164648910413,0.8492514197212183,0.6431095406360424,0.28398791540785495,0.14217557251908397,-0.42503438789546083,0.385038503850385,0.5637805684071382,-0.5255319148936171,0.643526405451448,0.3516483516483516,-0.32559598494353825,-0.7003577817531306,0.8489974937343358,-0.8303422370617697,0.2562396006655574,0.0
0.8338338338338338,-0.8021356783919597,-0.8067506121021337,0.855621301775148,0.6289855072463768,0.6380145278450364,0.7010841507485803,0.3445229681978799,0.39274924471299094,0.45515267175572516,-0.23383768913342506,0.506050605060506,0.333773959021811,-0.6840425531914894,0.8164395229982965,0.15567765567765568,-0.5313676286072773,-0.6511627906976744,0.8483709273182958,-0.8956594323873122,0.37104825291181365,0.0
0.8348348348348348,-0.8096733668341708,-0.596362364463099,0.9104536489151872,0.696376811594203,0.1537530266343826,0.7124419204956117,0.8657243816254417,0.5720040281973816,0.3139312977099237,-0.44291609353507566,0.5291529152915291,0.49438202247191015,-0.6569148936170214,0.6563032367972743,0.575091575091575,-0.4077791718946048,-0.51520572450805,0.6773182957393483,-0.8178213689482471,0.19966722129783693,0.0
0.8358358358358359,-0.6787060301507537,-0.8258132214060862,0.842603550295858,0.7478260869565219,0.8861985472154964,0.642230252968508,0.19964664310954067,0.5085599194360524,0.6087786259541984,-0.4759284731774415,0.847084708470847,0.7785855915399867,-0.8180851063829788,0.6545996592844975,0.3663003663003663,-0.6254705144291092,-0.5375670840787119,0.5827067669172933,-0.8232470784641068,-0.44925124792013316,0.0
0.8368368368368369,-0.8106155778894472,-0.7511367611052816,0.8682445759368836,0.41594202898550725,0.14527845036319612,0.6504904491481672,0.07597173144876325,0.5156092648539778,0.43416030534351147,-0.7689133425034389,0.5346534653465346,0.5247851949768673,-0.5909574468085107,0.8347529812606473,0.5293040293040292,-0.7314930991217063,-0.8488372093023254,0.7650375939849624,-0.87771285475793,-0.2279534109816972,0.0
0.8378378378378378,-0.8212939698492463,-0.6229450856942986,0.859171597633136,0.7007246376811594,0.44612590799031476,0.542591636551368,0.13250883392226148,0.8257804632426988,0.23282442748091603,-0.39614855570839064,0.6369636963696369,0.5353602115003305,-0.8111702127659575,0.7431856899488928,0.41208791208791207,-0.6938519447929736,-0.6368515205724508,0.6760651629072681,-0.823873121869783,0.15474209650582363,0.0
0.8388388388388388,-0.8517587939698492,-0.6909758656873033,0.8453648915187375,0.577536231884058,-0.16404358353510898,0.5869901910170366,0.022968197879858657,0.4753272910372608,0.19370229007633588,-0.5722145804676754,0.341034103410341,0.5188367481824191,-0.6670212765957447,0.7189097103918228,0.4304029304029304,-0.3757841907151819,-0.6252236135957066,0.7005012531328321,-0.854340567612688,0.2396006655574043,0.0
0.8398398398398398,-0.5879396984924623,-0.7437915355019238,0.8047337278106509,0.9094202898550725,0.5974576271186441,0.6948890036138359,-0.00530035335689046,0.6032225579053373,0.4389312977099237,-0.3631361760660248,0.6303630363036303,0.8089887640449439,-0.6079787234042554,0.5698466780238501,0.3406593406593406,-0.43036386449184444,-0.6744186046511628,0.7211779448621554,-0.6836393989983305,-0.259567387687188,0.0
0.8408408408408409,-0.7374371859296481,-0.7451906260930395,0.9072978303747533,0.7673913043478261,0.40193704600484265,0.6985028394424367,0.40282685512367494,0.5297079556898289,0.7681297709923665,-0.6492434662998624,0.6248624862486248,0.6549900859220092,-0.676063829787234,0.7529812606473595,-0.14102564102564102,-0.4203262233375157,-0.6583184257602862,0.6334586466165413,-0.845575959933222,-0.058236272878535784,0.0
0.8418418418418419,-0.8156407035175879,-0.838754809373907,0.8027613412228797,0.7702898550724638,0.2257869249394673,0.6897263810015488,-0.2296819787985866,0.5699899295065458,0.4809160305343511,-0.7015130674002751,0.42794279427942794,0.6972901520158625,-0.6409574468085107,0.7240204429301533,0.12637362637362637,-0.4447929736511919,-0.8819320214669051,0.788220551378446,-0.8436978297161937,-0.20632279534109818,0.0
0.8428428428428428,-0.9657663316582915,-0.6998950682056663,0.8832347140039447,0.6384057971014493,0.3232445520581114,0.5931853381517811,0.32332155477031804,0.5720040281973816,0.4904580152671756,-0.5392022008253096,0.5489548954895489,0.2769332452081956,-0.7494680851063831,0.8143100511073254,0.003663003663003663,-0.6022584692597239,-0.7361359570661895,0.719298245614035,-0.9469949916527547,-0.24459234608985025,0.0
0.8438438438438438,-0.6008165829145728,-0.8224903812521861,0.805128205128205,0.832608695652174,0.08656174334140436,0.8265358802271554,-0.02473498233215548,0.4028197381671702,0.4961832061068702,-0.861072902338377,0.3784378437843784,1.0,-0.5042553191489362,0.606473594548552,0.22893772893772893,-0.31493099121706397,-0.8443649373881931,0.7531328320802004,-0.741652754590985,-0.2612312811980033,0.0
0.8448448448448449,-0.7082286432160804,-0.978139209513816,0.7921104536489152,0.7898550724637682,0.7736077481840195,0.9168817759421786,-0.2809187279151944,0.5931520644511581,0.3549618320610687,-0.5295735900962861,0.6160616061606161,0.8651685393258427,-0.7255319148936171,0.694633730834753,0.641025641025641,-0.4968632371392723,-0.6958855098389982,0.7850877192982455,-0.8078046744574291,-0.04991680532445923,0.0
0.8458458458458459,-0.7474874371859296,-0.6386848548443512,0.9045364891518738,0.44420289855072465,0.3583535108958838,0.4455343314403717,0.17491166077738518,0.7663645518630413,0.3606870229007633,-0.46079779917469055,0.6028602860286029,0.4111037673496365,-0.6218085106382979,0.7495741056218058,0.5128205128205129,-0.6637390213299874,-0.7978533094812164,0.7011278195488722,-0.8207429048414023,0.16139767054908488,0.0
0.8468468468468469,-0.7255025125628141,-0.7588317593564184,0.8781065088757396,0.6992753623188406,0.2778450363196126,0.6814661848218896,0.23321554770318023,0.6586102719033233,0.3416030534351145,-0.5488308115543329,0.4785478547854785,0.6781229345670853,-0.624468085106383,0.6758943781942078,0.34615384615384615,-0.49560853199498117,-0.6359570661896242,0.8659147869674184,-0.7681552587646078,0.2296173044925125,0.0
0.8478478478478478,-0.8894472361809044,-0.692724728926198,0.8733727810650886,0.4644927536231884,0.11501210653753027,0.4584408879710893,0.1236749116607774,0.7150050352467271,0.5725190839694656,-0.594222833562586,0.5434543454345434,0.4395241242564442,-0.6670212765957447,0.7934412265758093,0.33516483516483514,-0.657465495608532,-0.6359570661896242,0.7167919799498745,-0.8812604340567612,-0.11980033277870215,0.0
0.8488488488488488,-0.9685929648241206,-0.5671563483735572,0.903353057199211,0.577536231884058,0.5193704600484261,0.47186370676303563,0.2632508833922262,0.798590130916415,0.5601145038167938,-0.2297111416781293,0.638063806380638,0.30006609385327165,-0.7547872340425532,0.8266609880749575,0.13553113553113552,-0.8099121706398995,-0.6806797853309481,0.8533834586466166,-0.9469949916527547,0.03993344425956739,0.0
0.8498498498498499,-0.916143216080402,-0.630115424973767,0.9183431952662721,0.6427536231884059,0.5744552058111381,0.5518843572534847,0.19964664310954067,0.6787512588116819,0.4045801526717557,-0.7152682255845942,0.4609460946094609,0.5353602115003305,-0.750531914893617,0.7487223168654175,0.23260073260073258,-0.5169385194479297,-0.5992844364937387,0.7174185463659147,-0.8960767946577629,0.17470881863560733,0.0
0.8508508508508509,-0.5970477386934673,-0.8471493529206017,0.7988165680473372,0.8521739130434782,0.47154963680387413,0.6473928755807951,0.11837455830388695,0.3363544813695871,0.4475190839694656,-0.4594222833562586,0.5434543454345434,0.7448777263714476,-0.6569148936170214,0.620954003407155,0.26007326007326004,-0.4077791718946048,-0.8425760286225401,0.6804511278195489,-0.7412353923205343,0.45257903494176377,0.0
0.8518518518518519,-0.9864949748743718,-0.6005596362364464,0.9285996055226824,0.5579710144927537,0.46549636803874095,0.6535880227155395,0.7137809187279153,0.5448136958710977,0.17748091603053434,-0.547455295735901,0.3564356435643564,0.44613350958360876,-0.8111702127659575,0.8368824531516185,0.4029304029304029,-0.733375156838143,-0.7683363148479426,0.7888471177944861,-0.9484557595993323,0.03327787021630616,0.0
0.8528528528528528,-0.7719849246231156,-0.7981811822315495,0.9416173570019724,0.7615942028985507,0.4364406779661017,0.6711409395973155,0.04063604240282686,0.6324269889224572,0.4255725190839695,-0.7537826685006879,0.5027502750275028,0.8638466622604098,-0.7813829787234043,0.7308347529812607,-0.45787545787545786,-0.56900878293601,-0.6341681574239713,0.7280701754385964,-0.7988313856427379,-0.17470881863560733,0.0
0.8538538538538538,-0.7047738693467337,-0.7572577824414131,0.7779092702169624,0.5985507246376812,0.23789346246973367,0.6076406814661848,-0.3374558303886926,0.3232628398791541,0.09637404580152673,-0.360385144429161,0.0099009900990099,0.48050231328486454,-0.6622340425531916,0.6218057921635435,0.36996336996337,-0.1549560853199498,-0.7889087656529516,0.5964912280701754,-0.7168196994991654,0.2628951747088186,0.0
0.8548548548548549,-0.7672738693467337,-0.5893669115075202,0.842603550295858,0.6449275362318841,0.6464891041162228,0.4682498709344347,0.07773851590106007,0.5166163141993958,0.4694656488549618,-0.5295735900962861,0.6292629262926291,0.4296100462656973,-0.9404255319148936,0.6771720613287905,0.6501831501831501,-0.5558343789209536,-0.6332737030411448,0.725563909774436,-0.7925709515859767,0.028286189683860236,0.0
0.8558558558558559,-0.8680904522613064,-0.6197971318642882,0.8276134122287967,0.6159420289855073,0.43765133171912834,0.5720185854414043,0.6448763250883393,0.5820745216515609,0.5124045801526718,-0.4662998624484182,0.5104510451045104,0.5128883013879709,-0.7319148936170212,0.807069846678024,0.11355311355311354,-0.6003764115432872,-0.6762075134168157,0.6384711779448621,-0.914440734557596,0.1630615640599002,0.0
0.8568568568568569,-0.5587311557788944,-0.8363064008394544,0.8564102564102563,0.636231884057971,0.3226392251815981,0.7707795560144554,-0.1484098939929329,0.5951661631419939,0.3711832061068702,-0.6437414030261348,0.4829482948294829,0.6900198281559816,-0.5446808510638298,0.5583475298126065,-0.014652014652014652,-0.3795483061480552,-0.5706618962432916,0.6610275689223057,-0.6652754590984975,-0.28286189683860236,0.0
0.8578578578578578,-0.8803391959798994,-0.89734172787688,0.8532544378698224,0.7514492753623189,0.1822033898305085,0.7496128033040784,0.06890459363957598,0.6384692849949648,0.20515267175572519,-0.781292984869326,0.44554455445544555,0.7488433575677462,-0.6531914893617021,0.7738500851788757,0.36996336996337,-0.7446675031367629,-0.5885509838998211,0.8339598997493733,-0.9023372287145243,0.6039933444259568,0.0
0.8588588588588588,-0.7569095477386935,-0.6612451906260931,0.7759368836291913,0.9804347826086958,0.21246973365617433,0.696437790397522,0.6943462897526502,0.338368580060423,0.01812977099236641,-0.29298486932599727,0.1133113311331133,0.6622604097818904,-0.5909574468085107,0.6695059625212948,0.7032967032967032,-0.3161856963613551,-0.6332737030411448,0.7406015037593984,-0.8299248747913188,0.38269550748752085,0.0
0.8598598598598599,-0.6739949748743718,-0.642707240293809,0.8761341222879684,0.6971014492753623,0.46852300242130757,0.5332989158492514,0.4346289752650177,0.4541792547834844,0.5104961832061069,-0.4552957359009629,0.4609460946094609,0.5935228023793788,-0.6026595744680852,0.6132879045996593,0.553113553113553,-0.31493099121706397,-0.8041144901610018,0.6961152882205514,-0.7646076794657763,-0.11813643926788685,0.0
0.8608608608608609,-0.6717964824120602,-0.6853795033228401,0.9005917159763313,0.5268115942028986,0.38801452784503637,0.47909137842023747,-0.07420494699646644,0.5357502517623364,0.407442748091603,-0.5405777166437414,0.5643564356435643,0.5069398545935229,-0.6601063829787235,0.6409710391822828,0.35531135531135527,-0.5163111668757842,-0.501788908765653,0.7431077694235588,-0.7218280467445743,0.06821963394342763,0.0
0.8618618618618619,-0.6827889447236181,-0.7602308499475342,0.8642998027613411,0.755072463768116,0.5163438256658596,0.6959215281362933,0.10247349823321557,0.5498489425981874,0.40839694656488545,-0.3920220082530949,0.5181518151815181,0.650363516192994,-0.7164893617021277,0.6115843270868825,0.7527472527472526,-0.5489335006273526,-0.6744186046511628,0.6622807017543859,-0.7431135225375626,-0.02329450915141431,0.0
0.8628628628628628,-0.9167713567839195,-0.617873382301504,0.9428007889546351,0.5065217391304347,0.15254237288135594,0.41404233350542075,0.5530035335689046,0.34441087613293053,0.15076335877862596,-0.3342503438789546,0.27832783278327833,0.36615994712491745,-0.7058510638297872,0.7657580919931858,0.24358974358974358,-0.44792973651191964,-0.793381037567084,0.6779448621553885,-0.8873121869782972,0.06156405990016639,0.0
0.8638638638638638,-0.8442211055276382,-0.624169289961525,0.8224852071005917,0.527536231884058,-0.01694915254237288,0.5838926174496644,0.5017667844522968,0.6414904330312186,0.44942748091603046,-0.36176066024759285,0.5687568756875687,0.5346992729676141,-0.6712765957446809,0.753833049403748,-0.1648351648351648,-0.7132998745294855,-0.501788908765653,0.7963659147869673,-0.8885642737896494,0.18302828618968386,0.0
0.8648648648648649,-0.6567211055276382,-0.6789087093389298,0.8998027613412228,0.7666666666666667,0.1476997578692494,0.5482705214248839,0.441696113074205,0.48439073514602216,0.5076335877862596,-0.17606602475928473,0.5731573157315731,0.5168539325842697,-0.45159574468085106,0.6128620102214651,-0.21428571428571427,-0.42534504391468003,-0.5617173524150267,0.8339598997493733,-0.7873539232053423,0.43094841930116473,0.0
0.8658658658658659,-0.9513190954773869,-0.5657572577824413,0.8287968441814595,0.5478260869565218,0.26452784503631965,0.4104284976768198,0.42049469964664316,0.5790533736153071,0.27003816793893126,-0.4965612104539202,0.3201320132013201,0.48578982154659617,-0.8079787234042554,0.7410562180579217,0.7857142857142856,-0.5790464240903388,-0.46422182468694095,0.6635338345864661,-0.9050500834724541,0.06156405990016639,0.0
0.8668668668668669,-0.8743718592964823,-0.5517663518712836,0.9029585798816568,0.5579710144927537,0.4067796610169492,0.40165203923593185,0.42049469964664316,0.7593152064451159,0.43225190839694655,-0.7180192572214581,0.5775577557755776,0.5446133509583608,-0.8404255319148937,0.6260647359454855,0.5164835164835164,-0.5489335006273526,-0.5599284436493738,0.6478696741854636,-0.8434891485809682,-0.4725457570715474,0.0
0.8678678678678678,-0.7559673366834171,-0.6264428121720881,0.8832347140039447,0.6014492753623188,0.5599273607748184,0.5937016004130098,0.32332155477031804,0.7250755287009063,0.5782442748091603,-0.5433287482806053,0.7766776677667766,0.6979510905485791,-0.6829787234042554,0.7155025553662692,0.6117216117216117,-0.541405269761606,-0.6314847942754919,0.6134085213032581,-0.8457846410684474,-0.3194675540765391,0.0
0.8688688688688688,-0.7839195979899497,-0.6374606505771249,0.8465483234714003,0.42318840579710143,0.37409200968523004,0.5100671140939597,0.3021201413427562,0.5861027190332326,0.40553435114503816,-0.9821182943603851,0.5445544554455445,0.6278916060806345,-0.8382978723404256,0.7444633730834753,0.3516483516483516,-0.6104140526976161,-0.6574239713774597,0.7124060150375939,-0.832220367278798,-0.3011647254575707,0.0
0.8698698698698699,-0.640389447236181,-0.5940888422525358,0.8232741617357002,0.518840579710145,0.6253026634382567,0.5400103252452246,0.4734982332155478,0.6545820745216516,0.39503816793893126,-0.5075653370013755,0.6182618261826183,0.4256444150693986,-0.7904255319148936,0.6252129471890971,0.4139194139194139,-0.49372647427854455,-0.6198568872987477,0.6265664160401002,-0.6765442404006679,-0.28286189683860236,0.0
0.8708708708708709,-0.9054648241206029,-0.7478139209513815,0.8228796844181459,0.6775362318840581,0.14527845036319612,0.5849251419721219,-0.0,0.48539778449144005,0.38740458015267176,-0.6918844566712518,0.5665566556655666,0.48512888301387974,-0.624468085106383,0.8492333901192505,0.36996336996337,-0.5570890840652446,-0.5572450805008944,0.731203007518797,-0.9476210350584309,-0.5091514143094842,0.0
0.8718718718718719,-0.8592964824120604,-0.6266176984959777,0.8374753451676529,0.6717391304347827,0.1301452784503632,0.4341765616933402,0.4063604240282686,0.6173212487411883,0.5486641221374046,-0.5006877579092159,0.429042904290429,0.5406477197620622,-0.5856382978723405,0.7853492333901193,0.4157509157509157,-0.5771643663739021,-0.7826475849731663,0.6203007518796992,-0.8848080133555928,0.3627287853577371,0.0
0.8728728728728729,-0.6925251256281407,-0.729101084295208,0.9313609467455621,0.6166666666666667,0.14709443099273609,0.6081569437274135,0.22261484098939932,0.5568982880161129,0.3501908396946565,-0.7854195323246217,0.42794279427942794,0.6107072042300067,-0.6430851063829788,0.667802385008518,-0.07509157509157509,-0.4096612296110414,-0.556350626118068,0.8120300751879699,-0.775459098497496,-0.0415973377703827,0.0
0.8738738738738738,-0.6457286432160804,-0.7147604057362714,0.8848126232741617,0.7072463768115942,0.5139225181598063,0.70521424883841,0.6448763250883393,0.6042296072507553,0.7662213740458016,-0.4759284731774415,0.6743674367436744,0.6206212822207535,-0.6515957446808511,0.6226575809199318,-0.0824175824175824,-0.47490589711417813,-0.6869409660107334,0.6867167919799498,-0.7637729549248748,0.054908485856905165,0.0
0.8748748748748749,-0.8740577889447235,-0.6759356418328087,0.8974358974358974,0.8144927536231885,0.476997578692494,0.6220960247805886,0.43816254416961137,0.62134944612286,0.2948473282442748,-0.4415405777166438,0.35203520352035206,0.5221414408460013,-0.6595744680851064,0.8436967632027258,0.467032967032967,-0.617314930991217,-0.5679785330948122,0.900375939849624,-0.9267529215358932,0.21797004991680535,0.0
0.8758758758758759,-0.9086055276381908,-0.6306400839454355,0.8808678500986193,0.4884057971014493,0.11743341404358354,0.38151781104801236,0.026501766784452298,0.5911379657603222,0.13263358778625955,-0.6341127922971115,0.4312431243124312,0.4428288169200265,-0.8808510638297873,0.8875638841567293,0.20146520146520144,-0.8393977415307403,-0.5867620751341681,0.7424812030075187,-0.9140233722871453,-0.27953410981697174,0.0
0.8768768768768769,-0.7958542713567838,-0.7747464148303602,0.8220907297830374,0.6876811594202898,0.027845036319612593,0.4909654104284976,-0.36042402826855124,0.5579053373615308,0.3015267175572519,-0.5419532324621733,0.5456545654565457,0.5869134170522142,-0.599468085106383,0.7572402044293016,0.2399267399267399,-0.46361355081555833,-0.626118067978533,0.6854636591478697,-0.874373956594324,-0.22296173044925127,0.0
0.8778778778778779,-0.7845477386934674,-0.7539349422875131,0.9447731755424063,0.7268115942028985,0.4673123486682809,0.8621579762519359,0.6148409893992933,0.49244712990936557,0.26908396946564883,-0.5185694635488308,0.5753575357535754,0.575016523463318,-0.6781914893617021,0.6490630323679728,0.18315018315018314,-0.43789209535759094,-0.6976744186046511,0.7080200501253132,-0.8096828046744574,0.08985024958402663,0.0
0.8788788788788788,-0.6130653266331658,-0.850647079398391,0.8315581854043392,0.6478260869565218,0.5278450363196127,0.7558079504388229,-0.026501766784452298,0.4431017119838872,0.33206106870229,-0.6024759284731774,0.49944994499449946,0.6417713152676802,-0.7250000000000001,0.6771720613287905,0.045787545787545784,-0.37327478042659973,-0.7164579606440071,0.7086466165413533,-0.7802587646076795,-0.1680532445923461,0.0
0.8798798798798799,-0.7707286432160804,-0.6967471143756558,0.8848126232741617,0.5797101449275364,0.11198547215496368,0.5647909137842024,0.38692579505300356,0.5538771399798591,0.6555343511450382,-0.48968363136176063,0.5720572057205721,0.38334434897554526,-0.6648936170212766,0.7291311754684838,0.06959706959706959,-0.49247176913425345,-0.755813953488372,0.6979949874686717,-0.8280467445742905,0.011647254575707155,0.0
0.8808808808808809,-0.7688442211055276,-0.8300104931794334,0.8236686390532544,0.6637681159420291,0.13861985472154964,0.6623644811564274,-0.18197879858657245,0.8418932527693856,0.41030534351145037,-0.8005502063273727,0.5951595159515952,0.6074025115664244,-0.6904255319148936,0.5681431005110733,-0.06959706959706959,-0.5803011292346298,-0.37030411449016093,0.7481203007518796,-0.7310100166944908,0.013311148086522463,0.0
0.8818818818818819,-0.8976130653266331,-0.8272123119972019,0.8138067061143984,0.8333333333333334,0.5260290556900726,0.7583892617449665,0.16431095406360424,0.5307150050352467,0.45038167938931295,-0.23796423658872076,0.614961496149615,0.5413086582947786,-0.6670212765957447,0.7448892674616696,0.2692307692307692,-0.4824341279799247,-0.6771019677996422,0.7681704260651628,-0.9707846410684475,0.3178036605657238,0.0
0.8828828828828829,-0.699748743718593,-0.6346624693948933,0.8974358974358974,0.6507246376811595,0.27542372881355937,0.6866288074341765,0.2544169611307421,0.45317220543806647,0.47041984732824427,-0.4924346629986245,0.5269526952695269,0.6113681427627231,-0.6340425531914894,0.7708688245315163,0.39377289377289376,-0.5702634880803011,-0.8202146690518783,0.5419799498746867,-0.8059265442404007,0.3327787021630616,0.0
0.8838838838838838,-0.8439070351758793,-0.6565232598810773,0.9431952662721893,0.6065217391304348,0.6131961259079903,0.5394940629839958,0.5300353356890459,0.32930513595166166,0.4303435114503817,-0.2420907840440165,0.5544554455445544,0.3152676801057502,-0.6872340425531915,0.733390119250426,0.5439560439560439,-0.4084065244667503,-0.62432915921288,0.7098997493734336,-0.932804674457429,0.07986688851913477,0.0
0.8848848848848849,-0.8376256281407034,-0.5008744316194473,0.9092702169625246,0.3804347826086957,0.42251815980629537,0.33608673205988643,0.35865724381625447,0.7925478348439073,0.5982824427480916,-0.5433287482806053,0.8085808580858085,0.4177131526768011,-0.797872340425532,0.9207836456558773,0.3498168498168498,-0.9836888331242158,-0.3899821109123434,0.6923558897243107,-0.9129799666110184,-0.45257903494176377,0.0
0.8858858858858859,-0.8030778894472361,-0.5736271423574676,0.9325443786982247,0.5710144927536233,0.5508474576271187,0.5802787816210635,0.6837455830388693,0.6414904330312186,0.22137404580152673,-0.28060522696011003,0.5566556655665567,0.26371447455386654,-0.5079787234042553,0.7052810902896082,0.5915750915750916,-0.5595984943538268,-0.6967799642218246,0.7142857142857142,-0.8764607679465777,0.24792013311148087,0.0
0.8868868868868869,-0.7204773869346733,-0.9097586568730325,0.8003944773175542,0.7673913043478261,0.3093220338983051,0.8399586990191017,0.24028268551236753,0.7009063444108761,0.19751908396946563,-0.6423658872077029,0.6666666666666666,0.8460013218770656,-0.5728723404255319,0.5114991482112436,-0.28937728937728935,-0.40464240903387705,-0.5125223613595705,0.7644110275689222,-0.7656510851419032,0.2861896838602329,0.0
0.8878878878878879,-0.6366206030150754,-0.7799930045470445,0.8429980276134121,0.7028985507246377,0.32142857142857145,0.7248322147651006,0.5459363957597173,0.459214501510574,0.11641221374045801,-0.2297111416781293,0.44334433443344334,0.4679444811632518,-0.5441489361702128,0.600511073253833,0.3168498168498168,-0.34127979924717694,-0.6028622540250447,0.7474937343358395,-0.723288814691152,0.346089850249584,0.0
0.8888888888888888,-0.6774497487437185,-0.6136761105281567,0.8232741617357002,0.6086956521739131,0.3184019370460049,0.5400103252452246,0.5318021201413428,0.6163141993957704,0.3043893129770992,-0.5859697386519945,0.6919691969196919,0.5888962326503636,-0.648936170212766,0.6963373083475298,0.3021978021978022,-0.5175658720200752,-0.5572450805008944,0.6578947368421053,-0.7650250417362271,-0.01663893510815308,0.0
0.8898898898898899,-0.8435929648241205,-0.8088492479888073,0.8130177514792899,0.7804347826086957,0.29600484261501214,0.7145069695405265,-0.051236749116607784,0.6666666666666667,0.517175572519084,-0.3452544704264099,0.5357535753575358,0.4950429610046266,-0.5973404255319149,0.7022998296422488,-0.1648351648351648,-0.6731493099121706,-0.6341681574239713,0.7387218045112782,-0.87771285475793,0.48252911813643923,0.0
0.8908908908908909,-0.7942839195979898,-0.8536201469045122,0.8248520710059172,0.8681159420289856,0.42493946731234866,0.8234383066597831,0.303886925795053,0.756294058408862,0.741412213740458,-0.23246217331499314,0.5775577557755776,0.6245869134170522,-0.6898936170212766,0.5954003407155025,0.05860805860805861,-0.6543287327478042,-0.49731663685152055,0.7111528822055138,-0.7923622704507514,0.4775374376039933,0.0
0.8918918918918919,-0.5891959798994975,-0.7661769849597762,0.8848126232741617,0.5478260869565218,0.3190072639225182,0.574083634486319,-0.176678445229682,0.4340382678751259,0.5629770992366412,-0.6478679504814305,0.4499449944994499,0.6913417052214145,-0.5898936170212766,0.6856899488926746,-0.17216117216117216,-0.446047678795483,-0.5948121645796064,0.724937343358396,-0.7982053422370619,0.0066555740432612314,0.0
0.8928928928928929,-0.9425251256281406,-0.6984959776145506,0.9226824457593688,0.6369565217391305,0.11319612590799032,0.6112545172947857,0.1484098939929329,0.42396777442094663,-0.08206106870229006,-0.3218707015130674,0.1694169416941694,0.2881692002643754,-0.6622340425531916,0.8057921635434412,0.2655677655677655,-0.49372647427854455,-0.8032200357781752,0.788220551378446,-0.9200751252086812,0.329450915141431,0.0
0.8938938938938938,-0.6155778894472361,-0.618223154949283,0.8153846153846154,0.7057971014492754,0.41828087167070216,0.648941662364481,0.6007067137809188,0.37059415911379656,0.2080152671755725,-0.30398899587345257,0.4565456545654565,0.5849306014540648,-0.6063829787234042,0.6175468483816013,0.5439560439560439,-0.26097867001254704,-0.5509838998211091,0.6992481203007519,-0.7262103505843072,0.1630615640599002,0.0
0.8948948948948949,-0.7421482412060301,-0.8821266176984959,0.869033530571992,0.8471014492753625,0.6761501210653753,0.8652555498193082,-0.04946996466431096,0.6052366565961732,0.7442748091603053,-0.4167812929848693,0.6259625962596259,0.566424322538004,-0.6792553191489361,0.6384156729131176,-0.2948717948717949,-0.6844416562107905,-0.6878354203935598,0.8709273182957392,-0.7813021702838064,0.07653910149750416,0.0
0.8958958958958959,-0.8030778894472361,-0.5640083945435467,0.9305719921104536,0.6876811594202898,0.3753026634382567,0.5792462570986061,0.48409893992932873,0.6253776435045317,0.5381679389312977,-0.37001375515818435,0.36303630363036304,0.43886318572372773,-0.7968085106382979,0.6205281090289609,0.0824175824175824,-0.4284818067754078,-0.7352415026833631,0.5438596491228069,-0.7988313856427379,0.12312811980033278,0.0
0.8968968968968969,-0.894786432160804,-0.8181182231549493,1.0,0.8115942028985509,0.3565375302663438,0.7077955601445534,0.21201413427561838,0.690835850956697,0.38072519083969464,-0.5928473177441541,0.4598459845984598,0.6364838070059484,-0.5946808510638298,0.7099659284497445,0.3388278388278388,-0.6185696361355081,-0.6958855098389982,0.7086466165413533,-0.9259181969949918,0.2895174708818635,0.0
0.8978978978978979,-0.6981783919597989,-0.7436166491780343,0.8623274161735699,0.7528985507246377,0.24455205811138017,0.6732059886422302,0.27385159010600707,0.44511581067472306,0.20896946564885496,-0.437414030261348,0.27832783278327833,0.5703899537343028,-0.6090425531914894,0.6584327086882453,0.4194139194139194,-0.411543287327478,-0.7415026833631484,0.7048872180451128,-0.7934056761268782,0.38269550748752085,0.0
0.8988988988988988,-0.6432160804020101,-0.5816719132563833,0.8745562130177514,0.5456521739130435,0.463680387409201,0.5534331440371709,0.3904593639575972,0.4642497482376637,0.6431297709923665,-0.484181568088033,0.614961496149615,0.44877726371447463,-0.5702127659574469,0.5528109028960818,0.27838827838827834,-0.2766624843161857,-0.6341681574239713,0.7117794486215537,-0.7641903171953256,-0.19966722129783693,0.0
0.8998998998998999,-0.6557788944723618,-0.7733473242392445,0.8173570019723866,0.6456521739130435,0.5,0.7212183789364998,0.18374558303886926,0.8660624370594159,0.5658396946564885,-0.5997248968363136,0.8360836083608361,0.6695307336417713,-0.7180851063829788,0.6358603066439524,0.045787545787545784,-0.6022584692597239,-0.47227191413237923,0.8590225563909774,-0.7422787979966611,0.2961730449251248,0.0
0.9009009009009009,-0.8969849246231155,-0.6190975865687304,0.9013806706114399,0.8159420289855073,0.1610169491525424,0.5694372741352607,0.3515901060070672,0.7421953675730111,0.3711832061068702,-0.4236588720770289,0.6512651265126512,0.5241242564441507,-0.7340425531914894,0.7712947189097105,0.41025641025641024,-0.6317440401505645,-0.556350626118068,0.7901002506265663,-0.8510016694490818,0.3344425956738769,0.0
0.9019019019019019,-0.7795226130653267,-0.6003847499125569,0.841025641025641,0.5181159420289855,0.5181598062953995,0.5152297367062467,0.5318021201413428,0.5156092648539778,0.5477099236641221,-0.3452544704264099,0.6226622662266226,0.4097818902842036,-0.7489361702127659,0.7955706984667803,0.4816849816849817,-0.5451693851944792,-0.7808586762075134,0.8402255639097743,-0.8664440734557597,0.04825291181364393,0.0
0.9029029029029029,-0.7113693467336684,-0.7376705141657922,0.8382642998027613,0.5753623188405798,0.4794188861985473,0.5771812080536913,0.19611307420494703,0.5971802618328298,0.726145038167939,-0.5006877579092159,0.6919691969196919,0.6331791143423662,-0.574468085106383,0.7116695059625213,0.13553113553113552,-0.6323713927227101,-0.7039355992844365,0.7901002506265663,-0.794449081803005,-0.10149750415973378,0.0
0.9039039039039038,-0.7503140703517587,-0.7091640433718083,0.9672583826429979,0.6246376811594203,0.5750605326876513,0.5420753742901394,0.3374558303886926,0.5448136958710977,0.5133587786259542,-0.4566712517193948,0.5863586358635864,0.4560475875743556,-0.6925531914893618,0.6869676320272573,-0.04212454212454212,-0.5056461731493099,-0.6565295169946332,0.6754385964912281,-0.8230383973288815,0.03826955074875208,0.0
0.9049049049049049,-0.9535175879396984,-0.6540748513466247,0.903353057199211,0.6420289855072464,-0.2070217917675545,0.5302013422818791,0.5618374558303888,0.7895266868076536,0.3425572519083969,-0.4016506189821183,0.48954895489548955,0.5016523463317912,-0.6835106382978723,0.8091993185689949,0.5073260073260073,-0.7289836888331241,-0.6547406082289803,0.5858395989974937,-0.9413606010016695,0.5424292845257904,0.0
0.9059059059059059,-0.7638190954773869,-0.754284714935292,0.8875739644970414,0.6108695652173913,0.5115012106537531,0.5224574083634487,-0.08303886925795054,0.4582074521651561,0.26240458015267176,-0.7125171939477304,0.49724972497249725,0.6074025115664244,-0.8106382978723404,0.7678875638841568,0.1813186813186813,-0.42910915934755334,-0.6171735241502683,0.7299498746867168,-0.8270033388981637,0.01663893510815308,0.0
0.9069069069069069,-0.7902010050251256,-0.8037775445960126,0.9096646942800789,0.7521739130434784,0.33050847457627125,0.6757872999483737,0.10600706713780919,0.6475327291037261,0.5143129770992366,-0.11691884456671253,0.6754675467546755,0.36880370125578327,-0.572340425531915,0.6754684838160137,0.021978021978021976,-0.6687578419071518,-0.5366726296958855,0.8966165413533834,-0.8476627712854758,0.4259567387687188,0.0
0.9079079079079079,-0.70571608040201,-0.7803427771948234,0.8063116370808678,0.668840579710145,0.47578692493946734,0.6845637583892618,0.00706713780918728,0.499496475327291,0.3110687022900763,-0.16781292984869325,0.39713971397139713,0.43886318572372773,-0.5468085106382979,0.6405451448040886,0.047619047619047616,-0.3193224592220828,-0.5071556350626117,0.7224310776942355,-0.7883973288814692,0.5257903494176372,0.0
0.908908908908909,-0.8391959798994975,-0.5454704442112627,0.8477317554240631,0.5202898550724638,0.5829297820823245,0.4770263293753227,0.5653710247349824,0.6918429003021148,0.3816793893129771,-0.27097661623108665,0.671067106710671,0.34104428288169203,-0.7281914893617022,0.715076660988075,0.7252747252747253,-0.6957340025094102,-0.5572450805008944,0.6177944862155388,-0.8484974958263773,0.15307820299500832,0.0
0.9099099099099099,-0.7967964824120602,-0.723504721930745,0.8358974358974359,0.6021739130434782,0.3619854721549637,0.619514713474445,0.03180212014134276,0.8660624370594159,0.625,-1.0,0.581958195819582,0.8003965631196299,-0.6803191489361702,0.6848381601362863,-0.05128205128205128,-0.5633626097867002,-0.481216457960644,0.818295739348371,-0.8234557595993323,-0.2861896838602329,0.0
0.9109109109109109,-0.6501256281407034,-0.6276670164393144,0.7999999999999999,0.7797101449275363,0.6422518159806295,0.6411977284460506,0.35689045936395764,0.4783484390735146,0.34732824427480913,-0.5433287482806053,0.3465346534653465,0.7614011896893589,-0.8031914893617021,0.6486371379897785,0.3516483516483516,-0.30238393977415307,-0.6001788908765653,0.5526315789473684,-0.743322203672788,0.18968386023294512,0.0
0.9119119119119119,-0.8712311557788944,-0.8247639034627493,0.8824457593688363,0.8181159420289855,0.30447941888619856,0.6938564790913785,0.1519434628975265,0.7341389728096677,0.3816793893129771,-0.687757909215956,0.47194719471947194,0.5670852610707204,-0.6436170212765958,0.7712947189097105,-0.04212454212454212,-0.6298619824341279,-0.6699463327370303,0.8728070175438596,-0.8691569282136895,0.6988352745424293,0.0
0.9129129129129129,-0.7198492462311556,-0.6960475690800979,0.8978303747534515,0.7072463768115942,0.33837772397094434,0.6701084150748581,0.34805653710247353,0.5720040281973816,0.6374045801526718,-0.8418156808803301,0.6193619361936192,0.7197620621282221,-0.7122340425531916,0.7180579216354345,0.3974358974358974,-0.5715181932245922,-0.7093023255813953,0.6942355889724311,-0.8253338898163607,-0.16971713810316139,0.0
0.913913913913914,-0.653894472361809,-0.7604057362714236,0.8272189349112425,0.7369565217391304,0.33898305084745767,0.6886938564790914,0.48763250883392234,0.5750251762336354,0.7624045801526718,-0.7537826685006879,0.5643564356435643,0.6179775280898877,-0.6345744680851064,0.6124361158432708,-0.1813186813186813,-0.38707653701380174,-0.5840787119856887,0.6278195488721804,-0.7351836393989983,-0.4875207986688852,0.0
0.914914914914915,-0.8087311557788945,-0.6949982511367612,0.9262327416173569,0.8000000000000002,0.3117433414043584,0.5627258647392875,-0.03710247349823322,0.6374622356495468,0.5477099236641221,-0.3823933975240716,0.45434543454345433,0.6615994712491738,-0.6941489361702128,0.8377342419080069,0.14835164835164835,-0.6731493099121706,-0.904293381037567,0.731203007518797,-0.8645659432387313,0.31281198003327787,0.0
0.9159159159159159,-0.8759422110552764,-0.7060160895417978,0.8670611439842209,0.6434782608695653,0.06537530266343826,0.5704697986577181,0.15371024734982333,0.6535750251762337,0.4255725190839695,-0.49931224209078406,0.47194719471947194,0.40713813615333777,-0.6579787234042555,0.721039182282794,0.20695970695970695,-0.7120451693851945,-0.4874776386404293,0.7662907268170426,-0.8620617696160268,0.3444259567387687,0.0
0.9169169169169169,-0.8665201005025125,-0.6511017838405037,0.9274161735700197,0.5594202898550725,0.04418886198547215,0.4785751161590088,-0.026501766784452298,0.6928499496475327,0.28912213740458015,-0.4635488308115544,0.4312431243124312,0.38070059484467944,-0.7452127659574469,0.8603066439522998,0.7326007326007326,-0.8318695106649937,-0.4803220035778175,0.651002506265664,-0.8558013355592655,0.44592346089850254,0.0
0.9179179179179179,-0.7964824120603015,-0.8511717383700594,0.8497041420118342,0.6855072463768116,0.42493946731234866,0.8110480123902942,0.11660777385159012,0.4652567975830816,0.45706106870229,-0.3782668500687758,0.517051705170517,0.5697290152015863,-0.6712765957446809,0.7747018739352641,0.01648351648351648,-0.562107904642409,-0.6967799642218246,0.8132832080200502,-0.8946160267111853,0.14143094841930118,0.0
0.918918918918919,-0.9230527638190954,-0.5171388597411682,0.9037475345167653,0.5268115942028986,0.6507263922518159,0.4945792462570986,0.5159010600706714,0.6888217522658611,0.35400763358778625,-0.34938101788170567,0.4653465346534653,0.4382022471910113,-0.8670212765957447,0.8079216354344123,0.4029304029304029,-0.7308657465495608,-0.7754919499105545,0.7556390977443609,-0.8704090150250419,0.589018302828619,0.0
0.91991991991992,-0.9199120603015074,-0.6051066806575726,0.9053254437869822,0.44420289855072465,0.2602905569007264,0.4858027878162106,0.3303886925795053,0.5357502517623364,0.20229007633587784,-0.45392022008253097,0.3344334433443344,0.2808988764044944,-0.772872340425532,0.7406303236797275,0.38278388278388276,-0.5439146800501882,-0.6967799642218246,0.6083959899749373,-0.9017111853088481,0.06821963394342763,0.0
0.9209209209209209,-0.6221733668341709,-0.6477789436866037,0.9289940828402367,0.7869565217391306,0.5278450363196127,0.5911202891068663,0.2367491166077739,0.43202416918429004,0.8568702290076335,-0.30261348005502064,0.7535753575357536,0.667547918043622,-0.4563829787234043,0.7325383304940375,0.27289377289377287,-0.6493099121706398,-0.7262969588550984,0.7280701754385964,-0.8027963272120201,-0.024958402662229616,0.0
0.9219219219219219,-0.7619346733668342,-0.6187478139209514,0.9191321499013807,0.4673913043478261,0.2312348668280872,0.5240061951471346,0.4187279151943463,0.662638469284995,0.28435114503816794,-0.5034387895460798,0.5302530253025303,0.30204890945142104,-0.6037234042553192,0.6090289608177172,0.3131868131868132,-0.4692597239648682,-0.49731663685152055,0.8001253132832079,-0.8023789649415694,0.011647254575707155,0.0
0.9229229229229229,-0.7707286432160804,-0.7626792584819867,0.9140039447731756,0.7963768115942029,0.8171912832929783,0.7898812596799174,0.49823321554770317,0.6535750251762337,0.5362595419847328,-0.7647867950481432,0.7282728272827282,0.6979510905485791,-0.8335106382978723,0.7057069846678025,-0.1465201465201465,-0.6511919698870765,-0.5420393559928443,0.6654135338345865,-0.8069699499165276,-0.11647254575707157,0.0
0.923923923923924,-0.7342964824120602,-0.7883875480937391,0.9514792899408283,0.555072463768116,0.4673123486682809,0.5188435725348476,-0.3356890459363958,0.5186304128902316,0.5906488549618321,-0.7592847317744155,0.6248624862486248,0.7799074686054197,-0.8558510638297873,0.7142248722316866,0.05311355311355311,-0.5740276035131744,-0.6296958855098389,0.7042606516290727,-0.8234557595993323,-0.6389351081530782,0.0
0.924924924924925,-0.7650753768844221,-0.7425673312346975,0.806706114398422,0.696376811594203,0.29721549636803873,0.5818275684047496,0.2296819787985866,0.3867069486404834,0.3854961832061069,-0.422283356258597,0.528052805280528,0.4950429610046266,-0.647340425531915,0.7610732538330495,0.26739926739926734,-0.42095357590966126,-0.4928443649373882,0.7474937343358395,-0.9104757929883139,-0.2745424292845258,0.0
0.9259259259259259,-0.7710427135678392,-0.7945085694298706,0.8958579881656804,0.6934782608695652,0.4055690072639226,0.6871450696954052,0.026501766784452298,0.5095669687814703,0.26145038167938933,-0.7097661623108666,0.39713971397139713,0.6100462656972903,-0.698404255319149,0.721039182282794,-0.07692307692307693,-0.3933500627352572,-0.6368515205724508,0.7550125313283208,-0.8785475792988314,0.20133111480865223,0.0
0.9269269269269269,-0.8602386934673366,-0.5619097586568731,0.8642998027613411,0.5427536231884058,0.42433414043583534,0.4615384615384615,0.5070671378091873,0.6253776435045317,0.42843511450381677,-0.28060522696011003,0.592959295929593,0.23793787177792466,-0.6154255319148937,0.6848381601362863,0.31868131868131866,-0.6185696361355081,-0.7191413237924865,0.5764411027568922,-0.8714524207011687,0.09816971713810316,0.0
0.9279279279279279,-0.8486180904522612,-0.922175585869185,0.8489151873767259,0.6152173913043478,0.30024213075060535,0.7413526071244192,-0.372791519434629,0.5397784491440081,0.48282442748091603,-0.6162310866574966,0.44004400440044006,0.6622604097818904,-0.7888297872340426,0.7755536626916525,0.0018315018315018315,-0.5759096612296111,-0.885509838998211,0.7869674185463659,-0.8384808013355592,0.064891846921797,0.0
0.928928928928929,-0.7625628140703516,-0.7077649527806925,0.9076923076923077,0.6123188405797102,0.4576271186440678,0.6990191017036654,0.27385159010600707,0.43705941591137965,0.5629770992366412,-0.7221458046767538,0.6479647964796479,0.5499008592200926,-0.7329787234042553,0.7734241908006815,0.07142857142857142,-0.6524466750313677,-0.6135957066189625,0.7186716791979949,-0.8545492487479132,-0.07321131447587355,0.0
0.92992992992993,-0.6736809045226131,-0.8966421825813221,0.8240631163708086,0.5405797101449276,0.5,0.7459989674754776,0.14664310954063606,0.5609264853977846,0.4895038167938931,-0.657496561210454,0.7150715071507151,0.6483807005948448,-0.722872340425532,0.7308347529812607,0.1813186813186813,-0.6969887076537014,-0.661896243291592,0.7343358395989974,-0.8111435726210351,-0.0815307820299501,0.0
0.9309309309309309,-0.7977386934673366,-0.5806225953130465,0.9992110453648915,0.41884057971014493,0.62409200968523,0.541042849767682,0.14310954063604242,0.33031218529707956,0.299618320610687,-0.7414030261348006,0.2992299229922992,0.5333773959021811,-0.9404255319148936,0.6878194207836457,0.21062271062271062,-0.46424090338770385,-0.7343470483005365,0.6622807017543859,-0.8144824707846411,-0.37437603993344426,0.0
0.9319319319319319,-0.8410804020100502,-0.46222455403987406,0.8071005917159763,0.48550724637681164,0.7378934624697338,0.467733608673206,0.4063604240282686,0.5780463242698892,0.4904580152671756,-0.766162310866575,0.6061606160616062,0.5723727693324521,-0.9239361702127661,0.7086882453151618,0.2161172161172161,-0.7132998745294855,-0.5894454382826475,0.7525062656641605,-0.859348914858097,-0.30782029950083195,0.0
0.9329329329329329,-0.7449748743718593,-0.6918502973067506,0.8504930966469428,0.8007246376811594,0.4860774818401938,0.7361899845121321,0.7844522968197881,0.6243705941591138,0.49809160305343514,-0.594222833562586,0.6798679867986799,0.6226040978189028,-0.6037234042553192,0.7427597955706985,-0.10805860805860805,-0.5915934755332496,-0.7549194991055456,0.7211779448621554,-0.7921535893155258,0.40432612312811983,0.0
0.933933933933934,-0.8819095477386933,-0.726477789436866,0.9171597633136095,0.6376811594202899,0.2651331719128329,0.6365513680949922,0.0176678445229682,0.743202416918429,0.6145038167938931,-0.6299862448418158,0.6798679867986799,0.4950429610046266,-0.7090425531914893,0.7240204429301533,-0.005494505494505494,-0.7063989962358844,-0.6762075134168157,0.8026315789473684,-0.8960767946577629,0.14143094841930118,0.0
0.934934934934935,-0.6199748743718593,-0.7367960825463449,0.9234714003944774,0.5369565217391304,0.4909200968523003,0.563758389261745,-0.10954063604240284,0.4561933534743203,0.4112595419847328,-0.39614855570839064,0.5434543454345434,0.5551883674818242,-0.6659574468085107,0.6354344122657581,0.17399267399267399,-0.31367628607277287,-0.8363148479427549,0.6384711779448621,-0.7153589315525877,0.019966722129783693,0.0
0.9359359359359359,-0.6337939698492462,-0.7378454004896817,0.9013806706114399,0.832608695652174,0.887409200968523,0.6370676303562209,0.13957597173144878,0.7170191339375629,0.7185114503816794,-0.735900962861073,1.0,0.929279576999339,-0.6313829787234043,0.6337308347529813,0.02747252747252747,-0.7634880803011292,-0.6153846153846153,0.744360902255639,-0.755008347245409,-0.44758735440931785,0.0
0.9369369369369369,-0.818467336683417,-0.7408184679958026,0.8808678500986193,0.6579710144927537,0.11016949152542373,0.6778523489932885,0.1236749116607774,0.4954682779456193,0.4293893129770992,-0.657496561210454,0.42464246424642466,0.4633179114342366,-0.65,0.7385008517887565,0.1813186813186813,-0.6116687578419071,-0.8085867620751341,0.7944862155388471,-0.8284641068447413,-0.24292845257903495,0.0
0.9379379379379379,-0.887248743718593,-0.6757607555089192,0.8272189349112425,0.7108695652173913,0.6228813559322034,0.6551368094992256,0.21908127208480568,0.5579053373615308,0.32156488549618323,-0.6134800550206327,0.5489548954895489,0.5287508261731659,-0.9547872340425532,0.7789608177172062,0.26190476190476186,-0.5526976160602258,-0.7960644007155634,0.6735588972431077,-0.848914858096828,-0.03327787021630616,0.0
0.938938938938939,-0.8099874371859297,-0.5552640783490731,0.8568047337278106,0.5333333333333333,0.349273607748184,0.5059370160041301,0.833922261484099,0.5357502517623364,0.47900763358778625,-0.4938101788170564,0.5610561056105611,0.3350958360872439,-0.7303191489361702,0.848381601362862,0.14468864468864467,-0.5872020075282308,-0.5724508050089445,0.7030075187969925,-0.8716611018363939,0.06655574043261232,0.0
0.93993993993994,-0.7456030150753769,-0.6372857642532355,0.872189349112426,0.6695652173913045,0.22941888619854722,0.5539494062983995,0.3286219081272085,0.6354481369587109,0.3702290076335878,-0.49931224209078406,0.37403740374037403,0.5452742894910774,-0.5909574468085107,0.6264906303236798,0.1648351648351648,-0.5181932245922207,-0.6520572450805008,0.8276942355889724,-0.8044657762938231,0.1480865224625624,0.0
0.9409409409409409,-0.6846733668341709,-0.7443161944735922,0.8169625246548323,0.5963768115942029,0.4582324455205811,0.6504904491481672,0.29505300353356895,0.44410876132930516,0.3511450381679389,-0.4332874828060523,0.3927392739273927,0.4732319894249835,-0.7063829787234044,0.6750425894378195,0.24725274725274726,-0.34190715181932246,-0.6064400715563506,0.7374686716791979,-0.7621035058430718,0.3910149750415973,0.0
0.9419419419419419,-0.6322236180904522,-0.7534102833158447,0.8355029585798815,0.49565217391304356,0.004842615012106538,0.5818275684047496,-0.022968197879858657,0.690835850956697,0.43225190839694655,-0.8679504814305364,0.48184818481848185,0.6966292134831461,-0.673936170212766,0.5302385008517888,-0.06227106227106227,-0.4767879548306148,-0.4892665474060823,0.7825814536340853,-0.6738313856427379,-0.1663893510815308,0.0
0.9429429429429429,-0.6460427135678392,-0.6511017838405037,0.9187376725838264,0.6753623188405798,0.4231234866828087,0.6091894682498709,0.4063604240282686,0.44914400805639476,0.5572519083969465,-0.5502063273727649,0.6545654565456546,0.8255122273628553,-0.6175531914893617,0.6695059625212948,0.3956043956043956,-0.37264742785445415,-0.6878354203935598,0.6704260651629073,-0.7783806343906511,-0.1064891846921797,0.0
0.943943943943944,-0.8175251256281407,-0.7355718782791186,0.9203155818540434,0.691304347826087,0.48547215496368046,0.5962829117191534,0.053003533568904596,0.6616314199395771,0.38072519083969464,-0.41127922971114167,0.6061606160616062,0.6226040978189028,-0.6898936170212766,0.7619250425894378,0.7985347985347985,-0.6298619824341279,-0.5778175313059034,0.6384711779448621,-0.8864774624373958,-0.0033277870216306157,0.0
0.944944944944945,-0.8847361809045227,-0.8184679958027282,0.886785009861933,0.7057971014492754,0.26876513317191286,0.6835312338668044,0.38515901060070673,0.6847935548841894,0.6593511450381678,-0.7950481430536451,0.6347634763476347,0.6437541308658296,-0.7191489361702128,0.7529812606473595,-0.09706959706959706,-0.6486825595984943,-0.5456171735241502,0.8327067669172932,-0.8879382303839733,-0.03327787021630616,0.0
0.9459459459459459,-0.8263190954773868,-0.727177334732424,0.8737672583826429,0.5536231884057972,0.030871670702179176,0.6050593701600413,0.42049469964664316,0.49647532729103727,0.29389312977099236,-0.4346629986244842,0.4675467546754675,0.3192333113020489,-0.6053191489361702,0.7103918228279387,0.0879120879120879,-0.5131744040150564,-0.663685152057245,0.6704260651629073,-0.8708263772954925,-0.09484193011647256,0.0
0.9469469469469469,-0.8533291457286432,-0.5958377054914306,0.8682445759368836,0.618840579710145,0.13861985472154964,0.43211151264842534,0.5371024734982333,0.5035246727089627,0.2433206106870229,-0.5928473177441541,0.3124312431243124,0.5016523463317912,-0.65,0.6750425894378195,0.26739926739926734,-0.4441656210790464,-0.661896243291592,0.7243107769423558,-0.8831385642737897,-0.20299500831946757,0.0
0.9479479479479479,-0.7173366834170853,-0.6472542847149353,0.8213017751479289,0.5543478260869565,0.5078692493946732,0.5343314403717088,0.19257950530035337,0.6183282980866063,0.49904580152671757,-0.49105914718019256,0.5357535753575358,0.47653668208856576,-0.7877659574468086,0.5949744463373083,0.13736263736263735,-0.35257214554579674,-0.6949910554561717,0.531328320802005,-0.7468697829716194,0.5474209650582363,0.0
0.948948948948949,-0.7669597989949749,-0.7600559636236447,0.8347140039447731,0.5797101449275364,0.4957627118644068,0.7604543107898812,0.4823321554770319,0.6988922457200403,1.0,-0.5515818431911967,0.856985698569857,0.49107732980832786,-0.6382978723404256,0.7304088586030665,-0.152014652014652,-0.6675031367628608,-0.5805008944543828,0.7932330827067668,-0.8578881469115192,-0.19301164725457573,0.0
0.94994994994995,-0.7163944723618091,-0.6713885974116824,0.9088757396449703,0.7869565217391306,0.6815980629539952,0.6370676303562209,-0.10070671378091874,0.324269889224572,0.30725190839694655,-0.6066024759284732,0.4004400440044004,0.744216787838731,-0.7542553191489362,0.7874787052810903,0.30586080586080583,-0.46298619824341275,-0.9266547406082289,0.6347117794486214,-0.8261686143572622,-0.01663893510815308,0.0
0.950950950950951,-0.8344849246231155,-0.5706540748513466,0.8753451676528599,0.5586956521739131,0.4437046004842615,0.5281362932369643,0.23144876325088343,0.4682779456193354,0.5696564885496183,-0.5887207702888583,0.6039603960396039,0.5320555188367483,-0.7920212765957447,0.7670357751277683,0.38095238095238093,-0.5658720200752823,-0.5232558139534883,0.7387218045112782,-0.9181969949916529,0.18801996672212978,0.0
0.9519519519519519,-0.9136306532663315,-0.6977964323189927,0.7913214990138066,0.6463768115942029,0.07445520581113801,0.6004130098089829,0.13250883392226148,0.7099697885196374,0.3501908396946565,-0.4704264099037139,0.3124312431243124,0.34699272967614014,-0.6617021276595745,0.6660988074957411,0.26190476190476186,-0.6292346298619823,-0.38550983899821106,0.7236842105263158,-0.8702003338898163,0.18635607321131448,0.0
0.9529529529529529,-0.8332286432160804,-0.5788737320741518,0.8678500986193294,0.6173913043478261,0.23305084745762714,0.5782137325761487,0.6819787985865725,0.47129909365558914,0.46374045801526714,-0.3562585969738652,0.3938393839383938,0.4296100462656973,-0.574468085106383,0.7793867120954004,0.37912087912087905,-0.5790464240903388,-0.571556350626118,0.6516290726817042,-0.9012938230383973,0.10815307820299501,0.0
0.953953953953954,-0.6937814070351759,-0.7306750612102133,0.8844181459566074,0.7420289855072465,0.46973365617433416,0.6954052658750645,0.560070671378092,0.5186304128902316,0.33396946564885494,-0.13892709766162312,0.3289328932893289,0.3013879709187046,-0.5484042553191489,0.6788756388415673,0.24358974358974358,-0.5909661229611041,-0.7602862254025043,0.7700501253132832,-0.7537562604340569,0.37770382695507493,0.0
0.954954954954955,-0.728643216080402,-0.670863938440014,0.8236686390532544,0.6,0.112590799031477,0.5302013422818791,-0.06713780918727916,0.566968781470292,0.33492366412213737,-0.4745529573590096,0.5742574257425742,0.7191011235955057,-0.6319148936170212,0.7891822827938672,0.23443223443223443,-0.5526976160602258,-0.7504472271914131,0.7136591478696741,-0.8345158597662772,-0.11647254575707157,0.0
0.955955955955956,-0.5942211055276382,-0.6455054214760405,0.8469428007889545,0.5949275362318841,0.7330508474576272,0.5818275684047496,0.2809187279151944,0.5186304128902316,0.3854961832061069,-0.6286107290233838,0.6908690869086909,0.6391275611368143,-0.6265957446808511,0.6703577512776832,0.434065934065934,-0.49121706398996234,-0.5402504472271914,0.8107769423558897,-0.7727462437395659,-0.2146422628951747,0.0
0.9569569569569569,-0.7418341708542714,-0.7387198321091291,0.77396449704142,0.7014492753623188,0.6864406779661016,0.6572018585441404,0.43639575971731454,0.581067472306143,0.21564885496183206,-0.6602475928473177,0.43014301430143015,0.7970918704560476,-0.924468085106383,0.6235093696763203,0.3388278388278388,-0.41468005018820575,-0.7871198568872987,0.4855889724310777,-0.7278797996661102,-0.028286189683860236,0.0
0.9579579579579579,-0.7660175879396984,-0.7731724379153551,0.8528599605522682,0.6623188405797102,0.3420096852300242,0.656169334021683,-0.18904593639575973,0.6153071500503524,0.40553435114503816,-0.5983493810178817,0.5313531353135313,0.6080634500991409,-0.7111702127659575,0.6324531516183988,0.1648351648351648,-0.43663739021329984,-0.6100178890876565,0.7393483709273182,-0.825542570951586,0.38602329450915146,0.0
0.958958958958959,-0.730213567839196,-0.6404337180832459,0.8469428007889545,0.48913043478260876,0.475181598062954,0.5080020650490449,0.6219081272084805,0.8972809667673716,0.5438931297709922,-0.6286107290233838,0.7304730473047305,0.4639788499669531,-0.7537234042553193,0.6281942078364566,0.04212454212454212,-0.6474278544542033,-0.5465116279069767,0.4868421052631579,-0.7679465776293823,-0.17803660565723795,0.0
0.95995995995996,-0.7936557788944724,-0.5703043022035678,0.8461538461538461,0.5659420289855073,0.3583535108958838,0.4414042333505421,0.20141342756183747,0.7220543806646526,0.8005725190839694,-0.08253094910591471,0.5885588558855885,0.3198942498347654,-0.5691489361702128,0.7116695059625213,0.34798534798534797,-0.5821831869510665,-0.6055456171735242,0.7030075187969925,-0.8315943238731218,0.07321131447587355,0.0
0.960960960960961,-0.7229899497487436,-0.6593214410633088,0.9589743589743589,0.7804347826086957,0.27300242130750607,0.6050593701600413,0.6325088339222615,0.4018126888217523,0.3043893129770992,-0.4264099037138927,0.44224422442244227,0.49173826834104434,-0.5537234042553192,0.6835604770017036,-0.10805860805860805,-0.4623588456712672,-0.8032200357781752,0.619047619047619,-0.7936143572621035,-0.05324459234608985,0.0
0.9619619619619619,-0.7989949748743719,-0.7040923399790137,0.7818540433925049,0.5028985507246377,0.45278450363196127,0.5389778007227671,0.00706713780918728,0.5035246727089627,0.33874045801526714,-0.05914718019257221,0.5467546754675467,0.2293456708526107,-0.6547872340425532,0.8160136286201022,0.6739926739926739,-0.6838143036386449,-0.5742397137745975,0.8684210526315789,-0.8420283806343907,0.19134775374376042,0.0
0.9629629629629629,-0.7839195979899497,-0.704966771598461,0.923076923076923,0.5398550724637682,0.38075060532687655,0.6473928755807951,0.27738515901060073,0.6153071500503524,0.42366412213740456,-0.6767537826685007,0.43344334433443343,0.6576338400528752,-0.8218085106382979,0.6899488926746168,0.1813186813186813,-0.5872020075282308,-0.7504472271914131,0.7080200501253132,-0.7992487479131887,-0.04658901830282862,0.0
0.963963963963964,-0.8731155778894472,-0.5835956628191675,0.8118343195266271,0.5282608695652175,0.288135593220339,0.47909137842023747,0.31448763250883394,0.581067472306143,0.3511450381679389,-0.3246217331499312,0.3806380638063806,0.3721083939193655,-0.7601063829787235,0.7116695059625213,0.4725274725274725,-0.46675031367628605,-0.6932021466905187,0.6741854636591479,-0.8297161936560935,0.15806988352745424,0.0
0.964964964964965,-0.6410175879396984,-0.7121371108779294,0.8714003944773175,0.7811594202898552,0.3989104116222761,0.7325761486835313,0.7102473498233217,0.540785498489426,0.4809160305343511,-0.4552957359009629,0.46974697469746973,0.7091870456047588,-0.6260638297872341,0.6929301533219762,0.2765567765567765,-0.6003764115432872,-0.7835420393559928,0.8345864661654135,-0.7120200333889817,0.32445923460898507,0.0
0.965965965965966,-0.6802763819095476,-0.7193074501573977,0.8587771203155818,0.755072463768116,0.2033898305084746,0.6985028394424367,0.627208480565371,0.5971802618328298,0.30343511450381677,-0.4704264099037139,0.44114411441144114,0.6345009914077991,-0.4622340425531915,0.6660988074957411,0.4304029304029304,-0.6260978670012547,-0.5724508050089445,0.8251879699248119,-0.7570951585976629,0.32445923460898507,0.0
0.9669669669669669,-0.8055904522613064,-0.6014340678558937,0.9001972386587771,0.7413043478260869,0.4279661016949153,0.4661848218895199,0.5141342756183745,0.5760322255790533,0.2719465648854961,-0.37001375515818435,0.2816281628162816,0.4983476536682089,-0.752127659574468,0.6856899488926746,-0.003663003663003663,-0.432245922208281,-0.6234347048300536,0.8621553884711778,-0.7737896494156928,0.4409317803660566,0.0
0.9679679679679679,-0.7823492462311558,-0.714235746764603,0.9088757396449703,0.6536231884057971,0.13075060532687652,0.6236448115642746,0.49646643109540645,0.756294058408862,0.650763358778626,-0.4332874828060523,0.49284928492849284,0.40118968935888966,-0.5920212765957447,0.692504258943782,0.2399267399267399,-0.5056461731493099,-0.5053667262969588,0.6604010025062657,-0.7823455759599333,0.45257903494176377,0.0
0.968968968968969,-0.8599246231155778,-0.5318293109478839,0.8189349112426035,0.4326086956521739,0.5526634382566586,0.4796076406814662,0.47879858657243823,0.40483383685800606,0.28530534351145037,-0.4346629986244842,0.0781078107810781,0.16391275611368145,-0.8611702127659575,0.7223168654173765,0.4487179487179487,-0.3174404015056462,-0.7683363148479426,0.6340852130325815,-0.850584307178631,0.329450915141431,0.0
0.96996996996997,-0.6881281407035175,-0.7831409583770549,0.832741617357002,0.5760869565217392,0.6065375302663438,0.6618482188951987,-0.053003533568904596,0.5518630412890232,0.8721374045801527,-0.8473177441540578,0.77007700770077,0.9477858559153999,-0.7324468085106384,0.6652470187393527,0.021978021978021976,-0.4880803011292346,-0.6440071556350625,0.6879699248120301,-0.7756677796327213,-0.49417637271214643,0.0
0.970970970970971,-0.8282035175879396,-0.8644630989856592,0.8055226824457592,0.6891304347826087,0.6047215496368039,0.743417656169334,-0.045936395759717315,0.459214501510574,0.3368320610687023,-0.6492434662998624,0.30363036303630364,0.5426305353602116,-0.8718085106382979,0.7610732538330495,0.17399267399267399,-0.6110414052697616,-0.6833631484794275,0.7800751879699248,-0.8583055091819701,0.2346089850249584,0.0
0.9719719719719719,-0.6215452261306532,-0.611577474641483,0.8224852071005917,0.660144927536232,0.524818401937046,0.5384615384615384,0.49293286219081284,0.3454179254783485,0.3616412213740458,-0.5254470426409904,0.396039603960396,0.8307997356245869,-0.6872340425531915,0.5315161839863715,0.4267399267399267,-0.20138017565872018,-0.6672629695885509,0.62468671679198,-0.7220367278797997,0.2096505823627288,0.0
0.972972972972973,-0.7779522613065326,-0.6899265477439664,0.8059171597633136,0.7536231884057972,0.35714285714285715,0.7805885389778007,0.5106007067137809,0.4954682779456193,0.2757633587786259,-0.5680880330123796,0.5313531353135313,0.5961665565102446,-0.5015957446808511,0.7142248722316866,0.4487179487179487,-0.5972396486825595,-0.6815742397137745,0.7788220551378446,-0.875,0.346089850249584,0.0
0.973973973973974,-0.8850502512562813,-0.6157747464148303,0.8209072978303746,0.7268115942028985,0.47578692493946734,0.5482705214248839,0.2667844522968198,0.4682779456193354,0.5066793893129771,-0.43878954607977994,0.49504950495049505,0.4474553866490417,-0.8319148936170213,0.7521294718909711,0.13919413919413917,-0.5451693851944792,-0.6779964221824686,0.6848370927318295,-0.8670701168614358,-0.0066555740432612314,0.0
0.974974974974975,-0.875,-0.6371108779293458,0.9293885601577908,0.7811594202898552,0.26210653753026636,0.514713474445018,0.27385159010600707,0.4350453172205438,0.1603053435114504,-0.33975240715268223,0.40264026402640263,0.5697290152015863,-0.7218085106382979,0.8309199318568996,0.5018315018315018,-0.5520702634880803,-0.7683363148479426,0.818295739348371,-0.8996243739565943,0.2695507487520799,0.0
0.975975975975976,-0.801821608040201,-0.5842952081147255,0.9309664694280078,0.6869565217391305,0.23910411622276032,0.5534331440371709,0.6342756183745584,0.5709969788519637,0.31774809160305345,-0.6451169188445667,0.3355335533553355,0.427627230667548,-0.6297872340425532,0.7657580919931858,0.23260073260073258,-0.5457967377666249,-0.5098389982110911,0.6697994987468671,-0.8324290484140234,-0.2728785357737105,0.0
0.9769769769769769,-0.8483040201005025,-0.6196222455403988,0.8773175542406312,0.6195652173913044,0.75181598062954,0.4821889519876097,0.2932862190812721,0.5246727089627392,0.6889312977099236,-0.5804676753782668,0.5346534653465346,0.55783212161269,-0.8409574468085107,0.8411413969335606,0.1703296703296703,-0.6731493099121706,-0.6556350626118067,0.5639097744360902,-0.9067195325542571,-0.30615640599001664,0.0
0.977977977977978,-0.7452889447236182,-0.8873732074151801,0.7889546351084812,0.8847826086956523,0.06840193704600485,0.8750645327826536,0.3639575971731449,0.5226586102719033,0.4646946564885496,-0.7414030261348006,0.34763476347634764,0.7627230667547918,-0.6117021276595744,0.7044293015332198,-0.08424908424908424,-0.5219573400250941,-0.5,0.8189223057644109,-0.7915275459098499,0.4276206322795341,0.0
0.978978978978979,-0.8335427135678392,-0.7266526757607555,0.809861932938856,0.5717391304347826,-0.19188861985472155,0.6009292720702116,-0.0353356890459364,0.7200402819738166,0.31583969465648853,-0.5240715268225585,0.3069306930693069,0.6417713152676802,-0.6186170212765958,0.6588586030664395,0.35347985347985345,-0.5777917189460476,-0.20125223613595705,0.8928571428571428,-0.833889816360601,0.5324459234608986,0.0
0.97997997997998,-0.7553391959798994,-0.7679258481986708,0.8654832347140039,0.6434782608695653,0.47457627118644075,0.6339700567888487,0.3515901060070672,0.7814702920443102,0.7166030534351144,-0.547455295735901,0.6776677667766776,0.48380700594844683,-0.7202127659574469,0.7402044293015333,-0.2838827838827839,-0.6675031367628608,-0.5456171735241502,0.8189223057644109,-0.8267946577629383,0.2362728785357737,0.0
0.980980980980981,-0.8706030150753767,-0.7341727876880029,0.9305719921104536,0.7210144927536233,0.14709443099273609,0.5983479607640682,0.10247349823321557,0.608257804632427,0.24713740458015268,-0.5213204951856947,0.3201320132013201,0.48777263714474556,-0.6537234042553193,0.6865417376490631,0.1868131868131868,-0.35257214554579674,-0.4355992844364937,0.7412280701754386,-0.8660267111853089,0.18635607321131448,0.0
0.9819819819819819,-0.5606155778894472,-0.8338579923050017,0.8102564102564102,0.7956521739130435,0.05992736077481841,0.7821373257614868,0.10247349823321557,0.5568982880161129,0.4437022900763359,-0.8431911966987621,0.4565456545654565,0.8387309980171844,-0.5579787234042554,0.5417376490630325,-0.045787545787545784,-0.2697616060225847,-0.3470483005366726,0.818295739348371,-0.6504590984974958,0.31114808652246256,0.0
0.982982982982983,-0.7327261306532663,-0.6843301853795033,0.9159763313609467,0.65,0.5115012106537531,0.5663397005678884,0.5141342756183745,0.486404833836858,0.33396946564885494,-0.71939477303989,0.49504950495049505,0.6688697951090549,-0.6872340425531915,0.661839863713799,0.30586080586080583,-0.501254705144291,-0.5026833631484794,0.7073934837092731,-0.7733722871452421,0.2878535773710482,0.0
0.983983983983984,-0.8574120603015075,-0.6636935991605456,0.8856015779092702,0.46811594202898554,-0.044794188861985475,0.4574083634486319,-0.019434628975265017,0.6052366565961732,0.3931297709923664,-0.37964236588720773,0.4213421342134213,0.419035029742234,-0.6260638297872341,0.7035775127768313,0.19413919413919412,-0.5853199498117942,-0.5688729874776386,0.6635338345864661,-0.8520450751252088,0.064891846921797,0.0
0.984984984984985,-0.6425879396984924,-0.5734522560335782,0.8942800788954635,0.5115942028985507,0.75181598062954,0.5126484254001032,0.4681978798586573,0.5599194360523666,0.34064885496183206,-0.42916093535075656,0.5764576457645765,0.4335756774619961,-0.7648936170212766,0.641396933560477,0.28021978021978017,-0.43601003764115426,-0.7227191413237924,0.5827067669172933,-0.7020033388981636,-0.02995008319467554,0.0
0.985985985985986,-0.7396356783919598,-0.9053864987757957,0.8331360946745562,0.6876811594202898,0.5290556900726393,0.795560144553433,-0.3215547703180212,0.6706948640483384,0.5400763358778625,-0.6464924346629987,0.7524752475247525,0.6728354263053536,-0.6382978723404256,0.7278534923339013,-0.11172161172161171,-0.6022584692597239,-0.7245080500894454,0.7274436090225563,-0.847245409015025,-0.064891846921797,0.0
0.986986986986987,-0.7682160804020101,-0.8058761804826862,0.9577909270216962,0.7601449275362319,0.818401937046005,0.8198244708311823,0.42756183745583043,0.6455186304128903,0.5963740458015266,-0.4525447042640991,0.7227722772277227,0.7362855254461336,-0.699468085106383,0.7542589437819421,0.047619047619047616,-0.6869510664993725,-0.7459749552772807,0.7537593984962406,-0.854966611018364,0.019966722129783693,0.0
0.987987987987988,-0.7867462311557788,-0.7841902763203917,0.9838264299802761,0.9115942028985508,0.7711864406779662,0.8425400103252452,0.5035335689045937,0.6092648539778449,0.5,-0.14718019257221457,0.7150715071507151,0.635822868473232,-0.6611702127659576,0.7900340715502556,0.4615384615384615,-0.7164366373902132,-0.7406082289803219,0.7205513784461152,-0.8514190317195326,-0.09983361064891846,0.0
0.988988988988989,-0.7119974874371858,-0.7864637985309548,0.9353057199211045,0.6166666666666667,0.41828087167070216,0.6288074341765617,0.25265017667844525,0.6424974823766365,0.3816793893129771,-0.23108665749656124,0.7579757975797579,0.5816259087904825,-0.6101063829787234,0.7248722316865418,0.4304029304029304,-0.5746549560853199,-0.7325581395348836,0.7512531328320802,-0.8357679465776294,0.24126455906821961,0.0
0.98998998998999,-0.797110552763819,-0.7997551591465548,0.9238658777120315,0.7369565217391304,0.0,0.6701084150748581,0.24028268551236753,0.7009063444108761,0.6908396946564885,-0.5502063273727649,0.638063806380638,0.7508261731658955,-0.5367021276595745,0.7257240204429302,-0.045787545787545784,-0.678168130489335,-0.5554561717352414,0.8270676691729323,-0.8297161936560935,-0.06156405990016639,0.0
0.990990990990991,-0.7412060301507537,-0.7903112976565233,0.8398422090729782,0.7811594202898552,0.4806295399515739,0.6236448115642746,0.21201413427561838,0.5649546827794563,0.23377862595419846,-0.45116918844566717,0.3047304730473048,0.6470588235294118,-0.7446808510638298,0.6669505962521295,-0.0879120879120879,-0.459849435382685,-0.6207513416815741,0.651002506265664,-0.7474958263772955,0.4908485856905158,0.0
0.991991991991992,-0.8369974874371859,-0.6413081497026932,0.9195266272189349,0.6246376811594203,0.38801452784503637,0.5988642230252967,-0.02826855123674912,0.5629405840886204,0.32633587786259544,-0.6299862448418158,0.5797579757975798,0.6609385327164574,-0.6468085106382979,0.7678875638841568,0.39377289377289376,-0.7308657465495608,-0.5626118067978533,0.769423558897243,-0.876043405676127,-0.33943427620632277,0.0
0.992992992992993,-0.8099874371859297,-0.8548443511717384,0.8323471400394477,0.8311594202898551,0.3595641646489104,0.7186370676303562,0.17844522968197882,0.6414904330312186,0.3358778625954198,-0.5708390646492435,0.42464246424642466,0.5393258426966292,-0.6558510638297873,0.7308347529812607,0.20512820512820512,-0.6800501882057717,-0.5286225402504472,0.8552631578947368,-0.8994156928213689,0.19467554076539104,0.0
0.993993993993994,-0.8335427135678392,-0.7586568730325288,0.9171597633136095,0.5347826086956522,0.5569007263922519,0.6184821889519876,0.01060070671378092,0.6878147029204431,0.6097328244274809,-0.46079779917469055,0.8602860286028603,0.37409120951751484,-0.7159574468085107,0.7934412265758093,-0.2216117216117216,-0.7164366373902132,-0.684257602862254,0.7825814536340853,-0.8649833055091819,0.05657237936772047,0.0
0.994994994994995,-0.7503140703517587,-0.8579923050017488,0.8694280078895463,0.9246376811594204,0.4739709443099274,0.6938564790913785,0.11837455830388695,0.5448136958710977,0.3969465648854961,-0.46767537826685013,0.6314631463146314,0.6972901520158625,-0.6648936170212766,0.8224020442930154,0.2765567765567765,-0.5495608531994981,-0.644901610017889,0.8026315789473684,-0.8608096828046745,-0.3194675540765391,0.0
0.995995995995996,-0.8203517587939698,-0.6204966771598461,0.8441814595660749,0.468840579710145,0.4558111380145279,0.4568921011874032,-0.053003533568904596,0.8429003021148036,0.2729007633587786,-0.4442916093535076,0.4488448844884488,0.48909451421017847,-0.7882978723404256,0.6235093696763203,0.5567765567765567,-0.5734002509410289,-0.533989266547406,0.7474937343358395,-0.8069699499165276,0.2312811980033278,0.0
0.996996996996997,-0.7660175879396984,-0.6407834907310248,0.9136094674556212,0.2818840579710145,0.08535108958837773,0.39442436757873,-0.01236749116607774,0.47331319234642494,0.35782442748091603,-0.8459422283356258,0.3256325632563256,0.411764705882353,-0.698404255319149,0.7086882453151618,0.1923076923076923,-0.38707653701380174,-0.532200357781753,0.8302005012531327,-0.853923205342237,-0.5141430948419301,0.0
0.997997997997998,-0.8797110552763819,-0.7584819867086393,0.8844181459566074,0.7623188405797102,0.4812348668280872,0.6680433660299432,0.2667844522968198,0.4028197381671702,0.28721374045801523,-0.8335625859697386,0.3311331133113311,0.7038995373430271,-0.6957446808510639,0.862862010221465,0.3956043956043956,-0.6292346298619823,-0.8112701252236135,0.7800751879699248,-0.9699499165275459,0.028286189683860236,0.0
0.998998998998999,-0.6513819095477386,-0.5717033927946835,0.8497041420118342,0.513768115942029,0.4430992736077482,0.5611770779556015,0.43639575971731454,0.460221550855992,0.40935114503816794,-0.6162310866574966,0.5093509350935094,0.5598149372108394,-0.5861702127659575,0.7112436115843271,0.1227106227106227,-0.5752823086574654,-0.7173524150268336,0.6936090225563909,-0.7842237061769617,-0.0632279534109817,0.0
1.0,-0.8696608040201005,-0.6077299755159147,0.8658777120315581,0.48115942028985514,0.4013317191283293,0.5276200309757356,-0.04240282685512368,0.8841893252769386,0.5772900763358778,-0.32599724896836313,0.7172717271727173,0.38797091870456046,-0.8382978723404256,0.7623509369676321,0.4798534798534798,-0.8130489335006273,-0.59391771019678,0.6309523809523808,-0.8578881469115192,-0.05324459234608985,0.0
