0,1,2,3,4,5,6,7,8,9,10,11,12,13,14,15,16,target
0.6656797473850626,-0.6717439162859401,-0.37284254551075907,-0.9866333557574037,0.7951715381134289,0.23416422559330916,0.2657373864326792,1.2478802417717836,-0.3661990675484683,0.6625876269664353,1.1686376692881522,-0.41804264674830266,0.13613388478219499,-0.7049982287274269,-1.4827916288726066,-0.9688655691631914,-0.223147061233444,1
-0.009550479802785727,0.9804158549103873,0.3215876193697577,-0.1673369793292421,-0.39316880354421324,0.44160293002160816,-0.321888198919806,0.12635726526276944,0.914018430750163,-1.0721857673703832,-0.995865748474676,1.3410302812976622,0.3614547312492601,-0.13210262745482115,0.18517276491460563,0.816767823022661,0.15671672518575117,1
0.026869959542298125,0.8216007580669357,0.3453651550838289,-0.08304021869595839,-0.061651928051286047,0.37129269377471125,-0.8654374019048394,-0.2160168205239162,0.11647274189931935,-0.6384576715279673,-0.43963952318435007,0.32701424629649906,0.93855067099299,0.6858335673246911,-0.08453239290379122,0.2645535797435701,0.32984070542048355,1
0.25129138120313577,0.9919500491148233,-0.7575231427417061,0.3946665066447801,0.5911097389988552,-0.3070643619479128,0.8825873532820575,0.8221460100905778,-0.4463082491608076,0.5106990966278185,0.8597898436737847,-0.4391786141573144,-1.133153363466769,-0.5377438666647903,-0.8643528728575562,-0.7041668850402248,-0.7256393931265239,1
-0.372729859732024,-0.71962595132209,-0.13750195588765485,-0.6604798890379225,0.16774629202247407,0.22212677208353185,-1.2807676275895366,-0.8010983641116404,0.7545529821965238,-0.31477335129110345,-0.7546928875741158,0.5847562875036229,-0.009405698373057811,0.7722916646964646,0.08266900429206966,-0.2712349433273676,0.7387452832123522,1
0.12614267937943302,-0.1533361366628468,0.787883401157323,0.6153883880747105,0.0367770062107561,0.6767198479795535,0.022400718009837752,-0.04519485735770383,0.047792519967074544,-0.807955358854353,-0.36848530967834414,0.31165762897968385,-0.08255335630142871,0.24434931202392832,-0.30331187860241376,0.7173750911375558,0.15241233950703945,1
-0.43763953580886106,-0.23970647317008598,-0.2287001854148537,0.2823066527688589,0.40660930458200323,0.3561194919620752,-0.3703386835161146,-0.8760237657880307,-1.0067004672070747,-0.7171962951788657,-0.7495907452488946,1.1809633900918215,1.0174120697988016,0.4932420787816209,0.5454903096249001,0.4524791433722329,0.09975204736067743,1
0.18398237500716152,-0.04023829327552972,0.27631293875204194,-0.24193926111146258,0.8267839998378437,0.16457108224452965,-0.6185163175344788,-0.46051733191633887,-0.40684825842434374,-0.20989974810295087,-0.945557481014198,0.4521479818396511,1.5789234145592541,0.4134841823057011,0.5526867446506802,0.2463261057265592,0.1051509297308322,1
-0.2800068517001494,-0.24068808934625638,-0.9210450027728669,-0.1874553762350422,0.8302765403350628,-0.3427350547118972,0.47793428514718084,-0.01908255330073955,0.5280375844180815,0.6164237418016991,0.6311017326325078,-0.5663320640947618,-0.7153946625553855,0.8197481283372747,-0.24294013930471872,-1.2107665996620331,-1.2816521679967985,1
-0.1785997438881553,-1.074793569610423,0.7483097725156728,0.9756498039228981,0.8772852980733964,1.1440455331346682,-0.8395609704545803,-0.9255591825566524,-1.2608658744489356,-0.35333626240893756,-0.28812348928822884,0.035279963059888064,-0.35058253302720854,0.644917080930068,0.36264543013210515,0.5469987528064405,0.9305946665150466,1
0.7140009054164962,0.7955136535435342,-0.6799062338693787,0.4384519511073222,0.44329635349742547,0.19081741264489,0.8281383127490792,1.496239015621537,0.634293589168003,0.1881883422986162,1.1634748191807884,-0.43907155309071144,0.04735177787329984,0.10704858650241264,-0.5738376061043302,-0.6564481472125391,-0.7771186160040237,1
-1.072007204104135,0.09500098594776561,-0.11911175666541275,-0.004230791288787875,-0.15622028851363673,0.6327155901699447,-0.07471253340655687,-0.06517248950030646,1.006263412250087,-0.5853007941214938,-0.6259529242347667,1.2125780961499153,-0.3513684025273543,0.05341243663730137,-0.558462123302057,0.4071703976547553,0.5200248522350248,1
0.5687267258860124,0.291666535278276,0.7375818163735102,-0.01703788030730778,0.42989199326288163,0.21091584855213522,-0.21930328963274134,-0.2640978276245036,-0.5110507599491175,0.12748591255796196,-0.6062212988447306,0.49433075170849416,0.9584291602148527,0.1052221416814982,0.0005529564267574022,0.41002209842546006,-0.07059088766805324,1
-0.6982902171465256,-0.5415125657217491,-0.03995263237053178,0.40343392273408485,-0.11351693371585085,0.397998133527426,-0.6368795585620702,-1.1528820934138033,-1.2171143095212484,-0.6258110758969998,-0.17644274277686398,0.8433220930945863,0.7931961302545526,1.0297935541567824,-0.46609122186895713,0.2043184565315028,0.530632220425453,1
-0.07839366704258417,1.1070480823826148,-0.912548749308182,-0.3747952096574051,0.1556709970271255,-0.9974599306904435,0.3246404125986579,0.6801988953656469,-0.43619255428387904,0.9294017620152139,0.38070943619052733,-0.7411303833870386,0.8660565142866296,-1.4965509738211538,-0.3142222046971377,-0.8818454760341707,-0.6938092811313958,1
0.026133794510405216,0.09241169947215133,-0.4003505642984009,0.5522807900308339,-0.6500768237544123,-0.07632801098224667,0.7423362038815314,0.30702639911160695,0.7118739759573158,0.3491547508144102,0.36077319266059543,-0.3285049249172606,0.003464377618404978,0.039548955031574726,0.7378844528418386,-0.3158297291617273,-0.7267320543423808,1
-0.4750469899693743,-0.09916239214431566,0.011184469278327247,-0.001804833103488815,-0.3866200541129739,0.18511558030226147,-0.8970309754364432,-0.9545145618365859,0.26962666626309106,-0.7693466385583291,-0.7035776465785962,1.1607593289932183,0.036413691159355145,0.5353719373747902,-1.0129153901516448,0.27846221927370157,0.39572129116457383,1
0.8602272388670373,-0.17720749461824822,-0.4831893329606651,-1.6451954845760848,1.0504387628582679,-0.21837912705127904,0.3314268443005266,0.8385931970300825,-1.5204231591693886,0.9662707460009702,0.5106366228123541,-0.03313361111727025,-0.05491178034814563,-0.7912669350846205,-0.19914459961373043,-1.0084632405602922,0.01645162124916858,1
0.08610086486402016,-0.45049692476248127,0.5486714640343702,0.597695858529822,-0.6502478087733796,0.35862338743428085,-0.8228568085854612,-1.1841205474024379,-0.6289430841232301,-0.6064842169963504,-0.3393558992603105,0.6594427056599655,-0.37218698233607006,0.6035336877226266,0.40368455534672365,0.45019915865623455,0.4613836006860627,1
-0.005794260248501505,-0.41865151604408735,0.6850256891731749,-0.1993047576419429,-0.5868842776004274,0.28134060043611137,-0.4680719349790192,-0.6428482966810256,-0.3422134871227781,-0.38369215864416595,0.0239727795689116,0.9553577607027646,-0.6439360934055441,0.4501550556703991,-1.026919290535183,0.18201284816532923,0.5460276803504905,1
0.5819097352632078,0.1512278997132003,-0.17579218973577657,-0.995455856003956,0.948976061390748,-0.15876189258800832,0.011868583939124594,1.3345810302657322,0.43972817191042035,0.13978795995675983,0.959869749038837,-0.2019318305182083,0.4216007012340909,-0.28344614277823793,-0.910465098891065,-0.9216845894274229,-0.23720256118223915,1
-0.49530485731356033,0.6842794244817381,-0.6846954211105825,0.6338795698675825,-0.0341305315841728,-0.3598607610246766,0.545406554700093,-0.009404410815979241,0.4312679269399447,0.24430130539051548,0.5007724338644297,-0.5513548675983638,-0.7678923308279295,-0.2928001812429482,0.5210649943232905,-0.5091158071217491,-1.4957849871492042,1
0.25325934164982805,-0.35344283092807544,-0.0938943147549342,-1.5582003030615583,0.1481084931522164,-0.11362457447300317,0.2599611836050068,0.49957834976892324,0.8639852165172363,1.075296507554387,0.7653592937038348,-0.2740952510126637,-1.5706208359525629,0.18656421590119135,-0.24533463104468406,-1.2487572327746235,-0.46674743294110294,1
0.405137164159052,0.18052308790759922,-0.2495489868174522,-1.095320049391024,-0.49754245874816144,-0.40479400696083623,-0.024955284164890502,1.0328682437215055,0.4263043009363759,0.48485471468085284,0.4903109370835751,-0.29586345116174984,0.4950641849248525,-1.178434187674821,-0.06120986567762978,-0.7189922059858471,0.13829218669797025,1
-0.2834262446373081,-0.8560911920900147,-0.07184739341398436,-0.5156797897120072,-0.4741927979949893,-0.6194269132727562,0.27647195939916674,0.04944726806577998,0.4994159229173672,0.9256433669804333,0.9634712668897619,-0.3983905157482586,-0.5744923482537785,-0.7602103933424913,0.5320373210685485,-0.9696337496919005,-0.7686507558910897,1
2.3111661072268137,-1.4843955616278814,0.44513654123527535,-0.9755247837090701,-1.0988444365509786,-0.055874213910587084,-0.5494720513147414,-0.899818494870052,-2.746694803333164,-0.43585127653070366,-0.6611135560870419,-0.8666737601013832,0.08033286891094256,-0.49084053207514683,-0.32038712113378065,0.1257893443517084,-0.3055826996282768,0
-0.06920488612964473,-0.6242941383144592,0.43591978046953755,0.6154118867079964,-0.614497597789515,0.36300776148357217,-1.76386249056514,-1.7533406902226283,-0.9580671211468849,-0.8594277371041014,-0.5247390905634565,0.9883007122744625,-0.38999823899124014,0.7876395268598443,-0.8522827607404514,0.4280544638400267,1.216923941216837,1
-0.9482374764645614,0.6634637521037745,-0.7310275389138744,-0.9772863489807458,0.8525024280100288,-0.689845014512008,-0.12874977467902626,0.6703703153080809,0.9951730228287637,0.7285944262562348,1.0005037730959718,-0.4268084550782463,-1.0735933796154373,-0.8701606805323415,-0.06808926929186522,-1.3923525204811478,-0.70518256314185,1
-1.1688960467276155,1.264346382061059,-0.2540740720453958,-1.2378225832942742,0.2171898327393206,0.592864783003549,-0.598306117065725,0.6862537429367664,2.1470595316458816,-0.483325140529588,-0.5625583627588996,0.5566363720189477,0.062345752343182854,0.3108325589732886,-0.8235682256093764,-0.15464940652409084,0.39134623906459276,1
-1.1000391387962354,0.10174428929335078,-0.1915232250799355,1.017224594792044,-0.9330959552026712,-1.074237903941028,0.4064408319629407,-0.8155807299999176,-0.7311374176981105,0.15789950034918646,0.2415262339009743,-0.5924001209210872,-0.9756859914339684,-1.004871650444309,0.6532335613834603,-0.24765333846032375,-0.3399137100225679,1
-0.20710172513572775,0.12920495357553108,-0.9026351189537621,0.532763470256183,-0.1822244978825402,-0.45304153892978777,0.7580140192080913,0.21880965865716165,-0.19415737910221417,0.6042954216278078,0.10407538484402708,-0.24670573614291916,0.4143764196297932,-1.021679974125609,0.16309038877001505,-0.35940579114846416,-0.7654991015495033,1
0.04147546182350236,-0.5133606015658885,0.1941746716035018,1.2505268820648872,-0.11026955283935948,0.7379559569999916,-0.6787215851125503,-1.2373939999464123,-1.2562056040946,-0.9178370364144216,-0.5288998206858226,0.7238337691304831,0.05535583994231444,0.6800366429039069,-0.9457491769492239,0.7604434488955867,0.3337403172513312,1
-1.1923215824962363,0.30580929768755727,-0.44298848976282296,-1.1636618785888262,1.1442802276578914,0.9963394053034523,-0.0960049058974541,0.6482337156538216,0.8251848322879739,-0.18683666044976543,-0.5309218723329368,0.43577819803726847,0.3847320102377785,0.4038870485968596,0.04380848077753795,-0.15849380552216816,0.4215429332415278,1
1.380903474303548,-0.27584899263686574,-0.0009963124343954684,-0.7300247466162024,-0.14394158510577623,-0.7801148681523447,0.26279934382697967,1.1566651073221228,0.10828711874912572,0.4506743428515893,0.634013087692213,-1.019998636888282,0.8386830092220886,-0.25324320156920105,-0.33979708809792813,-0.9739992393612438,0.25969275439243633,1
-0.24538427665163673,-1.1191715410715295,0.036933642810218284,0.6274217139447397,-0.06365575564406822,0.6071758830455404,-0.34513971629048823,-0.8638431707207873,-0.20169172127687923,-0.916711928134428,-0.6420659091585437,0.5751736490365403,-0.6647733460292957,0.6217806273037237,-2.2610609911244945,0.4341264100719401,0.442481422325562,1
1.4677708423380575,0.24135393008970477,0.3966503258497674,2.507629904802648,-0.8051104533442095,0.851872514146806,0.43348310874849966,0.7790152321436277,1.0069109163192462,-0.6318268011381888,0.9448667093811179,-0.035922277556900986,-3.4178583994837624,0.27529211396981373,0.06654048643470431,0.40508026404058584,0.738128446004153,0
0.30501771449827736,0.732731647076056,1.0183645811442446,-0.6087730105725938,0.10729625988682381,0.3784166756478334,-0.6617319074282906,0.07097483092006415,0.230909203067334,-0.3653864903558538,-0.31390523219514704,0.37817721706685303,-0.42045015506856187,0.05592518369633777,-0.1208410612214706,0.2913885976203444,0.36818783759190044,1
0.6256704075097935,0.12686285710429634,0.9115211549275545,0.31766538095137514,0.9011519319691481,0.9428932169883798,-0.42711300118593104,-0.5079053428854586,-2.1741755632069713,0.028188399698214444,0.03161808431228651,0.10975252862797497,0.35687869144859985,0.6518481617723052,-0.05560100148447507,0.44771894071942286,0.191138805363281,1
-1.1482288735681003,0.4841684986991939,-0.15611026521051657,1.3059830193533513,-0.871367675234567,-0.24328263821050589,0.8623149850020032,-0.5896191402701074,-0.17171260142723585,0.45955314340098946,-0.1973578855152047,-0.055544333476222056,0.7229309770227904,-0.513847588665882,0.4847684317916235,0.33769580906900576,-0.8552696751396734,1
1.982078818112,-1.2429892633556174,0.6471567768383305,-0.7077916566556138,-0.13079219798969563,-0.3686706446643469,-0.5740136096924926,-1.0455517009686819,-1.817799501045064,-0.41625051750146147,-0.7420109766228565,-0.5324295139773959,0.39437695460526634,-0.06513827628545069,1.1392669656293042,0.06912570478642023,-0.9684809753163754,0
0.027138590897739758,-0.5545117196849659,0.36822211501435265,-0.00211540530286138,0.7384520767515342,0.7206322287815798,0.09060496475452638,-0.050704037914768296,-0.6674895452611548,0.2861052879991397,-0.261462557446996,-0.28335433107980446,0.34602959392435007,0.5517959342593337,-1.4535153207280165,0.05500264663293632,0.3720806167294241,1
-0.0860045885764622,0.00027014865389227247,0.20988451226966792,-0.22392695474977242,-0.058018741812215335,0.4986679803243765,-1.4366994067564387,-0.8929149374869545,-0.3520893435869002,-0.39954126985229355,-0.4977093544003208,0.6840228363017532,0.31649915193330486,0.6480376904350936,0.26333729454768057,0.1292941511549294,0.7833398377808667,1
-0.2527169908939302,0.0882216674692387,0.3813427464153791,-0.17607354012530418,-0.3608205139611089,0.7513652224090792,-0.7311109591547279,-0.4799315952631305,-1.1804855394496,-0.7323255623423859,0.32890534935029797,0.5040692975023566,-0.4833899994266766,0.8280276658067746,-0.41663787462582624,0.1289919809593945,0.8442833964795792,1
-1.4642400821164294,0.38116999950791103,0.20827379200399204,1.5590547055849784,-1.9116658910139035,-1.2765646027495572,0.6377623029519974,-1.4178138837290224,0.06976572121298234,0.46583213669004925,-0.17155459839786497,-0.270902105681081,0.23960668177673858,-1.1915647221355636,-1.3350420385355708,0.28465247598113863,-1.3864585600105324,1
-0.3076842296789403,-0.2793136375251674,0.07495081237372495,-0.5803168125954824,-1.3111311530865095,-0.4619333093581912,0.2442303581531685,-0.14487322851066028,0.5330089791441026,0.49307681139236015,0.08284306974814577,0.2927813362233537,-0.46264254258213644,-0.7980274824834788,1.0732400756429377,-0.3145933072599249,-0.1600651557140486,1
0.6139465280997096,-1.5551547534092272,0.8018950578136128,0.3247634674653476,1.1369505509598985,0.6130116064774445,-1.125211758175916,-0.829547707862086,0.02892644718270683,0.06382939260745775,-1.1328420978297598,0.02592503522321707,0.38094224430440865,0.5839554749116238,-0.3471728925516136,0.3124335124303568,0.957275455413333,1
0.3500928037371203,-0.08509053686293493,0.4010296815843798,1.0558695442149582,-0.19819095674614243,0.49170361774414234,-0.3254508144958471,-0.9419903539802159,-0.950776847759651,-0.742819835014799,-0.7422081534647988,0.5802735887419156,0.37721035487623766,0.5325636527010956,-0.002716694213576906,0.8187891819479455,0.04466936916286563,1
-0.47924588408223207,0.2726900200766984,0.36504647646806876,-0.42960908913224133,-0.1804790953982962,0.5119062323117185,-0.8005741894582045,-0.6195787648653734,-0.69480634064503,-0.396624670271339,0.09895076909436695,0.8041120123272943,-0.4193578063772413,0.6007491771728667,-1.7837129944017651,0.05060665516123134,0.5603245244954544,1
-0.21002389981181843,0.15793215467048793,-1.116756213842981,-0.011698488559685982,0.984637106816258,-0.6923461580967949,0.34478176692813495,0.5566201478060776,0.49074083524660245,0.5343135631381946,0.9016362796400832,-0.7365793668088617,-0.7260108576542897,-0.5127506819062775,-0.20490028455182469,-1.2606371967770962,-1.179140668695701,1
-1.1897351289467841,1.0803240108290486,0.3534462115643725,-1.7747584770404525,0.5309327193299768,0.4720871390337637,-0.3265088923462308,0.10252981494807657,-0.4449386767549114,0.04824551535626535,0.2398721270265502,1.2049424351956532,0.009574363421830611,0.15181927993784633,-0.7384546885062369,-0.2125769918167797,0.10937292698506992,1
0.22191628746544617,0.4323693400121356,-0.11299007794366246,0.5632630434655145,-0.6523481923641401,-0.36671995849042316,0.5554271377093599,0.5887538628912196,-0.006093432524179964,-0.0631050873793468,0.40902462190592936,-0.09301681881660898,0.17190544497028956,-0.8656884524478726,-0.9553708302103563,-0.05691674395605248,-0.16991992024266211,1
0.6659151000413741,-0.23543118014938932,-0.485978263375745,-0.5256309232572783,1.758149315953181,-1.119346854064992,0.13903980749146094,0.822495029717506,-0.5467530483410054,0.4844343447788297,1.0212780710670961,-0.8801103611553688,-0.10764874469687709,-0.39861044545382623,2.3272672883076364,-1.4455148696361144,-0.4192695917547751,1
-0.5973726901568076,1.3238238328383616,0.17542082903427525,-0.5898073537564614,0.6452090212328572,0.8150246813258893,0.2613206011747814,0.8873808773442503,0.6884877536099804,-0.23028287522010826,-0.288690269529239,0.12864462155683032,0.737747354227954,0.294915495949356,0.20426800745410556,0.2052396495195033,-0.15319682403815846,1
0.23307708890576495,-0.5629021709707138,0.6703693542120179,0.7578242547778065,0.0004933521203371497,0.6833060063513049,-0.5096111767638737,-0.5059617571270054,-0.0737287851729375,-0.71537514867621,-0.6070425362707979,0.4250970398001931,-0.599815129364793,0.204662998788703,0.1210798684543584,0.6786298556554015,0.6558716600193158,1
0.5831212420330308,-0.00867741525954372,-0.43306596198026115,0.10552887668420331,-0.0015858318473323482,-1.0950042529393405,0.32945916288220356,0.4437644458173395,-0.22361009774418653,0.13481289234731722,0.6685543165424876,-0.7782095311656922,0.26580367480984257,-0.32007909348967367,-0.09176885515991323,-0.8953812274489776,-0.4008795862478061,1
0.783475010430958,0.7018271981343246,-0.556056870711978,0.13489200661704112,-0.13897275668614176,0.10620319063378522,0.7621189604866428,1.046074866755013,-0.20193665461884425,0.21033195541982153,0.6367546556386414,-0.38707281640061963,-0.20423780978234568,-0.34337750746264,-0.1840900726709353,-0.3962919935192612,-0.4728258229918556,1
0.30525613720102907,-0.3850396699500948,0.9924782347608415,0.1913099996065655,-0.16062597261306777,-0.028574105424905127,-0.6689009180063555,-0.8047002179551361,0.2798698071917393,-0.6992762093127067,-0.7583124216500832,0.6905614324571826,-0.36802981391159,0.22855844992208552,-0.14842121213244996,0.5167788719046117,0.2583162372390326,1
0.6623391785131484,-0.5762889178537878,-0.4832347051681786,0.696842304913717,-0.8274468558246718,-0.5612924883982366,0.7014085117644273,0.08736182417502884,-0.6818392875036067,0.2319442093200448,0.18018054117097676,-0.9096828440301222,-0.010644957373381121,-0.7531052167957097,0.9330197776212863,-0.3149798867985574,-0.4064190896046392,1
-0.7145796782935645,-0.18501916282091213,-0.4780330951580487,-0.9461993917456597,0.6435147580778232,-0.9287617125719129,-0.3200748444152511,0.06711587909483624,-0.6264405151740678,0.7984515090663212,0.35163965145925385,-0.3092302258271167,0.3563641086681167,-1.7297086530919583,-0.23780519584867413,-0.9311225871011586,-0.2719463482354512,1
-1.2427666265580881,0.8174415200961552,-0.1335091458850178,0.1450531792760496,0.48896374541002097,0.5555385507508727,0.25991038550759665,0.4520797596680977,0.7499261118422638,-0.6883059012350589,-0.6625527069763575,0.4709487688370595,0.9348207488245414,0.001225469346177368,-1.5486792007106038,0.4714364894310075,0.11623604203288643,1
0.20225073472233684,1.305049843333127,0.2854778289834922,-1.0034812251325547,0.002918262773029557,0.11436547377796444,-0.3871190548729468,0.41594711143022517,0.8333477287159813,-0.5975300043666304,-0.7341705913274796,0.8861773628754884,1.6486737457000689,0.4261277729803746,0.10988910095065957,0.23838567513726205,-0.09201704219759617,1
0.2943124524390359,-0.4338645608462234,-0.5343245505059014,-1.0018740141968254,0.8016802377084311,-0.3381662894061931,-0.18885133139351395,0.9343010857161783,0.9060931180586864,0.43010676145636506,0.9473259325034865,-0.679136165842206,0.46676771246855553,-0.2503765903815341,0.8888605757869487,-1.2689052774882612,-0.7011108666047102,1
-0.15998337612137684,1.587288922279515,-0.7762801563182284,2.1016941891697543,-1.0925350145274357,-0.4795885429047938,1.1483335677626967,0.15163891430073725,-0.7373549942900327,0.03871971079329737,0.17624771585753715,-0.4115381536493808,0.24320541673823845,-1.5269812145772164,-0.3495997123472793,0.42858815742867457,-1.267579222347463,1
0.5077933857021154,-1.1674959605236328,-0.059183920668049006,-0.5838430785796865,-1.0661071474600063,0.012180686724259681,0.4824502765822392,0.3388737377902868,0.3172811939475008,0.45893881059096375,0.6067540858982646,-0.2679813922356507,-1.5857964413894143,-0.4760862383538081,0.7151036066961908,-0.616272131727509,0.06978003259168931,1
0.08597470725277398,-0.4270942684538114,0.38350909254420484,-0.4203156705192955,0.11651900799976338,0.5516588691726343,-1.0451572558445519,-0.8370376479025504,-0.034555379271184364,-0.14527209553417983,-0.8231193259575773,1.1386396292072258,-0.6098988018772884,0.10849487859570285,-1.1570038277314527,0.2944863695991452,0.6681062935633814,1
-0.18091526339796604,0.3199169357102942,-0.5325182046912454,-0.13710689005029555,0.35271791263412194,-0.3110882734415097,0.34105345046602853,0.5581461414952659,0.25550280089761207,0.23543294638573817,0.7270786562117237,-0.43484802507221654,-1.7979324020834244,-0.4589836202065943,-0.18493544193377198,-0.8354425888958553,-0.2347871326072857,1
0.6730612938382126,-0.6074465697386103,-0.8413325590635763,0.9932593321564233,-0.46704611861712897,-0.7257199859038415,0.8902959149599664,0.15595160932923968,-0.8259913616872961,0.2581081326021137,0.19091720562493605,-0.7672572207091571,0.02157351769213729,-0.6833366060141297,0.8403104802040665,-0.43146328691765745,-0.3020765020749408,1
0.92876677294695,0.39331465338891086,1.3116349129054925,-0.30817388515712246,0.5204116514373297,0.538680398057231,-0.6393253611541168,-0.4633447621383744,-1.2647139467075323,-0.04988713107920612,-0.29744736796218263,0.9313031943727851,-0.01515953598205592,0.05040927089576215,-0.10475507080959907,0.5853564915075182,0.09580444740193204,1
-0.11311710183867298,0.26115927087283203,0.6913176104513467,-1.3176527416778665,0.562518571454824,0.9249662782304949,-0.6971219799608691,0.18056766506537394,0.27680956656406125,-0.4091967426520965,-0.40009936440678007,0.9630634157509712,-1.4274729787823761,-0.28411099098738474,-0.44203883412654804,0.24620427679567683,0.5147014973013081,1
-0.8498590341832415,0.7643950120996265,-0.12968702278085012,-0.5913025521115584,-0.3280441982080777,0.6792743869272891,-0.3398602753789714,0.12830140938304782,0.08680503633288424,-0.6818821983993062,-0.24459217288370805,1.0935303950823017,0.20090015431734437,0.13700330162525207,-0.4364643147065493,0.26220198409207696,0.5927299604793572,1
0.8513853439737131,-0.45663654775330387,-0.6454106869978364,-0.13107595873279335,0.3134248019966888,-0.6058744411895333,0.21824523297211257,0.7034813376685454,0.3740068017700756,0.01738593335971169,0.8814848808424884,-0.8444890816544814,-0.33152562323341567,-0.11998730362281751,0.2376238582187721,-1.0664415918284758,-0.7431679107671332,1
1.2439790249765021,0.4300789640883556,-0.028683319869334326,-0.08495665987439283,0.1796911839985479,-1.0563620133435931,0.0976452870134067,0.4833746917140955,-0.420210108561062,-0.3935156272154335,1.0096490140125571,-0.7646747495699164,-1.1254161583883857,-0.21311070930119538,0.854057863438557,-0.8762878096828801,-0.8227725460592786,1
0.3467530847296881,1.5782708336440607,1.1939338068246124,-0.45203686359798195,0.16314255819879872,0.410529449934964,-0.09967992671483103,0.7582139233391934,0.8063164676241384,-0.6944507235308219,-0.7144307717770753,0.5911202853724449,0.4086681411153186,-0.4231040535866502,-0.26132619446261995,0.8194577782081991,0.025022529957096678,1
0.44125324591583565,0.34255714658866737,1.3314632093486314,-0.10931821412621691,0.4268903904393524,0.3956183463340007,-0.15943702030247586,0.20673596665998012,0.5172894619771762,-0.38690570486504944,-0.39124935981637227,0.05379552784800219,-0.4969971390234229,0.05836398137581079,0.986911817337229,0.4849794865115279,0.02312747358987062,1
0.8533585062222407,0.04739589541412769,0.9230446341407584,-0.04390022906744191,0.6810273711226097,0.7608695302705735,-0.2804295716438284,0.063775479078275,0.6837308933761419,-0.4206249341639008,-1.2589378842399315,0.6835479673863057,-0.07795294626570227,-0.023346026664198938,0.7485199347132298,0.836350773762893,0.09036666284463174,1
-0.01696474239149667,-0.8612091831091516,0.9300682473982127,0.4990626045427191,-0.068714497697096,0.37889424418052053,-0.09911373977465344,-0.4538957476772308,0.34155602182262934,-0.8140004670977722,-0.36156236135445785,0.5248089483728166,-1.491722811870738,0.1718824829823128,0.0174046623576433,0.5285271231739611,0.4037694142216442,1
0.6974878798469601,-0.5524708073919985,-0.5271958531857344,-0.350174837185797,0.28051659254183076,-0.04331444941001635,0.7666306012328342,1.090013536746303,0.016363581711354023,0.877929810217375,1.3355661260606666,-0.5999791579337757,-1.8629761977069905,-0.5116894754953507,0.45352872828352914,-1.14891922518767,-0.13922168067992038,1
-0.3687126349551441,0.9853179795180601,-0.5135741234837512,-0.19699086425106954,-0.10947644729273885,-0.5868523973804218,0.14007173857027155,0.7896639215994804,1.20222842397296,0.14431644658927875,0.8441854011176985,-0.09030266377912366,-0.4712947984202445,-0.5916711191645697,-0.5177028794788693,-0.7998880775141869,-0.6020047376129805,1
-0.45210993183417847,0.3042115335856295,0.42327852601733656,-0.2666712837467142,1.0379285123701225,0.8583750022191885,-0.30545685064631417,0.18970527427141798,-0.36537499851781535,-0.2276936748990115,-0.2523369871810337,-0.12480197784785939,0.4256458814948026,0.5148243094008503,-0.33875096922359876,0.15966267238313284,0.434532206166898,1
-0.5715191719750415,1.2876105661570485,0.24954293037079636,-0.9148806664412384,0.4392688097179783,0.8963820491606524,-0.3745733035573491,0.49016407411776247,0.5257977022690442,-0.5036482527594881,-0.38053082758815093,0.7604642931673143,-0.026244976659846136,0.20552174593127376,-0.7776383428556957,0.27520955476792863,0.24187957786785413,1
0.5307715675703366,0.441094889481428,0.8893285706680725,-0.7830070550553828,0.4824200840126972,0.9396892909406471,-0.8966666430635822,-0.036010146645535986,-1.0370503935556832,0.00714334142801003,0.02167970927322162,0.41189377876073757,-0.07618154024615736,0.41348225884712936,1.4985055401704481,0.16734772433388836,0.7340671271869836,1
0.8142362898758803,-0.4686726704072167,-0.7225544129302449,0.28015474364377047,1.0123567978631878,-0.18755721054635136,0.46994195124578997,0.8165056330566572,-0.6911155286016927,0.07236463885996616,0.4580709525622756,-0.67043550278344,0.9464972921901522,-0.32022374914049706,-0.9004706976232578,-0.5927073507390372,-0.43353200401622377,1
-0.8234229408279828,0.3642764323929558,-0.7399919913228584,-0.6731458378705829,0.12482144264118374,-0.38531497107825213,-0.11412851639661853,0.3079604961929413,0.6465458984726679,0.547008229843306,0.6433943562808251,-0.983648105115587,-1.4719598849998772,-0.902567548936994,-0.34701617439629434,-1.089539733939198,-0.699696055461342,1
-0.6198170677126692,-0.3036308958508919,0.43302376190154773,0.2803338189884451,0.5349936444687347,0.8546872744251411,0.06572785569853073,-0.22367196902967412,0.009952232651505535,-0.7048361024672813,-0.46842100051846697,0.6548426195564943,-1.19748801900674,0.03764063138877599,0.2085083865598978,0.5800631293007392,0.1876972248597282,1
0.42959392559581966,0.24477422522126702,-0.3762838509041034,0.34152634068741994,-0.2551929917160385,-0.566314368500129,0.5802145895421272,0.6094683598062878,-0.7782068514831068,0.2866712361955211,0.46921949308545047,-0.45001115330461133,0.2535167054163652,-1.1642715685254754,-0.35918427710201895,-0.3476235117646508,-0.1635602745063279,1
-1.3603533551142617,0.5977906988658259,0.4974900336526263,-0.056537424254273785,0.6078916496787464,1.008331230848092,-0.04704829951410754,0.40285251118967474,0.44126396064426426,-0.987449917338975,-0.09890202741625649,0.3465197783843051,-0.8836119057783404,0.015049409111302927,0.4144470447863405,0.49258581574483623,0.4238129008249672,1
-0.5028682795978886,-0.7324051143572924,-0.3109843271927747,0.11537477950961192,0.0013838709282615815,-0.21795885266321513,0.7064284550231542,-0.3570487830116067,-0.44040573665055055,1.227996599317998,0.1246867409661658,-0.600197238785186,-0.6162996791149609,-0.26180597492889884,0.7632094823018616,-0.6006672660173069,-0.31381064168843964,1
-0.9842694637386632,-0.14930831953983165,-0.6600939794560263,0.6213848548029814,-1.279762380712224,-0.8544418480122,0.22827212228724275,-0.7642047291338773,0.6537140130817047,0.6340554858855668,-0.37040340706898045,-1.3245789280885925,1.0705478785062301,-0.37568863599772045,1.1235151169656303,-0.4535169883017637,-0.9882247626037386,1
1.9144340274948919,0.031900169762479204,0.6872083863348719,2.6962213187491524,-1.1222462498605361,0.74934461760476,0.9600754094786256,0.6635868705503181,0.8438089504041516,-0.4856713829729845,0.667405430838827,-0.5965424032775697,-2.985146027356918,0.36953150326970086,0.2566336142553911,0.6080988890812156,0.11040425826974475,0
1.2848256776667155,-0.08110511178831853,0.9791187689366715,0.36621058618453306,-1.154919362168265,0.0025776267883153145,-1.4113502049017599,-1.1907140352102277,-0.7295686924520551,-0.29181241837700345,-0.345933537602148,0.6473141013298306,0.3640850430800357,0.76446196505801,0.2063156996516745,0.3568725126098931,0.8551132421718144,1
0.17263463631067655,0.387897926653376,0.37451937396954504,-0.8273481708915451,1.6379655224799379,1.046957782568536,0.4213670753340207,0.6786246531533079,-0.9472669108784614,0.07553811746759365,-0.4952688814551599,0.20765192414034775,0.8315786695327927,0.2533426088833138,0.11468947779800807,0.28528216394238487,-0.05722941822151532,1
-0.036639117637823335,0.32868746265113946,0.4612496050452151,0.17031082814664486,0.18633264308180028,0.45615199827512726,-0.5609265991511196,-0.1356773169073207,0.2301468060316475,-0.9797912129561804,-0.6847248826184168,0.37015304066333216,0.09215348147869956,0.1224016669648315,-0.8894909101954811,0.5558025663909808,0.28000902131338123,1
1.430283798719812,-0.2855348356617576,0.3158037295603424,0.7381198387251194,0.7331654151772778,-1.1497610842439367,0.514091724690937,0.36262133077521513,-0.790669073563251,-0.3297160714897017,0.6368944885760915,-0.06080714525857841,1.4541161221424754,-0.10368987598264362,-0.5006920052962158,-0.3136574285148272,-0.9209899153993747,1
-1.1842801726098364,0.8555160586740433,-0.9427829921424203,0.909938497442042,-1.0422988334369268,0.07421918711829278,0.7716800201985022,-0.3794722574584797,-0.010344269482174784,0.7004226853106991,-0.304783013790182,-0.8489244787484178,-1.2987671808257208,-0.8555099238291863,-0.45735303001537353,-0.060520346392421535,-0.704207283117014,1
-1.1610561440441611,-0.772988542191127,0.03279247695422592,1.301607486492624,0.05188223406475957,0.19753592536114492,0.311156365706342,-0.9585465661394286,-0.7306965131130742,-1.2553136969864171,-0.44836349301574946,0.7770382806009317,0.2493149062694335,0.3842038827427893,-0.37442026583472193,0.7037649633138447,-0.09195085032372996,1
0.1767357782936085,-0.04470226629283095,0.5506380433728248,0.38949869086386946,0.158420044607775,0.9057038114457631,-0.4489284146175322,-0.2769759526683725,0.259287542392815,-0.7297263316516817,-0.8100974012754325,0.5617612600220953,-0.1669376375513377,0.2964774252832858,0.19791256896427278,0.7520917508926285,0.27644069971396473,1
-1.0464864421174431,0.9162246381744099,-1.6178504186767673,0.4167074056562358,0.2269609660763468,-0.21419571631319595,0.5507963854360665,0.38579863462832414,0.4502771299105531,0.5976472329058458,0.3207648296031309,-0.6023199494274888,-0.3772356466953194,-0.8517743261908143,0.46812007790440097,-0.749861042220333,-1.0880401398296304,1
0.045647012452140485,0.1997820696760276,0.9833450399230155,-0.45347523063370837,0.5477581005995816,0.2980843851095485,-0.36595100614148696,-0.0683319687037202,-0.481041069550257,0.04163958219115926,-0.12197218233524053,0.1178724856276626,0.19986929787388039,0.14937833778479725,0.28521097336149603,0.132128440601481,0.31665356718882487,1
-0.2125768986357962,1.4585395500253486,-1.1725296453413865,-1.0028182019850993,0.9045366447976927,-0.7224671639877952,-0.1218281174514112,1.374737062321383,1.220530861909822,0.4959962979236717,1.3741379531399809,-1.275080660436744,-1.807589653441884,-0.40225813328292864,0.7114107917194775,-1.840121491593468,-0.6284769173679585,1
-0.5665177361395283,-0.1499393985773353,0.3164841258995757,-0.18808945028361165,0.09232313081804175,0.5283434920320875,-0.770269932375586,-0.5766800168576252,-0.5321592392898766,-0.21241992496373477,0.0005376631987198842,0.0168005822940388,-0.01571646420112128,0.7173296438953157,0.9861104160983828,-0.07299299406611359,0.5888935268876772,1
-0.8469149810240931,-0.2477498532921379,-0.1232321542412518,0.011883217622025271,0.5338345908607312,0.8018822871429997,-0.6176599889112688,-0.6896828139764013,-0.5499439875068636,-0.7515062138102546,-0.5564746272492372,0.9874861661341924,0.1291912508475227,0.4300229597780461,1.1596330066992742,0.38278659054285386,0.32725724925176375,1
-0.003546404145033205,-1.0711053388144494,0.46382514344618286,0.2691813747445889,-0.6330938213834525,0.1582712865976906,-0.7748097773899472,-0.9651204121707394,-0.5539915581193157,-0.5236154149316566,-0.09242497681961108,0.4714038956067152,-0.467637589269422,0.6282451932935255,-1.3179155457537743,0.08118955043752026,0.9845927878126834,1
-0.4072202910611695,-0.6352547295106276,-0.13894565944900136,-1.0334319946559722,0.252793301296831,-0.9441862868026037,-0.15012254897081173,-0.3563701976343342,0.0733847454698723,0.6781814295805862,0.6117312093060527,-0.6476183867578251,-1.1677193234950627,0.09903336508197391,0.08538478328334706,-1.3270722133258417,-0.3371851085563764,1
-0.4224344309568081,-0.2506348882580786,0.21178754456988988,0.43004427635673087,0.31636132880069406,0.48903088075258305,-0.46200536748031207,-0.7368942470196413,-0.1659721325920642,-0.7701649084881212,-0.7633292740848752,0.7984586540458548,0.10321316673252134,0.2577210869051443,-0.26298851860925815,0.5711151859881465,0.061108726739218196,1
0.23949906669072393,0.4305410246324499,0.7030178672454716,0.3946245594097443,-0.08269528958225168,0.601720277665209,-0.31613016796539,-0.2882979472889406,-0.3998417594990568,-0.6812054249943955,-0.2410680555768475,0.5118076604411725,-0.08748643263108541,0.3976291542831898,1.0597119698788258,0.5984152947823747,0.06721969441447956,1
-0.9372462840260254,-0.4367562833965086,-0.9321299708895933,0.8497364653538202,-0.2644211995916103,-0.2943743869612633,0.6796590740600084,-0.7481836879971199,-1.1682397629381358,0.7129965318556574,-0.6390319206003668,-0.9972665554372784,-0.20655902540603538,-0.7515727101108217,0.1886290587356756,-0.17801609053822381,-0.2078177801414086,1
0.12096998105676425,0.08285341494639491,-0.18306564847156084,-0.3495762210278549,0.16785769337174386,-0.3102099741919073,0.19795242686607087,0.679502659149537,-0.7771237785565347,0.14183755285524272,0.740387291378571,-0.4986592488781343,-1.0226378383847754,-0.9408428976362383,-1.3727657058030545,-0.6305859550032487,0.3718042862295736,1
-0.5893896604480995,0.020979591097633758,0.18605358492967386,0.7158977717718689,-0.9667159142296305,-1.0905231900179604,0.5351303273954402,-0.8407379291685277,-0.04403859399057388,0.42588744220463615,0.3187295136435914,-0.3766393080319899,-0.8039238792154624,-0.5418147208756598,-0.8152446123759162,-0.3101542391074517,-1.0846094625320695,1
-0.24180144050061225,0.21584710279663208,0.3373094181575194,0.8414413968313361,0.61225440429268,0.6927411196472489,-0.7924982579173608,-0.9327883310365888,-0.9166087972476021,-0.6207039514375001,-0.8954849477378146,0.6223983485157184,0.8225441095597474,0.5318361961173165,-0.5906819478796829,0.763661685656665,0.3432541315177103,1
-1.2512899829795834,0.3389439707207924,-0.19467994146286213,-0.39225685065431115,-0.735249976702562,-0.3878699232446428,0.26781782951350186,-0.32704391316345316,0.10848541744803095,1.0552781008317436,0.12119502354070129,-0.2955389249809712,0.08572482559290076,-0.8663451672570981,-0.5396423760600143,-0.45455233103204545,-0.5334151339234733,1
-0.06122863139496317,-0.5320310222991892,-0.8207605813725959,-0.19103267298415041,-0.3278667543701929,-1.110274025973896,0.4665567302284018,-0.07076023795663736,-0.6692607795601017,0.8879513121268149,0.244474220441367,-0.5140815823940976,-0.7661281869720066,-1.1871021888473647,0.5960539983553853,-0.9548916284850006,-0.02255745230950143,1
-1.1342285362251499,0.10087986974188108,-0.8718953367394924,-0.2733962153705826,0.3983137481231348,-0.07580115842725046,0.31581835029217875,-0.01612536556461178,-0.4137454102924632,0.8705167264103317,0.033344942718784985,-0.1679966150302002,0.7872061821590841,-0.8694166450861721,-0.6936550045958997,-0.5034806029946652,-0.6214914657129572,1
-0.6179433982581262,0.3379567325051548,0.6805934043383746,-0.45671255275381495,1.2484021423719573,0.90427638134474,0.45892595403398695,0.9545832820948431,1.1689792620119306,-0.4147813751171811,-0.5657830172082324,0.14496056953092654,-0.15893952336243264,-0.050494347667720665,0.1840605958004606,0.429330126806404,0.04377510973209044,1
3.7354271521436866,0.01831297430425236,1.0029542408042964,0.02986977512931696,-2.807979482817794,0.9593328711951161,-0.04599399017398629,-0.005650675228694992,-0.5652559457096309,0.16574807635996466,0.28160570203566077,-0.3658915447138144,-2.724373382050032,0.7982569733373815,-0.8073838349392589,0.29148335715062484,0.16861896531723203,0
0.14947563911722894,0.6772461812886986,-0.36274558769533366,1.0593539088124475,-0.23681048426191206,-0.34929349074996463,0.7763724993101745,0.8215241140292985,0.7700605329153356,0.23439861158335826,0.7262366858930782,-0.7160267178705587,1.1233066237407237,-0.14076866386048556,-0.6823244228114995,-0.34564254514860804,-0.9395986650445899,1
0.48390342831967204,-0.34945850133556505,-0.37610968347818,-0.0891794597617978,0.03939693613941259,-0.9379504467013124,0.3647522098090277,0.29102648360173416,-1.24881689996995,0.7807589307780889,0.47379262823547064,-1.021762772793834,0.7863598279456323,-1.1615512680676507,0.7882014760324453,-0.7684936632746281,-0.288381659148479,1
-0.6568746801881254,-0.2644395554916765,0.46354741288012913,1.0274930939287166,-0.08838338079221043,0.3162471930346144,-0.5179519754829143,-0.7018503855718291,0.6146813026161807,-1.2076578741353856,-0.9684291394939805,0.7498601218181516,-0.03872666989049695,0.11857882063269083,0.7217518876955391,0.8527624416592381,0.49488324879808093,1
0.0098812768525695,0.43880152999602706,0.39244128713006465,-0.552554255367277,-0.6034376842653496,0.0978997330603087,-1.0744496286142171,-0.3908264126473593,0.6718331056184271,-0.7475990176896616,-0.4964417984880961,0.7641361071216254,0.16546097021542006,0.4494720704591916,0.29931920633003456,0.13850793832567815,0.526952578565735,1
-0.5661554651837332,-0.6342108773575692,-0.14816501535622775,0.5656358530112834,-0.6115253937728587,0.4611250348667042,-0.6126117693707737,-0.8835010256790374,0.2076836840138092,-0.6897674277601684,-0.2484544467584111,0.5954730086202903,-0.5892719647767432,0.8812925561302171,-0.8722079257066412,0.123954013875968,0.6256661131440335,1
3.1337601244338087,-2.9352303259080363,0.10538697141079197,0.6015865557109726,0.6207105093744659,-0.7042302829044117,-0.6738825079754531,-1.053894285476369,-2.703363814831971,-0.4991684859448261,-0.02088994802295238,-0.6655077421846503,-0.43074444594919875,0.32113714799041604,-0.7279397580280973,-0.46931930675285144,0.10604012549167151,0
0.5985483665975136,0.9778734353454576,-1.205529283751319,-0.0623978680620855,1.217003159791566,-1.0618217599487156,0.35196707482812667,0.9585089629418557,-0.28233125075957805,0.4475596194414894,0.9114988934799769,-1.0266211481964762,-0.5265420539104755,-0.7842412123479798,-0.5320903623633182,-1.334719868340016,-1.070611100726469,1
0.015335843215840571,-1.3319107598637725,0.820531582925754,1.6821251784215272,-0.6313407347840984,0.3679539876235444,-0.12717908025882596,-1.120151773666977,-0.9100154813918749,-0.8996015911427808,0.052445062980101854,-0.23955051003880382,-0.779064208094365,0.9209317452556861,1.620415344024862,0.545464984770904,0.5171431802998993,1
0.6835517750793042,0.29967543571227745,-0.6165456302055631,-0.7007301788407418,1.181375669317905,-1.00205934823475,-0.1420848128363146,0.9560409829112748,-0.5327190449448044,0.23478638529884263,0.5247019209789081,-0.5680035377628547,1.6176388102144632,-0.8743383942281802,1.4134657373946449,-1.013908253209836,-0.37702926638410134,1
-0.08838139251939502,-0.44956972523941946,0.29955770647774793,0.5684345214055813,0.022828895933292088,0.784463248831606,-1.3451924686155752,-1.3593730128303394,-0.9259782372125415,-1.0137783891754966,-0.7309694943159941,1.144283721428784,-0.22690449732707463,0.467075693006929,-0.3223059921515352,0.7133026323175119,0.6052950310803912,1
0.3688520981179668,0.8621808591581301,-0.20360563085140276,0.8166039149138425,-0.025007698579115487,-0.8900613979084095,0.7299849739149233,0.23016292666398155,-0.9623619824478791,0.18942400056159142,0.5368622905398154,-0.39533480700222867,0.38485752155491953,-0.7349550031063679,-0.331895327587348,-0.26363884436402507,-0.9286924616484121,1
-0.9038058360365365,0.18154833231321796,0.36629413595715077,-0.38081257984040534,0.9489509188975559,1.076813674817852,-0.1864049246640211,0.014494850244142477,-0.46265533268995757,-0.4615865678014436,-0.39003802488814404,0.9038711278106781,-0.5772508503826782,-0.08999934358827474,-0.3833138351441317,0.482305352988153,0.5012473981359064,1
0.16731250258131186,-1.992062490133329,0.41804211410595665,1.7190727943317663,-0.046251361369804456,0.584453599203559,-0.40437566821336685,-0.9890199695947727,0.6715493242506357,-0.9812692055720946,-1.1571209332186951,0.004789538821310781,-0.49473459598350433,0.6356059452901429,0.7808999085649826,0.771827019646012,0.750822973199379,1
0.8910656451075005,0.12585088372738237,-0.8845627216056262,-0.7031022434218436,2.512517349940771,0.0006482377039099095,0.3397656975655363,1.6573188777480423,-0.03222310368149882,0.3661040078446442,1.7606842388302493,-0.39432574129288933,-0.25985922019448804,0.19774834549807752,0.667305654074581,-1.5271645273094683,-1.1057938571275328,1
0.08551354867853955,-0.242273548967135,0.8904070124437792,1.2187417158586784,-1.0442565582797552,-0.049377761179996746,-0.5396427986199989,-1.0644909436088428,-0.6701549302136429,-0.9240674921083074,0.011603798729891954,0.1882695067617,-0.2338188604440815,0.6534336213599468,-0.8088366252532582,0.5224877650937361,0.4475362755792115,1
0.15586167266849746,-1.1666930351576172,0.710313060558968,1.0443561698572776,-1.1235212489074844,0.2204491401000257,-1.0220753467363883,-1.4423809583515346,-0.7462167619523017,-0.6842256909663033,0.21684012136817843,0.2505905286942285,-1.122006084426385,0.909548910036058,0.0458471527834511,0.20548254435659766,0.9404856803314301,1
-0.2338659332722549,0.6362894046807407,0.5903837464479129,-0.05790198513501881,0.8555534297158549,0.472866366899651,-0.1907696317651222,-0.0843033902700677,-0.8616117711031471,-0.3362941713499192,-0.23238709636126972,0.14558698353392013,1.2075469794785494,0.5197453869518492,-0.4337839255507414,0.3277357111093794,-0.11211035421351319,1
0.5118636722099636,-0.5214677016772192,-0.9758724035142596,-0.13457042349653428,0.7417821466770226,-0.32884421694144966,0.8403559959072557,0.48773374394735275,-1.221119001357282,0.9942749224408031,0.4657191515745659,-0.35658815811191497,0.1785277819637715,-0.6315173845372118,0.7606653632155677,-0.8522718598654578,-0.4176865165718443,1
-0.5617354317009251,0.504514316758009,-0.3045733320667939,-0.34544184994489163,-0.14182399331486603,-0.6052273572462484,0.13738733959435562,0.5404993745143316,0.4228496148926773,0.561821938134001,0.7124463233475998,-0.4886384131870276,-0.004389574477436149,-1.2333870340639235,-0.2521067381348956,-0.718134393479232,-0.5903279132678553,1
1.842788088643787,-2.7382221264445685,0.16923963654111593,-0.18396683752382,-0.1503026172412018,-0.9384640933095202,-0.565760238339751,-1.029205447459351,-2.3317394989671167,-0.4336131941832117,0.27569499378885104,0.055213957513415124,-0.37260466906888706,-0.6026848707806725,-1.1264582919727844,-0.48788574300064147,0.022889552697536415,0
-0.26039402379984955,0.5368402919779329,-0.6621355536630213,-0.34407183257178753,0.21691966768898951,-0.013045756066430502,0.21124186053673172,0.9156832624771523,0.28342912282106225,0.3539255870001047,0.8554266989664848,-0.6266363300702921,-0.4291702154743234,-0.7737364311729003,0.4954441006134915,-0.77739097592938,-0.4655572980236163,1
0.8175628922720101,-0.4269150403155109,-0.16613447840018802,0.8795789978576009,-0.6029240605816298,-0.40933803966262333,1.087052360704747,0.12644736614100321,-1.9536813025494981,0.5960767422593541,0.08618543392949474,-0.07515998931448205,1.4588045154367613,-1.0503085819587628,0.9365204278284471,0.17004321288676394,-0.13712684228965313,1
0.5090681523530912,0.8142325706262741,-0.5871570501270685,0.49502719091111075,0.06432044208417947,-0.27274768108329983,0.7242045948694349,1.0851914017311297,-0.40122333243976727,0.3355102513778939,0.6156325834167682,-0.2510376013093334,1.230280903787917,-1.0852538747284872,0.8740744735747773,-0.26001690506191455,-0.6283231855223471,1
0.18077482816483492,-0.9221493842997759,-0.25595783398484234,-0.3190952431107883,0.29352518809254985,-0.6264776969632355,0.34680838674146164,0.29183046407555036,0.2818294609492146,0.449420397461201,0.7073670021807872,0.04665076443483722,0.5326880194570507,-0.43158763896307434,-0.3582979624206854,-0.7997685616405157,-0.767372253289309,1
-0.005234914876029828,0.15144317612642502,-0.5956279807250772,0.9594238021091185,-1.1940336376352108,-0.07236682248095629,0.9997880831068753,0.04066661475216391,0.05871954399722481,0.32827541163640517,0.002646669802494351,-0.11922468910826492,-0.5656926146180558,-0.5239154713082589,0.08305301216040784,0.031830483129145784,-0.4712496429091002,1
-0.1657443321006032,-0.11320786389534637,-0.8908772267330612,0.7521996959131125,0.10000738866092822,-1.0729047612318487,0.08439513213341057,0.46362436454698525,0.08824869923782772,-0.022810072177019133,0.7244569869541635,-1.1702227992741236,0.24831807421128452,-1.4568476707562998,-2.7827897404153448,-0.804618210880534,-0.6814171416108458,1
-1.365359759991889,1.1695148869001188,0.22471749150698764,1.4280623275897797,-1.7740854450437278,-0.667388544010653,0.7934437921510925,-0.8323753622597948,0.32637999287892394,-0.1688328231720566,0.2758352303497979,0.30902666125377837,-1.7689852116566729,-0.7724534804833806,0.5303024303681722,0.3696029023371685,-1.0238050061801527,1
0.5253889191720215,-0.3054983905007231,-1.008197099010655,-0.8995290451270276,1.5387645202015703,-0.8390297861442148,0.09432893934211194,0.7994127398883001,-0.651697392516492,0.7430404744416617,1.077017041146057,-0.8694171759019919,-0.3648456186647784,-0.7158214963133361,0.509365293496642,-1.606316179825185,-0.7044514470279964,1
-0.23422726222809642,1.0535277163753005,-0.2503368532635047,1.96700468919509,-1.0395282973801392,-1.1929100662452443,1.1943510070253183,0.0113851306237239,-0.5785117583327687,0.5324641751637262,0.4841635398113678,-0.6525382302597692,0.3395844633126947,-1.2975729144545627,0.561128139086027,0.004970419983885629,-0.8703680669034715,1
-0.054273056103880245,0.6813468292747676,0.6722477799367618,-0.5043938055529613,-0.5436757503253539,0.30114719866130324,-0.6336705208203774,-0.40708368577356413,-0.8002848241777534,-0.22277863075695467,0.39455820548107245,0.6296667089857985,0.08453124540081633,0.6330871940208662,0.032644404585786636,0.015834937982988538,0.30583068653589907,1
-0.591936370422913,-1.0829895458915093,0.2567380345626968,0.22611769956660446,0.4137292513498839,0.6898484566188688,-0.4512648851926217,-0.6630474915375728,-0.038234104056023746,-0.43479789246434764,-0.42615090872595623,0.8079164431153761,-0.5075868299243326,0.44721746047082606,-0.8179188680392578,0.2728695235344244,0.6761217984091836,1
0.24198466336114832,0.35162360179994406,-0.6037559141603968,0.39082936353451636,0.24529518442606824,-0.5279877603651523,0.6220568974534592,0.42457513123771623,-0.36500990255411786,0.35496449250491097,0.30394662621915064,-0.716023775694895,-0.45230397744320516,-0.5541749842672926,1.0127029005942716,-0.5633212140247362,-0.461820690159814,1
0.5931572202324341,-0.8315691607545456,-0.28126680061483367,0.00908290254497543,0.5579294649927548,-0.9759858903678174,0.1959764889180994,0.2577145110480102,0.11200048509999633,0.1498228212097571,0.7947700011308536,-0.5316492991887518,0.362633904999867,-0.4926935304209525,0.06498220951163976,-0.9116474601402228,-1.1355220769635463,1
-0.6636446664582979,0.3160826411597126,-0.1453168974567414,1.1447168733408633,-0.8084341897788082,-0.2600677546711819,0.6998366001587484,-0.34389263115848095,0.7003878405774755,0.3640434411888417,-0.07176102506702883,-0.4353388171459778,0.7150293190989224,-0.04000501441328123,-0.3377671075019052,0.06945177350781535,-1.1152023347908748,1
0.07575535005498155,0.7574789493909058,0.20324441905628057,-0.19178042801656955,0.3397710772460683,-0.6513327140977939,0.4403941232716833,0.5218588770153656,-0.35447565791895025,0.4572991527126032,0.6768406771649309,0.13496603944901844,0.4936905579394203,-0.6234779108334888,1.8734306405970083,-0.43804394729374574,-0.5362444238526063,1
-0.0888417285312804,-0.5012021100445484,0.234857676289202,-0.5044147759292117,-0.14394211993442135,-0.4967794293494252,-0.5696267454636752,-0.5163854210462147,1.532896054032291,-0.4798007889283292,-1.1295498563673563,0.7057460932707306,0.5561255830832471,0.24234125879137744,0.42179433362571594,0.01797634784508036,0.06862564243951015,1
-0.5890251469385744,-0.19238737555028096,0.1926391310657623,1.3055304467471918,-0.2279454852027144,0.5504355347145252,-0.5258022787705828,-0.7529958899610867,0.48149868310214816,-1.2460256683693387,-0.8161856415833143,0.48540561513002684,-0.1102195378109164,0.4360603945558387,0.2864007971465621,0.8056378557080465,0.3429109384526209,1
0.3232479332140681,0.7164566657875038,-0.17579111548804216,-1.1293379171090487,1.2847609819384347,-1.1290470043565328,-0.3388381100655593,0.8313418237013163,-0.532646675540566,0.319555356312859,1.2404440828888104,-0.7831119128423352,0.48031935083614996,-0.5419509702621146,1.9062705109907248,-1.3888895806467276,-0.6447371368006978,1
-0.15894751377103214,-0.47716742218523606,-0.5443424023653197,0.24445122379603434,-0.4889959931902097,0.2429850222462653,0.8571961647786239,0.24719642212977494,0.36779358831104436,0.8649699223994843,0.35692044019794167,-0.4628437661704233,-0.7146607307836068,-0.122905581610706,-0.23062958056247182,-0.4849565393477721,-0.4101633492095502,1
0.16619353500828293,-1.405740746602579,0.23679513563775378,0.42680845956776164,-0.13283548949913432,0.3790764321266644,-0.5084530919815706,-0.9273899416979333,-1.1722367102653095,-0.7282871669363599,-0.17568644385712182,0.5335016103858843,0.23634151666177491,1.0749949606489593,-0.4011515302894664,0.16336027205478368,0.9047894545954782,1
-0.8269749910226887,0.7123612408006335,0.4227114967501737,0.5109578606140379,-0.8399175028827203,0.6696887634777812,-0.9373552099257354,-0.7910235405368843,0.01874542524349449,-1.4664605712173286,-0.09125093437029692,0.8038638149886775,-0.9316548003315271,0.7216843279757027,-0.007698831535270619,0.6006395808503311,0.45382156896180975,1
0.3779273258137815,1.5227273555610095,0.6790136964543,0.9052807043998472,-0.8100768863946314,0.2889802183190061,-0.60463118469964,-0.061094303137621674,0.5687536497450102,-0.8229051625523252,-0.3299284206955775,0.03313506667174464,0.9143280205678109,0.6186083746060181,-0.021468481270967323,0.6523863711803233,0.07481097896222243,1
-0.3069341125974658,-0.16476129561364308,-0.7974161010119948,-0.34453101253943175,0.5530418098641594,-0.2220637323745205,0.36059064114582906,0.45707266319766193,-0.4553910949947118,0.9129530176243488,0.17484694154508357,-0.2972280500298242,1.2070690353944376,-1.059925807630951,0.785537982250064,-0.6118685110283549,-0.44721552189947267,1
0.040349159728495586,0.980819943751273,-0.5099476557256999,-0.4610489886115252,0.8082523231848889,0.10501363277124685,0.4499287971072588,1.3835755582871418,0.5518419495921513,0.5313385788668498,1.2418454830091705,-0.18605774116261684,-0.18766173054782337,-0.4678364200188301,0.7785067193686829,-0.8600767718202217,-0.8058525625945185,1
0.7292531453799349,-0.10824991221054657,1.3579129256832656,-0.3226269148026855,-0.682463715452482,-0.11483284739403152,-1.3264746920496144,-0.5132522696298084,0.8344317774584155,-0.24291131789915207,-0.4322222991843983,0.3054371106994575,-0.11367028601910203,0.35214499462359344,-0.09629788651063584,0.15929270680611995,0.9621287649387293,1
-0.7193733452802069,-1.7590011689636853,-0.20612054031753088,-0.09835169844719521,1.857830418334186,1.28322247697225,-0.12960030749875343,-0.3139744010164127,-0.4232417211272603,-0.16583714271892733,-0.9398583890314918,0.34523035946593916,-0.370586810189428,0.29710081917048986,0.7382876597924145,0.21878959754047073,0.661399112539805,1
-0.42279445103889557,0.45538988110028644,-0.7624179147676241,0.7115690870789494,-0.0755187967794163,-0.44037279495173665,0.7427661578486364,0.051041978461716334,-0.826764683057273,0.7463985599736439,0.4750472919807329,-0.5905259851613944,-0.15090760522723062,-1.258552572154901,-1.241801460188874,-0.3949347820066782,-1.0690226630250228,1
0.6361612132240735,-0.9763301066595248,0.7324458106597638,-1.0945759697983812,1.314319025620234,0.03896271072100179,-0.7095772435208119,0.18923833520979202,1.2000738973200027,0.26169089969946735,-1.0956548909834483,-0.2341219725619671,1.0875207950729937,0.38348948549687834,0.1972172919662459,-0.23922761770757728,0.5499475677865631,1
0.10210436025765793,0.5584965374765279,0.2817125334440907,-0.2291971941382224,-0.34984932104930416,-0.20379796901743816,0.35107457464886477,0.7347165247032083,0.7600904550762113,0.23116701575094803,0.9732387864155193,-0.36497645009131,-0.8118032509985299,-0.09988862077272609,0.5212740714625758,-0.5788160032606655,-0.3731426384065661,1
-0.7598617426215358,-0.03921148851495629,-0.5592219921299902,-0.10840530252100715,-0.5799447450156349,0.1254845383417946,0.5895444027472659,0.2765398641702241,0.1303253217220169,1.1058054030830244,-0.11439649805589569,-0.25195079941057924,-0.232206655123176,-0.8312959250758392,0.3678456637453032,-0.3462116212100572,0.46133928947391056,1
0.7222350478666776,0.11906016304685994,1.17772671435162,0.47265416949039574,-0.8072941646256426,0.16469090388177937,-0.7099927363671216,-1.1467736372913762,-1.1846703987789113,-0.15579471267704445,-0.06896219486707578,0.99353653485896,-0.6524238453532123,0.23880327897771655,-0.1593644974461776,0.566975518511779,0.3103070001414583,1
0.9211883821005854,-0.900720457853667,-0.3823567957369583,0.5424081134921916,-0.6480016140287942,-0.02286269421202248,0.7130244848345493,0.5394555134706825,0.4175446795689902,-0.043053880194161294,0.020535923859803417,-0.18336032167116653,0.06195615836674516,-0.49380456392736377,0.5609714334393414,-0.08331218922716285,-0.22054592340273388,1
-1.0103832660177647,-0.32527020384309124,-0.3604414494272056,0.9502686688914841,-1.969940007547044,-0.21002487192186198,0.776320770528098,-0.47776794199008565,0.774697164653317,0.6669818548743999,-0.7621504046629256,-0.07997471646004135,1.6577780805506184,-0.640574108155586,0.39347444434852635,0.3592389061032093,-0.15331424946904856,1
-0.30028471914526567,0.22562130193320123,0.43179566538697944,0.8787228613700623,-0.46934088585909606,0.2129182549887805,-0.4612092018524417,-0.6653056092714252,-0.544570948688056,-1.1021473465162748,-0.2606600879890221,0.35727258619429186,0.061304513888904275,0.464531713935627,0.3277373289153664,0.5612143060588234,0.3911647414706826,1
0.07918098044348747,-0.9572116541093139,0.6174329957959696,1.066224748761193,-0.3395183078515837,0.3251505687529931,-0.62032430135713,-0.9470904559404786,-0.1622179295377328,-0.5936024261336597,-0.4462548903664264,0.09221402331053315,-0.3715250735468503,0.6281717151343876,-0.46470182165806334,0.433406835521099,0.7480358804552516,1
-1.0647841958011415,0.41275498572954916,-0.5911307677105422,-1.112684186232252,0.22403905766155144,0.30490770030244796,-1.0394807154566996,0.13869901560967882,1.3755666145718164,-0.4715646359219323,-0.5247926201100195,0.4208994016719797,0.7464722852166773,0.7045247480139568,0.9606615117024798,-0.4619763666055221,0.8378287648086022,1
-0.8621366098906463,0.7625570581682021,-0.5543395880419688,0.10587047100433127,-1.0484085643819547,-0.10626535287533637,0.5707604185946894,0.07707173156908895,0.6320233946318429,0.6629284231301115,-0.13290375757254236,-0.049537359804261195,0.6157925925658452,-0.7275784683983249,-1.0973733410174693,-0.10888774578662541,-0.7050081629173576,1
-0.1490101048379427,-0.5079825716423343,0.2418020721197129,0.058358228516921476,-0.38505092880785613,0.43204942686411796,-0.6021490452792227,-0.6541094769353358,-0.2071098189251767,-0.5766612299825508,-0.3130592473827339,0.7407237483562051,-0.3514553714043178,0.6379129189859253,-0.08219775558235172,0.1992893683846387,0.7702224899505563,1
-0.1719525728429575,0.7632861789860705,0.3901775295334247,-0.21270815627358294,0.08098514743537667,0.40220322138028103,-0.4677170875660575,-0.028103741201344512,-0.5371802410969532,-0.11564492807023503,-0.1483128731835611,0.09186819111571268,0.7559003401489707,0.29645651084714214,-0.20313554277604998,0.1382775141007042,0.4355286180674317,1
1.9148286685697882,0.3083322660653761,0.16369293532146797,1.7814901970304264,-2.7101581622952944,0.4405532552997694,0.6636021519516495,0.5130747491406848,0.24965780814881203,-0.5595018809249179,0.85273508093346,-0.12472890743221908,-0.722771876796693,0.7206388973219348,-0.20714898798581732,0.3704179810324515,0.29179777133935325,0
1.0234695315645013,-0.885921085162779,0.5693306219894848,-0.4484724231866801,-1.604565895130323,-0.5467627832799836,-0.5845308570651916,-1.291862393406454,-1.1300046724081962,0.02126614218246926,-0.4769329645937688,-0.1919816908976183,0.03554794616740909,-1.2502747116182027,-1.3845578188864265,0.20444426839534213,-1.1532031387346249,0
-0.48107938399530475,0.09048139054756607,0.15998288062635674,-0.3256676293760827,-0.3835188228976405,-0.2111785103858613,0.32875385766658605,0.6729290144068265,0.8086899669911322,0.43775658520797633,1.1929926126551784,-0.22813751085158016,-1.506004527640017,-0.694273480418504,0.2701710483989348,-0.7219114004992667,-0.1405003407959595,1
0.5685478254836748,0.4535780219005391,-0.09631043810339508,-0.8524842508513021,0.7934538932690723,-0.14998589160789363,0.4668886270651001,0.5481068541155001,-1.2022769245699776,0.679218593280671,0.4889740777173423,-0.2690907209358149,-0.40423182269849056,-0.17474727682405694,0.10463259133572839,-0.6857248284829057,-0.25698358329545834,1
-0.6607908023703158,-0.36599005044633026,0.14765265669630018,1.1211947986146273,0.14332346736768323,0.6448404037008504,0.3013173201889674,0.05926368664123474,0.4175786620858011,-1.0383851169217546,-0.3907305707531157,-0.06875329165341185,0.6797853437780866,0.662399204999299,-0.6738420636485765,0.5714022426241084,0.2583193723375574,1
-1.7577498619591503,-0.005692874257946509,-0.3987486272992434,-0.029458427027070855,0.4040800482632006,0.6771496810989881,-0.3745795992410766,-0.5979911975602157,-0.24196315638584612,-1.1383467094423405,-0.4835681771704895,1.5067524695553145,-0.04277182962884428,0.2893798243458824,0.27633404195485306,0.4128838758823044,0.4259693118708423,1
0.10395589799528135,-0.9088036146162706,0.129926057008293,1.2008943617380947,-1.5556736016519024,0.11613452253578523,-0.41429733726203594,-1.4436704677278236,-1.5083248762165309,-0.8348820410933581,0.3386900950904862,0.29124104718330535,-0.47373975760347076,1.24192306235803,-0.21655799915976853,0.17597454755228914,0.5809165627626892,1
-0.6287167744069982,1.1320939842054312,-0.7300034690682987,-0.6839415316358223,-0.8237482141269145,0.265141357983682,0.3342618985349987,0.6671145202235128,0.6126324475295847,0.7436655233164488,0.05916339610103145,-0.8359026005816244,-0.9010270011866417,-0.6002652299177388,0.20168599505897375,-0.5603470186121559,0.0042995072664104095,1
0.5248369354006612,-1.9005507816873821,0.3816858489300814,0.17964775958212914,0.7362001235768841,0.7800005240539549,-0.4904657283082365,-0.9419724659503269,-0.3051947012951926,0.3653751691608865,-0.8561661451892377,0.2171344446208397,-0.5533516085679295,0.7465010230915997,-1.706566454390511,0.11726219065182196,0.6128194882233838,1
0.7482642979952028,-0.22109837578259786,-0.1786318449159431,0.32256593830072733,-0.8381724465545224,-0.9305339673729738,0.5007032482401463,0.162488959700377,-0.8411222364157586,0.5013731071511417,0.2909328688818039,-0.8926391540636599,0.9253086445373534,-1.0463334687243744,0.4359892821559666,-0.4036785388226874,-0.4699879118318535,1
0.1784652672638665,-0.3444553170325363,0.7975283861955645,0.10967047954961599,-0.4259086516894767,0.2851161733411158,-0.8742120026797773,-1.0208514644199491,-0.47070505998720985,-0.4067991119531539,-0.12704594384927678,0.7118693850912214,-0.7529582826265718,0.6040130260240596,0.08011388147342532,0.24519359002393473,0.43698057887243824,1
-0.45884686345637077,-0.6658319686810702,-0.734983650308683,0.3466188786937521,-0.26811371562755504,-0.30088436249727,0.7823565825252031,-0.46027801667869916,-0.33793932124496584,0.9607528234415571,0.20616887558530983,-0.37500000887710705,-0.7517641428346443,-0.28636872642969824,-0.02681904616270706,-0.6118797961384758,-0.7755604408635687,1
-0.9545863474745867,-0.32489583418686363,-0.6553542462184556,0.8863871481675503,-0.4343837361582252,-0.737577103651678,0.48994330762201155,-0.7631538387171638,-0.3677337387208353,0.6610854460194449,0.044559699273245296,-1.0706678753929595,-0.28789058299288234,-1.0130460401190784,0.36775821916048906,-0.4238352677087068,-1.2255495103412357,1
-0.12903670223333127,0.8676395838583909,0.3737020154116738,-0.14501777200072152,0.8048486119648798,1.1924246103716112,-0.8952769866690994,-0.4988379111327639,-1.2135858291797894,-0.8771017443290922,-0.7289242223810011,1.4427253271942966,-0.09127644356746589,0.09090690457105993,0.6039946909917535,0.8806829718817549,0.30842625252706346,1
0.21959014109830574,-0.5810628300424959,-0.25824085911712974,0.4900741004950101,0.13426534845825303,-0.2653154661909278,0.9847157917078765,-0.05831822369536998,-1.024392338025934,0.7572970341359203,0.5296069030098216,-0.4299659324394361,-1.3243347936802803,-0.7015782052855086,-0.5878645581309349,-0.4344162879692121,-0.7276127255114694,1
-0.5492040906818183,0.07209981708838006,-0.94647732889234,-0.9505204492864116,0.01851438092917785,0.37120786144866436,0.3087896813894758,0.504997350756505,0.16063594921932206,0.7872289602278749,0.017458450195999876,0.11360692047873194,0.04381654979757033,-0.6632955005324528,0.10629612346953139,-0.5723371242320592,-0.17129954005585846,1
-0.25100314078548325,0.2693919335499027,0.7363943503845792,-0.18893195335867172,0.21931371363862898,0.7219635626762896,-0.816890825693876,0.1106520542277599,0.6398671597926086,-0.7363961199939174,-0.4251355292284556,0.310821093776533,-0.3489736442967523,0.08053346553553813,0.557771822257775,0.41382038213462413,0.7923626152304548,1
1.1600185101479983,-0.12493809960254484,0.9100150168153289,-0.5929898508174786,-0.06537758025822392,-0.05934105294591956,-0.4596775078184574,-8.997011527958896e-05,0.780812154706374,-0.4967429699890417,-0.9134878489057535,0.8624601355841316,0.6759676087751972,0.14176186126513804,0.0703729466916437,0.3964848651583963,0.13553785247351086,1
-0.354980775124731,-0.8846335331075704,0.6913641619424373,0.43316940588254016,0.29497656160774377,0.6929556203347349,-0.2421605462845696,-0.21752557829803018,0.44302451322434566,-0.4644169467108221,-0.39759760438954506,-0.033980269415569093,-0.7161759528538129,0.2861466718375217,-0.08125842729082024,0.36629878805243815,0.6711239491407847,1
0.8515324383465188,-0.21807335703757436,0.37382712748766783,-0.5451626118833799,-0.43171227042509125,-0.698825555912186,0.1774114102239497,0.49643184265249635,0.012646205583299413,0.2472310085315653,0.688262305434053,-0.5369910886073134,-0.04487778570872387,-0.31693948968013264,0.4762804036732608,-0.672964632008722,-0.19340820913555457,1
-0.06082910988331919,-0.10387400661189189,0.7938852441238134,0.17274874305949522,-0.1303588288345253,0.2908679551689039,-1.180582719200216,-0.5982157833477774,1.27681078481914,-1.3108983324884185,-0.9799889317651572,0.494492255806493,-1.190116064954459,0.12241108527653512,-1.4821597054560764,0.5873385712991532,0.5315671209212058,1
0.9689631409745493,0.9177429478525583,1.4334453325021284,0.7254240226550099,-0.7540597667512208,0.5789025078365674,-0.8360450297956254,-0.6880681393746376,-1.31462882198454,-0.6753846182819554,0.19776596460836893,0.3784292008392194,-0.7264719900151176,0.6007676290420905,-0.20355804356685192,0.7487142606281414,0.421654257603675,1
0.01877751308403766,0.9705347918835548,1.085190864391822,-0.28432746183724256,0.8000602082106765,1.2801077932121327,-0.32210813530577875,0.32888362013733785,-0.9103679956728077,-0.12851366934703642,0.18508431214350637,0.3104353608759086,-0.7785179526119259,0.13815709107481194,-0.017230911445041856,0.4924686913776569,0.45920355816590785,1
1.1024729947584508,0.4655865149095121,1.1742888462358265,-0.434240776629374,0.6414185304620975,0.8140586275527669,-0.69246543522538,0.29763490799193437,0.08450309694960062,0.015986547279262617,-0.49345417439358513,-0.46953930181591463,0.10698839537627541,0.4292075387511405,0.583280112081217,0.301227075597394,0.3448367358581279,1
0.12246138765450418,-0.5183114386896124,0.781629522030251,-0.6303402482408456,0.32329319852693583,0.6098076143124923,-0.6329896681798514,-0.1995868134370506,-0.415924136430853,0.08228374717174287,-0.04444601013823172,0.17159400247463286,-0.4101451810285159,0.4242545176896673,0.0366671992931908,-0.05022269345210594,0.8550692310504313,1
0.817233614539718,0.26845316779253037,0.9520749956371003,0.44033643775720305,-0.1277110559199925,0.6011435819867031,-0.9576716232983078,-0.6242608921917497,-0.8177644204717698,-0.42152724725098883,-0.21398130802946969,0.24943772896755412,0.4074421808423186,0.9587336143553298,-0.0340515572337376,0.46259213015482475,0.5723550029601603,1
-0.30880995122563165,0.5566865668391257,-0.3762420070213532,0.0010840377136611477,-0.30494539354415895,-0.9717645436700342,0.13774322617017531,0.3032472601676939,0.30263726319840173,0.2249762295620365,0.6705652290151812,-0.6091692793504035,-0.9079130965758008,-0.8399158731734898,1.2777733837397103,-0.8176005512670433,-0.3292435243732033,1
-0.4379644706921773,-0.5803072811256103,-0.959386209513475,-0.3506491800326775,0.24232761673645364,-0.18250206738088515,0.2913740072129537,0.05703082703527961,-0.220974626457013,0.92090212300582,0.03632056095689531,-1.0510061843778713,0.3118836092167478,-0.3165739137803923,-0.6420833416161627,-0.8903316535095489,-0.3369562529983416,1
0.49192397414114686,0.7768742611026137,0.7555522501685495,-0.6483260616504224,0.016818275892022994,0.4655377622648,-0.7190462177060889,0.02805315297493963,0.10111588540946585,-0.3724216251010534,-0.6937550866863907,0.8210751716026485,0.7358469748519977,0.1350461741559811,0.8370298598986095,0.472982104712337,0.4153236590450709,1
0.41620554149125083,-0.7907242706672394,0.44584594235587727,-0.048102763911686,-1.1510873552588325,-0.05065173333109615,-1.393976648459009,-1.2924918109195067,-0.47292982367095576,-0.6270600237119678,-0.20937156150372166,0.9381084441506491,-0.4678518375753633,0.6051903041474891,0.8002658079104805,0.05396371503249075,1.0164910135549519,1
-0.5361130727364581,0.0694023782846921,0.18525591084093102,-0.29113049604850166,0.26418553832251906,0.25213134665685333,-0.5623524957811593,0.010321692899579226,0.9322045647395154,-0.9436912620504495,-0.7342241720583589,0.3926880186578328,0.45504685699073366,0.25505534567074145,-0.6658515177770411,0.23503839515736094,0.4070192145986646,1
0.6164037665074211,-0.7364841396024763,-1.0267349630287357,1.7945735051054836,-0.2560728517771585,-0.836034535758779,1.0853600544739341,-0.18274819853584745,-0.6967758042464726,-0.059340846688907316,0.25250367749926733,-0.8606803358043621,0.19845794443641432,-0.26669428619424956,1.1424304765110727,-0.3496301061402024,-1.138359652322132,1
-0.25355139804965227,1.4168344079723028,-0.34438756098347456,1.3379456334269058,-1.7490541628864917,-0.26404879929140535,1.1163215727947586,0.2514205093555665,-0.2728836475698154,0.7511761986046799,-0.1749685835205975,-0.3959834132039156,1.4805556460403726,-1.3342669395360094,0.7677514103542568,0.47661705057658244,-0.6835234759375395,1
-0.6070164041261918,0.4548646981709568,-0.06410070985270591,-0.4302916129752686,0.4305880122495117,0.5248709280026894,-0.9185901897358245,0.14497424124799413,1.1030503799906988,-0.8266054206636025,-0.9645027046030995,0.7065575033203404,1.0142545427397256,0.05742509322736858,0.28144677434482696,0.3236720327556869,0.6161354759577192,1
0.2222555155259369,-2.1714978327852856,-0.3973916005369872,0.14496515452282172,-0.8046907256974019,-0.5140903117905969,0.32179656435115506,-0.8352198912575574,-0.298871234923403,0.08757820166375799,-0.0885995851927783,-0.6753967047969336,-1.2424745283242826,0.1364823556665962,-0.8655270807538239,-0.614240817339012,-0.06506175826558336,1
-0.041028319648704306,2.4500209056357427,-1.0066299296942582,0.2851624037902601,0.8053140283988828,-0.44511954628974465,0.6237877449731252,1.8148292530307728,0.5559836177621326,0.4176688059349795,1.2836388371435323,-0.8267713238366257,-0.34993225236736397,-0.8302558184629655,0.7786532163577216,-0.9679205287499965,-0.7154919193803987,1
0.26660562905874785,0.06268387696001136,0.7022712817968569,1.1157260962437017,-0.5158359039530969,0.5132735052455593,-0.6219628963736805,-0.9959937735473837,-1.0322565065806253,-1.0625287470650113,-0.2468515492658575,0.40456127975300477,-0.21992704061921234,0.7667524444881211,-0.45280433954300153,0.748410037071776,0.2617870878132226,1
1.883963099925657,-1.5529606691687021,0.4153847992024115,0.8142226700626268,0.825945743543696,-1.2375600337363886,-0.9987587730305858,-2.3480805410787853,-2.2489999113041015,0.14004019562391393,-0.7849912219961553,-0.9115631293023632,-0.6236144495616102,-0.18819509507134605,0.6286915017826092,-0.2226930330747828,-1.6443629403952602,0
-0.2780274249001126,-0.7076213164864702,-0.668610058609376,-0.9657417136490183,0.5259281528495975,-0.2210459464050857,-0.0013739843409412713,0.48093547101017897,0.019165151141134356,0.8115390448550321,0.5508370183465813,-0.8359593562144321,0.4348033585815659,-0.6656130741845345,0.28040087971749944,-1.0894910925373884,-0.40125742074756743,1
-0.34077237934037685,0.26965999803642593,0.4565392693805644,0.7976655204035912,-0.43571069280205266,0.8084033484146345,-0.6773730466042006,-0.8005028960491469,-0.8554973463578779,-1.0041598888404284,0.03374623493163286,0.5267606150999096,-0.6163860426411666,0.7294239126400819,-0.11068580741555077,0.5805900312260304,0.4058266785669411,1
0.13555095008468732,0.013164077280781747,-0.9741172620640287,0.4617807233141882,0.6840063198809254,-0.5521204734933416,0.5614297681808552,0.587249811455923,0.6496807944349394,0.21443583772523775,0.8237036276670836,-1.0386386935428933,-1.8082090588947435,0.0017655116010851775,-0.6102674013343585,-1.1417965115068687,-0.7226335017320078,1
-0.20924221991621533,0.4351132474911002,-0.146678469695881,-1.3582594857375776,1.030390029763154,1.094944155693837,-0.7013188777950843,0.3820077188009976,0.35559149280467417,-0.4179374636547172,-1.1138228892123059,1.2110935138066619,0.5008319536045255,0.008545768489167634,0.11594531959806839,0.3076814329815681,0.6740228439599765,1
-0.4044050771040699,1.405174309076878,0.3150155092202705,-0.491392018258139,-0.413843078994538,-0.03885006222164936,0.043212178624570094,0.2647747209055493,0.05757963888546825,-0.3237929273730535,0.048835483095215654,0.3839728068523717,1.1860078164192176,0.5231670053737951,0.4576084908081277,0.029929770184261784,-0.07635367685159675,1
-0.8143890964025724,0.5799018416466897,-0.7078914707765407,-0.019513920225474782,-0.557653148457572,0.13746926748694396,0.5722106079604096,0.3729892981819806,1.3005151617461592,0.6964708952074266,0.1777532865284563,-0.23361660207875343,-0.9641282422030152,-0.47630210837379056,1.224422449962196,-0.46405796250192133,-0.6438471019492112,1
-0.8327308914784353,0.0825380526323364,-0.43066111820500436,-0.7024721548703194,0.7296861051110025,-0.0846167700322909,-0.06105334196651859,0.22797329277659775,0.11241192130642105,0.5609148263906522,0.8655772795809517,-0.2165466376715965,-0.23008459290378763,-0.6504734192838456,0.1699320563159564,-0.856700965953695,-1.057541356806295,1
1.273913529148112,-1.7604250599552875,-0.2697511733535026,0.8393766053599236,-0.7931424851560323,-0.8893823738854406,1.125911238920359,-0.5441869503077278,-1.681203390109795,0.6697638895429849,-0.13581697894924014,-0.41034922231753923,0.5832017454239136,-0.5943801057027653,1.282122316465508,-0.2027038685277581,-0.45396893950097134,1
-1.1961006686344338,-0.2895618666121063,-1.0267991427285177,1.2616399999694843,0.4264677258835804,-0.7222071902362341,1.0502674656779296,-0.5161977884345997,-1.0481262078046312,0.8502156846698878,0.24865465350947386,0.08876317444362085,0.7967373620532491,-1.0072581753534926,0.09259359001886562,-0.328717105512601,-1.119848377740706,1
1.584717695961607,-0.07695273514943107,1.4796852216406544,-0.6958781983137793,-0.416015597971676,-0.021431186718549648,-1.4983654961728803,-0.779703124262037,-0.4211592310417062,0.014070075202830806,-0.3749269412169922,0.19558274317939928,0.00046330543098244424,0.5720283768067754,-0.8339200735983796,0.08365998557585556,0.6333093993371351,1
-0.7543013798997705,-1.038131369396633,0.28943804431470455,-0.0959358248507544,1.5294124889208944,0.8205298477674478,-0.6649510669622994,-0.6336599805150882,-0.4139376306139969,-0.058678514410704576,-0.6649030300387458,0.3249983743188694,-0.6555330946395691,0.08964659095867678,0.3432002881014278,0.15229644981495752,0.5977172377980509,1
2.384656042502339,-0.8360124867013432,1.1276938314146026,1.1490177364406744,-2.422910123148311,0.7117577834736972,0.21736982542174504,-0.5585397020089968,-0.5995784416851644,-0.33104357890737185,0.05800842599128187,-0.13247392905895125,-2.4226889019114153,0.47837318427470543,0.468764692361782,0.7159204000012012,0.31979831227473604,0
-1.315743489695703,0.07975312973239071,-0.048657521468168034,-0.14526889302453025,0.09219241301549719,0.9905046140135503,-0.41693620973893714,0.16952857207342364,1.6198420842548633,-0.7981935945561031,-0.5761700090737868,0.7500216078966132,-1.1604244293216586,0.0007090528580777193,0.44923424210048246,0.3423206209494538,0.7232941075137561,1
-1.2408984867779016,-0.3385667213625995,-0.0030820811361245543,0.7080426060313688,-1.5318690342644938,-0.56014705067386,0.6431436166105419,-0.5434025122555932,1.7323006975962472,0.4756214701239244,0.27817649156711266,0.4571803457247308,-0.2507292465544227,-0.4789122951573963,0.29908527758603387,-0.12913912004163966,-1.0396129034643542,1
-1.2103734504551416,-1.3394959900099959,-0.6936727911863133,-0.071905646485068,-0.09139440052850029,-0.3957177235758262,0.28253927018703834,-0.26775023956386007,0.04889936964742361,0.8843724695451836,0.009662267647009944,-0.15298726858706987,0.37188490103907357,-1.0403882221699152,0.6962633162779035,-0.6108026101739173,0.1159620223411266,1
0.8364874385447068,0.019746140786975758,0.6261518610937016,0.09209783644210498,-1.4007826711464304,-0.5920750254173319,-0.41568596609259134,-0.5633139787305289,0.04557709064935954,-0.7617947569631915,-0.26562103177704455,0.5691431924277613,1.029280168051399,0.7919698470831984,0.4991305437881118,0.17374698830745086,0.24750426220324975,0
0.5965770824449234,0.08994006188037805,0.8166149066358319,-0.30142055664971473,0.12353358604740987,0.299442204525198,-0.308226621815124,-0.03280870084161975,0.19047655506212263,-0.029050012118296883,-0.2834140724126609,0.1386065339043236,0.10921608420813624,0.5014707779283861,-0.5369420931207559,0.1211595265722093,0.15695346061246687,1
0.23455881674645518,0.17521260472275238,0.6686977007033192,-0.3551213481938811,0.39282877679989775,0.48446186231763627,-0.8388751967275739,-0.24167069820418663,0.9117624538366972,-0.38103221896842854,-1.1445456510022107,0.9685429941448298,0.011661278784129446,-0.15589983706625818,0.515506265882153,0.5679285482214325,0.3343625413860145,1
0.539326892037776,-0.4602829296101189,0.9184102680916238,-0.10322488460206268,-0.9182028177438075,-0.24342079755062299,-1.081183756128926,-0.9594454567607755,-0.27772848154200797,-0.6577627883024495,-0.030763109209599338,0.6285857859191155,-0.555020928187282,0.7105344050628101,0.43853424980968186,0.040047200782669455,0.8184677398137503,1
0.01673989853399894,-0.41804362893724734,-0.2786990144971406,0.6865634350553228,-1.113709492974972,-0.23833664601136906,0.8644548527027127,0.11131764300490228,-0.3156942191417766,0.5502324294991836,-0.041884225690968946,-0.24000514559675828,0.9671609117511416,-0.9052745735181318,0.32838838298989576,0.062173795426643176,-0.1972215916003909,1
0.4504489775153593,-1.0145329184673038,-0.2319566293230659,-0.4556483510218146,-0.9612969237872787,-0.09828527978062619,0.673320042807652,0.3035690278956923,-0.35169998622694165,0.8844149035868827,0.08261313378370541,-0.1099897979408308,-0.0994715884322894,-0.8209494538279675,-0.08148710040656619,-0.3889217714008574,0.362705456953263,1
-0.31221982904970913,-0.18941978680420277,-0.9827158438931392,-0.7704361174375614,0.5366532944257936,0.3218760753385399,0.3025367373195167,0.9428868549636323,-0.20353981954224581,1.009307909144461,0.550193742352976,-0.7444392655342581,0.4031407058284027,-0.7606685782858121,-0.5083027653609787,-0.9211348555146706,-0.02539374637289693,1
-1.705049316726878,0.21337380386726829,1.242964909944554,1.84988596392546,-2.671213594224613,-1.4766830484133333,0.5323706910931743,-2.0073495700221975,0.3545155842027658,-0.21316886090351536,-0.28243339782814536,0.5253532585624037,0.13095288756153142,-0.8345342236536032,0.5599208366598492,0.8658661390206728,-1.1775411145701298,1
-1.9421643985502086,-0.08438325395513734,-0.21668984046118203,-1.2999725119395231,0.753451423311058,0.6486849376561822,-0.6906689868133035,0.25091997222305035,2.0065374460922456,-0.7365194076237102,-0.7139732424384186,1.0833900953086055,-0.9588273524648961,-0.26894170669168305,0.1665148015278488,-0.07220920365641911,0.7400174897325262,1
0.4438558272915804,1.4016808345808731,-0.4610301183030557,0.13475066805631766,0.6753237293233383,-0.14643871046974924,0.5589662026877368,1.104453950560014,-1.39581597947538,0.12632145053744603,0.429396116794407,-0.33773323352009876,1.0392120037450108,-0.9035354103603064,-0.30560789229406743,-0.19289987439336434,-0.17188165991098683,1
0.21348474622740135,0.6398087774905405,-0.784485604709748,0.7048345269623846,-0.49294859876035707,-0.07020747269611423,0.8805577832515428,0.9926309683801053,0.348844272527398,0.3360578843329231,0.5806619779596488,-0.40206026404859857,-0.21922268715790336,-1.0546913654796959,1.4420333608037,-0.28939677782963474,-0.5661016071025888,1
-0.7627804027678712,-0.37571345958411057,-0.5617537209379297,-0.8278657676069079,0.31879416469837035,-0.4809784606039781,0.1040174232065268,-0.23033614080369874,0.10378085362825654,0.7257826025802155,0.33119657783652995,-0.21271755288565738,-1.0501762581293097,-0.38001316856550843,-0.57330687106623,-0.9925721097694522,-0.5564568479789097,1
1.8756580123007898,-1.3427234294742556,-0.835914574906501,-0.36197475317406663,1.3092280111993744,-1.012237487106636,0.48462042422698254,1.0219541308026336,-0.8066430976609598,0.38082598541515483,1.1874146284924547,-1.0315123716046606,0.01727978500754199,-0.04951448736598012,0.5451482679239146,-1.5840275697690684,-0.4149649678141678,1
0.8523065048417008,-0.10668802242232865,0.1875494275454067,1.4281578140464912,-1.6203338144812285,-0.8171439880366317,0.5122959966539051,-0.1956470368050734,0.409278446816635,-0.5245443195135684,0.026136942992167265,-0.5977493288248334,1.8645771233831088,-0.05307012022345525,0.014862180423809606,0.2658227451591349,-1.2010439059198867,1
0.1358920662969521,-0.7460575380847485,0.761440358254016,1.1201119673210622,0.08140385417256144,0.3638698692809089,-0.22088898299210089,-0.38164417925375893,0.05487714377990769,-0.716914788994166,-0.4225147918356298,-0.5249631598088343,0.30131249545751765,0.6731055968490721,0.644648027331076,0.4780651448622297,0.4411979569417307,1
-0.7097620707964895,0.6728950410555864,-0.254798135204637,0.7015575343192,-0.31410244682954125,-0.5023928468044054,0.6471634307220602,-0.4828232743712891,-1.0548501537362027,0.4724379192359665,-0.06118293444402733,0.2765883443052511,1.4115141408472192,-1.0509371498552234,2.606504348141789,0.20577592393846705,-1.2601655607035842,1
0.7770430200006795,-0.6535058747669105,-0.21044906530223098,0.18742108358682297,-0.31837982778551543,-0.2132407325360329,0.16600983824035334,0.7934577839907687,0.513449380985945,-0.3974260647299856,0.38255467505882723,-0.2592847639951374,1.1666942784143692,-0.5103495588175547,-0.036281161615216606,-0.24907714001020909,-0.22656048994868377,1
-0.2148871566727285,-1.082742826116936,0.4998055687632412,0.08320960211584326,0.1809824386218728,0.633734228174999,-1.8283471091030867,-1.3779357598072879,-0.2242272695183438,-0.36706316366569525,-0.759386729495206,0.8389503425954217,-0.6581597710800917,0.33821648047809266,0.3215345924264021,0.27588023604643264,1.3459285290560798,1
1.8009208599335926,0.6957748964778959,1.834812412861873,-0.11907729594489462,-0.16204097351344637,-0.07311627612429276,-0.7327419778495919,-0.20664294198329458,-0.10657914787412755,-0.040029167629641864,-0.5992678747336381,0.08537996072984846,0.7637356652546552,0.2894166803458998,-0.38559791203538996,0.5687140374464386,0.08092958595513346,1
-0.17064560527549807,0.4387532118536123,0.7005822975769049,-0.18926451259133228,0.03341692621277544,0.09325118493120789,-0.412199409284427,-0.4158083424030338,0.5474666603948849,-0.5707284616310841,-0.8463539538391593,1.2227719752470836,-0.16514179581801997,-0.32480477475938874,-0.3536686757356667,0.6129588787688858,-0.10703338352378465,1
-0.5151941788128497,-0.11416508162233395,0.037552579666803476,0.7996680874313897,-0.5535811599715621,-0.1410148210820219,1.0882839093574834,-0.04760890127488388,-1.0034941283694303,0.815095618948931,0.42727266207347536,-0.02928109508374635,-0.19853409834330854,-0.8158160628508465,0.4946694204325036,0.007688926066151659,-0.12243520749073146,1
0.21900592063382499,1.8335259428100603,0.7766967796181705,-0.9612641729964149,-0.19476576608007148,0.5877420313017322,-0.24498079736344205,0.5875114691655788,0.0445039005734251,-0.5616062913940845,-0.2073897465570773,0.6932385148949314,0.0866150924488989,-0.01869276294761254,-0.2810539227914009,0.4551129629441157,0.0008764320025763639,1
-0.04073818634564523,0.6237753785638338,0.5332738048334756,-0.1166319722706974,-0.14862466622383258,0.46043953207494476,-0.4269945993036268,-0.1836653811344101,-0.17059654555078668,-0.5047217440156224,-0.24961526593787076,0.8230680242648474,0.005412777283132925,0.32904918596996163,0.12657735541340936,0.3881682345803014,0.36502351059688104,1
0.05141094338907545,0.6127350824485985,-0.19456228225524008,0.6634663899681714,0.2660461227779008,-0.8872947315145847,0.6185725476927506,0.30493626278319524,-1.1763631613059782,0.18094615475540604,1.0280809016591457,-0.5756007971714561,-1.026847568661393,-0.705503584410397,1.3336747207103394,-0.6240673015580946,-0.3429123486214956,1
0.5821193464883174,0.35209865186187567,1.5085854841963755,0.26004833833100843,-0.6409605106665174,0.22393449797994042,-0.6048064693249311,-0.11131576547236709,1.2389950545804962,-0.8712352059560105,-0.34181270754294013,-0.0914707842820049,-1.3798153581628356,0.19492113579300832,0.2730584250652534,0.5569983991153291,0.22709741948560672,1
-0.057714894797421055,-0.1804142563814741,-0.9566664337468005,-0.6312215748305728,0.2908507204962884,-0.0757553792760359,0.39416323918382645,1.000352305476721,1.0940933177520933,0.7767645821568148,0.5978791010101899,-0.24662613420172216,-0.07412259465694215,-0.19422566899054888,-0.08795098470679681,-1.0774737959723406,-0.11379939197987372,1
-0.8870994847119602,1.4870769426503303,-0.5247745768085241,0.5461389565247313,0.2540353514941058,-0.7295195087054228,0.3615140159227726,0.6965187373092183,0.7271979789208814,0.24776877588547452,0.9773176753419093,-0.5466763069138728,-0.19948730423962396,-0.8415016714786445,-0.2855060659786947,-0.6877433893036771,-0.9363251491141924,1
0.8707018988615332,0.09763750689940534,-0.7888367221141995,-1.7132397082838706,0.9100227977510041,-0.7109521963007219,-0.07988724166067794,1.5763904443913226,0.47817812152950884,0.5485145151606561,1.4436082135900918,-0.5768888838836211,-0.48749867588070295,-0.4574270867989362,-0.1706617752797394,-1.801930387100576,-0.19853809381062765,1
2.1000705248391696,-1.1354258374527146,1.1169761303010544,0.7697628835769749,-1.4876359455728683,-0.45982114600251955,-0.7542492332079253,-1.4394641227062746,-1.1532438015949211,-0.24620035518580188,-0.20533340527387486,0.6172600442771072,0.19788583675917715,0.9875398022313606,0.021239571805079946,0.2979465705844668,0.4943479584304394,1
0.2755496010631412,-1.3365420807893345,0.8125328313874035,-0.5357143414012094,0.1430723979882514,0.98118043543145,-0.7506218099138028,-0.45617689874814976,-1.116902902309364,0.16876972471470894,0.6301729686679972,-0.03972377460109442,-1.8367724959151108,0.8450254562349028,0.5705474199585008,-0.3285094028237951,1.3006132015862004,1
0.8524226002741656,-0.21783634659804818,0.8648422902243861,0.7998313712368293,-0.41065033460837475,0.26365607072694325,-1.10495990428497,-0.9678901037452382,-0.1270305517564142,-0.6971278557035077,-0.6978817725337961,0.3945471640738695,-0.06603424986473118,0.6200084792365553,0.48375080276411375,0.6006936539516744,0.5698723070537691,1
-0.6037814671520366,0.1569266132517436,0.35778651443372367,0.09636725213520964,0.040753031770353235,0.4194146422579041,-0.019033334600516028,-0.16448268846060224,0.2368625709659794,-0.9338404840841749,-0.4496509980786463,0.8309064248956913,-0.14547111251569558,0.27867607129849553,0.8302024908208886,0.5004744027883358,0.15724430409754825,1
1.7852150309932018,-0.029376442696351198,0.4952467656675436,1.5937846791072705,-2.2661217138216374,0.5180806692029599,0.6752847197174161,-0.20792973683643073,0.3035600699428852,-0.22531931339349295,0.540758914238706,-0.04425238151281225,-2.5712321416917217,1.1887561532294733,0.18203471049493755,0.3009552610827651,0.05372797334020362,0
-0.9995373080574066,-0.8393061272529382,0.12402270513506282,1.1028757929876565,-0.12364209737616942,0.9451537318875671,-0.6422630549998213,-1.1206173755769,-1.489783233454088,-0.7311145305674684,0.27051343561288965,0.23016604355491582,-0.47067903558714547,0.9596774573733317,0.16037462348549025,0.31289320538099824,0.9399587224424956,1
-0.7189030505717022,0.37307917966635684,0.26246457796433087,-0.22132971879930738,-0.2146492521272181,0.4882988938666049,-0.8133531087478313,-0.2693656435095933,1.386344999271469,-0.5744869992316952,-0.5648061036680058,0.7812479031211758,-0.5603949123878073,0.3611527283551399,0.18519575652833947,0.2176092062438847,0.5299996561593404,1
0.13132431671346748,0.20224497127055505,-0.9394849190133269,-1.3242901228216228,1.4792395638383498,-0.7494585659450953,-0.3940875539457615,1.33280621486579,0.6584535445654869,0.4071261737501528,1.0756888709007404,-0.7019577825910194,0.5961913680332837,-0.8060382841743149,1.2829929219207354,-1.5973146743993754,-0.5381598254331331,1
0.9512922453836666,-1.7508217497977707,-0.7539613919111522,-1.6809511093156138,1.1513850360571647,-0.32399606332609,-0.2559337173733479,0.7742852319999234,-0.16885126812399298,0.5032732266929764,0.6077356787881196,-0.49524831647861717,-0.09020638133832512,-0.2088588928611607,-0.2740919922143903,-1.502637639181585,0.235266789246096,1
-0.7724217845304426,0.25658896669066594,-0.8556455715320587,0.4119911784840525,-0.5943006524627065,-0.539991593641778,0.5145979967953488,0.009722838699827322,-0.06524805162001211,0.7653220366788616,0.0963902875142322,-0.7243464935581196,-0.08078201941167935,-1.3005844902064079,-1.3003490225614784,-0.4677999356628961,-0.5538648540536135,1
-0.22230245702004164,0.9798200154160321,0.09947508084869318,0.8622064838353983,-1.266414100652427,0.21380413391448272,-1.448376995853126,-1.2982186633730681,-0.052061100109721495,-1.646630926163066,-0.7997117253404258,1.443567433794511,0.7289997755554806,0.5483119113616853,0.9148942000412045,0.9074190919506205,0.23882249324719343,1
-0.7149592164639157,-0.394227371334938,0.6061973693373277,0.8287673652046017,0.13093643518034379,0.5147004790600183,0.013935053706896591,0.35722484047389375,0.8676058870957664,-0.7666263945327471,-0.22277411264884978,-0.5670558914325774,0.10388861881628153,0.2563742595268916,0.8400945253428597,0.3771871023564889,0.8773978305200945,1
0.6690185046145751,0.4226196457230729,-1.1166433924184669,-0.5045905791443441,0.7104034865665286,-0.6416549450308134,0.38359211488229233,1.4744309390913177,-0.29955159566322465,0.6088353995315837,1.0701783274486811,-1.1401613337678773,-0.7972812312876021,-0.9507603005341798,-0.325170024156172,-1.3978946175596618,0.1325094391002228,1
0.6543546788099024,0.0228166351013377,0.7926305061376522,0.1062326907730873,-0.8780884802412844,0.4408049057340288,0.11765625871559765,0.059598868395391844,-0.34836342634363016,-0.6120642766441166,-0.04115871913531807,0.6593383454948861,-0.3931772244035556,0.2460160129967741,0.5266456633932398,0.5133708951302918,0.5268554288311581,1
0.7924087806910715,1.0782100815490345,0.7044359537060377,-0.1433582749985821,0.048315440069720175,0.5155912868193065,-1.0836593897801188,-0.42268638158871136,-0.865432602195721,-0.3936674871974833,-0.5419017294104512,0.71991052827628,1.3630283537875612,0.5317469218942822,-0.7951810174708019,0.5458313246956976,0.25590456612534623,1
-0.6101613067381967,1.3544590714281155,0.3721250144399987,-2.0999194876347897,0.7735586094356751,0.8194196695313969,-0.5838642241476283,1.6180179181968488,2.5515784102693244,-0.2845784273825373,-0.5792594301480758,0.1217810372905414,0.009655053085248323,-0.13331663157550103,0.3907974946672579,-0.1907501513697266,0.7365670885953504,1
0.18537840284323173,-0.8393566244520777,-0.2702394421342871,-0.25393775310686023,-0.5025807383600096,-0.38454606364373556,0.15266919216046798,-0.08976684022407029,-0.20674491294250277,0.22305803926576073,0.05641054128632235,-0.3443725914359918,-0.5060209766698703,-0.7854638525136403,-0.28847464215125695,-0.4340288276956036,-0.18628371235927846,1
0.5149856420226224,0.2033496805527036,0.4097560487745311,-1.492036112018666,0.3910223846140908,0.023100140062666644,-0.3611380887206078,0.3473714986413386,0.21819669102569897,0.13948073771013503,-0.39657442146860694,0.5366406523516637,1.3241578555439049,0.4867792727616199,-1.0386022750964325,-0.27839247351552215,0.2922130589538187,1
-0.9618422427655309,-0.17907977666212205,0.08536308903513029,0.3105392803065798,1.3374464228495222,0.879297496016981,-0.39721533499845474,-0.17929611753257077,-0.8909775768381503,-0.3859040003368319,-0.1463480778407345,-0.10462090862161623,0.8976887600278994,0.719238857284869,0.005458892350988559,0.14382828463204225,0.5648075032928358,1
-1.262201619623924,0.865459514919013,-0.023859369443314273,0.7856914304373338,-0.5088639369970985,0.6152052417363405,0.11376366419673152,-0.04067006031009294,0.37057212484713775,-1.2068201195495514,-0.1417605948091057,0.7278819285021717,0.303017089786584,0.4011940381284094,-0.25319838111826326,0.645822541780546,0.09504280842198234,1
-0.7241437917266969,0.8268653338889255,-0.018833969869700398,-0.25610812231375735,0.17612126222046715,0.6661338274126731,-0.5211146782019482,-0.01278718410893442,0.325816459943777,-0.981171907407453,-0.641730324821398,0.9147287088583872,0.2308339267253584,0.1237779892776597,-0.4560577559255829,0.4797498329473505,0.273856281537495,1
2.237355418996503,0.15172106906139649,0.7732587737227853,0.781362701441604,-2.36870053249684,0.2542445025494825,-0.10279206889494373,-0.46378686541974545,-0.6431556606918948,0.05693836219263071,0.23045585222357934,-0.22581632227394782,-1.8462852864253674,0.7632257988021427,0.3114412039491226,0.22244292991142275,0.5681753061050471,0
2.9830358171458378,1.6175634039304057,0.6317774491822504,0.8224386497117021,-3.12748118599027,0.9600967383601375,0.6807953920809466,0.8487092573643593,-0.4892625974801497,-0.508384868013355,0.29614908853411015,-0.3918903483386491,-1.8191142095031827,0.3307849826557274,1.1508787557978755,0.7890033037571004,0.23651082361597045,0
0.3537646346673349,0.28642874435302784,-0.6088758160825735,-0.4732020428432506,-0.23390818927742468,-0.7279861527165193,0.31856646751413115,0.9748135217307465,0.16522867113093168,0.7222134188219343,0.6622819834479797,-0.7964635086508486,0.4078352214051576,-0.9600524080003717,-0.3234266097265017,-0.9725393562173174,-0.05790303347433366,1
-0.11116979859015473,0.03182335210253231,0.4685359340103078,-0.0800385193515246,-0.2734294761399936,0.25052242025988825,-0.6068999742695194,-0.24378104368611717,0.9614021428489683,-0.8189788984357554,-0.8895762040030478,0.9879267987939387,-0.06182794679267245,-0.0257095073955403,0.7208904513007761,0.529353139578262,0.542881434162828,1
0.224685055145601,-0.4589477403193458,0.1560381092108169,0.40663549124718606,-0.36508203959778135,0.46293409238788263,-0.6356285723564461,-1.0294071776970255,-1.1154311806544128,-0.4507648398096559,-0.2489969702813044,0.7134003023562525,0.23762479679420104,1.0297768245517454,0.04985639171296267,0.24685993095115547,0.5110613682667823,1
-0.7292348581799389,0.9850480433982197,0.25944181896605556,-0.34380543882376136,0.9400477308243169,1.0448079767194491,-1.310228065300664,-0.15517795630668046,0.5307511101650526,-0.8886833172548089,-0.9164059606802357,0.6798404818848729,0.28757683109299664,0.21418611049378553,-0.391086860481906,0.5516515911240416,0.45238075014493656,1
1.333105197603214,1.4007925543712927,1.3840312884496881,-0.7284989870458092,0.31211805237214535,0.7195921782805988,-1.0754451182364733,0.00986617887106464,-0.11132522335045748,-0.2285253469839656,-0.49973356971099153,0.7019259539668236,0.04497623639911645,0.2973107071793474,0.49835215872530964,0.5768394098378776,0.0322371009399247,1
0.8141292419297178,-0.2686134159913527,-0.27235883529024485,0.8680609784346995,0.16637023214535293,-0.7446220625570054,0.8260132225229815,0.49458267323258454,-0.5860279916614929,0.3269715093371626,0.7821267635344993,-0.6107554638546939,0.2517356998273936,-0.48435938163514364,0.3268060785685708,-0.5346458376204115,-0.6260645126315364,1
-1.7172959339388918,0.14745926172803614,0.17167012884273747,0.9334823700896989,-0.9275592693322585,0.33098952860946323,0.49801165836841677,-0.1872958084151063,0.2689106879395714,-0.8665745445748415,0.6030447445403496,0.3935337010846789,-1.0470140783270139,0.4658616337988642,0.2312400480800315,0.2317705007976365,0.4138207692897821,1
0.2477040731302334,-0.2970586153889411,-0.6345299285952574,-0.28066823433988825,0.6346059206280044,-0.7587250192545527,0.4143518270188547,0.015435740322966768,-0.3664595392796555,0.7674775424494782,0.4992237824934214,-0.5206661295843993,0.07102995301580779,-0.5716851021005088,0.550965794565838,-0.9419088476622584,-1.437987148572575,1
-0.6511863097109181,-0.9154125894664323,0.0205871689463287,1.320112678143003,-1.1014990186048987,-0.8003801906672906,0.6535910684971536,-0.5923829464225274,0.527520003809362,-0.10320844402299864,0.3658396424931873,-0.16205451821418845,-0.17780670088622422,-0.45830408333390793,-0.9687536323548398,-0.08364988445006259,-0.7626371964002845,1
-0.548277279235924,-0.9596135534554587,0.3250909161417293,0.5147460037910747,-1.1048718754360614,-0.8975929401449991,0.6838457256492327,-1.2600311170818668,-0.6735954626291502,0.8340842121792159,-0.3947283727500823,-0.1812317653238575,0.3075579718973392,-0.2888133832137597,-0.5498340874242338,-0.06140404750566392,-0.4558840642390516,1
-0.4290858499461032,0.7154514536537251,0.17388051145266722,-0.2382735907248979,0.03274305662400414,0.4002626364424042,-1.0448099079543396,-0.7234405019632132,-0.46664973057416165,-0.31076508311984186,-0.4711376039663222,0.9258403443527031,0.4603755087808096,0.37830588152123334,0.6771200205176829,0.24030146157966314,0.4246140589560392,1
-0.19230721476302598,0.4043855228400841,0.7882504855341981,-0.46707891596686285,0.528742395307545,0.47982305481772447,-0.4353957614818421,-0.15791548536341543,-0.24798361118611037,0.08622310968948123,-0.20104741617338476,0.4348729590917353,0.06009736613096586,0.18293454591026242,-0.3113327776234593,0.17677790961083092,0.21066481358350303,1
1.5816133948383921,-0.08846216058138177,-0.6734610763972456,0.2961076901019558,0.7314757408564037,-0.8844386032234719,0.5789303337491694,0.6714871254230185,-1.3732600162762125,0.2718104039885172,0.38669110162782716,-1.4953646880968507,0.697737357285075,0.022624231684325157,-0.20131511332229318,-0.9084519585834441,-0.31979910221997937,1
2.415827712667685,1.5970544032033356,-0.1365149663787761,1.0115571802727494,-2.936428167485404,0.5126088847093548,0.627142532111065,0.6767533054862129,-0.8281979254300754,-0.8535186009308334,0.6682183488714496,-0.3723247832071365,-2.269665738314007,0.2825092394449928,0.6998637532171605,0.36585824184014853,0.16136557755325087,0
-0.626152424556625,0.6877864504394036,0.17093313733823767,0.20749181210960893,-0.8734127035468443,-0.18164697242288133,-0.7034255889261364,-0.7171266260215643,0.2562831383218759,-1.2717560836262023,-0.5231978149455984,1.2191327400586418,0.5944338003878437,0.23884290763736224,-1.0778184447222101,0.4998270254902689,0.14922737778528905,1
-0.9499678883324549,1.5384188346232066,-0.8437265756620956,-0.30346240823449866,-0.07016965678627095,-0.6737395511425787,0.22368286688939973,0.9633335026995842,0.15827899451161276,0.6642852094881786,1.0356192833197613,-0.3343540214212344,0.3516257675097602,-1.5050857196160532,0.24990264367980278,-0.8749547027863944,-0.4687859964094237,1
0.7244043924536705,1.3949636301245159,1.1623590964146515,-1.7866857807998735,0.19036941790464174,0.374250639470103,-0.2733357347394711,0.8652299349017114,0.1359615193003981,0.2660611528244665,-0.08663986666417652,0.6958541683645239,0.6004316305589845,-0.0610533799912033,-1.0661642731183152,0.06443814368352574,0.2502903309344167,1
-1.6313451885171362,0.09576771363543415,-0.12663337243877293,1.0091044673749834,-0.49927784142915616,0.5104455593792802,-0.712290295106271,-1.3600462309527888,-1.3180440377776157,-1.4690815869000853,0.04757797740256989,1.0635707891603656,-0.24744142297600025,0.5448776324251563,-0.769734040853121,0.5832616366236397,0.345691661144884,1
0.788046419181551,0.007053200571850531,0.9074717126900759,-0.2509254127192157,-0.6266244164121937,-0.09567474204158381,-0.5537743891249697,-0.4594985316462704,-0.37720791336333653,-0.33860042375794536,-0.23357314477753985,0.8208372666275182,0.29031670573633633,0.29575399858940016,-0.4415039138484552,0.2682152423355669,0.41178908093043665,1
-0.17102954969590686,-0.5759755994565466,0.7941027406557587,0.21011418314350447,0.10098711820396786,1.0276460879350506,-0.44716739495259716,-0.32314468284752446,-0.5622833726912801,-0.42176773796043454,0.17491108870852884,0.42769984879005135,-1.3097422778920218,0.3805034890233172,0.2218902101471925,0.35102227454191587,0.8527789594951896,1
-0.6045522244433943,0.24494981370296123,-0.32761416931313314,0.3582615558900399,-0.12629926984470255,-1.1783905735428724,0.14203945700436288,0.03563723076812981,-0.04570899076421514,0.3547432554175985,0.5832054992870199,-1.059596343196064,-0.44690694353008525,-0.998123837942087,-0.5884179293688903,-0.8093872338076127,-0.358325512514976,1
0.4957108098800804,-0.47231443728723044,-0.5965169630125827,-0.7469471924185331,0.002194808125401699,-0.3314774073026834,0.06922581230330893,0.7339663744244244,1.1721233478786874,0.29409079658318565,0.5799628055480801,-0.23697732932169654,0.2447206684957374,-0.07898480403822676,-0.037341580916842455,-0.9846000338418497,-0.5681338814144999,1
1.190173432652661,-2.3100913955534015,-0.08045867182848543,0.06854429887212135,1.6643176047044306,-0.22371772991071656,0.02206845747342957,-0.3652824234541336,-1.7028128242689184,-1.4363775853105687,-0.8744847702704063,-0.9398085073941626,-0.21903925378143363,-0.1719633671862652,-0.16792229770453096,0.0263491374776966,-0.4090314214573619,0
0.31331565679352114,-0.2844884755819625,-0.47097949464689953,-0.7814482248702297,0.5989807651942192,-0.4291372369597095,0.23202723292526684,0.2109636988460827,-0.32051643794704393,0.7617740564399477,0.0900607055237197,-0.2614922064923591,0.7984214455930759,-0.10760239350683229,-0.03044877883749521,-0.808712040548676,-0.5208925256981869,1
-0.35457664010522016,-0.2028071308431735,-1.3510847251886322,-0.7643957956290784,0.1898739002201792,-0.1189093552900688,0.38915765800828833,0.888626143295374,0.1570141589344004,0.8721835896618114,0.5563755554443298,-0.39141917159908424,-1.4998963301791304,-1.015903133857869,0.9766665608814905,-1.1814282948211017,0.4619786118873775,1
0.30609817762763997,-0.2315708752887246,-0.6207143847648084,-1.1391865694577463,1.113748547249044,-0.7530666120149216,0.10658937687035498,0.5609242544559263,-0.8237578321176973,0.7823725744016229,0.6439565927589781,-0.516460140980278,0.21243633138770912,-0.6713748854737049,0.32718069115548515,-1.2508036387549228,-0.37061870292515287,1
0.1326554996258162,0.6130216967564376,0.3670282226290674,0.43006695164666736,-0.43288367323752575,0.7391490274723619,-0.6797826269256506,-0.2550174914030881,0.21530011195857554,-0.5824565535612628,-0.35028933268836293,0.24236254495464588,0.17700900686389734,0.6812805294400566,-1.6954252770317313,0.4482112281837875,0.3851133275786527,1
-0.7223056060809925,-0.19648475087888898,-0.08148256416161569,-0.01466290058052082,0.41337627053321063,-0.44478123425771304,0.35820605882487155,-0.11682415238967912,-1.15162733748587e-05,0.6669892646340656,0.5067468861232561,0.09966280322266982,0.4168997662412659,-0.5399554177632525,0.31361368616412977,-0.49596753611050004,-0.9230044580126304,1
-0.8112400434132121,0.9441978049787525,0.3340352111487823,1.1216472544943086,-2.0265817985163936,-0.6019365420491618,1.0205327799062638,-0.11703294946467294,-0.3234280558858778,0.8747931128815419,0.45718211338872333,0.025488831475855955,0.4123863223374778,-1.8233136691725058,-0.14342193901928293,0.37068332684933003,-0.6750845327056126,1
-0.9251306071396177,-0.2498198760227127,-0.09524164912390608,-0.3114105223160495,0.30499588979674813,0.9042928451922392,-0.17974418484446472,0.26362289103283265,0.8088357754442814,-0.7382695433280683,-0.5745169487149304,0.5250694037114403,-0.47731692199567294,0.2394025793555821,-0.1588071598311189,0.24106629651600966,0.8580504700627789,1
-0.39642310444942735,0.9464940335785809,-0.5646494152679631,1.0635191879989052,-0.43120385913901005,-0.15120404763491505,0.8824764098216882,0.24645769931733813,-0.259862748994209,0.21709996849599963,0.1794543052586135,0.06057162120803988,0.12103469915533438,-0.9599839655397026,0.48022565187784383,0.13670008560512442,-0.826648383023857,1
-1.2693370681565648,0.5028528536426832,0.18933169148560489,-0.38939011117187494,0.4013029055174194,0.47433766537727673,-0.10501969098676212,0.2004159266324894,0.6659229460651321,-0.7912619149320277,-0.49825723329618893,0.8279127160021236,0.1738617730510198,-0.12391886134342338,-0.7560594251916114,0.37386962680451113,0.27463923300295573,1
-1.1724500713874695,0.454014160047295,-0.30225405814207057,-0.019968119284129063,-0.1692167922279195,-0.18864880169484732,0.34667147783302954,-0.043682581271314705,0.17686944524134154,0.6663152461556576,0.1555645355445775,-0.22833153283099453,-0.21648423507395306,-0.7172779945873403,0.15465270588638924,-0.35136945746844234,-0.4233770208869033,1
0.8634267325656196,1.1629121272880254,-0.6304866581095132,-0.8556008112237873,0.8654180849948058,-0.7245611316697479,0.09060762070619607,1.5123643253363177,0.5326573954999809,0.4930383244646964,1.4591175755406385,-0.7153381816535987,-0.11483145691348823,-0.6512412097341934,0.07626045658593493,-1.3981876220399974,-1.112549997732502,1
-0.3077353082048109,0.24375461481042998,0.2101680755275652,-0.37004950090949384,0.8078551990473092,0.6102506467302107,-0.1001877491626109,0.19966463256142264,0.02061602262028935,-0.23900081030333598,-0.4102053998515802,0.16880632235078,0.679439914276623,0.5431407195998714,-0.6638031597213682,0.11135783571846289,0.1673051492815868,1
1.0697702518184677,-0.4758185537392674,0.9996788242576273,-0.043322926484183455,-0.19385584953144944,0.10513148211882327,-1.513806047927879,-1.1465056869357926,-0.28707649799272245,-0.5174140883480837,-0.8529018992154002,0.6376625867223679,-0.051657445219249025,0.4456938733281708,-0.022014507665847855,0.4100854124005069,0.5991446398074436,1
1.2678498413354629,0.30836281593226195,-0.13334073924203804,-0.5194036055368484,0.15542624846832412,-0.6614598416050337,0.22474604145360627,1.015825760281736,0.01710347615545983,0.11533935508497668,1.0080828439617098,-0.8992434741072827,-0.9567942724967337,-0.34975741302048224,0.2247747412482384,-1.0055597593792416,-0.416858679110577,1
-0.3711063488089969,0.42518202802125926,0.3300031384365926,0.3775623694265301,-0.20689458218875853,0.5316221296436526,-0.29021529559300185,-0.5556017821161017,-1.228252839518976,-0.49314209026061545,0.0182191507316617,0.6260170290754429,0.6052373841074805,0.5225920440910651,-0.07867846536672474,0.42484799978303234,0.20991315001511676,1
0.3523796492702627,-0.4512953199374672,0.6772272946639903,0.2825555790508868,-0.1749450196224268,-0.03950322439219769,0.11130614813238389,0.08242195745904107,0.8133543860444493,-0.3689547386577149,-0.5845638940220488,0.03996159718203862,0.8525155404995253,0.2784503086498615,-0.5946358085634413,0.3126557808040056,0.19556831931853366,1
-0.628870195904714,0.8608421569383868,-0.18880841879024826,-0.022762995451364974,-0.3740590364722293,0.29314272464284025,-0.5801533346518436,-0.4048346798073711,-0.1510612487779697,-0.7015144294145967,-0.4445384370433188,0.9534204003992706,0.6526876715268151,0.4809888698172796,-0.04528433615390865,0.27228987785977454,0.4375448779862955,1
-0.6589569723996078,0.1423546883274616,-0.019386943658774893,-0.8464052362889587,-0.30456547497600245,0.3504035920578789,-0.7073941219881368,-0.24601656766958235,1.1373517026351305,-0.3907102448749655,-0.5497421220502839,1.1306899592845308,-0.6489141799438942,0.24166063001989843,0.21340412272861348,-0.025007706654655515,0.6003733200370195,1
-0.7546656389080589,0.06937813945730235,-0.31546532220549456,0.36113166327850965,-2.296861838155679,0.2026694075856749,0.32571585748219467,0.40560614604486867,1.5455355562055197,0.14475580121589213,-0.014889278255495679,-0.7469691608427711,-1.1035278320471709,-1.04363538155488,1.0478199504528345,-0.01837950035960386,0.504067726084424,1
0.15358032271208266,-0.4534104334283914,-0.7686031273329302,-0.3065279316789013,0.8998296913332887,-0.19014706559272687,0.4437988829751883,0.3863059065507581,-0.07967714923430563,0.7958402772713283,0.6962120679233176,-0.6088168693559689,-0.20681807590200185,-0.2828734665967945,-1.0447287319028764,-1.0061000592033553,-1.132957353918547,1
-0.8932191017228263,-0.0749355871718146,0.22316651709088978,0.048684710897879076,1.2120062555030877,0.9117314544119753,0.009784322223396397,0.46593938861622297,0.6884060911307636,-0.7847307249673238,-0.653455983555392,0.2117552669791709,0.6428480303231585,0.2915229829213328,0.1300283346152318,0.44870827409498787,0.35975364045457786,1
1.440770030193927,-2.276157787035083,0.2447394705903383,0.051665227645966545,-0.9316941893182206,-0.8245999532721087,-0.5493758365102069,-1.634379393369765,-2.3154422132506767,-0.1751028249864629,-0.07349269621111272,-0.15502978745063897,-0.32284149478086327,-0.8837628373068841,1.4216003048574053,-0.14360339287396867,-0.7490210297179583,0
-0.05874391978099688,-0.4872897817759112,0.42540598779918776,0.5839953416299895,-0.18300063704256278,0.8225694539050977,-1.2464437242213864,-1.1503690409178566,-0.7694962841841927,-0.630778109197204,-0.14589537676233771,0.2783882951415837,-0.5742422336134729,1.055995517399871,-0.007932532404370423,0.2796492543841746,0.7993343516453675,1
0.12826459734340456,0.24706795683757765,0.30824436883702916,0.3811407157778485,-1.3068977644116058,-0.2800448682986159,-0.62786301128794,-0.9253169360457746,0.21810801805371316,-0.8062631226788114,-0.4596163016193185,1.0575472526354994,0.19311599387153908,0.4027275894458423,-0.40043298767109964,0.3849827423383925,0.12803995773536572,1
0.8216212270635329,1.065905065890921,1.0751857415320116,0.22142378976165947,-0.07488970513977379,0.5386061003747977,-0.5390220236250376,-0.26498169224254364,-1.0155443172601502,-0.3314699283872166,-0.29599841744132505,0.4125148204409508,0.9229275023760627,0.24268529050210352,0.7920976370308619,0.7297969195454573,-0.08643347814035718,1
0.15552135765701428,-0.4143525496515184,-1.690284919486391,0.2339590268830377,0.3960752374469512,-0.7716561271514877,0.5255488008201898,0.24323727164258763,0.054779511214104605,0.6413473768565653,0.2431757933282046,-1.7325406533103738,-2.0103279820705287,-0.20292939481906216,-0.417024345709168,-1.4489503109505788,-0.2954425740234424,1
-0.42010356074019695,1.466122055822119,-1.5886503363512305,-1.4466533272866393,1.1765543077088672,-0.3063894225848165,-0.18700907279608056,1.8800490646074572,1.1399313016528723,0.728781885497179,1.1876241343361353,-1.302175854751598,-1.397916544208362,-0.8799967422165794,0.515400121140316,-1.8816858696157204,-0.05261081906526775,1
0.6491020984790749,0.8367082205023656,0.520743523653835,-0.5169574281435465,-0.7248555779439487,0.07802297866490855,-0.7322424039957273,-0.30834677132829325,-0.43725234927775414,-0.46407149768540834,-0.34773314980402786,0.9453816460772657,0.8174157350184387,0.36126466654286393,0.08945358479434172,0.29156623011001176,0.3245782915437538,1
-1.1220830055295057,-0.039111051805209664,-0.19751939948933767,-0.9444714990029961,-0.6675577371990387,0.011365824443911736,-1.1646859398575273,-0.4432211242575381,1.4807914229431145,-1.040640027495044,-0.5245257324778095,1.3306895716740537,-0.3997994170049612,0.25297207712435565,0.22873634715556795,-0.11543624917380563,0.8621952042505602,1
-0.39024679819481267,0.41766712282418783,0.35723008392490957,-1.7134430928281872,1.2633673018687825,0.6023918647162433,-0.18481425794762657,0.5440834918387671,0.19184813175262944,0.23017373803069732,-0.4708844446415895,0.6848686135491123,0.28222808743551303,-0.057553699500763396,-1.6127735343233762,-0.12729402868114803,0.22226383126044305,1
-0.2177064959813627,-0.2818066559471748,0.539416701305055,-0.6023064446732436,0.10564478544776831,0.8669612260497035,-0.39911715399748593,0.36833150738155124,1.7659189058179852,-0.5142618431940352,-0.5190423919057692,0.23430199619499484,-1.454371782363066,0.4164272907436982,-1.8049307580204428,0.12105402953248286,0.7639586660203835,1
1.620052475142052,0.3010034827065299,2.0281694667239996,-0.3662035031823709,0.21949361059897757,0.27271125061117785,-0.19281580699151446,0.11782606998627826,-0.5624310688514592,0.1210107117270184,0.1309754798383142,-0.18494139707204163,-0.6241021552730026,0.30673931891532935,-0.2690929200764953,0.3333899867551811,-0.023431429038140338,1
-0.14819177987113283,0.24865361251739776,-0.7167233460299475,0.5039270901938004,-0.2711238727626317,-0.4937210338287966,0.47490500852485845,0.4708711431958894,0.07936117497433114,0.20340282202344942,0.6473597084055823,-0.7700830002202387,-0.9553318789563716,-0.821992659623818,0.531225602261006,-0.6470843712241368,-0.34767567641429253,1
0.08224205395270448,-0.6830837729098443,-0.030805494633431144,-0.26838062972879884,-0.4803726926870211,-0.6793344877645977,0.2817404352828803,0.16615844180860015,0.46215655113043685,0.599198908038378,0.5156743453318843,-0.6358141814087682,-0.5226720943445583,-0.48229053640395364,-0.70317111218175,-0.7945205750004247,-0.19501529757160588,1
-1.182718861535798,-0.28531681402399206,-1.0101808402287178,1.473692945633756,-1.8549696160358216,-0.590955576703805,0.9412637160297195,-1.4370539873588022,0.06092659349098712,0.6213755793343834,-0.9902611365064172,-0.4785764027261524,-0.48859512106017866,-0.5940136711196754,0.663766698181146,0.1476979055138282,-0.9441099144317627,1
-0.1742242098915929,0.5880153912612256,-0.6164813186714259,-0.7089942010214496,0.7632188181095884,-0.20726514532408874,0.10268448823828104,0.7000580861373885,-0.41242919094241154,0.49809230859414527,0.7144213262061055,-0.42218099378599727,-0.35203975796600445,-0.6983579936548767,-0.1528534992644604,-0.8851986644531751,-0.39910955869926534,1
0.11467573931274015,0.8803753099514072,0.5102607322274855,-0.7311375343220736,0.9556160026678432,1.130263437922273,0.15007939038621085,1.2084664536369232,1.309708601586012,-0.4489844041427298,-0.7075479379372948,0.00856511715398148,0.20946464295500586,0.21878204039358745,0.13044422832077635,0.4134108758474567,0.08072864691937386,1
0.2505389755008173,0.6946161652517049,0.2762471390569349,-0.7664444340668278,0.3835194452227928,0.5597281998845466,0.0009425690475434277,0.773369705129395,1.1130333398925092,-0.3015935428960982,-0.7909507056471287,0.4874767499278884,1.1270940600067398,0.341521792392693,0.43497599219065847,0.2641644325699237,0.16038672326657788,1
-0.6668878817094346,0.7082427217961916,0.22541667632995335,-0.11929119337328051,-0.04669703593817415,0.9312176948835686,-0.6185040678815881,0.09586708998319056,0.5196767357727305,-0.6489332110800147,-0.24139554925190157,0.19042847496816043,-0.2472508098000031,0.5653190376250695,0.28396400512688624,0.2616554535251574,0.6427654730972286,1
0.0229846911531895,-0.4982802874283383,0.4641269417606277,-0.27619341852312246,-0.5813003172388114,-0.17562653990787422,-0.9519567736839916,-0.9709311136208439,-0.6445829454874908,-0.24873801279218616,-0.17750578098190226,0.7034194062562112,0.24738292891440605,0.4101698628427427,0.24157373306859958,-0.04548981099527288,0.7377157744770096,1
-0.40281188993836176,-0.1387648829155965,0.0703712728848586,-0.21006677446138422,-0.2691425100211036,0.673759126610878,-0.20595273568007355,-0.04553010220231628,-0.23739316331751628,-0.5912718593311319,-0.003786225512115918,0.516277759821917,-0.11455199617103934,0.5967099345256403,0.5686041915311809,0.10992532050687295,0.6851943873588948,1
-0.7706870800339264,0.17279670602636202,-0.41004448419465905,0.8833976096532598,-0.6501316185876751,0.006372718360837021,0.6284052118801419,-0.17154115235958314,0.6643104135809138,0.28112997063299044,0.0247875068729038,-0.2747821766321365,-0.1879064733378679,-0.36395556940081664,-1.1749829394513003,-0.015954256996139317,-0.9049850703845875,1
-0.07148700880639237,-0.8069713950220386,-0.39688805852082787,1.17338734644931,-0.3101472152941792,-0.1570872869842726,1.1362402811002301,-0.13912358169674918,-0.3944420252905064,0.4167110223057208,-0.06477976188830875,-0.1092217345376034,-0.4653363494064087,-0.40101611486358457,-0.19116934503515573,-0.0009844860259039707,-0.201426047334524,1
-0.16688884318265707,1.1891514454609389,0.6918709728519997,-0.4749585910339735,0.3137687271072133,0.6334182134047536,-0.04223044865444287,0.5003719544068442,-0.25350520403512083,-0.3298081875070285,0.13252032817566584,0.26746912688177643,0.42377103313354353,0.36453102581111757,-0.07801247452798533,0.24530268343900877,0.08513720888837972,1
-0.39675548954715995,-0.6534062432446408,-0.2083069119155599,0.1975128333745258,-0.1861949747988419,-0.3724907555143674,0.3953404804831312,-0.27086698675007426,-0.07536144676992704,0.6268926669648651,0.018470686703264357,-0.26909069173206973,0.6828115518132787,-0.6169186649323136,-0.3224620032527097,-0.2996381852955807,-0.669180612369366,1
-0.628004551448191,-0.4619661279351506,-0.004363790187975132,-0.37587686841688134,-0.4664050830482061,0.1456040224449466,-0.08429515909619247,-0.1747146961134019,0.4183566228272886,-0.6543470954653279,-0.24570576021492682,1.0514720930165353,0.03866766762615192,0.3656258808008702,-0.27437981258262917,0.053977296964319486,0.6071777057688118,1
1.3394569135558456,-0.950384745734492,-0.13374879933009345,0.20801690663121294,1.0437351345595138,-1.2797871654532935,0.5536013483797777,0.024212664893432014,-2.2428810201940315,0.35303947110578016,0.6008678251068864,-0.5328442900545746,1.095188256443675,-0.6648710436922763,-0.03751961274970509,-0.7214174521935641,-0.7849239198778273,1
-0.3074468329766292,0.7854552311148787,0.6249689963559322,-0.3915802179812247,0.742443607813104,0.9327481048720021,-0.21750784262618986,0.5328553912772268,0.7838998152280483,-0.7021555950584244,-0.5837108815533973,0.2632633979805265,-0.43633970999230026,0.0372794052310061,0.35526021633321453,0.5116678865332871,0.14434459026126345,1
-0.3060131594652273,-1.1031842655066375,0.4149828913968242,-0.3982000467275754,-0.4277398589963278,0.3545574062562527,-0.23973622489145247,-0.25743600618777457,0.1396555866701285,-0.20276524012158867,0.09090040048513291,0.44780929365478056,-1.1097292192660064,0.2544933377125397,0.4016203380556118,-0.1310691296372236,0.9266138317956668,1
2.3078431351824613,-1.4894599027931474,0.31894844425905317,0.7338558523536031,-1.2097394182545034,-0.6209608358506389,-0.8201700522783709,-1.2958591730029776,-2.611450020470055,0.1435756828423805,0.16870946297971448,-0.2139125629361455,-1.2226691421893643,-0.9162043219289687,1.131464948578637,-0.08613302005660495,0.32883810720093465,0
-0.819145138678292,-0.5815003360225194,-0.6095861134117899,2.0747968908424324,-1.498386946396841,-0.4892071334207341,1.2999059623494342,-0.6802700970924311,-0.1554997096242517,0.3105400949941161,0.042916218696891294,-0.2745085662326225,-0.6954929323677581,-0.7999904869140811,-0.9908860461805268,0.18403538943746334,-0.6454704439401573,1
0.4754905644118062,0.23399664859438646,-0.7357971665994842,-1.129435864650755,0.5934105223476913,-0.3909140434850346,0.1287003420498397,0.33051804007949454,-1.4236832805368347,0.781856092467157,0.214866406625936,-0.9096259018262787,-0.035888001209355855,-0.5280775736020396,0.22475484081363922,-0.990985134238189,-0.34618730975016876,1
-0.9934636809122093,-1.2814794751242888,0.016784630668903084,0.6569870727701597,0.18358569284645868,1.0666916894221066,-0.4294589089484085,-0.6478293941918377,-0.14046126026504302,-0.7855618466056485,-0.3676162032528734,0.6137663550270053,-1.2508518430100346,0.2665196224134204,0.6516942252651996,0.43362253204719164,1.0282572167888406,1
1.4935771696822402,-0.012301182765228312,0.9103080475580144,-0.5884631723205201,-0.06381226018319526,0.17792180829240317,-1.3747790247676157,-1.0927540014247143,-1.6621222800652045,0.3062423953738157,-0.40181643112305765,0.9906120126074078,0.8817345211362969,0.7231519560852933,0.9707209358434546,0.14039698152138835,0.585101973251446,1
0.9503279498767813,0.2893414929507896,0.09943573979233954,-0.32959274667166893,0.7264631480571634,-0.7743309182365448,0.3896315382619076,0.7869327117852993,-0.7163302335092985,0.21910449584259256,0.8269472948502703,-0.2946436379783181,-0.3938155624750993,-0.21037778530142834,-1.3817945391177646,-0.7986414479251408,0.010306146821936356,1
-0.8847932725922547,1.889338914879706,0.06405307001770173,-1.3432106400328443,1.2323099460955727,0.44493768177472154,-0.06938064801838921,0.9164174562234574,0.02422042652041025,-0.3795543097550434,-0.5526521775963399,0.7406958856571585,2.1999710864140285,-0.07637918514855352,0.6498131911858108,0.20214284351405537,-0.11662855760069649,1
0.22713242803670605,0.35745741110345675,0.5177987417539465,0.8201761749517983,-0.15362887571326658,0.8691078439374,-0.5059297165942007,-0.5521519401725622,-0.7169012210202496,-0.584297668292562,-0.32012692395972514,0.32943319807877003,0.12120101091982122,0.7265231070182018,0.04928808977952431,0.6604443894856382,0.30346234431139246,1
0.045904362223998796,0.09574564782002531,0.39774792726976416,-0.05303600288159161,0.20281969417942225,0.557001517881514,-0.8032738513844255,-0.41889003665998065,-0.46921740191701294,-0.2882991815838301,-0.21363168332765103,0.2122693751017286,0.3078456690070576,0.7953492720503812,1.1612461979176423,0.10196766237485629,0.61258310463251,1
0.5061780707478571,0.2543774404714092,-0.8895616853096657,-0.9481529309042334,0.9406243060255834,-0.45539299116658805,0.010424057699088772,0.8480045135199948,-0.15092052494856995,0.3149185302878127,0.4019062995520308,-0.4949331597271461,0.4858203466123178,-0.5304267890846072,0.22071741558359725,-1.0257963973502076,-0.5840891794067943,1
-0.2897642087541889,-1.2654189795935566,0.2746779594314826,1.2094372891238394,0.33521679738588034,0.9470981057446237,-0.7027115721501023,-0.9431185368988688,1.15162733748587e-05,-0.6189094973000077,-0.8684410431762478,0.3796230196235122,-0.49100736827773817,0.40162827254153693,0.9807328647751945,0.6786966472778005,0.8146293062164305,1
-0.17800204010753204,1.1978918153433027,0.7794893321414471,-0.9362377322148009,0.08806601403094177,-0.25301600404678487,-0.713864202127155,-0.11386672017578604,-0.3840684046810189,-0.39296113453650194,-0.1634259247269663,0.7396895328265434,0.9309146167276301,0.01811025729746856,-0.5475828754518582,0.08731875051945479,0.17571503701338537,1
-0.34375073855473387,-0.21394543061916596,-1.202477675140011,0.08637909919090597,0.14760308681979287,0.016745717930736346,0.6027762769490281,0.23652674035784274,1.2356735330018913,0.6053261927185775,0.34833210958585864,-0.5000609763629736,-1.616749196171267,0.1998080370940838,1.6229995633433791,-0.9539058987667332,-0.9159134765775108,1
-0.4895113442215552,0.49497207178748914,0.21482842287395634,-0.286229588832984,-0.16763548511811258,0.3875213651747239,-0.604184409601985,-0.09792520239539501,-0.06565812322750444,-0.6171978957269773,-0.09938507041942436,0.4971951244175009,0.28639167243633123,0.25358063114578505,-0.19322129050298056,0.14186763922037515,0.48270261274043696,1
1.5223139942335366,-0.4957735384230344,-0.7320051593279957,-1.1605239921906882,1.6419966976523086,-1.0166693409707661,-0.11871727262636125,1.3810968647641744,-0.6396109299207219,0.30829999886452514,1.2763387191806872,-0.89120757612351,0.6132857422596619,-0.577518443189011,1.3648036710572908,-1.6637748017072598,-0.3647256837526789,1
-0.4750177615522069,0.2931932230404299,0.7597311155780725,-0.4813423188183962,0.4519446891848176,0.5710737596071327,-0.49180828618104644,-0.17865578610659338,-0.24794102369814333,-0.38082819053343314,-0.16533856768828042,0.4575801480623888,-0.3456526002065637,0.18876737129246737,-1.7295787968817375,0.24786670256498305,0.32410663997128847,1
-0.008102295954197172,-0.6904171936937581,0.11848992312204443,-0.30741571930663897,0.3809500083367129,0.22425880312732954,-0.9233577573831268,-0.9328199954008646,0.024415778105375784,-0.4197476446926854,-0.8619903918320796,0.8987256983101977,-0.2491715459879003,0.617854452215971,-0.656302825348445,0.07535329224274943,0.5064207985159483,1
-0.337033200898669,0.31365135576993564,0.49706301444988726,-0.5223284092528727,-0.023048046918880415,0.36873332460719427,-0.927316972772492,-0.09568878792050435,0.5937990863859914,-0.6266537741078413,-0.28637780696289616,0.281672679903025,-0.09364361795775786,0.5421725540343294,-0.4050125863452903,0.03244882506148395,0.7859850674439032,1
-0.921880070037077,-0.4689704110469464,-0.49976260470195416,-0.8883821941117718,1.1004770552903553,-0.6193501896611285,0.034174712336430456,0.012532328037066382,-0.09418433533150627,0.9038179996158591,1.0527896867110862,-0.08850395736324894,-1.1853286565623182,-0.8357930020460073,1.2646494637003125,-1.2883556934113671,-0.8761342619622755,0
0.019626413612056137,0.1760484877694472,-0.5854198353635863,1.282115305994953,-0.2560033576900321,-0.39852101304304577,1.1117307382260146,-0.058267234949132,-1.195417428255304,0.2379929704082586,-0.007530799187381852,-0.019465942412990184,0.3930243985713619,-0.613110153761615,0.6555993675216752,0.10205335177675233,-0.4593112456865451,1
-0.32306060097089817,-0.6575363288655307,-0.9751324421943359,0.15513499379421244,-0.41250105208455357,-0.605915920405087,0.582276389707009,-0.04546145566484179,0.17077202183936066,0.8825399012584222,0.30937407136808615,-1.0390597571132139,-1.1010445322379765,-0.5431044509646398,-0.5620161147383801,-0.9875417976235841,-0.37010018800232974,1
-0.27718884945361977,-0.24330409917397344,0.5816195850437201,-0.12073359474705428,0.3787873057891332,0.46339605500283804,-0.6184983037967189,-0.1392271032255936,0.9077198566442908,-0.46659908609131845,-0.569637639232557,0.2979093630330358,-0.14134026506751332,0.3499156562758129,-0.8401410384704704,0.22577070794267473,0.5073493102971147,1
-0.6837861527898881,0.14445993660767456,-0.2986233375569002,0.8652778173297831,-0.34404700839758906,-0.7377703136021229,0.8884018820153643,-0.5620293425068433,-0.9393654125315426,0.7867539650341555,0.09294988023784387,-0.3674017512930572,0.13057570962780082,-0.5109287448380937,0.25129019963077803,-0.24193288248018685,-0.6684555204677969,1
-0.18414490560430496,0.5598545793562415,-1.116405386755303,-0.012547707183663194,1.1475619116962654,-0.7265480828722103,0.3257403159071421,1.0080809653385945,-0.15543539916745103,0.6109675865175231,1.0580238606320227,-1.212097956123479,-0.8581738655463854,-0.8653395435498994,0.5663959126842513,-1.3501048602512933,-0.3455538062714825,1
0.8338547517020305,0.3525521616710132,0.8149196920078664,-0.2826787839900234,0.03591412237371863,0.13734804593076105,-0.2359039639735049,-0.2919232676557479,-1.0876412368373214,0.28342968763915766,-0.4417493168847892,0.748345412556528,1.539385843772509,0.23472149214181365,-0.6427359701517412,0.3706714739192858,0.17631044830317016,1
0.08431440841813023,-0.9605322948443802,-0.3322557200928756,0.03456156221301876,-1.0707005474267492,-0.588434538318159,0.3672733219645878,-0.030283665960079722,0.8715602088648499,0.15481993453253712,0.33646950612049764,-0.006839480119670271,-0.988964854812916,-0.4593218308417945,-0.44395614504909464,-0.5686788077644533,-0.21981728244943785,1
0.5401178040396765,-0.4897121313678165,-0.5031667369820138,-0.607371167520556,1.4534187624274568,-0.6194440957913073,0.43108953543146544,0.6056383989257047,-1.22475382465749,0.6954658572293931,0.8622247272656118,-0.12980760441816347,0.8907014216880532,-0.7217934367652569,0.7783529780487615,-0.9808338685191446,-0.8219839836850287,1
-0.00020565678586190636,0.729460746357025,0.5393214380564757,-0.8372869294057522,-0.017742739250358637,-0.04508925649689906,-0.5894535839953833,0.19942603898379427,1.3165782843058051,-0.9358007914816657,-0.9315034547321676,0.7742301189394216,0.3300951106765441,-0.04438682093871335,-0.3945736899678247,0.32957157209913757,0.17007312713062805,1
-0.8991304743253599,1.7539762234676401,-0.40048665555799684,-0.17138678599208962,-0.8045793752624577,0.038715814104706904,0.2466819078372274,1.3584726610263087,1.863615946064079,0.11393578082527324,0.9283946554122793,-0.26667534554712424,-1.2441448205357433,-0.8658968832278088,-0.0026254875353163443,-0.5369885090278941,0.03807638728056175,1
0.001371010306639823,-1.1362779065334982,-0.5270791013858629,0.848265910600869,-0.5341183293714727,-0.6129006718459891,0.7686341139192691,-0.5452185200948876,-0.9310393241964653,0.36875111462507604,0.0742040723563187,-0.7552612541322166,-0.7149362291856306,-0.5452344140641397,0.399201998683757,-0.37965064051743186,-0.4083838970537543,1
0.4798542299020044,-0.040890166783657395,1.2240822467956711,0.237354425913054,0.9291622539330802,0.6247827425423098,-0.05323852491482635,0.06574125795258266,-0.41986522158611467,-0.08037239171042573,-0.40569378815131585,-0.06028149154782105,0.6720589382436213,0.3563584004576829,0.4209183853384812,0.5438717151474471,0.14541897516328575,1
-0.09497751758124263,0.02172952027046107,-0.7351244431830257,-0.3634188326566034,0.44723573519948023,-0.1680348030996108,0.4831147563595706,0.9483534089692853,0.6845383994019301,0.6705424670299841,1.039032922164152,0.006989912053836585,0.21114582193045656,-0.5856896955394225,-0.5152485006803605,-0.9276484892255447,-0.8387540148571782,1
-0.7915337826183574,-0.9449293397447553,-0.1869341050575955,1.3460477644765818,0.33142813405587573,0.733837012464985,-0.9730308922877638,-1.4273585442586698,-0.6251884121303641,-0.7842073094535914,-0.6813964718787324,0.5433332360920868,0.3485770553470585,1.0411843067273119,0.20255312662630034,0.47163766571922155,0.7125027210961081,0
0.363565693575025,0.17406093504040687,0.8640620284860993,0.021711821633338735,0.3025359096717778,-0.14619032008315785,-0.2533584600903019,-0.04114708268323342,0.2308817641818182,-0.35190577429297004,-0.5935975540526005,-0.07036593157801611,0.945302165802317,-0.012117083077645049,-2.129729307253056,0.32457543096346264,-0.09890581177522967,1
0.1930154641216202,0.1546445178533686,-0.5286124582169164,0.5869048588523773,0.1558714553113581,-1.4476670079374774,0.73815045245917,-0.3647537513053301,-0.869583726294364,0.7676109363876665,0.5189861151275388,-0.6294500493631681,-0.07149326457854419,-0.48012842325465027,0.639861884843116,-0.8557937331627204,-1.2850009061448449,1
0.5463775426554124,0.12875402564555452,0.3733936478465171,-1.1372058679148136,0.0893100211319199,0.6054019018864328,-0.5918984612319569,-0.017779917385068428,-0.09302991517453872,0.03392348887064477,-0.2910717525559009,0.6548012967703457,-0.12008974815566184,0.7297452635923413,0.27663796876825314,-0.11618099123253812,0.5673680713999104,1
-0.916517195985804,-0.09467575731034561,-0.7905012867143452,0.6083671478232971,-0.7163776528463911,-0.2150761023694357,0.8441232092973688,-0.49975187609410493,-0.7628006626494456,0.8769317933397143,-0.11092294809079972,0.02655320934953258,-0.40231599546531693,-1.5022377272004057,-0.8903673107640147,-0.04400016515534779,-0.8578161974467203,1
0.59498665944954,-0.09198950954333972,0.3247510260935463,0.21741769327004917,-0.48823993461606907,-0.9752582114986463,0.31738518427802687,-0.026549491682283523,0.47309254583691895,-0.15834149743953146,0.51076927441148,-0.6198367030778907,-1.1300024744902502,0.11656557731569601,0.0448417212629031,-0.5798433244544141,-0.6471473150129812,1
0.23584117966101653,0.9571021915428093,-0.18905498380210076,-1.905418204088838,0.8790768900841208,-0.5675924632134791,-0.2195158316794369,1.7092142698301136,1.278593153884201,0.6330098310992848,1.5467462564066832,-0.21248933761064967,-0.6604459614610687,-0.6061595154038179,-0.37984827286531164,-1.5844909574955344,-0.28756893515004095,1
0.27438134927298635,-1.2056548854649833,0.0242580538830382,0.7993205947689659,-1.3758249463684742,-0.30650289279010834,1.2936492029250388,-0.35259124428526656,-0.18970485178685695,0.9079861100162541,0.17757920643751698,0.05195626696124759,-0.00046330543098244424,-0.14401377379491745,-0.8713382735913208,-0.0875676244417257,-0.39895265722084783,1
0.9170204978517816,-0.3867276335596551,0.362214723973505,1.8031455018758682,-2.1737155897704654,0.3221905457780336,1.2467569107340457,0.4118235566783254,0.9467993807831819,-0.27317092308578356,0.9612583248776846,-0.41563206136060826,-1.1174708295291007,1.0219313925612261,1.1458785030474454,0.15091549411748106,-0.054625166209829636,0
-0.9934060571422817,-0.4112539530801747,-1.0527993772072703,-0.5028002402644107,-0.006758396359129672,-0.12699210561863775,0.1317997601099358,0.2325297486589536,0.6368456316719036,0.8435104519680723,0.026321607736743698,-0.518329324690162,0.0187156121801165,-0.8490886668891325,-1.0552680815201958,-0.8210900470803436,-0.14741235242287015,1
-0.41416369198160674,1.3252061784459734,0.30853316852938417,-0.18193918618012905,0.4904633642004566,0.6567467204404327,0.14756691730453977,0.44224301314532,-0.1680758122040254,-0.6636126224855438,-0.5635697409286573,1.0489904041616354,1.45223150136441,-0.09064557594997573,-1.540387370663391,0.7436295295414892,-0.1905437657537903,1
-1.1793057757273517,0.4896412539940892,-0.7572126713450256,0.4067114199925339,0.08596661919444343,-0.5753785071303302,0.3211432052329543,-0.28970054835290154,0.9693237283658896,0.5339849255637124,0.22581213977721024,-0.555445428280307,0.27293779831315823,-0.2556315580177159,0.6230786107396746,-0.6383008368088937,-1.6242917614243237,1
0.33152331176737854,-0.3084245658592049,0.35071292797160897,0.5903410880995343,-0.6665198905411457,0.12062510865121906,-0.05117943441574485,-0.5615086124726908,-0.15213477462312036,-0.5449440816562839,-0.3296892612857029,0.4537063231233349,0.15033083218534746,0.6246946993856403,-0.08516277103291484,0.3528988004692579,0.09620773267250032,1
0.43713833020786186,1.1969947950720554,0.6366068083764201,0.761946787330177,-0.7458832112239145,-0.6449650625914743,0.5841477000634753,0.4512062219111957,-0.2970835261012721,-0.3013942745082686,0.7273903908197491,0.08597511266394764,0.5874580498690409,-0.42281416728974686,-0.20054109045564142,0.15484473612174063,-0.5853839928738745,1
1.148228156979221,-0.6522820827680303,-0.7497652847350005,-0.22744787211699244,0.5229611223044415,-0.475212336094614,0.3816141773919309,0.7513796508922029,-0.7424013419845414,0.05702629894553428,0.6564292616085136,-0.4217061949132958,-0.13411932849647604,-0.6963358635336365,0.9296520392941315,-0.8182687342338983,-0.41854875964005395,1
0.38714509027791744,-1.4178007217560793,-0.036826313824987314,-1.1398841700568496,-0.024302483933023988,-0.8740679824790921,0.12236306573364257,-0.08874308698754285,-1.427426122009384,1.1622867415352585,0.051059881446171004,-0.08280995931508531,1.631790674092199,-1.0817229431085473,-0.12710518409691557,-0.7454875741884338,0.33348408120520273,1
-0.2802011874966246,0.29312457297265293,-0.6745415895264396,-1.0501798188867655,0.36276056772802595,-0.897642496340082,-0.47566250082537376,0.674981811615494,0.9763056161269085,0.41081599152983717,0.8671967413530627,-0.7134572871985012,-0.18693554082510996,-1.2828160126599983,0.17625440880636942,-1.2960124530538677,-0.9085158745465403,1
-1.1222587419040955,0.9452274046879128,0.12151272319932156,-0.2874840524857109,-0.4794931264491259,0.35738806074725304,0.24677156028207828,0.36815258073812607,-0.1483586384981134,-0.8677732668500852,0.43426438985630555,0.5354215825609814,0.2694560292538972,0.3677491682777574,1.097433296934446,0.12263730836141905,0.21812527452614192,1
-2.0811826505590787,1.1835112119067246,-0.7523439107785346,1.6493994127433156,-1.2364369629445664,-0.3329374934591124,0.7271093550398458,-0.8225934391841829,0.20316787486950366,0.27308299011856246,-0.26927366941278585,-0.11569631871921889,0.9510605693566089,-0.8385888976918507,0.42285428505910577,0.3787542061565914,-1.3744803682327829,1
-0.09393133818994945,-1.3648586406928909,0.38568863230492395,0.18035887522773716,-0.2235710800916014,0.6404268117969407,-1.389352021530304,-1.4351558910394615,-0.4188676712076069,-0.6437585587662054,-0.46719691834039595,0.7166249356067854,-1.4614331631415844,0.6860334338973011,-0.5877053825078236,0.1959286328952662,1.0503058256636482,1
1.2012877378619646,-0.49284105811277035,-0.2015797411637079,1.148834830651617,-0.5112129991968118,-0.776814122038452,0.7893099384178305,0.42540681375329065,-0.8748055742029387,-0.09125529141737596,0.33416449638764806,-0.5541162469255854,1.0612181289516565,-0.6480921849339548,0.9296505616027665,-0.11500156618017149,-0.20057508384047829,1
0.62943427453104,0.18361382389065292,1.2687851877718408,-0.364181616974537,0.5064033148167343,0.986769916531315,-1.2243379011967261,0.035071527827673525,0.36270460478064587,-0.2084390364101992,-0.41646764817170495,-0.0001291895008461494,-0.6155619558759617,0.28646938076410194,-0.4662013809728721,0.37285810723290785,0.9575136250566891,1
0.980092623056369,-0.8973710234129333,-0.4970884933063654,0.3595572787658195,0.32921879433150075,-0.31859029612800654,0.7780531942086942,0.42295722384783335,-1.1258407428008335,0.5467349976665854,0.7277691072539756,-0.6616016178616745,0.5419106795297151,-0.44101791623741177,0.9552947507207049,-0.6232377620845239,-0.7382467828452592,1
0.29957963561236756,0.3964012464152808,0.7971401805991783,0.08140855808109226,-0.4658028164683157,0.15855624235914295,-0.622537738101662,-0.29751330025373496,0.25032901134504904,-0.5942895220128094,-0.2919947178139745,0.012637705340096606,-0.37683625466151377,0.5254410233461279,0.8311919566821258,0.24995082139401803,0.43538937825639734,1
1.55863898398954,0.3325989644679675,-0.9136809422669881,-0.15365995512924366,1.5585525441349997,-0.44951815564274283,0.6235198453113512,1.6140503812882336,-1.2737712509060508,0.6718038873601694,1.2952577860650232,-1.0322165536496932,0.605567433620185,-0.9180934252813865,-0.6850147080153921,-1.1584029994397258,-0.788510784284978,1
-0.7492820311393887,1.5809890377252929,0.14735151210665198,0.5324728223788429,-1.3910141220310237,0.35904238145018286,-0.40946524297210846,-0.29240513021283415,-0.034938139816832435,-1.1606320024142318,0.2458900480030511,0.6024781337949981,-0.04743641427572743,0.6634661510341736,-0.6032977741476416,0.43420377479686634,0.21235859301478005,1
-1.0695018215888916,0.7638639495818234,-0.83293691560601,0.06901131092849765,-0.04880874260310137,-0.9761996886131572,0.1388026427462542,-0.2929594087999273,-0.528021055488248,0.6601553527420865,0.17137925281879463,-1.1227762049056969,-0.11788574613213676,-0.7435319265301906,0.17635045477555128,-0.8486446631800885,-0.5550109934570686,1
-0.4383514268641012,-0.09157774677293595,0.6803347949984037,0.09891065207072518,0.12325749661804426,0.4942180619942209,0.6484046653495019,0.28823248386825284,0.11424649569046602,-0.42950777158976977,0.0932987168077276,0.15434410068662963,-0.8295789372762341,0.14281444171438537,0.7892189521994671,0.29775373215025597,-0.006600455210454118,1
-0.8715084411411517,1.1594437846508638,-0.9427593806380288,0.7211664562472293,-0.0012333156465227154,-0.6383465948876282,0.5018114277219811,0.6075419521505423,-0.020821424998858896,0.3190449952189316,0.6056580971276112,-0.3234592130386232,-0.736082495698156,-1.5356440387938914,0.9630283170618905,-0.503955310187119,-0.2587225481739702,1
0.33688996097011237,-0.745209692365487,0.973661805821246,0.5985222635357571,-0.1915942560899732,0.4197787297809694,-0.6564441432556789,-0.6748621520736254,0.9014327001429567,-0.8401754760993544,-0.9170965536091842,0.6166921637108521,-1.0984459290942494,0.2086508089217071,1.211733041612814,0.7167730405092679,0.5270209087688129,1
0.08728581364044882,0.9064884551765675,0.31910525844307314,0.5841996669448521,-1.1639710490193746,0.06230896240676083,-0.5042803631484467,-0.4233216179647377,-0.36584917349809276,-1.4567099930393845,-0.07415971277134015,0.5944883111732687,0.6961398341336746,0.8289114099502252,0.8966525949810839,0.518184533661363,0.22528266355118248,1
-1.1942178836870685,0.3324079778195459,-0.0388894315288132,-0.46998377173115313,-0.06765550992313092,0.4885711510906927,-0.769901879699046,-0.31061572880268734,0.619472978474191,-0.827458367531078,-0.5592723961959211,1.3848319118587251,0.003106028068903245,-0.011846983018212985,0.13915283874938622,0.31631519710261985,0.6378723968923478,1
0.02404662270866818,0.9918188158940873,-0.39450386096831463,-0.6682042512646292,-0.2666973756988325,-0.9494347707358759,0.1796334829043219,0.8778437499959036,1.0268143343858736,0.59083288760689,1.2263364768677856,-0.527471377452552,-1.155232910650032,-0.7446923403163812,0.43616005434718996,-1.2462433365340357,-0.7177753809191381,1
-1.2531109945608643,-0.782706384196435,-0.5845794846519096,-0.9725673605779638,-0.12376480921736228,-0.06294831054590956,0.26781967251079175,-0.5379226447202233,-0.22174029187896444,1.4794608049535507,0.060096361074603796,-0.03803750453071743,0.003041589509553786,-0.6161580376536522,1.2098161737359399,-0.7772516149576985,-0.5286974979744087,1
-0.7193416537709417,-0.16248849040583987,0.12246325392510327,1.487091606061364,-0.5315035204538389,0.8868484689754003,-0.34005189845354006,-0.7360654463079789,-0.1346697757413707,-1.4062049007445514,-0.5558765835505194,0.8684611257836033,-0.9511884558037244,0.23303855477992855,0.03855602648405376,0.9932166880111964,0.6726015503798488,1
-0.370016621842154,0.08931642332943464,-0.7745592912296895,0.8266017971453814,-0.4625230418861167,-0.4185628618346903,1.0021851206562016,-0.3920128181002094,-1.1225652642002368,0.8453927636060111,-0.18215913301827075,-0.4158013281504136,-0.025182219063862483,-0.5906962650424175,-0.2774796581338082,-0.20366573843400637,-0.4614794650287386,1
-1.3059474182948652,-0.001385167625211749,-0.0635992563797929,-0.2807521810065276,0.9385180124209519,1.040123549623449,-0.9114608388879375,-0.2857613776710465,0.9513366086838655,-0.7227500575678691,-0.8714811721285258,0.8449003299900973,-0.5024349836696173,0.12798958110824182,0.041767061426928105,0.35894243359567074,0.5240084140469908,1
-0.3637275750960769,0.6892079412249272,0.5601269520086972,-0.13002876831599453,0.046106039517635165,0.9798475085760788,-0.5690483490421538,0.2890854742298225,0.530181753789732,-0.7358880572366254,-0.3570201485942284,0.18269178332940192,-0.529886749578456,0.3200436675081026,-0.45675431706788067,0.443617004007279,0.8375870763349785,1
0.14789835546197294,0.6373291035359155,-0.9093921211543434,1.179794444758237,0.010990882292115858,-1.0227719915349334,0.6098344374045962,0.4654361261186306,-0.514315416516347,-0.058687606973192634,0.5774103217263808,-0.6839349648619766,0.04378137374402253,-1.077174192790409,1.0500285208286493,-0.500925089869252,-0.6197374177946079,1
0.6489352910920979,-0.30838038796926714,-0.7778135746717748,0.28301631719619846,0.18127808298279025,-0.5971118802970725,0.18592171192562704,1.4119459887630812,1.367734089174648,-0.18396326163314947,0.9365207878651406,-0.9004236355445575,0.10856499603239966,-0.7374331339269365,-0.7890992430608306,-0.9575042476169712,-0.2135637413648612,1
0.33023396042894443,1.3152153164583098,-0.10488328492632634,-1.4185545503344934,0.20110844919058998,0.14291937622032325,0.07157345193810914,1.6694521205062185,1.0184861346512013,0.42850795167695066,0.6785812645943887,-0.021529034623324117,0.5330825295497087,-0.47129151701896654,-0.12030376229286559,-0.6904910824835715,-0.032603214936642574,1
0.0965177418103471,0.22876214799200176,-0.6386254390459762,-1.3532017236096912,1.4332679977437237,-0.540840714294945,-0.07874183907947209,0.6328851985394273,-0.7620206753412865,0.7443972123231956,0.7740621708272415,-0.4493910183556775,0.29562748601559913,-0.5088897346268522,0.25831089838106996,-1.288685457957385,-0.6125496495417282,1
0.837120159180841,0.5186203224788094,-0.29796567271057345,-1.0781081053280768,0.5866370372544554,0.10510670049346957,0.4633664040968474,1.890853401620938,-0.6177122185735398,0.7699315317402862,1.04831483517474,-0.17070355903021764,0.320406121948537,-1.0886718501393158,0.7917852368169103,-0.8024748343613067,0.6540863099202404,1
0.03243162010896392,0.46414344228193144,0.34230125069534206,0.17768200229351644,-0.9699217456064291,-1.1448936717535543,0.11736777131893607,0.2555532380637562,1.119674885073414,-0.03149870241386801,0.8792465764569077,-0.2764097518126311,-0.39123564854774057,-0.7522170752113707,-0.42355159231894035,-0.5421416678857078,-0.8428006177399833,1
0.30962644439176734,-0.1788881352286456,0.5052556415354159,0.5462059957917667,-0.9902971293687498,0.09213211677316835,-1.0484593520466587,-0.802223043194749,-0.5580125917775559,-0.6399496355633486,0.20193792945019692,0.05858257982459187,0.7577558456832619,1.259669713971446,0.5831469545584459,0.03181350651839117,0.9059042102855962,1
-1.0569517464889455,-0.0743016696100674,-0.4713983485133603,0.8599007398335113,-1.1477549374206808,0.18081810259676784,-0.6127166184523323,-1.0313375202268937,-0.08116757359400453,-1.3403027839754698,-0.33274720358255716,0.8750098234332803,0.01846270718241528,0.8088856675888699,2.5421899684578055,0.33373516001742964,0.6505177898841047,1
1.3625616406133458,-0.6162629663256228,-0.28663022345728756,-1.170021310592056,0.19489377003446232,-0.3397741274134031,0.1736743245594236,1.4034695457271344,0.08339487941109701,0.6751515281056495,1.182232492453035,-0.5662947070925765,0.41500526980322255,-0.5927173119485555,-0.5505399175303141,-1.2022242367323694,-0.039464412000897425,1
-0.29953498659869865,0.412197065801538,0.7213519370062008,0.19880474663499265,-1.57412100339995,-0.3692822450006052,-0.6853812808903529,-0.49862784421875195,0.4760834022809352,-0.7334037448190688,0.20710551543470887,0.35490642541804585,-0.35487302003095866,0.2697862677020019,0.8214983444878726,0.0964122333306696,0.6542660445570446,1
-0.23747700872997218,-0.3295081280449147,-0.3305359256447448,-0.30010329735496677,-0.6630972209667203,-0.695576367909713,0.16576828019607984,0.41258337291311886,1.256938929492688,0.4352199125984095,0.5927750533218055,-0.7036638665403705,0.3007679996706032,-0.2778193288091516,-0.5315426385695423,-0.9081746554083385,-0.392561476352984,1
0.5875678316722851,-0.16395367262983385,0.7183786903875743,-0.1210233587919774,-0.23305671220533083,0.641575983713434,-0.8533589336122549,-0.8884025790525363,-0.6963196543257663,-0.048446690282544676,-0.5370171322131847,0.9002516276342182,-0.6939276358647135,0.21959980988881836,-0.09207445835754605,0.44858545553580736,0.4271233470651499,1
0.6808376982783624,-0.32728562914989967,-0.4800168413385042,0.00897775235780783,0.43468416567924145,-0.6181274351480014,0.4681991018122519,0.8490757898589592,-1.2068470593496465,0.24924380776075822,0.5533077367360296,-0.17042818607005203,1.0954371182187426,-1.1210631331985366,0.082484232555384,-0.5249590366964446,0.2179636647457372,1
0.2803837276669177,-0.4630481709458905,-0.3907053927468382,0.13942491940979868,0.21541155310538002,-0.27165755448998713,0.5266618914834502,0.6068164054689256,0.19443953758574886,0.34157617168764104,0.7893975511583012,-0.04574231449129057,0.035574434570326316,-0.6701062568307078,-0.017029201182822636,-0.5771512483027063,-0.6777071590660997,1
0.6967656925372296,-0.5349742732368507,-1.0730628572838974,0.27759667844774377,0.9238332385162319,-0.8076872845844945,0.668980017609532,0.3921219533332467,-0.8866550418335959,0.5821409398369537,0.5699000781450251,-0.8699386800000831,0.2674592012398234,-0.24765917213919136,-0.26361432365309156,-1.0743883569046186,-0.7234625448057215,1
-0.38272294384170996,0.22446091466918677,-0.6100783979140376,-1.217822617001045,-0.027280184793743265,-0.09840414043516121,-0.0045370360884288835,0.8608157730844636,1.1624768820843028,0.5288905264847453,0.8503652368426929,-0.01086491921279794,-1.0554792033959353,-0.7504582726639918,-0.7490118628888317,-1.046222090503265,-0.39003419042193543,1
-0.5920017951657774,0.39508107649369745,0.18814839816826484,-0.16926317297524604,-0.2697033053193005,0.4969510884205453,-0.49550727022159835,-0.22426168447065675,0.526169247297061,-0.6006577973134878,-0.4969004195698457,0.8963738070604416,-0.1535912045839355,0.09864947981981448,-0.3072445841553455,0.36416479996495005,0.39353206071152336,1
-0.7918627526837704,0.06765773494371885,-0.005744277330638023,-0.18640802224560887,0.6782029067864959,0.6778955842848162,-0.17706883411683633,-0.11549116317126269,-0.4743531711809248,-0.5137224767775497,-0.44181061156508467,0.6740096464211223,0.6474049436355522,0.36341804468689276,-0.6955487169871716,0.2834856143783325,0.40149589692405074,1
-0.33186110140515945,-0.2930110494468175,0.12286669569828408,0.07353413798134087,0.22830803032349528,-0.0680252368236383,-0.9914070242839049,-0.39112400931023167,1.5778703244797636,-0.7335092812349718,-1.0582593322606533,0.03678107736854444,0.7644446419125485,0.45912220790957375,0.34920533339488724,0.0889205885778038,0.3869138854525147,1
-1.0518822606230034,-1.18546939708563,-0.3378921937583107,-0.18104329383476161,0.24959024619142992,-0.5892073822673619,0.04604133973524213,-0.5295329260518545,0.45451779020861743,0.36736299528426586,0.7472398277766823,-0.1278189055903765,-1.0177278154606124,-0.3709422148216332,0.029721767482556984,-0.922205284983061,-0.9227066618313041,1
0.6417849249827715,-0.909542118617228,-0.5240826067647656,-0.855586974722296,0.532515203482605,-0.6865322761364478,0.18022818005902286,0.4922123191382364,-0.6857212198725312,0.6309182993252181,0.6567401915234647,-0.3182888874227705,0.27667305526393715,-1.0230827253080221,0.8942245132879147,-1.0171093971549854,-0.4525875328645173,1
0.4429390013021502,0.6875098138874405,0.8739295753799617,-0.42977219295877395,-0.5138136741934589,0.6221604690217336,-0.544160687337651,-0.1666027846098762,-0.923105147817134,-0.4106897080314026,0.09218156491354502,0.8475791068492419,-0.27672551626383457,0.2643701066806021,1.9682387372290293,0.4087560100847682,0.5440761430022574,1
-0.93847287264288,0.21224086002281384,-0.4923741587309533,-0.18962118549296092,-0.9867438208920901,0.26787675453910226,0.7110223664643586,0.1641889329609364,0.432440253746769,0.9579132720221918,-0.19422852190198187,0.15108848457096216,-0.9058495473963425,-0.9472201162796999,1.5004887740385142,-0.1391016566297882,0.18769761258560463,1
-0.2536630795361551,-0.5872346253861537,-0.5924590050892291,0.2287259681811419,-0.02194664889368707,-1.7808713094307198,0.17532515346411356,-0.29961906044520115,-0.7498259933868071,0.6367921298976184,0.39939538632636634,-0.8469586788196528,0.8615397627016679,-1.2734227758100554,-0.69242094037181,-0.9944896915634475,-0.5017758111103354,1
1.156231133391049,-0.22068318132155232,-0.6360130235877878,-0.23969061612618434,0.9377214405402409,-0.14159226018606383,0.33824286091824235,0.9892099596496968,-0.5724510516903799,0.30792121113931487,0.43856411343902807,-1.0422863405664224,0.07998135017697652,-0.19163946331676626,0.5248066417620231,-0.8356467595811214,-0.13695091490875208,1
-0.11058145870312965,0.21241474001308397,0.8390687364495523,-0.17248870412384143,1.2157645768639098,0.8948472457859077,-0.6939394900207501,0.10649720484357654,0.15748664288163053,-0.47813402354939427,-0.6122411563319615,0.00012918950084615495,0.48125871256625746,0.2531833785914913,-1.7626025335707587,0.467470145812997,0.2914973722332537,1
1.0546448168609832,0.8590085676681029,1.0807062220160097,0.18982331260977667,0.14157344660320287,0.6415540091705061,-0.0009425690475434399,0.10616022372524991,-0.5433422881854967,0.020267410611895503,-0.3128610744656881,0.21472106575523064,0.8155568456585096,0.529234959154409,1.7927022521209839,0.6113344467716125,-0.1758309679267804,1
-1.0907837054126523,0.10516297762196737,-0.08204616860814141,-0.13848127507770153,-0.598065600569216,-0.06922919371355532,-0.4385971350336046,-0.10950107344781207,1.7752636685255843,-0.9202598891918873,-0.5723866512772148,0.6240141715622964,0.2267781547855784,0.2632381344426357,1.5824790350082634,0.07817725649051135,0.41460866595181184,1
-0.4390605339859231,-1.0469892641639797,0.08396251298141323,1.1040726275737167,-0.4524229000157977,1.0250302809538545,-1.0821939278212802,-1.4088343824974274,-0.21606193040771174,-1.1224967943348616,-0.7063652713568165,1.2873329508486508,-1.3668904515065323,0.5384945783249165,0.8258356059938649,0.7787871129707398,0.9819290039870997,1
-1.3966101703771567,0.18299731725801632,-0.27845042466694336,0.2673652799994748,0.34202175450610783,1.2456563922633386,-0.12195977928893997,-0.07009281768377291,0.3960654559268059,-0.7696342820357844,-0.46674800433857583,0.8275366720897884,-0.24079211075922377,0.4265063382767385,-0.0017189115738606552,0.5043158049107388,0.4364280918001072,1
0.9237575736207498,0.3269175099396235,-0.8154155151125106,-0.1801990200068973,0.9821549733180627,-0.8870981822232711,0.06835669397280981,1.206692852360672,-1.0968391203780363,0.09620259178410702,0.8219330924451942,-1.1562785775901332,0.3384220924938337,-1.2195278864568615,1.5108817448448268,-1.0377915463987932,0.03735967062494143,1
-0.7349243761838063,0.16436890740004925,-0.03951097522363396,0.1624297185765606,-0.6706930644577197,0.6061538370137685,-0.6321533476844798,-0.9207930900526206,-0.4514767556413563,-0.6217516491120736,-0.24204489558654768,1.3516796110188494,-0.48569553761180245,0.6083195024758667,-0.24856212972942993,0.3531627676766351,0.5958962513920955,1
0.40663262386342297,1.2897915867464007,1.176686629871915,0.5990129388795428,-0.026355894956864773,0.8394830551377189,0.25369426598679323,0.4208450844983175,-0.9796231568390268,-0.5960724337579447,0.02991627999708345,0.1464251548525835,1.0001860661421298,0.2402570539248169,-0.6959951566530694,0.9439710920410317,-0.013080859049028984,1
-0.370353884256369,-0.9596081114864348,-0.09250813698471813,-0.12449782678520085,0.08059896230665606,0.4588593095953882,-0.3688124190867648,-0.6117395637936783,0.38706353922665887,-0.29769925845307094,-0.6973672151884885,0.9957313598723461,-0.38300541795526927,0.47463940273681027,-0.5001123694689683,0.11605015171865371,0.5809666308700967,1
1.0852859574845606,-1.327455727968568,0.1976011702293931,-1.066604135619049,0.5915075830663543,-0.6175571132421109,-0.0021342695286194037,0.3828277562664604,-0.27911687063923407,0.17453799094680503,0.7186691564745635,-0.32118606994463467,-0.4616943573464619,-0.080614679929306,-0.8100491866964027,-1.0090664469875372,-0.19512518466795192,1
-0.9976632482892887,0.820512376895773,-0.5535430829286216,0.6607459408354889,-0.3785290782962725,-0.5070678412327011,0.7572986892065571,-0.6927671463850688,-0.39020796422467,0.9206714325804772,-0.1543726479140273,-0.3953158432326261,-0.2580173860532384,-0.3975618829501121,-0.21129909252793813,-0.24948629136339848,-1.1873798299863405,1
-0.1261943110796287,-0.1767982964519272,0.8499469523842635,-0.26671723842223516,-0.12361156599862845,0.8856823747239885,-0.32924777240196823,-0.18801883079006904,0.14721425288256773,-0.27428368989340435,0.08648197740126498,0.6270360179820373,-1.692232738903081,0.29458160910378295,1.3801189577643578,0.2654438019888722,0.48119554173829937,1
-0.4037524873779175,0.7186810668348456,0.5847530331485394,-0.672811796916218,0.4603176944893654,0.28829298271811576,0.12105429370702281,0.723725771765976,0.10958492938688294,-0.39522905314434986,-0.10635397323413502,0.25894223935646926,1.0751284623138946,-0.03718861052648622,1.6766964196245466,0.178763151833999,0.2499040535691759,1
-0.45142386819313307,-0.2722438316777664,-0.8442215447886597,-0.08141852930810718,-0.18041760529379042,0.31826736199509686,0.682741834753243,0.23192874754657963,-0.36444050226453156,0.8735336380000452,-0.3999819510816942,-0.18027758066734462,0.039964879854161514,-0.8298744395806381,-0.06274446349182843,-0.20240438210927858,0.16105221106067508,1
0.7932342988519101,-0.07522127500939423,-0.2497271937127677,0.180565761416454,-0.7166098012666545,-0.19107178030274244,0.8298539853968966,0.7864104639511558,0.11909430551860448,0.5846902479871117,0.6406937962639567,-0.514001660313758,0.12464408303394907,-0.553046454568654,-0.2516004683227827,-0.44027696528002985,-0.4710799104995487,1
-1.0684494501069204,1.743607812021364,0.18553886292907434,-0.22921329448648667,-0.173372743526072,0.4692392750614052,0.12199079023520257,0.27528737389506686,-0.26205628817611704,-1.294874471950376,-0.026519057907766902,1.2664285179509205,0.2504688849401263,0.02814692585261393,-0.6102574101953819,0.619189248832078,-0.15206291069469263,1
-0.5608615876989501,-0.8253401368684151,-0.042234491524679556,0.3760348095630361,0.232222922216937,0.2339565840799863,-0.3196081989585916,-0.6273668797994572,0.39558795835607186,-0.5325976713774752,-0.7353734766642807,0.08536914797872308,0.4005538274704781,0.6646704114284153,-0.8597289856513394,0.13160165822243328,0.2529523766453329,1
-0.6092703451279191,0.6315216185416624,-0.3347747833975214,0.4637744292220625,0.05226192197236392,-0.9241514903080706,0.4110429907454283,0.5205301561641941,1.5778349407169967,0.11389214926949907,1.3491629036219,-0.03762277744597669,-0.5551765317951876,-0.2864754340812551,0.41745190799942683,-0.9112291269707933,-1.325245517059682,1
0.1372052657685095,0.6796091697294888,-0.177752750216855,0.5896601534610176,-0.48073113431437176,-0.592827602686591,0.4535861012421011,0.6245177584411478,0.7131562551539468,0.07111732091362426,0.6672140546030567,-0.8259819173138051,-0.35523903281065716,-0.4325401867752499,-0.4192553923645742,-0.49082419108067316,-0.5569914978974707,1
0.15423047974220772,-0.08432855248912748,0.7266015970606293,0.16336876041095497,-0.4996720632904256,0.5144477003534385,-0.25616770157906354,-0.2270427098115672,-0.09599638149623653,-0.432303288275728,-0.21544355917740046,0.5282170362479306,-0.14607991152719701,0.4201416090027288,0.3579443735403936,0.4286067042814073,0.6339367442389024,1
0.035419939049706285,-0.13151163745849803,-0.40032887291373576,-0.4059153171368711,-0.6250584840171229,-0.5760334795508083,0.16554834076477606,0.6286099405565082,0.1705513159187815,0.3788679516043463,0.403215322059147,-0.44322837979266877,-0.015086827914198825,-1.0827580730400876,-0.044901373853625096,-0.6587334483481533,0.3320224558695001,1
-0.2184702278113484,-0.06056054776539188,-0.5689580233956002,-0.3012059433893701,-0.9282981643712708,0.01761487589345609,0.3502710922355998,0.8695896604574381,0.523699014075942,0.49437069194523003,0.4311629016123287,-0.7313631421208995,-0.7988609780039919,-0.7726385365201549,-1.0563762648547674,-0.6400157525121055,0.7872233386930325,1
0.09682183751732001,-1.0991423771288655,0.7303802986451752,0.7612415694170033,0.25676235824361643,0.9538838869760711,-0.5667442371209694,-0.546483729852663,0.0999410157516848,-0.44741968928595255,-0.40807377974182973,-0.1870467479541968,-1.2808043818123722,0.5314065188275475,0.651171369270453,0.4239123581794896,0.7871402958065034,1
0.8225524776097959,-0.49638628763206044,-0.26314646824494253,-1.4288854802851485,0.33669434088628253,-0.08526923958655264,0.23354050000982154,1.229839192763285,-0.24641096539294083,0.9638054644725951,0.9020690211120822,-0.3530580584736388,0.7294933207945938,-0.5178710362232742,-0.7164613223366875,-1.0762876999322608,0.19081209817770378,1
-0.09900660216137967,-0.5647425038440668,-0.4972637493904612,0.46051193289966724,-0.1150270554792546,-0.17171179444831547,0.4804099057905481,0.3561297912801372,0.30284903733076257,0.23756468603345304,0.5361588779048915,-0.6573489596707859,0.1238754951895999,-0.19708477756553472,-0.393805317549117,-0.5473406620548723,-0.3800698746090961,1
0.28632649899487067,0.7207709707472407,-0.6525352544616864,1.067903444495487,-0.6165029120133223,-0.041556411776933935,0.9832075988982643,0.8892611522379226,-0.05291683450594601,0.05733663051933143,0.540966096514123,-0.3784262729572669,-0.308990838202583,-0.80647273401248,0.023010993992303424,-0.08574954877439894,-0.3142157018827842,1
-0.6604260426449864,1.010019243440217,0.3371541313190771,-0.769748935605477,0.5994676927828576,0.8436596134048687,-0.41121396689009404,0.22334619141716427,0.25456364322937164,-0.5955974352743082,-0.4821004411164727,0.8738654499356174,0.07317844152088672,0.216578226847035,0.8434684242163389,0.37461699348075234,0.21192071261045292,1
-0.8477760443864764,0.28935945583354694,0.1189962252952404,-0.32887201726448384,0.4416618427885618,0.4768027798701643,-0.6518263315488098,-0.0021371581977384104,1.0972311977305789,-0.3461981957647909,-0.479533801782325,0.12534001940257763,0.4096971328904672,0.5782214992305865,-1.3800367351058875,-0.027792642658314225,0.41534488397010083,1
1.4457423123266402,-0.20855191152429933,-0.0028767492889315432,-0.3469145987771846,0.9626553434134844,-1.1044269038942438,0.19064954855944777,1.1994700817706219,0.14457500034817247,-0.07956956079265055,1.1838878326975064,-0.4849945105015044,0.5845019544277517,-0.13542774400608174,1.233410108357099,-1.112368894213496,-0.4235472186602008,1
-0.826841438793908,1.1148805595400686,0.5838759375062154,0.5255637441075173,-0.23002173174966323,0.8299646786409698,0.288682876359713,0.25359359038452794,0.22270299002621738,-1.1720414920457716,-0.17715249699373029,0.7171226535211015,-0.2597906356877095,0.22106857105926117,-0.3259184559237617,0.8735345927952676,0.07317956099587103,1
-0.1608404515615957,-0.3678268378552935,0.7484550090450788,0.4463406813697216,0.13972108680663886,0.5972317822778541,-0.40930740896423173,-0.8375538314238568,-1.2335057471344277,-0.2933720327675006,-0.07575345848885509,0.5895615839281417,-0.4292970680164995,0.4114871871329088,0.08525926739290057,0.44434934834313167,0.4391550131601734,1
-0.08622424211668892,1.0818615048481202,0.7269250164215727,-0.03408408088851757,0.10156691692602908,0.6962846486858134,-0.7540652767099525,-0.01096694836503175,0.5449803517058068,-0.17283814795178798,-0.41599317186739876,0.011392787241896187,0.2812894695295208,0.43226336789158454,0.8330832132224373,0.3606546905797099,0.2766265599262106,1
0.45660779274679425,0.28744043771521555,-1.0684360685365817,-0.6933465292542461,1.0495728462340501,-0.26808296516881885,-0.019349414815038532,1.4161572898003598,0.03248858252720762,0.3698160167077449,0.9324255145760979,-0.8914294200335398,0.3607979450441083,-0.8178166978449707,-0.9945411386663315,-1.2118730133510258,-0.2550857286545543,1
1.0036996700014627,-0.08485750382290407,-0.7758235395996692,-1.8716602231282986,1.7297414354683154,-0.04602455886019552,-0.05335962494422774,1.8567621746713474,-0.537264612984126,0.7682031054264166,1.0692410087369049,-0.8248742469578526,0.023687137334955317,-0.5361774187852938,0.5118213534486628,-1.5751882924951175,0.49239529447649194,1
0.926604114986454,0.1075901015771533,1.260707983176528,1.108242083686729,-0.5637876806315019,0.06346680360100278,0.015855840033658905,-0.6676979429125242,-1.0733210232846238,-0.5592549901863236,-0.17955133616681024,0.12498133164323992,0.6052939624214555,0.5494908157027045,0.20378465442895985,0.7802240552489479,-0.20365278362722136,1
-0.520515136060144,0.9346443396961486,-0.38797530346781745,0.9481355294514565,-0.719103586470894,-0.5771513846836596,0.8843027952032705,0.08149176266598634,-0.6510440210191106,0.5838729992228004,0.5992531310760005,-0.2869083538562905,-0.8412476559918792,-1.2855589690274325,-0.32349866617278594,-0.1919062723135162,-0.6531832914276908,1
0.27046967838333275,-0.16465316651308493,0.7477800636782077,0.0847628478838083,-0.025468799532266894,-0.028042367199352547,-0.5003711588585268,-0.425843147262891,1.3824731604535327,-0.9360311025223992,-1.2330773949674094,0.8863060725483892,0.03667074138588583,0.05539850273387825,-0.8473686819392482,0.6559871479951251,-0.07892315444378249,1
0.05069983413329885,0.8825953178600553,0.7252148230086514,-1.6674886856919737,1.0934629174259465,0.7253254348198399,-0.4125468225055371,0.9405364227485834,0.8637612031830811,-0.03815698594883953,-0.5573019061307226,0.14101942315190313,0.40485551566340133,0.0325054125434562,-0.3139917860291498,0.015519810260803023,0.2716971377191847,1
-0.6259439965034882,-0.018650582964563,0.0039816327155683,0.14180512316534113,-0.5454564707389965,0.4818356026434952,-1.2215782790245495,-0.9339473167230747,-0.5220918143025923,-0.7568723375000239,-0.0005376631987198897,0.5301231677423197,-0.06128607817937235,0.924930203136415,-0.22388319155236397,0.0348456085700004,0.8902780413306123,1
0.08147148082374644,-0.15967087156407603,-1.0919337987894346,0.6193348211424288,-0.22218150904969167,-0.7757637208529895,0.7282617981003422,0.09558961523957958,-0.5647771822320569,0.6958806653874642,0.09212535481612516,-1.0511024320021345,0.3375117560921579,-0.8053078594898937,0.13534941036768955,-0.674898062346843,-0.6194440825561262,1
-0.999023337153019,0.3701254466608387,-0.5586513041151238,0.9650346198335343,-0.5858928469015491,-0.800626235638733,0.72541399971495,-0.281722904536435,0.07761139107011232,0.37206748367095444,0.5844178968150012,-0.7528507640054478,-2.0673348765477964,-0.6960693201527176,-0.6400591008687143,-0.5949447354494244,-0.5872431753522219,1
-0.32513309892819353,0.5401827199851641,-0.07036698938015665,0.5165426205699701,-0.69305386748421,-0.7790088978752752,0.2652904925508285,0.25352390660906554,0.9108063084915629,0.0008281853427781423,0.6911212273050703,-0.35817510555533716,0.08161384996387243,-0.5895562760128186,0.4903355852113054,-0.41926148069932123,-0.8620782358367346,1
0.7394285879122111,0.47441204499324086,1.4653142145653748,0.7722118569422239,-0.8765788190559229,0.4806056224596581,-0.18960062792717408,-0.4387419088614199,-0.6056038532355782,-0.7860101534951031,0.026222745048022945,0.7105791011988806,-0.9234524802160223,0.2871194657036497,-1.0499138801659869,0.9100031561467844,0.24630266704992748,1
-0.20141065057651575,0.4423129483663286,-0.10633170321321325,0.6726436550595942,-0.43850855869522753,-0.6056884005466122,0.6478237085689987,0.00034464497828460113,-0.8229636603916958,0.183238972985569,0.35184333591319367,-0.3462143070188373,-1.1064195830190933,-0.9753865947460986,0.7510133713842543,-0.17254480901458547,-0.18223056025370168,1
0.17474996997211076,0.3366043835042403,0.21288597971686882,-0.48734711372241857,-0.40510952781023185,-0.3005336658376856,-0.6915166753922696,-0.24782951000475317,0.5279290811757775,-0.08734492098350193,-0.5315946091164369,0.10713360771866376,1.2694116808776243,0.5832168329632066,-0.5141059953106603,-0.18292963740099738,0.3746885503944958,1
-0.01646243745843673,1.121885280681865,-0.16081810836269111,0.6073729491383932,-0.47877026564481445,-0.2063399796547676,0.5881789466906102,1.0098314427544957,0.5811108819297393,0.08679565341144688,0.6874989065700295,0.21955950190690315,2.165407831112348,-0.7498271362648851,0.48731663027040967,0.022479301793266567,-0.8428686432568235,1
1.2385502768606989,0.4366944969383334,-0.5651026636357583,1.2225188827593443,0.822765171953349,-0.6053236646257256,0.8702453166318203,1.195066398852312,0.2870410027914279,-0.3798913279284025,1.1374653974956286,-0.6540225884603724,-0.5371041436841899,-0.07194704616270896,0.7729087005890171,-0.649124979924286,-1.0186017844683715,1
-0.21894896829735258,-0.07967900236284002,0.19652783017020367,-0.5696443131396515,0.8021245278770354,1.2401456017559227,-0.7833308824804058,-0.23142132031422752,-0.9869046574532776,-0.03467307828971764,-0.23641516981753524,0.21595543958388302,-0.26475830182389404,0.5065531819007405,0.8800374481701093,0.08844148706104242,0.7535438462123795,1
-1.005755854927311,0.09029130276009786,-0.06755369735345734,0.5915706864762432,-0.11302811139767094,-0.34566959856571944,0.6292185840343937,-0.6465992083986826,-0.08589007944489083,0.4574571288039272,0.25518594772716513,0.050882456850452326,-0.40108691556674153,-0.1916088957527701,-0.43926701961148207,-0.1791642595299311,-1.2071151686283652,1
-0.37511296664855376,-0.17836382254034236,0.4112807150677362,0.8990032435870557,-0.9292265656717712,0.2281065798197048,-0.9744290755327293,-1.1740223148802416,-0.607942721810351,-0.6620672771382039,0.1483136059683751,0.23957653155065253,-0.24788038123311068,0.8478191611153505,-0.3935174443554876,0.2094397622219514,0.6552543982102522,1
0.10264562951634565,0.7501091071063579,0.4439512698823943,0.3878651955276223,0.2832162827304101,0.38050421106884624,-0.5856982559521536,0.06329888046714417,1.251159717290365,-0.8253148821431318,-1.1983829389962204,0.26759333068908325,1.2613343481374484,0.11099556256747745,0.9237941498153924,0.7286393733261218,-0.06938736996011557,1
-0.059673188248528394,0.9910067683179781,0.6309591016578371,-0.8278803502378059,0.5773441920370199,0.6059016732211926,-1.1497617615369105,-0.27020823607920996,0.6327344312642488,-0.7226115103529726,-0.9169483449524526,0.9208082448895621,-0.7066280676072516,-0.003708347565440995,-1.1383529853186585,0.45308644028177186,0.07585375853596905,1
-0.975298892465989,-0.14542058355472795,-0.5317913195705037,-0.8443656443707274,0.4281095238073646,0.5143420675938748,0.10886327135781024,0.6279756914098987,2.064202909293866,0.4970737128454258,0.5877146509185166,0.02972351079598811,-0.5694737151334545,0.613750122327732,-0.8458178862620874,-0.909961070455613,-0.460061874248195,1
0.06651032664715512,1.453464731977178,0.6952585847824657,-0.4386484431423334,-0.2575898246545209,-0.09985851479592224,-0.2546444638689304,0.46795471962572,0.9353620535658667,-0.6715552198503256,-0.4977864719613985,0.3587247303272071,1.2127010604368398,0.0948999992409446,-0.04354399314477342,0.3571307418899515,-0.08186201679592194,1
1.3209434619755205,-1.824216266811128,1.082517745597914,2.1731070015680665,-1.9249151558239468,0.5380660122709524,0.9444955708492696,-0.01617830979683989,0.15733565414274486,-0.5824208847467995,0.4557631812498114,-0.07175041149059055,-0.07459296297617155,0.7499020032720676,0.9621799565166597,0.7858816975403908,0.5979941726968923,0
-0.6858331553343711,-0.8423764216803344,-0.1898157420408322,-0.07381304010262273,-0.19668502772101804,-0.9941639486665713,0.075303705286197,-0.5121659786778056,-0.450485457250233,0.5124692452681527,0.7022142547416221,-0.021544700590302508,1.220448376286142,-0.918888030534655,0.6846699577464784,-0.6603561137844532,-1.1030400720392446,1
0.6305715665685855,0.3431461547173646,0.6052003176937967,-0.4596712410959128,0.8517899952099662,0.3455387892350059,-0.846120518014916,-0.13061231111891458,-0.06440170407857397,-0.04749980677948313,-0.9284185940443944,0.44992362540519765,1.7644100307574395,0.3984418004459008,-0.720175671833373,0.30417289677484965,0.2585729133715906,1
1.4330754631552587,-0.34883985496823305,-1.0193132004728347,-1.1034516796864116,1.4980172694003147,-0.4067693394635977,0.22282150709245427,1.4673013403465112,-0.6352501695014082,0.9354855311135726,0.8062390673577385,-1.212426263880535,1.1126890696297866,-0.5753263206254653,-1.069836797911163,-1.460251782677635,-0.4596722357012351,1
-0.3895028517508204,-0.9151203033276797,-1.1825297158939096,-1.2821090453241955,1.058744109912275,-1.4093755401302572,-0.4398683322714259,-0.11373806988394942,0.36977143799024675,0.9438608467158692,0.5752362658539687,-1.7056277821186054,-1.746483627669826,-0.47354181861107186,0.37114796463762817,-2.140548881118457,-0.5383547775962212,1
0.4801962042197961,1.873389442128997,0.7984530700375818,-1.7436877942378703,0.7743045867078924,0.056298942708114676,-0.9449664371010262,0.5748343609864895,1.3017287839959608,0.11784829767048996,-0.9711800649269675,0.21302919723863045,1.4156432027117807,0.13738795634155754,0.4370171020366439,-0.016201001017060745,-0.2247357308984851,0
0.7419281272030458,-0.923618506738565,0.9034661073201418,0.41825898267753814,-0.49304985431360765,0.4535879632892442,-1.2068014323592822,-0.9278985170537759,0.16093268465167995,-0.5570767379512754,-0.5838200946918861,0.09950751552586581,-0.9603026241450638,0.5506439754271002,-0.39465041356812447,0.3688013607638742,0.9070697456664186,1
-0.12386484372215428,-0.0800813975132395,0.4890692883005808,-0.9590345810485553,1.2286803183262707,0.8596217605387316,-0.2237835666252115,0.374949870057838,0.746189689232363,0.06164926168700603,-0.9193623792939907,0.5643243884437795,-0.3353235303600245,-0.05933314492094996,-0.48883221773786006,0.22739392119707832,0.42709713079846157,1
0.24500205796853336,-0.13792191060602077,-0.2728588834146736,-0.700924017869818,0.7723285152528824,-0.5134451498954028,0.03246507387323658,0.7285774592450783,-0.04208365724735262,0.40721083794679297,0.8444189352907526,-0.24490141849609465,0.6083460257669978,-0.6812172394126143,-0.6770044412746958,-0.9039384119172066,-0.5875177342237888,1
-1.5598066468531628,0.9677656780311304,0.12421246430569555,0.1813761507154833,-0.48236798744340914,-0.9363612839613777,0.41155078359074787,-0.5262877898983171,0.744696340913316,0.757906307715551,0.5605919685697293,0.5397858255448349,0.06311827618216488,-0.6969045675150392,-0.3324546116290583,-0.3714548291508777,-1.431651540357632,1
1.4777394908001404,-0.8157861958373787,0.1646490925151253,1.372854967893409,-1.5583035517170798,0.20117982895092007,0.6414456582284189,0.1418858829146053,-0.03872465550299453,-0.7876562040878576,0.9921130520367606,0.08600855779314144,-2.099924666023579,0.6996307275321862,0.2451649850005065,0.010380414595131159,0.14130607796294695,0
-1.1009578515024718,-0.3135818761596583,-0.14433139090641847,-0.026789157908247378,0.5008818291335824,0.7375344941716778,-0.4058514139663407,-0.1952484083247908,0.5130924734842596,-0.763884109471527,-0.6067741572272796,0.8610198297732815,-0.2705685093872893,0.15460955426627537,0.5203300113629464,0.3074138213641325,0.6131267761236422,1
-0.4277907489002771,-0.3076502098246587,0.1911128201671683,0.08771903977945579,-0.7003060140062761,0.28109260143278125,-0.46296089445796246,-0.7689440666645209,-0.4017352101534967,-0.3623282664205642,-0.0994397543604121,0.7833466095896977,-0.3229203872728268,0.48512118585170927,-0.7471297359107275,0.13418061300466516,0.5995438578551484,1
-1.2356903809264281,0.04550899851396172,0.3181636827225268,0.00742937045103018,1.0490486825928864,1.1444147008455257,-0.7569006561136249,-0.4509401905400066,-0.4648176967383784,-0.1560702787630963,-0.01977765054318866,0.47113352490043653,-0.7074520072656104,0.46558497651044595,1.7859975645841775,0.16464583683875098,0.6792372796721019,1
-1.1658320467463459,0.6799600350065301,-0.5989233358552934,-0.1862271027033139,-1.1054272988628073,0.12697804312261352,0.19011648473696804,0.3036750478815615,1.222893254917577,0.09948670572577958,0.15866090354119283,0.07858157904651085,-1.0057627466387338,-1.0001110089305347,0.020915625739459782,-0.21506521394740893,-0.32097665131379566,1
0.42401352439227347,0.11705121450949486,0.8254931272075008,-1.4132803836928554,0.15952442198200725,0.21159905251624364,-1.4250901350912357,-0.3143326090070847,1.041601236257375,-0.02335688532246278,-0.8077517843881216,0.734449979537982,-0.4427704040761425,0.2451980515395377,-0.12840502640151477,-0.08025352339897163,0.7674266881072098,1
-0.9877406182769931,1.2556381874747782,0.5025213031175007,0.42569199545115455,-1.3777762932222755,0.4624565678968584,-0.3693334358593803,-0.06519925408251323,-0.09348948543061159,-1.3884797830995608,0.5106113292235577,0.6773628130964432,-0.7692062350851347,0.16971158970814143,-0.8269188723840402,0.5324242291814956,0.6068794064157182,1
0.8054545150766943,-0.6469768308433844,0.7492513346568698,-0.2603971815868333,-0.4965351815077473,0.07825944344232569,-0.9332219493227178,-0.5929426435662815,0.3303907010029815,-0.4540564307488297,-0.512909903417854,0.732978100357571,-0.4207163134577711,0.4343868306391753,-0.0005529564267574022,0.16675478518622655,0.7680447288353479,1
1.4208300360822426,-0.46860843650023865,1.7140449561976032,-0.07081488763489453,0.7871908994136032,0.5770282999736908,-0.5291182565710588,-0.4512096858504971,-1.0849565748030379,-0.30449926149823725,-0.6318608016358169,0.5668684211911369,-0.3587588264980092,-0.09143934734787107,-0.44530397091483237,0.8126164369989893,0.11815902475170019,1
0.1743023418084837,0.5172272461984312,-0.1764194989040494,0.2669470044518021,-0.3026929657046457,-0.5797148680254056,0.5889178036573456,0.7652471153120333,-0.060257701738246044,0.6051901689240591,0.8110542055164671,-0.12231508363002644,1.0809490407829692,-1.023039865803439,0.5537559256759443,-0.4184019275264535,-0.5400342701316643,1
-0.4232472895911921,-0.25644087964532686,-0.9783459396848018,0.2636509115292549,-0.40843475912677396,-0.4005053905643955,0.6056590529939624,-0.19016061608958623,-0.5632492191598576,0.798417703910782,-0.07561656914468583,-0.7449373918237605,-0.2664432951303878,-0.9387885365482012,-0.6619360038105765,-0.522259541738807,-0.5260605979221975,1
-1.565918971350398,-1.1865839239063145,-0.9600981027907765,1.1020909114443314,-0.9296086118825545,0.19580830729407195,1.106301705692774,-1.6715272540563548,-1.1740233394952568,1.094478304576304,-0.8553860017734525,-0.23371694316057418,-1.2786326518667674,-0.8213081261013858,-0.07464183796624936,0.19118772662891678,-0.8821294974919351,1
-0.4501090735594003,0.00048696152656878597,-0.8078768941450363,0.9477954432322622,-0.9865381680605654,-0.14284709687612773,1.1246219433978872,-0.20870418504251656,0.20616074276378407,1.1242578889461143,-0.0918953809848258,-0.4415758322072502,0.4849870692819539,-0.672730522839709,0.6083725389100545,-0.14090186930255855,-1.1958761720830493,1
0.33776474340341395,0.08406351190843779,0.13844990079271122,-0.3852095265856943,-0.3219313158398607,0.18401914696075589,-0.5383895082442635,-0.2243234379403369,0.09868776320670912,-0.3492095552463534,-0.44571201664743587,0.6270340525464162,0.9020779726658249,0.650068396024549,0.961879700877123,0.0599193533690695,0.3857233933363556,1
0.004189758495035677,-0.8900295480417152,0.6016435051463669,0.14751424189088377,-0.4651583820666425,0.926907946515119,-0.935862195357396,-0.940408703224595,-0.2984987127631566,-0.8069917037822332,-0.23202750874412115,1.2076733441674221,-1.8746420943244455,0.45856885667206765,0.9980882514225118,0.47807038272931573,0.995933529074667,1
-0.46033640092833455,0.853542736827146,-0.608410160382452,-0.2785790835573715,-0.18396402553945948,-0.281937540272463,0.31520410284579176,0.44134080075970644,0.8245950431564968,0.6426644358435862,0.4621454783954726,-0.39531817335322894,-0.3282220167259734,-0.5454483263224257,1.2279315504273471,-0.6973954895897757,-0.940349302806272,1
-1.2134379960168475,0.9157219359826708,-0.8649872562827854,1.1412905288347703,-1.2649006294597185,-0.8022956646958229,0.849083604787911,-0.7645689715500494,-0.5680412319314838,0.6653347682352505,-0.6155906505253237,-0.5950324335639005,-0.3788838281266493,-0.8979680669076903,1.5429729354997024,-0.02607933030048487,-0.3478532476096946,1
-0.3626680097166818,0.4079639714137953,0.31054254396171865,-0.9467083817200805,0.8343805115257588,0.6430140507645493,-0.27353264255701654,0.37076040720948694,0.33185100827367164,-0.023010121508104497,-0.4289857707143994,0.4122962035568207,0.6471614899028458,0.21706024743590122,-0.4118749839421681,0.039643315546976095,0.2099589286107302,1
0.1376304172070168,-0.18661355205488642,0.8249444127317916,-0.5477078969684867,0.9936541645193848,0.5859486170795498,-0.24383621504217395,0.30478039540744684,0.5889024634885047,-0.24277535547037032,-0.6484578144581962,0.17258394078746486,0.21047816502958858,0.10516410965037408,0.4115354650301929,0.2857355520235685,0.19358931714640984,1
0.3054186414531305,0.20614224714172974,0.5547032049981204,-0.8643504219238197,1.727567415683642,0.9000303600518185,-0.20523165390373463,0.6810365356333828,0.364831754940301,0.2669398009125338,-0.8205646908040451,-0.15987229928619692,1.1505069969391457,0.3786702160746006,0.5549076391194293,0.1253851046565738,0.20581190652055553,1
1.3377669233684615,-0.669046876561807,-0.8540200492403435,0.7216156157474785,0.1585697480219065,-0.1247826401089041,0.9918646139188292,1.2688819106088152,-0.46844639850354536,0.4539048473629867,0.5223729931341278,-0.7355250469272685,0.17741544601351997,-0.9561547760051802,0.16780144706256905,-0.49699468875034636,0.12355467441938432,1
-0.785657584251281,-0.7045726295116804,-0.07339541698084359,1.0060218045017681,-1.3663993329676656,0.17832895676005622,-0.3445960968999036,-0.9676026569285202,0.31340684429235266,-0.9545732549008863,-0.19044787446507835,0.6745762153916796,-0.9038519775310059,0.6184384847589254,0.881273375873284,0.29601571440385377,0.8103104892917772,1
0.7529292534222061,-0.44958386872062445,-0.7435773476113998,-1.0094958376116734,0.5464668464199067,0.05164330815266762,0.39142343742793057,1.0938688617039778,0.3584086532849717,0.9004531803283053,0.40642480167257644,-0.4639579822556795,0.6228213910033188,-0.11168027303652432,0.002303260585063365,-1.0170645498446111,-0.1433178759285042,1
-0.091097280353467,0.09426828025533214,1.027314015881074,0.8087339692016569,0.5297944703929078,1.0924405100767458,-0.12917181353003085,0.027366146931199303,0.031518165776535864,-0.7258955548260201,-0.5049935796009795,0.052330307556565696,-0.5521078176976368,0.148126962929665,-1.3218318932802862,0.9110261442788674,0.41202418182677014,1
-0.3106247569655884,-0.07208844140408918,-0.33448632318700555,0.7515072072698864,-0.6764775163681974,-0.8218065002120102,0.35055604754213665,0.10971725577948718,-0.4339918598173546,0.06193197439397731,0.25037998386455407,-0.863108438043936,-0.12586983236049398,-1.2391590728530097,0.7260427311567551,-0.3047831217275721,0.10770468912885536,1
-0.36272731786171375,0.7638939636118421,-0.6178527197107859,0.4450882174189639,-0.10403940289585319,-0.5958419917041695,0.4262083746716021,0.40033631469849307,-0.23087833736737184,0.22686461598684873,0.5544596799332228,-0.9290116788621184,-0.35097385988281943,-0.9543712528208472,-0.17469808133720724,-0.5555961745642675,-0.6646555615843805,1
0.023887393044079504,0.5704053755565843,-0.24188808147545343,-0.3159923691640387,-0.16781314937991113,-0.4798579399039798,0.24925736861628134,0.6262613692170316,0.2603019686633131,0.3000474301946109,0.5657407171144102,-0.012315647275795443,-0.3243157290348615,-0.9180685281223153,-0.32490954415669615,-0.5372287914474329,-0.336300902739774,1
-0.022388518926976946,-0.6448186032707003,-0.8149305902600595,0.9740972052568806,0.11392036282636199,-0.5504744277115075,0.9458266486326736,-0.05327871503213298,0.04498030723877727,0.563395762571099,0.36867402404750854,-1.090533767747504,-0.9749077013334854,0.19548235612640635,-0.27433080353482553,-0.7957698855197591,-0.6285227156408668,1
1.1545297725358745,-0.20985647927275827,0.9506632696201516,-0.912541978879555,0.16984280171446714,0.1560624137021279,-0.7969883385943142,-0.18001158369955578,0.6760209039274772,0.015088869344403521,-1.0159761345775271,0.700916330096266,0.3938802920836726,0.1618451463982264,-1.0781770084747544,0.24304809811450645,0.34301718484873017,1
1.3988759655973744,0.2853099973009069,1.1492827658430067,-0.4688407422715018,0.1841570185822136,-0.1093317011170328,-0.799767461007114,-0.4426770339443361,0.16601229580154836,0.21165348810821064,-1.0931405879074638,0.6055784847319048,0.8037686979308813,0.14608383415996898,-0.3379741133160934,0.3873430115998519,0.12744261695971557,1
0.27340141479628977,-0.13336373407244106,-0.43358472969717765,0.5104789577639841,-0.6539193207821538,-0.11723886127624002,0.7304233694604122,0.3348880318036461,0.8024373591896771,0.4860109842067937,0.03899757421607321,-0.21098924691460916,1.304186464124498,-0.3023217901678438,-0.8111298151679687,-0.14317147956913354,-1.0451886250973619,1
0.3331731369877308,-1.1268235761221395,-0.36110139489247683,0.07422449255823454,-0.61624498019183,-0.1878897867077364,0.8210196395982532,-0.07286902113413173,-0.08486461362904904,0.6765562517888302,-0.04792640307869485,-0.28271137177291056,-0.5361499266437865,-0.03730261169655119,1.066073383328839,-0.44153876076056325,-0.015551851812716278,1
0.39898309456232484,1.0465393206435474,0.8341547782942554,-0.45939929188532913,-0.29706761189387,-0.06372742894630193,-0.6041242421181171,-0.25126045293419697,0.35435829528663504,-0.6258624851922102,-0.7725641890920687,1.0243007591965723,0.9612791091450736,0.1526802051220917,0.47803122274064785,0.5444586134366445,-0.12558975782879858,1
-0.7866080837341505,-0.6879550821696777,-0.3478554607751447,-0.07577072572957032,-0.25387633628658357,0.20175796926960793,-0.4192375080149706,-0.5272743741941498,-0.06878171214987118,-0.5148926095356458,-0.47212553986894373,0.9611631264072784,0.6760743299649998,0.3104887248820486,0.08896581576687057,0.0635200916964681,0.7935576245002949,1
-0.2976439245116495,-0.8135126487601172,0.5725425686937763,-0.05145841463016882,0.15775176305053404,0.7427235896630138,-0.7779768556157866,-0.6430941138228138,-0.10379243019761761,-0.19611551320000792,-0.2686334327322288,0.33530338480440147,-1.1730871327439858,0.38701485946246206,-0.7383174208955098,0.14081325444126724,0.8950251518059836,1
0.8543398184894277,-0.9845648707704696,-0.914400259555962,-0.13554247419195842,0.4486696921517799,-0.9733027663936273,0.38534879858605714,0.6993445950699617,-0.08013205193818738,0.6018912541454564,0.5613413781811988,-0.702231671763974,0.6009635681371057,-0.6766030086039962,-0.15670351222694365,-1.1615173993773011,-0.1960005023555925,1
0.565986814809631,0.19583287003654115,0.6571726658140126,-0.014871124489139749,-0.8112677375817292,0.1113073552863937,-0.20559388192402536,-0.15715294400432345,0.06109287820480783,-0.41033167516591496,-0.2756739967462989,0.8858516425743153,0.28043854362149423,0.38159636109875383,-1.6482620017076401,0.36511602429531936,0.5061576682588225,1
1.080935264963988,-0.18591810408788298,1.2100489751144747,-0.6938585775502356,0.5171968506435564,0.10559289850930484,-0.8578644727694122,-0.9494372200105432,-0.9872660431455625,-0.08157971118189061,-0.7306868079705277,1.3174134042477268,0.24626322844871285,0.3270629312057354,0.23108816703465526,0.42598786202503347,-0.014286812925909841,1
-0.35629426516323176,1.2847490686929333,-0.36837863407485455,0.6269949658391566,0.8867042276700716,-0.13558766546258266,1.0406084797419766,0.6655495141808545,-0.1949988067176152,0.39434654081130743,0.7671216167628615,0.5368446419651496,-0.5066504060399964,-0.31507717430782906,0.7338652275176571,-0.2736555615332685,-0.8897799811028246,1
-0.4482678412632922,-0.25477618435309785,0.4368690850083578,0.518926810071503,0.7753313926253513,0.7993899498801371,0.13795382796082029,-0.2336267532256331,-0.2694254295419431,-0.6321013409756809,-0.5629017948673121,0.3103865585343703,0.17936019796233202,0.45310484753778757,0.44982315373315696,0.6100263494328273,-0.03491469006075968,1
0.5231333444641503,-1.0031941385146381,0.5838479074260232,0.4739588981280234,-0.43352423319380207,0.04903308050024035,-0.0926363598307518,-0.5193916816406143,0.1900466490172467,-0.5359821655505985,-0.3892194331778336,0.41032721110057957,0.09600556320985563,0.8521284663029002,0.39445890827855773,0.2443100052404573,0.43141507251677524,1
-1.007245155118992,-0.061365079878507985,-0.21359877330539515,0.4237613190002641,-0.6380680437355979,-0.9049008557141807,0.36579853811666224,-0.6670245265505143,-0.3976037016849234,0.6962538322175527,0.08249009213152278,-0.3976716526276176,0.32666054680918355,-1.0831644877725906,1.1952807421008815,-0.32055664345242574,-0.7819385618402124,1
0.7803411228126319,-0.9922980094719797,0.5387837946862857,-0.43909150873055197,0.5840478546704153,0.4736159527283189,-0.3282093816103413,-0.4600883374408508,-0.04863797297443085,0.25855567006012653,-0.9862906895682553,0.8912379817359749,0.18628386424088605,0.29749174301012954,0.5947489712080675,0.26809109884190657,0.36811839042733746,1
1.1112970266269193,-0.7480311221654798,0.9027340590374074,-0.23044335492520954,0.4891722087626413,0.32739204765924773,-0.5410396241265236,-0.4938740508933426,-0.28364248603930486,0.18186152836039574,-0.6993903198999516,0.29277362852441025,0.1705514846233579,0.4335466263629371,1.0180399128160986,0.21956866041017398,0.2541793765705813,1
-0.536619320250362,0.23866130967608307,0.13020135665991234,-0.18927020614506068,-0.2526218051473356,0.4350730993499118,-0.7830023119435069,-0.4915160062087807,0.22465300808511965,-0.20140627786805518,-0.34465254849920685,0.634354355360361,0.28416955974430685,0.48570649541198735,0.17864141865689132,0.09132678086318206,0.5420994342653851,1
-1.0210506379962043,1.3999037339323293,-0.6449332665927477,0.3750983277787292,-1.2566542023624465,-0.2881293425468603,0.4402114027812681,0.12614119559992176,0.526369870694986,0.44993103156677366,0.176102227779664,-0.5397450037715537,-0.8667784204350187,-1.0668977610223584,-1.2221822752932405,-0.24524835102515125,-0.5777522105806955,1
-0.7567424999589086,0.845149921776174,0.26900142527849535,0.7239393655150492,-1.0020266043404977,0.7806864767113112,-0.19463639899567084,-0.08069831803154189,0.306649566148724,-1.320480270850213,0.029181131937196684,0.5029751893531065,-0.399991124329587,0.5857592554356008,-0.6707763781169805,0.6501370487600557,0.40784370643132045,1
2.025836866368978,-3.81439835119667,0.5715153274034951,-0.8600570051885871,-1.0300720157745664,-0.5578285169186803,-0.7937038968107856,-1.6633649302661087,-2.6000332077675865,-0.4480169929403596,-0.5742144552271808,-0.4279760550861085,0.5751959124564867,-1.1243102756048224,0.5188606707941109,0.00674871491793513,-0.6014933267003924,0
0.2678662290559464,-0.06531082522623502,-0.6331077102618542,0.40354898957750507,-0.18357444119605953,-0.23639811597636814,0.6437763992770077,0.4826415674266356,0.8756367474498933,0.2738458377309321,0.757401782706263,-0.23460719318246506,-0.0318970189862616,-0.245451129588987,0.4967735913532797,-0.5890897815541404,-1.4086410320789886,1
-0.9341026838081828,-0.29784523525406126,0.35996016706376965,0.6136618638243245,-1.3139455100326394,-0.0006482377039099104,-0.17754275075715759,-0.3613562338714367,0.2493454236896151,-1.3091541580447053,0.419442397497435,0.24954587401333345,-0.32864736912305775,0.6039904862996833,-0.8471282314771994,0.1746266520681661,0.6728433919774609,1
0.2999012198339828,-0.6229849672542214,-0.8302855439481801,-1.022439906202584,1.4299648978679027,-1.3299827818584842,-0.09158013776786378,-0.09380682999664525,-0.4541445931122778,0.787180823081253,0.4281364856257254,-0.4793551488563559,2.045372662666121,-0.0016280334159635601,-0.19268528920832687,-1.456867516474517,-1.5332141027581068,1
1.322172260492142,-1.0099746146601698,0.9490084218294463,-0.24088851783154644,1.2608404253839245,0.5807972479724696,0.31723833149295555,0.32490402717171096,0.15935210412677342,0.22212173670538796,-1.0399760628853036,-0.08752307141735792,0.4219201298621839,0.210783204214319,-0.20728464556858736,0.39384354067292204,0.04466124711484017,1
-0.7178268266990747,-0.34135665756419054,0.32122712847684254,0.7384725499504355,-1.0864242392278227,0.4969681196288749,-0.8625946628513244,-1.2333268317624115,-0.9447673160605611,-0.7617991074686534,0.34859189915457234,0.6289943234443396,-0.9991235344718942,0.8514195069017357,0.8380324029414662,0.22838971491780893,0.9334401682836886,1
-0.5083174182334561,1.5834483692095755,-0.0924513214765294,0.7583542987635904,0.36790268058307407,-0.8030047058285579,0.3198486576264362,0.39364414745578263,-0.21228963247998586,0.06929208097609109,0.9271199201150119,-0.40055631856137175,0.04829023740411309,-1.1250613482110234,-0.5560345176018595,-0.3306229111694884,-1.2950229748243103,1
1.2097154526275644,0.7280326821068768,-0.19966495797002065,0.25239558169820286,-0.1102275049351206,-0.5239413462976802,0.8263257074592699,1.3038960335662069,-0.3684909530955972,0.5390650889826792,0.8200023287155496,-0.5492381947523203,0.8743007828967361,-0.6401262272995496,-0.5927143851021924,-0.5165316239813602,-0.21608141742147416,1
-0.28368050679368967,-1.7425994551584538,0.3333922964792257,0.7715734157057261,-0.4033257067249768,0.43034243068819855,-0.7045283014476015,-1.1171997526509916,0.1226366813125838,-0.5513098785998953,-0.5343207184799875,0.7029659496996621,-0.9239857746524172,0.40978688165328825,0.3543591544476832,0.33630141939390784,1.092754126227803,1
0.2882788104030632,-0.07459246312147459,0.6120160555304085,-0.7343965150258244,-0.3224130098331626,0.24270383280786845,-0.5249299698085952,0.07844782629239926,0.4036744267942505,-0.26778762826620994,-0.16180660639678984,0.3118396678467313,-0.27820984494274176,0.3314058321342791,-0.8913991898739629,-0.05554507516418882,0.7118466805825259,1
1.256672573208969,-1.0149346766749985,-0.009461757829595584,-1.179241686518694,1.2355052023321857,-0.6648504444638117,0.08264317125167077,0.6620719454485401,-0.44108860618778795,0.5488452680499312,0.9274171211536396,-0.3701002317191806,0.9444252060670921,0.066014643600303,0.15450169009506767,-1.2146150082667486,-0.7527546682954233,1
1.218513053045859,-0.25236201660582125,1.5098270316376858,-0.4588807846907402,0.23025467831646954,0.3814866954190671,-0.3008245915614078,0.16338870221802212,0.8700106391750917,-0.38325811627183615,-0.9086582842443626,0.5704640874838981,-0.6473684688296609,-0.2456924212573071,-0.899682876635131,0.6684983337625463,0.20350589057662383,1
1.1961335399299435,-1.005632759669892,1.3889779688740547,-0.07383775068154169,0.05518573117432637,-0.11749698965032959,-0.7291108653161493,-0.902265962476565,-0.3170855535956019,0.04590754597765446,-0.6339374519285779,0.47176100097511137,-0.18975181589552648,0.24014010544679487,1.813358279057995,0.30598553427602065,0.3409509811248224,1
-1.1491824300357636,0.5896877496677569,-0.8476388299818994,-0.9564952997830743,0.2903137344540408,0.055212127499021414,0.008262078668048083,0.5221713159931363,0.5097997284618302,0.8015734193060698,0.5571168381721543,-0.20415553623720653,-0.4056090223704275,-0.8998954968764358,-1.0773005639030369,-0.8850713839974144,-0.5106386862813426,1
-0.07139293677553192,1.0313593045972305,-1.046206710221051,0.6084109024588426,0.3226553770786236,-0.7215913930967391,0.1379043675361974,0.8692732246352899,0.35559426526194243,-0.2471678952774514,0.45749449005348725,-0.8450387989122151,0.7294132956441134,-1.0029881928307298,-0.11128549400970467,-0.5923391514401816,-0.7338499389211807,1
-0.41454256783535587,-0.4175739720310076,0.18504008571643316,0.13390370675075197,-0.76407044897627,0.5114062255727474,-0.6457464735005018,-0.525703177969003,0.20517091028191325,-0.5225997497367024,-0.0759858472804998,0.6786914985076881,-0.7419373948979795,0.5351504346223176,-0.32084559494618387,0.12250029454616608,0.9813350719689,1
-0.6315344079322536,0.1026537126066453,0.23489493831593636,-0.11182368455309737,0.26660776139655795,0.28874110599526626,-0.07604704948457244,8.997011527958896e-05,0.3616634525144698,-0.6955559865926854,-0.4590252235807922,0.6718875764854382,0.5667202150645828,0.18253919975730104,1.2050072669954257,0.31782596369033056,0.14315220140319757,1
1.4265570609792684,1.5742263927145839,1.953373583489767,0.341919877634733,-0.6016504641127248,0.3775214098771004,-0.897635995948846,-0.06190935753133992,0.8744300729678447,-0.8047016971072206,-0.5950484717236545,0.28545945670657635,-0.41780582662830984,0.09284301518953855,0.12772309516748764,1.0409677193217053,-0.19758238648912757,1
-0.4058449722672859,-0.253057036185996,-0.2902382968164914,0.19954118714709634,-0.24805670731135437,-0.14921390120588768,0.6669116998138594,0.3138434770261116,0.08968962815360643,0.4495162971261715,0.7694923339455649,0.2739073111291867,-0.22395375108382937,-0.6032915405270635,-0.6774340151603445,-0.4075910618506627,-0.474167432131383,1
0.17468674471415258,-0.7381799461163954,-0.01118605098040636,1.4146015384371307,-0.912255514881352,-0.9443794021689077,1.0078772781986702,-0.8525312770091299,-1.1015368361047797,0.5718624850380077,-0.21294222567528626,-0.4882181105436864,1.098019972146959,-0.23454534160699875,-0.35898225657829375,0.05061674319508535,-0.6637800896836095,1
-0.32033140043412106,1.0871360969505335,-0.4060984303360985,0.2851290149975055,0.03435724009348815,-0.5901135350784958,0.42661098639786854,0.5590308609936896,0.17248003868002112,0.3165503372614129,0.5270507229423274,-0.16760070243871258,0.9387084400450825,-0.6350640497543293,-0.046102699265052165,-0.4208562905450831,-0.7471402594230302,1
0.26927524386493146,1.1306965789995536,-0.5578701898811007,-0.7153923035935961,1.0229553605690949,-1.0281524918395133,-0.12342108936395409,1.583265669286404,0.9074817489326705,0.23728505334757807,1.4327836773992453,-1.1292542866726676,-1.0330768437659512,-0.5129651502443198,-1.3334339554471597,-1.6177201104403047,-0.02564275034804673,1
0.30415395802049466,-0.07733081335198566,0.5223234919468549,1.4335099910716775,-0.5052204837276756,0.757543319926211,-0.9323735691685633,-0.9408251671778495,-0.1914689445777106,-1.2068805733856904,-0.5472996503829075,-0.055324610329769576,-0.20885782349696733,1.113023390023342,1.1011695020870702,0.7510698702726093,0.5087423287545584,1
-1.146581339637043,0.0462466988563216,-0.24981568614062924,0.261171386210913,-0.6626236080380254,-0.47487058221465267,0.3938686589427044,-0.15021698818565996,0.8483435657205606,0.41863191850873055,0.2075131354485486,-0.07782572620401025,-0.5248128516657998,-0.3340998604176006,0.7129839069039662,-0.4234279940277032,-0.1232632855154464,1
-0.9226819530230007,-0.001875574953903199,-0.7978982841826859,0.3102971212576479,-0.27693728470621615,-0.5855092664380205,0.5829883157661679,-0.6241618768797825,-0.040088467276165135,0.9165783415281957,0.09519525893443948,-0.6119899090941998,-0.853573925621644,-0.4881408374807269,-1.0941997591022874,-0.6694943657349953,-1.1510858317978028,1
-0.3351148393190513,-1.9212473867246842,0.20040080383132514,1.7149469856802178,0.784733312447183,1.0538328020200645,0.05119876337476702,-1.270348053290875,-1.393962345924411,-0.2795039059641347,-0.33603618269003893,0.1789475545113799,-0.5324366020073751,0.9868035840751768,-1.379887651989884,0.5452604901461109,0.35856668371498257,1
0.73688926177063,-0.8162033323398689,-0.9568123253555277,-0.5600462837203122,0.8850420752570142,-0.45534378321685365,0.16518992462335197,0.8045258513859783,-0.7922607920905136,0.7262989498799624,0.7730618499926342,-1.3588390011048714,-0.23859657896689807,-0.6135541670371579,1.2130682572944145,-1.3466288450910835,-0.012389605594494302,1
0.0002056567858617479,0.6796250301586283,0.5115670009136222,-0.20665232930658725,1.1615018000671475,1.116236449594592,-0.4056778352806097,0.1365351174973992,-0.2027363481384763,-0.4157519572129933,-0.9576328914064758,1.0024197133270172,0.5980428749718905,0.061974618768684285,0.18854873670852823,0.787947584093895,0.31556696444526344,1
1.1212519655643154,-0.3444643674149304,0.5926620736660824,-0.7044104324590725,-0.23757335486748382,-0.14604556117364037,-0.4240923599541713,-0.15016459001038546,0.8440149713637783,0.0015265160947421908,-0.8400668424784198,0.4897167411177291,0.6762985048725971,0.5787036624281596,0.4072933560151284,-0.002086781782941578,0.22013478908260312,1
-0.2685770730150036,0.638683507072419,0.5957814502648362,0.4478718800316472,0.223227174038135,0.761047979314053,-1.2849581383260529,-1.1316689710277692,-1.4718126462549928,-0.4496849362205409,-0.05445528041318793,0.3696482558984694,-0.21992116471951456,0.6456114064940052,0.36714462553210947,0.4119090460468276,0.32118582100747817,1
-1.0242154121362324,0.545489761454401,-0.02240311851628194,0.24844319321174174,-0.07049013324877498,0.5153339259493461,-0.0170191173521534,-0.056436840814729855,0.39472071609998066,-0.6648135660419519,-0.5012956633525569,0.7441380799057614,0.47888139007592717,0.09353973610654523,0.3057441100643733,0.48381114989265006,0.17258338483178318,1
-0.8061046750205924,0.340770728122944,0.3000557861855076,1.1445194839547053,-0.2698035881893709,0.5659113860506342,-0.11893713054642396,-0.3997263009710514,0.7210376855625332,-1.807311144159627,-0.8362843929993953,0.829298339437213,-0.7564164752400477,0.1894548952949216,1.3816101808269146,1.0529601155531205,0.11344157871972335,1
0.3139124275859969,-0.05308573248169057,0.34054384551711314,-2.1801283601393715,1.7177968387956069,0.6829249823359643,-1.0302464412297847,0.4215773554356227,0.599026020968693,0.5128578141648061,-1.005740846581211,0.7359138127415088,0.9961675773875625,0.22861240050363696,-0.0595361201250888,-0.2974586056898896,0.7206707622390633,1
0.9879290374214682,-1.6234732462139607,-0.1393917107140063,0.24983918213406792,-0.0004933521203371497,-0.7993166668730932,0.754802895529542,-0.47559812950171915,-2.185294563488651,0.8853509096834022,0.09484618059666725,-0.4247932601929801,1.8774004194618454,-0.6112155834474468,-1.2720575709792479,-0.3685898764199333,-0.6911263342764794,1
0.5055996485072195,-0.2641503890817107,-1.0766496071449259,-0.23782655159170887,0.902111156195127,-0.4162230706791167,0.6337769685049636,0.7855055109399425,-0.1633089547897242,0.7471843650271954,0.7291161520777835,-0.3432967373648667,-0.09194630987167861,-0.3520577045398513,-0.9381616740566225,-1.1092410821616527,-0.6469250934468467,1
0.7300848919202421,-1.0531033246684296,-0.6053234822194878,0.4201512915592458,0.2920545430706785,-0.43676916687759476,0.826356797936635,0.16622960661431857,-0.992824711918913,0.7492445500646538,0.29673968748157753,-0.7999078533784295,-0.20787266772924162,-0.36718835568709296,0.3074496522551352,-0.6772177253130361,-0.24154464209470383,1
-0.33650871799545823,0.47733570958696436,0.4893479826894143,-0.14673713266328228,0.4576460752634128,0.8060007521620929,-0.5880219107090681,0.1408867734434584,0.716332668082344,-0.7153918881370995,-0.6363672248739259,0.3609397396508301,-0.12039881084739434,0.15470339752480858,-0.8880477886264626,0.47491213333885474,0.3944685789890268,1
-0.4387753654498303,0.26930554988355715,-0.2919252922540298,-0.3935700636764413,0.30112310312364937,-0.19359260259212854,0.15786351924651726,0.5026185272870705,1.2180059684161666,0.34634006561856107,0.5550844511275358,-0.3432555221590946,-0.422055668749707,0.06533133378489775,-0.7085234533055552,-0.7912883609530388,-0.608044267428758,1
-1.106827531739492,0.014777954826421219,-0.16537704614248178,-0.13091371590669765,0.37617950676433054,0.3551286796355422,-0.5452969217094016,-0.11131125369703762,1.3771487317456912,-0.6352198262601099,-0.8530905577412047,0.5199267464963647,0.7212950955040885,0.266803466970529,-1.3742673272294046,0.17025699837730346,0.3237983158686395,1
0.46976899112832565,-0.7299516797594042,1.1360507138549758,0.0830140152613785,-1.2348632592794702,-0.3604685050724001,-0.9596847316528859,-1.084867527190851,-0.17022052065015017,-0.2250257767384062,0.07941537463634733,0.6200677878926458,-0.9643928072537499,0.22519406914649734,0.4718285822476873,0.05991009413648621,0.8216522876992142,1
-1.0415650954357643,-0.47668807196088797,-0.2066426541141151,0.7291941436714467,-0.003692107245676269,0.48711003957690624,-0.21515453608508328,-0.6302425548438728,0.867558716525313,-0.9949543487843046,-0.8214975598000314,0.6822661534221877,-0.8038066446265024,0.3457398208065952,-0.9819225516226963,0.4578472169796197,0.2749293686689039,1
-0.45429654835937394,-0.029467923272118803,0.211506872607138,1.0169771038060846,-0.244447471702997,0.8312660518629427,-0.04777415405345428,-0.5684599198341992,-1.0872454455450373,-0.734351279716738,-0.02681847503820379,0.5259157607009779,0.050871685066004806,0.5582560411854445,-0.7727376281473213,0.6310291964486257,0.2998415122531409,1
0.1405367843929127,1.3316379215347263,0.7762354079346991,-0.8703607993903962,0.4092710559989564,0.7351599699868951,0.0745414952577916,0.996739530465458,0.5386830788977839,-0.1714549732968522,-0.42156856943775917,0.541915285742433,0.6553223219133474,-0.20498919850241917,0.0023827860113071167,0.4606114327931067,0.1880905542255605,1
0.8084790902348281,-1.0725084131991678,-0.7323204498479745,-1.1303127086090652,1.4059517036827043,-0.576431917216946,-0.010537875151877752,1.0909100889357295,0.5251373930178219,0.6113043562789107,0.987394617499399,-0.340267215294391,1.1063521613184872,-0.07599226394459352,-0.5852776040083346,-1.5091285786376205,-0.49108811994047513,1
0.23983361074315102,0.25694862060264506,0.3803645799537226,0.7283167600038976,-1.268740805610238,-0.7548290560893383,0.7250327661626932,0.05290910804315305,0.8767098397034029,-0.06615303268205978,0.36175097125191435,0.36659814862332224,0.13593409302553375,-0.2535059165931726,0.11342582600663247,0.03226691211387334,-0.7720614077431784,1
0.3179092992489162,-0.8157596280993303,0.3216296430914743,-0.6355503548135326,0.2452714330873508,0.6944431740950326,-1.0377900406545728,-0.43830674396267305,0.6659087804533863,-0.11334046089965588,-0.8763477617937016,0.7966099466971969,-0.7828924786815746,0.259598457753027,-1.2467836243762462,0.10949841789368552,0.9411501878604598,1
0.4584386410879564,-0.23315752839733253,0.25868302140784977,-1.6301040323490255,1.2120926836569141,0.7093217715332752,-0.9537101759453835,-0.005505067825138726,-0.7707172349196699,0.7768038932044271,-0.30606243662030247,0.18633049204527427,0.9737392409552652,0.707758118476752,0.4002377232043089,-0.49913299485328505,0.7363094004309051,1
-0.19129470724754444,-0.37178385815880005,0.33527919911743653,0.47747205576619506,-0.7606821016601222,-0.39010811669760803,0.5201333477237998,0.0296238673446802,0.4690334455723936,0.009748322305589589,0.3354826324416568,0.43514337773629125,1.0881774153602803,-0.43403120044888016,-0.21472602616953493,0.07985125707158584,-0.6118950939412517,1
0.6842474177034197,-0.2811874536001033,-0.4174353004117053,-0.06551020862932287,-0.14025464709316637,-1.3177044745075088,0.5908631893667405,0.34672070272786243,-0.7635212915295913,0.6669655878648362,0.6141396043887868,-0.517279452774577,0.14731556447782695,-0.834985452886913,-0.4937270456438901,-0.9370102966072885,-0.2001590486990192,1
-0.4272260742568023,0.19734755088649536,0.012233517733046855,0.07942012150334113,-0.2584782295904972,0.19677139869694274,0.0338149125496665,0.11499268454837772,0.5657019287085768,-0.6222356012638891,-0.28849368310345697,0.4538393097211238,0.6974108096736081,0.548797004137624,0.45352865032149037,0.14757884659350748,0.3146061969442293,1
-1.1156721929110178,0.2261289055277141,-0.9874071432280388,0.8137932528041372,0.08204586926991138,-0.05774552210552892,0.8474882766234968,0.08880745928626488,-0.045512509450115375,0.7777108196226974,0.37733424751415434,-0.15625936779504648,-0.22531110648885047,-1.0536393680880913,-0.05974579411473681,-0.33180504763462765,-0.9463126120075613,1
0.1319719025047282,-0.9590849188572509,-0.12279938748252911,-0.5629322237492412,-0.3333274409877901,-1.12484421717329,0.1706616544848623,-0.21156424757393386,-0.46039090428800145,0.9137037863550448,0.6248464630688977,-0.760621073852354,-0.16082215875487693,-0.95080200252008,0.5381204587272732,-1.0303246530659502,-0.6019283690172748,1
-1.5445401167663726,0.24722711910100575,-0.25871311632469024,-0.38948161336535264,0.7197253948104039,0.49471640658475147,0.6409492349686627,1.0064647777541753,1.542077451679314,-0.5603358411829767,-0.4297046150787757,-0.028892399787429215,0.8438865444604438,0.2732428647331706,-1.9362931652167508,-0.0036969023895945274,0.2730183273189229,1
-0.2931446966250454,1.9518239505500559,0.44069027653642867,-0.23600414829593297,0.5930067647879538,0.7633373429207746,-0.13333028690308207,0.3744920342711541,-0.07846586874325374,-0.6869943290361166,-0.8083505683089144,0.9127542371168521,1.4998252554607248,-0.09253863068196855,-0.09368925015878272,0.8899319146652961,-0.43638446575582224,1
0.29720557684351073,0.3823468303077021,1.3484533099612068,0.10381111621158316,0.9964056081519838,1.1672829813241938,-0.42638904242147896,0.15955912910594702,-0.1259400702021398,-0.3429987125688746,-0.3306933757854536,-0.07729252044598045,-0.7728230827674804,0.17448922686166907,0.02270799643851451,0.6756052994185366,0.2646832925900536,1
-0.15643045117419607,-0.29954532415706314,0.36698311396946337,-1.4130440333839875,0.47239420379445524,0.3771543347038089,0.08610154879243342,0.3579146195670948,0.019770578046936448,0.13038790753420476,-0.07290584498653743,0.3132179334375377,0.07454099479952282,0.5285092227360116,0.15198392599986946,-0.34432644349830094,0.4175603322989413,1
0.7250693352761739,0.8029389061510183,0.890274199372914,0.5773551589553103,0.27572544643278724,0.44967140507616815,-0.4387321229880037,-0.6065998201645135,-0.20764771826478684,-0.9865809561634475,-1.257557002786515,1.4386592544635195,0.3663278570119245,-0.02293772207191914,-0.050201808583110547,1.2492216725313399,-0.37988491763099125,1
0.42421151509833915,0.038250693946334735,0.7655470847380773,0.05206083782748167,-0.18530238584988679,0.5224410735990906,0.12408609803538502,0.10710241115490438,0.08754802375695094,-0.4899484492001748,-0.3955865533353035,0.42675315461663854,-0.12875878235977736,0.33797631981527787,-1.4326607230479282,0.5083176040553137,0.28569705593004263,1
-0.31382318699665973,-0.1793880596379166,-0.14086132309169316,-0.5021260371671186,0.39295953658600513,0.23600279794284615,0.31641182103484256,0.48222336743205335,1.1185785353869733,0.5327896693863116,0.8380340750196718,-0.5034477176300856,-1.3279806311002793,0.4275249368830562,-0.4522924533214854,-0.8893048005464503,-0.6683290832956372,1
-0.24616015108974082,-0.5348913678336552,0.6229488934343711,-0.2263363743260368,0.09810239505456039,0.33769440373494636,-0.02312601203033528,-0.07486695575934765,0.4041221868477851,-0.35025685357936287,-0.15066268040529732,0.36780681846309105,-1.1084999948837673,0.11806603774231648,-0.49502124945984,0.10852569291497163,0.36528608557152425,1
-1.548018545333892,-1.8004653497350431,-0.37839361409838035,0.514839617642308,-0.034016872631784795,0.5188147988872809,-0.008567776209710118,-0.6731572815178635,1.0610971262641693,-0.9692331420892908,-0.7425459950180674,0.8428775024487086,-1.2086034231982805,0.25676883986889326,0.3125504556084641,0.25437706252506365,0.7899760362522817,1
0.3358890481555647,-1.5712718151151788,-0.3810406731049235,0.42303878015864677,0.11102843794543903,-0.5479837270053896,0.6610375763472337,-0.055287043727369985,-0.525306888201586,0.5391950666075622,0.29144788685393164,-0.46832949859369705,0.39088420776640787,-0.20443104671473616,0.2728012121563912,-0.608818878150478,-0.14560073878945545,1
-0.4594860942413456,0.7411863392144699,0.28447790470565104,-0.35055870668837363,0.2556814625993012,0.47749333198834926,0.19036910910291102,0.22558719064908422,-0.3639682799108646,-0.6048177682565448,-0.09735917886623396,0.7925659564396721,0.535924956752111,0.3018787634886524,1.2083056948009456,0.32351370691576226,-0.056963247423320346,1
-0.29353415737688043,-1.3534704806907047,0.39892994326652276,0.5886526179717553,-0.27641128117797914,0.7361565899036342,-0.47117290512690346,-1.181346729986447,-1.5073278536018884,-0.14540180542024309,0.34177118320200595,0.3036974653999899,-1.0190343162359272,0.9722564900150705,0.11889342874515012,0.05401590779814733,0.8585098488917932,1
-0.3449613558738275,-0.23132021107690778,0.7262418955988538,-0.5627960056233283,0.6757303558748685,1.12786021905966,-1.0144720135701717,0.012564840747364057,1.078839815851032,-0.6784617268888576,-0.7240003751711921,0.6402242599325862,-0.8345907113285861,0.20332996753545754,-1.4792166430093405,0.4315756434470104,0.8638527089336934,0
-0.22169197392012668,-0.27284929168049865,0.4715564821401161,1.6977214088567143,-1.0166550182014291,0.4356386550876391,-0.22851605830170654,-0.6442729295366082,-0.19307146488445437,-1.1730895709886369,-0.011428641709836715,-0.09834550619721497,-0.1154017841263842,0.7511010979546828,0.6653869911200929,0.6602028365654534,0.4954620935657716,1
0.3900751128564513,-0.43506082504924615,0.5577562895105866,-1.9325487111108601,0.8252814081167515,0.31433978635433363,-0.5585424761457085,0.1538012714791935,0.44639203383787585,-0.0921787218343135,-0.7405893826537696,0.796287365270544,-0.6935863826914808,0.003689692267967295,-0.4959112463415768,-0.1843978981428757,0.44883188008101604,1
-1.1844528691872194,-1.4643073444082622,-0.10393531405420545,0.3307091525978809,0.9811307368861395,1.2506350535080146,-0.9799240696395247,-0.9048931546731004,-0.06951281492192643,-0.3186417893481292,-0.5547164077647861,0.5302152878691799,-0.8942683476464001,0.6916955324032659,-0.3020732789254628,0.14847431041828815,1.219399103596564,1
1.9727883051464128,-0.05016920086199722,-1.0836862162080714,-1.672123701108755,2.2896487978448423,-0.5116309942710553,-0.12219038611007779,2.0973742176587375,-0.7049226890363565,0.19499290257221522,1.204217157422752,-0.8364109577829677,0.43964523673611605,-0.4267284068975615,0.8612313151592644,-1.7501148010795444,-0.0422947410516307,1
0.6147252857138018,-0.4905025979775253,0.5835241982453924,0.4628082045119654,-1.721508174876391,-0.46710203175929593,-1.187465407624399,-1.430382349691387,0.02746136595725769,-0.6334970385978338,-0.2888089539557464,0.5696218392382306,-0.4460231407916701,0.818187985131267,0.16993471406009672,0.093411267889548,0.6896254789610596,1
-0.17885056215630718,-1.0724226953043685,0.32037305953432155,0.28607980418005896,-0.14404097222701162,0.036877285246875585,-0.7783225436307085,-0.8165360741808171,0.7418547010292833,-0.8481003452182587,-0.902246994354693,0.6196901287639786,0.14625622336576252,0.4350859544912697,2.054503326545917,0.3065911937118901,0.5941391407521152,1
-1.065658646514797,-0.0534555611166078,0.30532661379133014,0.4253969982634758,0.6061392102599271,0.9402130630746647,0.2817934891333011,-0.04130849627853846,-0.09965515841908458,-0.17693543948062396,-0.151033410786975,0.2192947887054879,-0.47503304236096516,0.3598142581088637,-0.05197044210335297,0.3541666134163123,0.3298895417377738,1
-0.928628576317033,0.7054524139923372,-0.9047423719176433,0.37063604337483375,0.5124422230710745,-0.9980178940179386,0.2549038571935002,0.18340985540785576,-0.23847946966531267,0.6761931686471712,0.6577356561038101,-0.7322937702454513,0.3628481603612277,-1.2720225149066178,0.49090034496328583,-0.8672912972358636,-0.9911646168989775,1
-0.194738109700981,-0.19643867784760263,0.396180776640552,0.6346097522281409,0.6014145050413302,0.9703380483414317,0.2605640221879597,0.01676160492646531,-0.5374827148829147,-0.4393564303202284,-0.39779555326583405,0.6267625939656005,0.5388534563568727,0.4052992074955628,0.5986808250921657,0.6818242833282753,0.3615414558169631,1
-1.0464301093141728,1.0004070239731435,-0.4536461074795413,0.9043857187368503,-0.2892952332224332,-0.22462966421379207,0.709823676225713,0.14223301188400642,1.1122570308950888,0.3768565303115716,0.6383987130154981,-0.031080251373361345,-0.3048010829683322,-0.346119747741283,-0.9017295643086124,-0.278237782386298,-1.4282866419534541,1
-0.18485048916163058,0.43970362218109316,0.49624311866038756,-0.666871720497559,1.2717324104600771,1.0253467072522637,0.2537406179803329,0.7137493613187126,-0.26301178121292834,0.17690183330320502,-0.275844734228739,-0.003031314676614785,0.22428448302962836,-0.03959675221360267,-0.13376205717091563,0.218087439449301,0.057421434859955094,1
-0.1927674769845259,-0.4647408189209386,0.3644248620071569,0.680893599021936,-0.12844513993522813,0.785287996662754,-0.19546981095998014,-0.011786184400163041,1.1515185648407027,-0.8544428057819,-0.7918566713520225,0.3709768146715083,-0.6346556298793689,0.15839905605627935,-0.39860197533429237,0.6566862415643878,0.6564587530498753,1
1.2867821716235597,-0.42464213518595467,-0.6627848476747628,-0.39533206539273347,0.8900984440842501,-0.25831865106901725,0.5913436139077836,1.2296165544210473,0.4268322712731959,0.7362473207428234,1.060239087366312,-1.004028551926439,-0.6197836903577295,-0.04776032723642728,-0.06658184177724846,-1.2848533440847043,-0.7663706553609463,1
0.197515999090818,0.3917842381993267,-0.14596724186140203,-0.7496017056365114,0.2586745257864864,-0.5924677930465114,0.22018726071845804,0.6701946902436048,-0.096790068536423,0.4525962866460835,0.7822897328226823,0.019272771668318072,0.2583694049822296,-0.4879127631629879,0.17207949994726596,-0.8057441746413809,-0.34999727181723744,1
0.48781037410835737,0.12913408029134754,0.05749783852279134,0.21142501840931058,-0.23775370451240346,-0.15472082426826378,0.5210958370514448,0.9646868387377205,0.5916741229385405,-0.003966531441543613,0.6948318514374502,0.19058037288747004,0.7879165767180621,-0.3560927938130661,-0.516229257862013,-0.22257856676532603,-0.24338420100766273,1
1.172539352389186,-0.579791331681471,-0.4872655719700227,-0.5835729668850582,0.6011859979077803,-0.5837341222370908,-0.021168803263992727,1.276872955879404,-0.24544045127541267,0.04564613037552988,1.059432023797003,-0.9330994247388718,0.38109909343120896,-0.6548292251584611,1.1535449240387767,-1.1334708106590496,0.0890343960849704,1
-0.4407555409251338,1.0560493106701303,-0.8177922812338331,0.7260220188502453,0.4198861330005162,-1.1435323305106369,0.6757597817389461,-0.22506700940896995,-1.345199528903729,0.7646938839314261,0.013162847453889695,-0.8195880827406797,0.5986227124322199,-0.9121489964266248,0.7203583450612102,-0.5229458296775066,-0.9543279605674138,1
-0.05839193614797512,-0.044186308710594896,0.4185807603801341,0.13452712848908996,-0.28916797242860537,0.09693702238322392,-1.16448155709227,-1.182485071584773,-0.90236335704476,-0.2949239214905901,-0.44685243875940933,0.7393236375680076,0.48316617047821636,0.4264079398020387,-0.2954143280263986,0.24409225798417378,0.6029305483815571,1
-0.13604678862921138,0.5948973841027424,0.11421716645704824,0.9836548533312611,-0.9376750277412222,-0.7081932949065697,0.6004816693197494,0.5474215112498421,0.38133705346792307,0.18001327313991908,0.5906677506612568,-0.6674413650740841,-0.9802133638630465,-1.0995848277151388,0.21012726340447999,-0.21376821758512396,0.2300955428960122,1
0.23112022104903,-1.2358138504264466,-0.43896974794302396,0.16799102302824367,-0.4284890102835679,-0.5323583927993862,0.526041875854185,-0.12658258070730147,0.004011371668420478,0.6866728778240098,0.29938091491303037,-0.381226445328305,0.6203857564666267,-0.38675092438447223,0.3379662398621946,-0.6104287986207061,-0.6728169940153357,1
-0.38326931749720616,-0.001635448643638255,-0.45537678589961506,-0.4065955884927179,0.07647835515058782,-0.09528580063325581,-0.037375704649054015,0.5857838058935986,-0.007057095339147543,0.013197767129406667,0.5769306823128865,-0.5381666398168504,-0.5359071046497651,-0.6884407507590453,-1.0309284729217705,-0.6520316348214251,0.16376098338794592,1
-1.1542288224211181,-0.18899111460160564,-0.49007718836035574,-0.08530685298979691,-0.35416239667856964,-0.08192009136943501,0.5927507949155622,-0.33738566333006353,0.6138779443887493,1.0168692081815829,0.19895112946497856,-0.12929317364761675,-0.799266107975859,-0.5360528696838559,0.12118360852777044,-0.5164385956890436,-1.0296956506250903,1
-0.854218890548304,0.643421352215033,0.3588892635800645,0.41039651974457886,0.20532613795923962,1.0404966554715172,-0.6578424112570854,-0.1397353282438088,0.126823266264543,-0.9189360055089131,-0.23654344121176563,0.11686169586603071,-0.3951149264942796,0.4232103223172815,0.7031697261872905,0.5206710733159962,0.47439885788957453,1
-0.13717005684581482,-1.08486608413708,0.5890889430364854,-0.42570173359650987,-0.357985907106257,0.7372375236901355,-1.2090742479571324,-1.3737420601563148,-1.0097243381983592,-0.4205796932588723,-0.0564914009655754,1.7082398237459744,-1.633930221412198,0.5303417655698891,1.416449724397087,0.2138071959168193,1.0508935060397604,1
0.40017932933981987,-1.0770132727059594,0.4125945221488202,0.7430424562306892,-0.31967033520090316,0.11376358757319782,-0.5498378599660577,-1.0207560816975627,-0.6093786162901107,-0.25427574399838504,-0.32900809769687533,0.060892877431192205,0.1423554876196182,0.886853485640849,1.3838839408222718,0.13067681031928852,0.5868307665037275,1
-0.17328218015470717,0.489594970600903,-1.2628378422454987,0.327805165718314,1.3956012358385412,-0.5281941430011727,0.28391243411155453,1.2305128969951886,0.18876122837238157,0.16165766185424443,1.058208780059597,-0.4062679080609003,0.3336776251024675,-1.1281554282921453,0.04817080869359016,-0.9941363291891329,-0.7070983119517973,1
-0.048021366892797866,-0.2222951200319252,0.49888391689622485,0.508707402531267,0.38478647088762474,0.2425294160893526,-0.784492285224053,-0.7185600629907549,-0.08560383188700935,-1.0006575521139442,-1.2292007191941337,0.9516568941564655,1.3318609075796803,0.1431678827184235,0.9237173169031113,0.8409483608893137,0.3967371792743324,1
-0.43869462839474066,-0.7847599480420865,-0.7053318534220823,-0.7627771768439693,0.6260586735346616,-0.6961789584861575,0.07113489627519066,-0.38573736923267643,-0.21113486186518896,0.9218200293641297,0.16138067901648925,-0.8284756612211615,-0.40857468820230647,-0.04995633920012502,0.7791557120256053,-1.2161972613699172,-0.631218872442979,1
0.5725466296935684,0.7536834044176587,-0.591248203298683,-0.7182977943397912,0.653800250220001,-0.49510453862687664,0.39371393307191577,1.12290728438824,-0.004374435439239532,0.9487150810955026,1.1099798482896412,-0.9510203313836102,-0.47405896616922366,-0.6287593942333574,-1.641724488817128,-1.253845050761564,-0.8148516165605791,1
-1.0764313227736315,-0.08127902850760511,-0.703366632770635,0.023509296740484336,-0.20931886438908606,-0.008563717687229543,0.3658254426082839,0.23872968853339355,1.6805132626108263,0.5218314220468624,0.5580099128185232,-0.24018163534892384,-0.05677817481973696,0.026347094868841393,0.29330290666300557,-0.7254599615903189,-0.9949490899761531,1
1.4139061595865434,-0.8662505321495836,-0.8776039570625263,0.34947041058856765,0.31226674308700625,-0.25582367453188354,1.0052375636339665,1.0628472539847544,-0.3156462738792146,0.4791031143241709,0.8100148252688235,-0.830366427085166,-0.5222571063280143,-0.11401190987758607,-0.44424314664878545,-0.9308159737916364,-0.15764899173002583,1
0.03995140602219522,-0.7075585866333507,0.44990172057190136,0.7161381660606728,-0.46047125260021565,0.260256150232087,-0.32791007445002024,-0.6833362323273978,-0.7743205880867303,-0.7456346390781682,0.009710409295928202,0.13432810748168814,0.03324779869928161,0.8676007883646611,-0.15810855073820487,0.24453620580018598,0.6478275467688713,1
0.8551045041476611,-0.3635283750455721,-0.38518551757756964,-0.19977094958467603,0.17795042188777105,-0.6999214300856982,0.36401042068072154,1.0005542841638058,0.26411242252494466,0.32605546276170405,1.1403124212899436,-0.8109280323578733,0.11327272271443607,-0.400739924958875,0.5223108445900078,-1.0821149921904785,-0.44728134348908954,1
0.1226121078820115,0.02429668566171059,0.344710382365457,-0.08921505212610759,0.865478080723169,1.0006473574804275,-0.5018503847230558,-0.6555512034024976,-1.147263130975931,-0.4054016703290656,-0.8671599828279539,1.4897932118596,-0.1254696224817145,0.12979738798641197,1.3011644984348263,0.7490314967127383,0.23017151099354977,1
0.723171426679066,0.17516623601884412,0.7967643034938959,-1.7116217503545132,0.5728319763197964,0.026956365876473622,-1.6732409109952038,-0.22307440426086197,0.30270293569102796,0.26651518937577684,-0.6281178303047472,0.5262424216170303,0.8188543152367912,0.38936690799558293,-0.434292167999386,-0.34349992671673407,0.9145521448040858,1
-0.5643340083950201,-0.5343955173548212,0.3556413333607954,1.0225611150219251,-0.6155811884579099,0.4269338745862584,-0.4576700452677896,-0.9174131374500966,0.05272689928292631,-1.017048815584253,-0.28140786491721564,0.6935401182255589,-0.7282274223312929,0.5692257829133919,-1.3082117270795812,0.5447496739044226,0.5265213739641411,1
0.3005666458994287,1.0232363399126794,0.9357492522825167,-0.8515166456554483,0.810673261938594,0.716868922673799,0.42478299808085174,0.980454013751714,0.38956130050722176,-0.284971673575522,-0.4225065336463453,0.5704691806180905,0.33222312099961193,-0.12134144767329054,1.4012372150157038,0.5148230123222088,-0.2349375200008764,1
-0.3314308306333142,-0.5988717254643675,0.36045464979643116,0.0481721627121568,0.26268141301687076,0.8561688665861369,-0.5531379396385071,-0.19220656366775837,0.35651505885134166,-0.37605078142994147,-0.3068014957261588,0.32972420978492445,-0.492951535523926,0.39303290925055173,0.7770680874213457,0.2159070065766737,0.7472130112257306,1
0.5108747677588773,-1.083015519857443,0.44453900719953054,0.23687368992677807,-0.31932544760962756,0.044457030417674855,-1.0391301998464584,-1.2124208929485751,-0.08227792615685324,-0.7708048552431107,-0.7061202023454691,0.8638745736791906,-0.038301641608306736,0.9079567122825966,-0.5483182614095752,0.24612008129982618,0.600223693633698,1
-0.22683248135163514,0.5039919648164554,0.33515043554092844,0.26222676205827644,-0.5797763553434451,-0.023861196059443406,-1.2190630981806805,-1.1970070875576515,-1.0979801431941854,-0.786943937637092,0.058292291498432014,0.5490620959334733,0.721696172633863,0.941361426938646,-0.5697483255124048,0.12724075100850432,0.24214377179655908,1
0.39919693392708333,0.6408318283248046,0.7697627685626428,-0.1550321855956623,0.5765129998241421,0.6390536387075755,-0.5235296524889435,0.1507123789316699,0.8049874171520413,-0.7687801433265573,-1.1112530974240638,0.8012307832674322,0.30113457231785185,-0.16890493860919042,-1.2095613225228967,0.8206880447310076,-0.004592096020755153,1
-0.2403161955878243,1.5687457862884093,-0.7168594863693636,0.49748575383758226,0.41721148780715966,-0.3900158487000799,0.5599639499500578,0.5767558741910354,-0.42672494226799895,0.38010833119346443,0.49914678022061426,-0.32810441015244707,-0.05903393406665962,-1.1559668774335747,-0.22359260338501427,-0.3398589618611638,-1.143538342560532,1
-0.3830137196760175,0.09618763155969186,-0.9254925690301007,0.09974489920515717,-0.17860923236415566,-0.046960914373261664,0.7250898606055157,0.16047516279219085,0.009158088479036266,0.821830889039871,0.11037065959160644,-0.11874923390401652,0.22837746907243828,-0.3727467290979774,-0.20040564757769141,-0.48214384024752205,-0.6586836723291098,1
-0.2299446271991022,1.7717161813949784,0.973143935858872,-0.10868434066217775,0.810472836136968,0.5164250739444985,-0.21427193627416005,0.33251100517113863,-0.5524253665836408,-0.5494000462118916,-0.35312812703407204,0.17005549059477468,1.4708649200532644,0.0004441556332212808,0.8466569466154282,0.6986563669652797,-0.36230275752134217,1
-0.26201936906396883,0.8270729279444379,0.3448338909694919,-0.20449713757213572,-0.12420594976949222,0.665533813540751,-0.5799426303267161,0.10345983605614296,0.27547359965621293,-0.5885402110989701,-0.3712850211606315,0.8446599967326308,0.6299800471523579,0.3910231033356279,0.39920069135174824,0.4139725061952308,0.6481934848558751,1
-0.01789393470616119,-0.8594327099335258,0.13346307101548205,0.25488503317883976,0.37247836378862476,0.21117660021538173,0.12074960388383678,-0.3564181369339685,-0.9442325003005523,-0.2399995403595575,-0.29172684106031277,0.09547686991789374,1.2741158093335556,0.7552103504552958,-0.476303025942599,0.08415192596463805,0.325910068285376,1
0.49779101728177527,-1.668800208921714,-0.24489039504546126,0.5033585369256718,-0.32595572587552085,-1.014988160096168,0.5998679573306277,-0.2258530949076967,0.2982776732435604,0.6356830318794742,0.3123885562524299,-0.6766556581717095,1.079269537985877,0.018584419575228044,-0.48516254409022164,-0.7562707589619478,-0.7098554225968036,1
-0.945587338233074,0.651865182997224,-0.38068287691445135,1.1177509894817734,-1.5213530676761065,-0.24668161373575406,0.689880249831237,0.10029578805242735,0.7796485157637253,0.3009872213816648,0.06406840563682083,-0.21040215035622134,0.6744427831589618,-0.7390090200832374,0.16182476545963534,0.13358923676653123,-0.2981855553068184,1
2.05269326525264,-0.6389213567571297,1.2946484388418091,-0.251323572667915,0.6040668009007055,0.5319632002661863,-1.2604552564398444,-0.8030778840693358,-1.3214765930894006,0.5390598173913824,-0.5719296890623417,0.07706814692019609,0.8741693930674077,0.8873305891699301,0.12257392475499343,0.20485613267047675,0.5644662598032741,1
-0.7559818734100147,-0.6731136875826594,-0.10993187745192949,-0.19974323925534992,-0.7343840745541415,-0.31716258134153896,-0.4919521721382638,-0.8342362627033533,0.556014087248803,-0.1802644367917642,-0.3895211668579213,0.8952819825768747,0.07365548632760338,0.5562926502622919,-0.32911354906903045,-0.2307627747360047,0.745697195608354,1
0.14785195306972596,-0.9199563282735731,-0.1409224691302693,-0.10476647976897639,0.8700133566900451,-0.18003222091153726,0.4811067874335715,0.004308006148870825,-0.7617783058044612,0.5303108731427022,0.7522840245830952,-0.08296040348785315,-0.23300457208015007,-0.21850433938297706,-0.9455231313029603,-0.6470188198971516,-0.9081613105125917,1
-0.15427923855960826,-0.13182740834036252,0.40477301240157404,-0.2266416719278534,0.34208718351551093,0.673733962369556,-1.0970733056931892,-0.6819395273134544,0.014184739124410269,-0.313746343941866,-0.6927609764512132,0.7823624829233088,-0.26055921810098537,0.3371699928156992,-0.38363353684579693,0.3031269365637035,0.645509576170301,1
-0.4114252339727035,-1.5536565610813884,-0.08519028939311978,-0.315251277134125,0.8237797301784963,0.6088235911876245,-0.45178080399329107,-0.20833820178763915,0.7649372396298602,-0.3282310080767897,-0.8157407609011852,0.3485570679337135,-0.2643732418248436,0.5179472840769316,-1.156530691388254,-0.07468540958387652,0.970042580092305,1
-0.26843148238418246,-0.7341850566379762,0.1797023040178138,-0.22100193306858656,-0.4975343736401717,-0.052915437324416156,-0.686203305980304,-0.8487427937116017,0.2696263563256015,-0.6419638376663374,-0.42759200307666484,0.7926062921667185,-0.42734865097808067,0.6577799746374888,-1.0089164796713566,-0.028748172201495708,0.6068766962883574,1
0.10280227559609541,-0.18086560184748468,0.664175524143808,0.4862529988700705,-0.6121100537936363,0.5180320238821182,-0.2838787379646445,-0.491691078110689,0.15561871899193852,-0.7007804324980333,-0.3179850775399357,0.6086312045928276,-1.03909507420721,0.40285963680695414,0.2849871516726488,0.5326614969405479,0.43716431660044375,1
0.2597842385647548,1.6100776324132156,1.1327278743266667,-0.8111522222481229,-0.10004270092719555,0.4514682415630768,-0.5143210705122192,0.2950193458507052,0.24135525501912733,-0.08238807209049301,-0.1482321033330407,0.7419546210791267,-0.004972639069671869,-0.10300842666482214,0.2891106814138469,0.3949798307670442,0.06958535525179192,1
-0.20294071470068742,0.7337657417403199,0.5354109272573436,-0.49348786998112615,0.15626412504267145,0.4002527771188475,-0.7242374032644904,-0.3846126784425562,-0.01300805243270613,-0.06374636796889588,-0.3432820304251201,0.6167575445572705,0.10901264730868845,0.32909028905372806,-0.2614671696188914,0.16152946479176167,0.10106704980060512,1
-0.14416793838927083,0.6964033262880086,-0.444721486692406,0.3910543282756108,-0.3142368607031292,-0.3867639196456068,0.24415881714057847,0.7451885186775041,0.49185925539743236,-0.007147317456112036,0.46698832565965587,-0.6889437988745201,0.49534128222910057,-0.747500889219258,-0.804183099468569,-0.38961477337050365,-0.33117224602498785,1
-1.1519043998922855,-0.665178149865479,-0.14698181585375023,1.182431367702513,-0.6408533424328685,0.9397314686084722,0.29157050991157346,-0.27831055462846227,-0.4824068769276496,-0.939091927111235,0.33646127098429346,0.2405629684195784,-0.8559039087420491,0.6100101427815989,1.2729238084317522,0.38279247646780457,0.8367516492418874,1
-0.259721586810646,-1.0661066655776636,0.16653281192203287,0.508338733313191,0.07389921984445602,0.5260493527870007,-0.6781250032190566,-0.9433334042236791,-0.007134669516165997,-0.7165675638951036,-0.7527184766688921,0.8970178605908656,-0.4132936684173906,0.3770987429234144,0.7014612338572513,0.4520164603412769,0.6081111109300671,1
0.6028202412120103,-0.5476604636478114,1.2944486472787766,-0.5496484703542507,0.6140428962849934,0.7682454657353045,-0.06103485408216627,0.29446175001337804,-0.09359438127917678,0.4105008469206984,-0.1441972824125571,0.1016011905820018,-0.6853213211560557,-0.0629559583337703,0.6152913379701151,0.22137535201545153,0.5861586440641158,1
-0.8086168371131871,-0.6097841683186497,0.05372262030772196,0.4924717852538821,0.4192452147447701,0.34056755827502516,0.17862311102222866,-0.3733474587554075,-0.16179098961399424,-0.5171932868056711,-0.34092993718824727,0.1913086178832326,0.06295405187514487,0.5482885586794704,0.1838938936333623,0.18815610734868052,0.2427358029745445,1
-0.39032029461735235,-0.7908070717431348,-0.33722365631536577,0.39831499942429277,-1.4700912581280094,0.329762081277955,0.7235615561305193,0.23269684402241395,1.470241293938181,0.3229450167479957,0.20057067810075788,-0.2327028700727591,-1.0910353514952753,-0.08046759207109101,-0.8435726830681008,-0.22219814475442295,0.03117828384968761,1
0.11311559388057345,-0.21002014522638815,0.8113166938366935,-0.021562584101501137,-0.5776135339478669,0.16164231353070976,-0.8051306088226114,-1.0246783151659544,-1.6313440804398167,-0.15536565105734024,0.4532557370695544,0.725784215466657,0.00836910218301315,0.6737252475198814,0.9488589904236716,0.06003133290224758,0.6168711219239246,1
-0.012466345851361244,0.448551295754705,-0.32352105615648147,0.2727350502859228,0.023422880273008654,-0.663242840638229,0.36316985548545927,0.5455384564434055,1.2181335719760242,0.023841018133515246,1.2436597720802827,-0.5274515552005751,-0.9023965645738992,0.25038333116822536,0.2812425974820753,-0.9815813577508136,-1.1199266491680988,1
0.6252850683934842,-0.10941219240588412,-0.5209137146168149,0.3095170753107061,0.07563085502559971,-0.5707680578560633,0.5005814138076919,0.39131944322686024,-0.5669793199357774,0.2754516917065319,0.38068659359697593,-0.7462066198589632,0.6552892605277159,-0.6853051270447865,1.8800509515307273,-0.5080366745905927,-0.8150191862218223,1
0.2679675300016466,1.510898262190684,0.5548103153204887,-0.32272102780401024,0.5665085454290862,0.8612123650959536,-1.2908919897600215,-0.16046064695808163,-0.29650609905447045,-0.19166283012129293,-0.4406258540675861,0.28882050106607804,1.298835088001863,0.9268868964041038,-0.011466900060786144,0.3016540692773158,0.3605815124224874,1
-0.45347535824581664,-0.2244657158010174,-0.6443254064466478,1.4678194052405094,-0.271269659418899,-0.5053877737303417,0.8174484067677396,-0.3124175055033882,0.43054569899620976,0.15889240107479172,0.5039439307204315,-0.3061300740026171,-0.8029604958476518,-0.4013791512764344,-0.31613714710313523,-0.3081007475956185,-1.4091490828039048,1
-1.819549193963415,0.5572505773185236,-1.2455138587292602,0.01412994761021896,-0.7503203698952368,-0.5528957924858904,0.03256705235631673,-0.3730310207369967,0.6460969713553798,0.7010520886138696,0.32368662802120224,-0.9152578673490139,-1.902488856120175,-1.2729166549364288,-0.48721537628993816,-0.9156782237647114,-0.7135582354586142,1
-0.383534713099321,-0.6446045113053844,-0.7790595793676686,0.08980420273783365,0.348623937384928,-0.5501557804159268,0.18469965555445042,0.12714482113159437,0.7520907337790206,0.5123896270263646,0.49803348830533484,-1.003747247483447,0.1481190600291265,-0.26819422567748186,1.9662743717625826,-0.9994816363231883,-0.9814432094736495,1
-0.35307351018184197,0.5255815737044046,0.17500848101615132,0.278226127920507,-1.3020415623679622,-0.302656470182732,0.4537196092765815,0.3939066688700022,0.933520028867426,0.08096004028853407,0.34016586046920866,0.06252513445203393,-0.015522325456164405,-0.5587883168385961,0.015476360288183194,-0.04673962250746453,-0.06760492506392124,1
-0.35677967805961464,-0.13926413474612093,-0.5992596730442497,0.5011792907673511,-0.2460412592500781,-0.37992869684733194,0.509976974102187,0.6480617703471862,1.4825216146167484,0.17624420974963176,0.7502295759537269,-0.2158272117164544,-0.5608581526080266,-0.38860238709245964,-0.050631371513803675,-0.6757114095155532,-0.46914994827325956,1
0.36858807712042996,0.664168571288901,0.046854846934033884,0.7182905971404115,-0.3565672637291164,-0.9631794562382754,0.5584444814813432,0.6960307768808223,-0.5099976611047744,-0.07293799931587329,0.5776172653769812,-0.07131809026941992,0.8838172825598352,-1.386786115434912,1.0978922916410945,-0.08743201386944037,-0.22720839863848036,1
-0.5690341464212846,0.50759477407669,-0.40726401765774467,-0.3570681797300709,-0.7609770102590578,-0.5925657224618944,0.039289749960273,0.003306655386013893,0.5304095908728534,0.32257771279171465,0.10985964654716265,-0.7108709760116844,-1.076053747595751,-1.0404544088264325,-0.41763056404962823,-0.5729496222802892,-0.5620019852289222,1
-0.8393800819371541,1.4977181781437474,0.0772264166721342,-1.0401822107985788,0.7686519634833552,0.5573048881946501,-0.849858980894124,-0.20876767284083403,0.2510537877282857,-0.38025602074420356,-0.6868276666282771,1.2134734049350662,0.634077850559814,0.286073032255534,-0.27808549574957075,0.21951646237518324,-0.18836392769779406,1
0.04436711942705934,0.31233832511125614,-0.9371380242274725,1.539176243740474,-0.31168008988921775,-0.3900452354890011,1.0742605229100024,-0.24335699858102855,-1.5346517972481701,0.2321897808761458,-0.12377302455820659,-0.23498811753097698,0.46709841532907975,-0.9689379347483961,0.16750915164308544,0.16946067913714127,-0.9215933116906637,1
-0.4809561164091002,0.2185166562274614,0.45624986645285315,-0.33863740996225095,-0.8662766194034744,0.2902282294652037,-0.6775361137863133,-0.28153946818216163,0.8269696672282028,-0.9958444088310986,-0.250200436921691,0.9416866591402911,-1.0890110513764397,0.11877591858812128,0.17156544145823843,0.2863383673564571,0.6376216836696881,1
0.7284013336595094,1.362205287980541,0.9587795052910573,-1.0719067373185736,0.41687879325370975,0.7681158120705618,-0.05143037133898947,0.9246948952278913,0.518853861234828,0.01243258881054935,-0.4290926895330648,0.4364345225011814,0.5648229737383275,0.19362061474907133,-0.22746658700418917,0.36376563834333175,0.06354744433619322,1
1.6747564808418074,-0.37577940640918256,-0.03547619947015737,-0.17447622845261804,0.3427515822250329,-0.40003568726026506,0.45396055699677546,1.6200575495936202,0.24295242360752758,0.006215760689905287,1.1814238843085443,0.25197293952850086,2.0160734923439576,-0.5845699192470412,1.7920374088505613,-0.559008737566698,-0.4549265180217615,1
0.19356920370699476,0.09022568395542829,0.5250940599159357,-0.09302348981725768,-0.5371798963483035,0.1541778090218892,-0.5276498872571592,-0.33754439185976337,0.04501140209290898,-0.6231103196315038,-0.21897381610340555,0.4788829735039089,-0.09062479446205447,0.5461068613332563,0.914006324200739,0.184946943697354,0.48848543862754257,1
0.19300582277716535,-0.2087794650246551,1.0025687475270004,0.25699803033951396,-1.2149995899700134,0.05810074657568904,-0.6514776019409658,-0.5888343153484304,0.35274179468852895,-0.7840674117028718,-0.13273294712183292,0.8140128280024191,-1.0716261541192804,0.16724575891237223,-0.8769414016495947,0.43656087666359894,0.8347356305517674,1
1.5244102971185953,-0.06148164888633633,-0.2843741523784432,0.23988211669915288,0.4652748213102714,-0.037105562677741476,0.6388808850219467,1.491398432736835,-0.17359107913322852,-0.3163925065312283,0.9678533264835414,-0.06885914576254064,0.3150036105132656,-0.34566666716867045,-0.6368233495356321,-0.41286848108016044,-0.18825820691260203,1
-1.2203690536517038,-0.7643613180392043,0.037625842711871665,-0.034012046045154995,-0.06886128475912391,0.4732792619108413,-0.6538771220990209,-0.6677490188575299,0.6537542148829228,-0.6836949878777379,-0.2894550960355461,0.6814134323126472,-0.6700014226588634,0.5665901122606248,-0.5329600029003754,0.03526771471210872,0.68970906918855,1
-0.49728806496731887,0.649423095248217,-0.8750166672628785,0.47529430886375307,0.26729247839618187,-0.7479979175249601,0.33357372940418456,0.43982905053908733,-0.06333318455174426,0.25690825846850507,0.31967823729100425,-0.7417577019942551,0.25170978324106114,-0.819849529186503,0.26102073893446637,-0.6512611489655477,-0.308811453951808,1
0.6595955123354148,0.5736070135424856,1.351394796537364,0.5528544255693323,-0.3165866010746754,0.4169140625331109,0.012359710855463144,0.38181440477877104,0.42550001696364137,-0.8071542736482922,-0.32217204192011056,-0.043481856850132936,0.0016475802357427609,0.03206622966517285,-0.5275859654200237,0.8141611511075745,0.23221219327890677,1
0.16852751095874113,0.8731095006571641,1.1017526620011648,-1.2458961760680756,1.3427557378406305,0.6927979690004812,-0.40992954153263356,0.8742833655526929,2.166979944680744,-0.15972668194464043,-1.222368833177851,0.4192906018506255,-0.7138013886269832,-0.562746748245452,0.996869428642529,0.4474290580248001,-0.039208025313152275,1
1.911218458486849,-0.7154616315449682,0.3795936553653927,1.881843752090292,-0.4655732358250735,0.18491881724864634,0.6354095813858925,0.3204363617441469,0.4349367420351628,-0.6310525970554438,0.9669415901366506,-0.3711190833675315,-3.0872306923686104,0.8628223171365205,-0.10870280297098786,-0.09269108759978255,-0.016140689405863773,0
-0.13656759746588798,-0.5108465375647336,-1.292438793540159,1.1358727905098858,-0.4966506335722224,0.11948262880107766,1.3123286046215414,-0.06243995214540128,0.8396006582826119,0.9476061801630278,-0.059427074765827585,-0.7223104961010754,-0.6294857712807114,0.3842124454592045,-0.10547215011472809,-0.5075899984953645,-1.091859560094243,1
-0.6545436511944721,-0.9705730916000123,-0.6164327780571897,0.5801514428526242,-0.0860136806976285,-0.9941661201573461,0.14254324883183628,-0.8604575312403029,0.12679282719476903,0.038505762467949796,0.38728399034616423,-0.5042411134255763,-0.860311435985188,-0.5410369781410224,-0.7908272761780771,-0.7180516451189525,-1.3830796139156016,1
-0.21046046491968198,1.4889449205375553,0.30306104209789075,-1.2880833955667896,0.6933150301158179,0.40628394916810556,-0.7416924822650228,0.2890256959364424,-0.40375856761301665,-0.17008501608778748,-0.486275217678852,0.6852899417352999,1.7233463457059315,0.05862619024844111,-0.6320798708174353,0.1307287802525086,0.1278650542440811,1
-1.124737485686584,0.7351584125135259,-0.9107158655855017,0.370162186139382,-0.5268340044337446,0.45473715368183404,0.7839433108152026,0.3724872330294535,0.3493448729026805,0.91230432054569,0.3869816660415831,-0.3524202763257732,-0.5048803692328341,-0.7810642482817797,-2.2946039910249296,-0.30207930839756403,-0.6725281304100317,1
-0.36870530258365947,0.6541308728243478,-0.6324879525245,0.3100240352701131,0.25434584879322325,-1.035566690209216,0.5584314271723398,0.2422154853753186,-0.028158683314900707,0.6160942683980615,0.8424937930835096,-0.6530912006453966,-1.1747443964194664,-0.7302865334425699,0.698258407109415,-0.9814019666393725,-0.8246999397131634,1
0.0500921777478435,0.6262886002642118,-1.1375623403050639,-0.3045665977051598,0.3301222890173085,-0.2738584337941473,0.16151049854056523,0.9602269920106935,0.7330134875051902,0.09666204870555654,0.8153167394520934,-0.5112607066857134,-1.0805052093053853,-0.5396403863844578,-0.7324575101333421,-1.0367495878341348,-0.5972736162124439,1
-0.5119831276798374,0.37995978611998726,0.1745254840594468,0.5345252816633952,0.7386733938312859,1.2329395864199286,-0.5778116646780037,-0.4672453345566375,-0.46496877296231764,-0.43002721461429266,-0.4417380753861313,0.37487199473685984,-0.05368727367699373,0.810072024155528,-1.2805732630844286,0.5080702395203324,0.29327552588848543,1
-0.22865301289787435,-0.04485507424456152,-0.5158709178791708,-0.6698063129885137,0.24694846321293487,-0.5974546240858678,0.053419025814848684,0.6407143928848259,1.1513542894819542,0.3710024680046618,0.8832625612129112,-0.3780054127414421,-0.25446712738495364,-0.4976669559348775,0.02050076406697212,-1.1030084438185292,-0.8553393311810272,1
0.9175889188277473,-0.8894689724477732,-0.8616425700480422,0.11226202244033391,0.8251434657364795,-0.46354937948788577,0.49042453070457204,0.6819679267238198,-0.6868328992733878,0.33814460551380965,0.7673899619404191,-0.8660388156912161,0.10706095448725349,-0.7242275529412343,0.3482493345009475,-0.9275209743067068,-0.772555652536178,1
-0.7876775476295717,0.03847160402179144,-0.34675823851409493,0.5067713064734721,-1.157053778662279,0.32638646479226957,-0.4127836305055512,-0.6297522964652242,0.42657621868066714,-1.1031651291687652,-0.21436656836685875,0.6909870374884424,-0.2865403129627585,0.7649213417307507,-0.5813567113199872,0.2259974757643869,0.41708753134513893,1
1.417155410453676,0.24773104533599535,1.4447000620718202,-0.22205422553120013,-0.15036141219756016,0.14455437332096333,-1.407937076348113,-0.9632244417701409,-1.0628028685249369,0.10997814164087748,-0.37822931826167183,0.19694427314987037,-0.09884172059602583,0.5795445875564516,1.3380518083253499,0.2612104885382304,0.6105911312703455,1
0.5628015280921135,0.4198278627680602,-0.6112309754599984,-1.5689281162927438,0.5645392540889677,-0.5327756217131697,-0.303275176239512,1.327366502404693,1.1512350035910444,0.6216372487798068,0.9974093201898377,-0.8913092713426279,0.18126699682187455,-0.41308182904859386,0.11667179818235,-1.5207026909260921,-0.5879959986033948,1
1.5308625005154906,-0.21534966172025496,0.08432758577009622,0.3018852860385389,-0.1849993888563592,-0.9714112015408393,0.6502829611502465,0.9247192481714344,0.13531177464991095,0.1617498346500791,1.5218018208987663,-0.7687749965221646,-0.7896118083220425,-0.33810786091421424,-0.24970473030434945,-0.9633437131146515,-0.847088929963299,1
-0.5684729298259364,0.5783817374335624,-0.6093432775973533,-0.5054826631575025,-0.47804476207149343,-0.5247068772024898,0.33523633869425273,0.022044979496720747,-0.182802392032436,1.004370824977929,0.30821721807119595,-0.9525742901643575,-1.169214267297358,-0.9135318794175402,-0.12952186021867454,-0.8532279696469247,-0.544404193368291,1
-0.288865485040398,0.34307133518566174,0.2643007057061646,-1.1545043632219147,0.9653406260383635,0.491961467498588,-0.246206597773763,0.24990381705257558,-0.020496914314560077,0.1771514462425906,-0.3945063971172443,0.4320893577162426,0.6263897218087293,0.30127807329725226,-0.33063229776390674,-0.12473174456449321,0.18961304076602745,1
-0.08113718769036249,-0.052353212218507694,0.590557869144837,0.5315372244881057,1.1326629203175742,0.5974189654338719,-0.05286544295477887,-0.3495863632422569,-1.1408051124345686,-0.006760440628476256,-0.34702845837704743,-0.05960633001942815,0.9030284138890037,0.43292890935984546,-0.4281973417885055,0.40427212683670627,-0.06276007742283218,1
0.7343109171140244,0.5734409954343139,-0.23329127447706338,0.08668483390561743,-0.3034652432495245,-0.9283162741144552,0.2619266041961549,1.0211669282643587,0.05873371321830007,-0.14292230337474904,0.8038550733735814,-0.6880556175555256,-0.14789073050516366,-0.9906284486787413,-0.10974366212793497,-0.6577083152171994,-0.06802973157139593,1
-0.3803110882323136,0.18331599910895321,0.5103709190213127,-0.1766161475735771,0.9011298936013992,0.8514671232215324,-0.2932926576079674,0.030826757445742915,-0.5016246322990167,-0.46515913731686487,-0.38912628448419123,0.2528363220835923,0.20572780112934336,0.17158915431707686,1.3365610695930046,0.41162499712478295,0.2910776384959707,1
0.3024785285898158,0.37890228551723854,-0.7014593639769893,-1.2852473762927017,0.5442158226570695,-0.2588218689619328,-0.10193343758533276,1.327372335938267,0.13574025491421146,0.5055490854959427,0.7452648476511465,-0.8605135530717339,-0.5111946980842529,-0.7774700312676464,-1.0685896320211752,-1.221881158329735,0.3861599419112015,1
-0.4453816828914519,0.2932395846245296,-0.5096265751177538,0.44485057796892846,-1.0560769507938703,0.2327985320437435,0.7127509129840279,0.3184490552169628,1.0040701102434348,0.5042699641668995,0.4611800220151017,-0.09312625488268304,-0.6483791301481667,-0.5755660829768041,-0.178158033187967,-0.2039723643115491,-0.8819482655493015,1
0.1695485511349289,-1.199851363268822,0.8665205904549579,1.1831412731420166,-0.34782512865766185,0.5370217409382703,-0.18615928353822936,-0.8380426684336424,-0.6141653326842492,-0.7966945488602065,-0.15994200512422385,0.07220762737989882,-1.1820392976745335,0.5256837156867771,-0.06525421992198041,0.5901088442920956,0.5927063259604307,1
0.574697144860131,0.16909870672767438,-0.8164948908988007,-0.6813655088689363,1.7353691959103137,-0.4988397438468728,0.012986543420109097,1.7092873054492153,1.3543905387725295,0.164146466729042,1.327403229384509,-0.4093770423277154,0.1307366698160891,-0.14006068892634901,0.00622454312344468,-1.4836195926126177,-0.5851083854299084,1
-0.10293021955495768,-0.20033158154804617,-0.75557092662573,1.0200298893134516,0.030273806282193415,-1.040084576002408,0.6222247614395015,-0.5178922821053183,-1.0573527935753995,0.42857897376060866,-0.39045505025317834,-0.3453627443607771,1.63910904113534,-0.8865469228472916,0.34674729338182364,-0.1589430937543424,-0.9288545877476201,1
-0.22677925875903668,1.209006337586265,0.4396452007255949,0.1665185358553768,0.30317514857729505,0.2950305181722916,0.03476494447717843,-0.26874979379741354,-0.40891207638384175,-0.7244089677246569,-0.4921192071794328,0.9981121050611544,0.6398568765826614,0.3670386340973681,-0.6547772253772935,0.6458487902520224,-0.5724444209518119,1
-0.1280794670107626,-0.8831988408279662,-0.39886549032317253,0.8488174376622944,-0.9584301408568874,-0.30391031968265303,0.8780456680149074,-0.36541229767031297,-0.686263288761475,0.5324579457769216,-0.09129540313819554,-0.3141200773510782,-0.15346939296946416,-0.870851632973815,-1.5204833194738676,-0.02795858871126488,-0.25741931757179565,1
1.2466599678211427,-0.4207856906362033,-1.1620291104161677,-0.8281518279263693,2.3145787961785835,-1.290225927495866,0.2206032644939991,1.0839239056569105,-1.5649291615734646,0.6282636303102913,1.3274332375937585,-0.8853438826497778,0.20785000345885943,-0.7910096673473712,-1.0777122320959334,-1.8323169425388353,-0.7149094697050052,1
0.16741827164493445,0.20387251295189326,-0.41737596563824086,0.05423910804675604,0.900923409699483,-0.517233438098394,0.5403023473307964,0.9746730163047065,0.676623388978506,0.39056553189122467,1.1339073340439818,-0.22235821257729968,-0.3134820447680575,-0.04916176397405022,1.504144060419332,-1.0024716830267175,-0.5787357393688531,1
-0.04181336577985471,0.345015501049457,-0.13273320546252163,1.0037871652539334,-1.0409084916872573,-0.307447440555329,0.97120082604315,-0.08335188012500737,0.7030843111580504,0.41044618779780895,0.3494920637208029,-0.20523251068131532,0.5161369150069851,0.003061838397184186,-0.845251604544427,-0.049078311459523946,-1.5288135779517276,1
-1.04573769448637,0.25884463200916064,-0.3777223476480542,0.1749789522900922,0.4398746029676446,1.2157413155850034,-0.26691075493256267,-0.4032321504559072,-0.9069663136255796,-0.6542159125960022,-0.2973953086517531,1.1254660164914347,-0.4853728528672062,0.19315596244443411,-0.5009149283379025,0.4915581274985611,0.33833573132127537,1
-0.21851619686581292,0.7286713174833008,0.3797679468226646,-0.0016681837148345084,-0.7024359370058938,-0.41334166616339574,0.12606162604074872,0.8239447676571358,0.5717641580683298,0.10791949444213739,0.8089131515684196,-0.3255740322033904,0.43966003722556435,-1.1082250876805795,-0.8445126916496861,-0.2426705213529545,-0.12081785840836806,1
-0.7150054852681483,0.9621880372913109,-0.2055473154855069,1.793035892710422,-1.21286830073702,-0.7140667635212299,1.19285592255736,0.08782420003588547,0.19757303006157928,0.40638963740677536,0.2333536524044823,-0.27888374630272217,0.07220650035499841,-0.8743873919277483,0.4922324057267683,0.16725245065999778,-0.37381122135443223,1
-1.7973881150087034,0.3885575671990298,-0.6559356578950137,0.7775301623350234,-1.0193451175975867,-0.33865232100995196,0.588167082513011,-1.0035747777839101,0.12212748888765304,0.9423432505665496,-0.4183008598762418,-0.5952227774062584,-0.43956014909864116,-0.9602202909021474,-0.48281077732528027,-0.08024490134869378,-1.1109333438510007,1
1.4082405738375503,-1.2206435221272398,-0.25989484589089457,0.11575499252946098,-0.15633355631043286,-0.44072062968010134,0.3269492358435821,0.8730947016136908,0.3129993921499563,-0.08501078320608375,0.8761266456510584,-0.6760142781736587,0.5372194232846972,-0.5467039083642937,1.1265190138011045,-0.681271646117728,-0.612077446677167,1
0.013651417416623554,0.2542198361972279,0.2226042454086635,0.4385532819995397,-0.7129523670691379,0.3990642301774906,0.6165816132621702,0.6888131711697345,0.6918948208852265,-0.07580573320615665,0.5036859887945094,-0.014574053335113463,-1.0103022493229823,-0.3487232227948577,-0.13588084506994924,0.07572773465433452,0.0038321039302615665,1
0.2803272480005633,0.3860832230425251,0.6364087161211335,0.7798599781274879,-1.0314295648288874,0.1508297414143929,-0.33779847083210335,-0.32978470767333584,0.5542720367107176,-1.3575872882854096,-0.5536705207253251,0.7857259860060212,0.024493433656900213,0.3505186371754205,-0.01472115362973676,0.8080545510350277,0.2880676650110299,1
0.7070959384229033,0.21153978773351378,-0.26104365888881526,0.29575132842115903,0.27877325880938836,-0.9902444777933637,0.3710438795697527,0.48568737337657053,-0.037703507531025963,0.19007048515708105,0.6244816475399421,-0.6807407833478923,0.9781502121455736,-0.3710403962382377,0.5860139224561671,-0.691481869021101,-1.0105228930657641,1
-0.16400886237737555,0.4324484774431207,0.7019024824497281,0.42462555904022253,-0.27504501429405087,0.9836133259449714,-1.0928595485415007,-0.7638258279052217,-0.5819442074233566,-0.9489423479802861,-0.31284280214597565,0.9441922868186274,-0.9094873846827944,0.27376969996240136,0.7083547618272839,0.7755106320800141,0.6637407488824004,1
1.0122197977431835,-0.4307479690651952,-0.5304824228381533,1.1080726389010052,0.38305275843347875,-0.6691079419343455,1.0216427145049667,0.6410683162194569,-1.4628769371610726,0.48673441895698,0.9240009481416358,-0.7547679113703174,1.4401422373094759,-0.7629702982271969,0.3556061238967354,-0.48485152973699863,-0.8107604992400504,1
-0.04614125060969004,-0.17413172827227377,-0.13518340810236087,0.6052690210178576,-0.9419551963568219,-0.9366258326291095,0.33707627841148896,0.15050317811509656,0.5054831643276516,-0.18613027642264304,0.9358814027537337,-0.5210511696882114,-0.5551619436737514,-0.4629313413263037,-0.3357308356856586,-0.6030984794111924,-0.5173966450075355,1
0.808585175406584,0.5411041312872291,0.9968338124700238,0.9096841675028468,-0.7796813789944897,-0.15470473174357977,-0.5615193924555753,-0.7159872008532948,-0.04463856712553521,-0.8443791760772719,-0.5600054878209141,0.3229939913573279,0.7105242342284513,0.5258326623475662,-0.8554033061502814,0.7176434776839022,-0.12255949719917533,1
0.12261325027706102,0.18879255425292532,0.6545227099968465,0.05247118027212465,0.019902715467529083,0.45052567594880855,-0.3254945470709104,0.01938467738911818,0.12918411380042086,-1.123557569010149,-0.4575890934757996,0.5042533295353574,0.3621368856999959,0.5259514098128483,-0.2928160089523328,0.5423995584604274,0.3919055081678774,1
0.36326009365794343,-1.3977647236802446,0.6166679183202657,0.38428277250924603,0.588194700844636,0.8486114210336976,-0.8910490880076682,-0.9287691434241304,0.3473551024674506,-0.3765179521479407,-1.1926175625843767,0.7739593505124107,-0.975800551891282,0.23043813954593884,0.42800477254503,0.615748243007437,0.6868987488773937,1
0.35141975189088365,0.24746790267101074,0.35560313047390274,-0.20219101659325348,-0.01920620002752331,-0.11963188924293781,-1.2476820027433924,-0.58331862511531,0.76752365443885,-0.8497458411231263,-1.167466934894251,0.7131380365744489,0.7879469454064633,0.2325312305865902,-0.42005820604425087,0.35227474411806636,0.34023038081734774,1
-0.4127040644957806,0.28409674965638304,-1.1439949570789572,0.5884279132747294,0.31522222226588625,-0.4873152301085835,0.745928663941475,0.002381531607977829,-0.2841389115831973,0.8732070212763738,0.0841338192367096,-0.59781860041333,-0.406338579696851,-0.9642902960512271,0.7751723232459999,-0.5940905431191238,-1.088782895362182,1
0.923672455390856,-0.3759060109628915,-0.7236600977497123,-0.3472147436057102,0.6350344132595253,-0.738166874393053,0.4013891758130864,0.6483563083233281,-0.3080495154411675,0.4151307365641208,0.6062590585674654,-0.6816255682675177,0.43203887869805707,-0.056243268861539436,0.046338472282264107,-1.0901105203994528,-0.5388073144693992,1
1.6829617860575445,-0.012198728959404674,-0.6336607627104696,1.245182152934634,-0.14504619723914036,-0.11579582358851756,1.072077971176622,1.6449590478116252,0.20900273191191754,-0.3031348371031062,0.8407186906074112,-0.47910202538804986,-0.8266338673319901,-0.7645099363159895,-0.006655300902237926,-0.2797528759219888,0.11195784405802153,1
0.8781438563131283,-0.35095027125387546,-0.737633806370887,0.27674429721077864,1.1101150790889707,-1.0034345556200925,0.6076886417018228,0.25874932713062343,-1.0561152136155953,0.32694894413252357,0.4737863286924437,-0.5395261216048239,0.1567106613436197,-0.24032602891770663,1.2532882943085484,-0.9078480209023299,-0.80630102944492,1
-0.11062917962472786,-0.019289211146280398,0.28110520318288185,0.010284411913081925,-0.052258594228948456,0.26581059153791603,-0.7108819321921281,-0.19210720202113152,0.9044782617475823,-0.5349956493621839,-0.64857448151056,0.10780079051211339,0.32527916960769326,0.5206411967008707,0.881826149329003,0.1433119060252517,0.5505424778880448,1
0.34069538302219754,0.2064765410300505,1.0201716747928589,0.8099853229858112,-0.17701179524079702,0.5716896766509256,-0.5743817833379544,-0.6966204996815448,0.058097634547623914,-0.9324858646355344,-0.6872892497658258,0.7171641657495897,-0.6087072214778114,0.18568308972276218,0.4723094340793655,0.9606428323069979,-0.0008764320025763553,1
0.18720670391963182,-1.4310821516025625,0.037006733884528784,-0.013891908908291842,-0.3876394010324122,-0.6022320557777949,0.3498333706687453,-0.47707144402228385,-0.46713183317196116,0.16845866143704114,0.051537100237320096,-0.14211465753790203,-0.2935166233090363,-0.1798306796979587,-0.35774471201089325,-0.40764272100616267,-0.09870734507309678,1
-2.5163255074906803,0.34405880915246123,-0.3671393833388411,-0.49490450271754216,-1.287770029306519,0.17368760430155525,0.0971067982872338,-0.7555576725431412,1.9521299716512606,0.7870753068075609,-0.04528722827942689,0.19299606790849158,-2.384351489097184,-0.4929624878029298,0.20381146526956895,-0.41630715801695845,-0.6119714337432972,1
0.8108489193531968,-2.7573850463494796,0.5910662040424232,-0.10544954028781059,-0.8953692842379342,0.09156508449713054,-0.1843387494343591,-0.28464766905307926,-0.9842414848908005,-1.1020616824860683,-0.3378172037387022,-0.040396976382436445,0.6516624613100434,-1.8542580222334175,-0.02379316061225534,0.6161744572528276,-0.17769715230164107,0
0.16166211734328237,-1.1706764261799045,0.9670884477504813,-0.05631782080463282,0.3442172184843309,0.5190717182824826,-0.5058727847287678,-0.6700138388253831,0.24926920502619457,0.08183348829665434,-0.38526862785471633,0.40379443525157666,-1.2189087989379632,0.46484843142705423,0.4902883249792046,0.14850788654578514,0.5761275561816143,1
0.11395652433169604,0.5598697034725689,-0.3591166806139712,0.2745575592540222,-0.4402920617546903,-0.6353988457875496,0.5956624166739893,0.2884706366309533,-0.6336199196958388,0.2607907685386122,0.14672761661486855,-0.09090724605158658,-0.2450748620673725,-0.98549836370752,-0.08455242912967416,-0.2388513569724535,-0.08188223069561744,1
-0.07378452359859099,-1.2055964633958314,0.18195118424663412,0.9582428563795463,-0.7379966636890599,0.258447400947368,-0.70148415460956,-1.1884708440140814,-0.07842503073073254,-0.7451954240631891,-0.6180369683593241,0.7937552766150086,-0.17306373461170932,0.5975728225837008,0.21443715786353543,0.4474370496454813,0.8439896224208352,1
0.8014066842055025,-0.40248258299521766,-0.8582305444603833,-0.943405144366497,0.37517426875158283,-1.3665362645711088,-0.04734251523050165,0.7010559354906647,0.2861133385829906,0.6137437509481616,1.1177729259455738,-1.3664009805887498,-0.83293463447963,-0.27659867258384624,0.8053849158465592,-1.8834312180125774,-0.39066347636028487,1
-1.267551937941649,0.6165884200639438,-0.2698665376938497,0.020165311203104053,-0.18989837540782795,0.4791132451098233,-0.5212378660552819,0.004557349740262037,0.6683607360431221,-0.95628355129912,-0.07889232686477499,0.18011017210849006,0.5183722184528038,0.8349338910784131,-0.5993013737456366,0.0009844860259039774,0.5247588394616208,1
-1.3636509006385351,1.1868890222396113,-0.756840113327355,-0.18744104429568148,0.6338720077967551,0.03639434677332404,0.4345845503618122,0.27884594036580673,0.14039767756708332,0.930744426718744,0.09364378010406715,0.11490145842488152,0.8076750723616329,-0.7683772375125468,-0.6386657131453545,-0.3748932286682426,-0.9389993048464351,1
-0.302303860173334,-0.11738018845109818,0.7065385288399614,0.5749436430101706,0.08365530781372622,0.4688156738268821,-0.28647479739950665,-0.29380980393771877,0.653836731799645,-1.1157831520868442,-0.6971202259668169,0.35909171050891653,-0.48945132946785425,0.2773177292553151,-0.19188580795580842,0.6932119435526743,0.24804930221730423,1
0.4104362525892801,-1.2452892800211433,-0.33451408879440997,1.030493555070532,-0.14006640494285152,-0.7937780601706429,0.6905972932809199,-0.2790459101650342,0.42627084385707176,0.2579340996850249,0.4330113313031553,-0.6779616755253556,0.7672086453508423,0.5231539007072485,0.26227781826893376,-0.6198587251973632,-1.1183865523535075,1
-1.7401057313388852,0.9315402557221628,-0.45389005316037495,0.8259499931725857,-1.3339622688237185,-0.7364517374506262,0.4773263943789487,-1.1616161695846212,0.09625245753355965,0.5504205070053321,-0.5039518919600433,-0.7010144821783738,-0.5902482684759572,-0.73998529912752,0.7901796371757774,-0.033591049143171285,-1.091678671818525,1
0.3368130074602517,0.6615241266915408,0.41020221683670044,-1.5140212030575986,0.3741416772660102,0.25007339708665666,-1.1113476955511385,0.38818421384269447,1.449253851817905,-0.12678040481141137,-0.7006134657653847,0.06919606318739364,0.8053221400631577,0.747547492560384,1.4233781569528636,-0.31617138508384496,0.5803812592250752,1
0.6762247749493252,1.0506555607734676,0.5902937249729304,-1.1732952135676287,0.5055621552745909,0.43860731232428674,-0.46665936869302277,0.6329384187816289,0.6128308203467465,-0.2192225440486428,-0.6840091797859665,0.4541278361501896,0.727977338157863,0.2290940656903215,1.148158697906153,0.16575499089290185,0.2011279486250219,1
0.22569659181834614,0.6176561914964276,0.6339801414392284,-0.9464658633650347,0.5800009516328027,0.7912180881878353,-0.7515853525767197,0.09751853486390782,0.4124199606458612,-0.7374243339921471,-0.8265187628244164,1.0316009726076873,-0.33047772892651794,0.11833081719718748,-0.6230567571070413,0.49289248737315927,0.29833358421690764,1
0.18081635145308494,0.5114357103069535,0.8453204533402179,-0.027689079785794442,0.3453576628958323,0.7282968956404364,-0.9035940817726875,0.04381872021637042,1.0654821499513645,-0.8040052955315216,-0.7921775254059642,0.15724157391573845,-0.6128622490775205,0.20209184018987206,0.5147059756725354,0.5507787712379415,0.47500578617633743,1
-0.019145238135687966,0.6300169094533626,0.7463948775487377,-0.027894588234763533,-0.8009001949173389,-0.43766371385388014,-1.3584470311024353,-0.9326289829203547,-0.06532891424232735,-0.437356344315914,-0.14970303946760005,0.1793584886275842,1.229879469187186,0.7936435459541812,-1.1867189310537403,-0.006693737472671284,0.41542614059071353,1
0.46811610864735875,0.00044141418076314924,-0.9971673926157426,-0.0010840377136611477,1.4233001932775298,-0.5824420385109407,0.5784521435390425,0.7093819804030794,-0.8745884244429996,0.8127133196976901,1.0910843229838971,-1.2453356778500067,-1.0396706540719882,-0.5551413416330422,-0.08354101734074978,-1.339677849368858,-0.914936530138497,1
1.3201680233355682,-0.29889666980578455,0.19376661400831344,-0.4945246327191216,0.21261774935739408,-1.1723806389503582,-0.060719949373851535,0.6209214019014269,-0.380989519571123,0.0535261706082164,1.2246855466442998,-1.0050155244246872,-0.09549534866285132,-0.5802099441891072,1.2804303411321638,-1.0917728121625612,-0.7711300872982926,1
0.3133351909155422,0.4094655636979703,0.5701959204287151,-0.21102680266133098,0.07090802140921365,0.25124788715762014,-0.2861286772170321,0.04351522088271581,-0.13464397857624522,-0.25916081047810907,-0.2401684327555218,0.13924316711435714,0.9211769703692863,0.6014281097679498,0.9395224958420629,0.14933155873922332,0.2326174870231791,1
-0.07672903815074968,0.15400886698340294,-0.5763770807710995,-1.5682536755153123,-0.3165220214592604,-0.59315253517956,-0.40588628406863525,0.6645272578564289,0.28918145978270643,0.5734224597967753,0.34169774386028823,-0.4768913214216409,0.12367000435475081,-1.216774442386557,0.7260438586879113,-1.0414890212986687,0.1526866774325291,1
-1.0252344455523594,-0.26951945750466794,-0.327321242273319,-0.8441342393005117,0.18388022779829563,-0.07557849472103047,0.0063665042131276885,0.29691627204300397,1.081836594387894,0.8293089854195878,0.8646983553573675,-0.08073682474221489,-0.25840872410125765,-0.7187107333419666,0.6784765523214837,-0.9078001966590273,-0.9566398488665654,1
1.4735170916306084,0.19501006947568286,-0.6586668689860569,-0.4379993269282347,0.4729976636797936,-0.8813394605771508,0.2920636568129269,1.1113958897036882,-1.6792749677077576,0.21200374240314698,1.0299905162391225,-0.8616935196966488,0.5196792890226285,-1.209303583073455,1.236009456065644,-0.9782774034014189,-0.32308545015879214,1
-0.15727474691910429,-0.06292286288544734,0.011209709970616,1.8475621848214023,-1.1923792840909269,-0.664383772530276,0.7879715557904666,-0.515147079798125,-0.07590437114285219,-0.148155009152825,-0.36450293998642624,-0.6821792552283598,1.120328268528308,-0.19447273641937618,0.6077003647492896,0.3887653465825975,-0.5671821270229642,1
0.8123190269666206,0.3442614401508087,-0.5458216082273357,0.18879958940925765,0.17164118501462464,-1.3909001318754395,0.29832360097627814,0.5355360551462593,-1.4852085902261523,0.16038668768879694,0.5704663902499776,-1.0680340004962068,0.6468668753707092,-1.2227241889250613,2.1816947873773467,-0.7976253222492666,-0.20799212112802268,1
-1.025149471018016,-0.1426053277119232,0.10438258221261867,0.5126833497309711,1.192612519009086,1.1453198260542423,-0.6613171027423728,-0.2694846716756314,0.8891663296409341,-0.890234381417088,-1.1531231676263054,0.5001143681178296,-0.1261605972411282,0.1640093131324477,-0.2840851748055765,0.7219951701845919,0.37570012136089714,1
0.5207847494826943,-0.5407158899462763,0.683523274687501,-0.9657892713728454,-0.762557886301432,-0.41011774252791594,-1.4123345758778227,-1.3112908948476518,-0.21724707652691802,-0.15563391953161324,-0.39099616120642733,1.33698290188046,-0.008783640713060231,0.6110470877929307,-0.4712303271005185,-0.16688548594768587,0.59786478471609,1
0.0067959902077876005,-0.2605705423061135,0.5207083930598265,1.3920738983599148,-0.39966137261486523,0.5178329951022865,-0.762822946042002,-1.0666752752594713,-1.102463228955153,-0.517691084725718,-0.14850484027651278,0.2784671796827314,0.9152059061746407,0.8526364632408364,-0.33100966287819955,0.5865384118329369,0.6020245187102151,1
1.432321170288611,-0.9605288605289015,0.16341843217732346,-1.2188050401386985,-1.7984654429931506,-0.23789337305262442,-0.15466166782897886,-1.2069177080893472,-2.6192638998191486,-0.656907724955929,-0.37852287878668195,0.0962796016868393,0.6260020432269897,-0.039543261285667416,-0.17277337934155182,0.1309043636726306,-1.0052551997385168,0
-0.04432056653128836,-0.35990566034144744,-0.37501563446604136,0.30019175601421844,-0.2344023620047227,-0.2270547257127997,0.7693172277118264,-0.15337308128783184,-0.22849260405287095,0.7170264880807987,0.07826907181999723,-0.324443567534217,0.3599579884880967,-0.11692660775637462,-0.694457905560154,-0.3452677629675083,-0.8292475755649604,1
-0.001119014989569662,0.5538799872850295,0.43268954423413913,1.0407950653698654,0.197720572384618,0.7254413243679773,-0.11399086529527672,-0.2223197906148341,-0.024491955985238695,-0.5132889689981988,-0.7022425328011553,0.2809068485423385,1.1284840298687293,0.6014617926968162,-0.8312521855251253,0.8018545633759306,0.03417751366871236,1
0.5772131487778495,0.4967730233280624,0.9725422819993494,-0.503043839241513,0.7241104775292899,0.24565704709478892,-0.7791649677309258,-0.3969075337486243,0.3652233074205808,-0.2521138829557081,-1.0995759591418803,0.7683529324213086,0.32200921298580826,0.033115960257818836,-0.9594499810941729,0.5286044084613116,-0.22445184682883174,1
-0.8737613317634335,-0.0367346391301356,0.19649537071368373,-0.3818778461809772,-0.08131596074418886,0.6337774031915832,-1.1264368856274463,-0.8020556961488201,-1.2219400446252109,-0.39048232230431174,0.38582879123210057,0.5473986600832739,-0.6703469612010646,0.6632512606448767,-0.3313346755219853,-0.15379877543908912,1.04545894961689,1
-0.4324080403362397,0.5314431531602155,-0.27418248327943023,1.372550782911981,-0.7202507204958782,-0.3575702312195215,0.8307210530337024,0.4658514401006893,0.29894828616873265,0.23351458953182624,0.7149445426586617,-0.19145009752842165,0.8545281370757224,-1.05327802669872,0.7403276398458011,0.023314339771195985,-0.8533068037614104,1
-1.373969037248807,0.698608464642997,-0.44431869828061743,2.5497451796927306,-1.910391861578985,-1.3171212748990941,1.0640283385878437,-1.0643315107383329,-0.5228905523625362,0.1196665191632445,-0.07894419393379172,-0.48019900224505213,0.7348547079043006,-1.3019436014310606,-1.0140870404296347,0.41597353751905947,-1.1547383478831892,1
0.7907759713075676,0.7313506452675675,-0.6340336581278341,1.855361656092031,-0.29419918568255216,-0.4930868704900425,1.4517951833308975,0.8081365857892392,-0.7560484475972943,0.22892211008556587,0.3282869049063232,-0.3675488528324671,0.31115308071482195,-0.806597696726368,-0.14322336421356735,0.07240029920996549,-0.2878163007140358,1
0.6482264687089693,0.2286088601514419,-0.5344589142333677,0.725206479075886,-0.2782704384868331,-0.3858746800619479,0.7435273540802716,0.4951809695098881,-0.27374357344375144,0.23531652471217876,0.3207554748235692,-0.7003071914690866,0.6836357279224229,-0.39309083646823495,0.33866693026264016,-0.30961485168902037,-0.7451390307845045,1
0.18040623720403437,0.16648254889885722,-0.5778488550875218,0.5278006248728352,0.0031483074659123403,-0.6428031694565679,0.4203540238142776,0.4023022139722759,-0.583964887361778,0.3600646822031673,0.5431809919733478,-0.9980818823962104,0.39285331168423193,-0.7139518283243063,-1.2996267372556423,-0.6136970557893734,-0.4152450318468498,1
0.31795829756516236,0.27466008670653275,0.8447010071567337,0.6235755427465466,-0.26081121446065614,0.6597865417649948,-1.2420779640904707,-0.9962875043327482,-0.46294527263878177,-0.5543335630498668,-0.31785829431350227,0.2174087662670559,-0.797927039703525,0.6717396301411749,0.4105492425969035,0.4978337471221306,0.5040291319257714,1
0.27461037266696614,-0.16082374455163384,0.12208180968952073,-0.34553159911564324,0.9303797114290543,-1.045922924762537,0.20140891830404883,0.4915998699483231,0.10481234673609528,0.34242316702203524,1.2293479510230312,-0.4044522728154375,0.9157971699024438,0.20987366491104326,0.7516656962670336,-1.123592886086339,-0.9176194888577099,1
0.5287260050985513,-1.2471209363058267,-1.0752231470885096,-1.7677800782210473,1.1893260507772376,-0.5112315706363499,-0.05310970934170204,0.4815008305678712,-0.9348661451069,1.1662186390858056,0.5287991799394159,-0.8183143078448156,0.0682509249917829,-0.7023076152487356,-0.23489124627290842,-1.6258335543720417,-0.294852197776907,1
-0.672227021215643,1.0002162050868528,0.23549852907671656,-1.1078231613627274,1.1509548832170498,0.7468121936592849,-0.47454477685293567,0.48821869006972085,1.4576495648325727,-0.3960471899670647,-0.9376721956263533,0.4983141880728487,-0.3512876725509097,0.014204922309205356,-0.1857139871880464,0.18062569946154752,-0.013767825792025469,1
0.16482423929630452,0.023494073463279152,0.6505076145191531,-0.1781584000084596,0.30372601605441074,0.4536683076782788,-0.9058133348568743,-0.13478264937141932,1.079440696902312,-0.8338254904319442,-0.8455902623925645,0.5350660663005775,-0.22155032034821084,0.3579935396621193,1.0865167558667752,0.40082791080009744,0.5652936299464604,1
-0.2624226350486689,-0.9123794988828049,-0.52158348073686,-0.13144026214147758,-0.05292374915688226,-0.4303987759927487,0.4883019150960908,0.03997377114276252,-0.029338167581300627,1.0286932592376203,0.623769969502443,-0.7562135930140317,-0.5278968601344982,-0.5499328627952959,1.3033724047755624,-0.950838531177553,-0.48928799290547065,1
-0.23831942725884045,-0.3528297760164112,0.1960008396581139,0.4673677337969895,-0.17718682483297737,0.11536362444053543,-0.6711248781483461,-0.7238842379175366,0.26693669152417676,-0.9499808123902167,-0.6896016981985049,0.24666607088557146,0.2052573761150941,0.6128210275790255,-0.7462783813926743,0.3089340922400541,0.3492601980090613,1
1.0088704431964648,-0.432429645827331,-0.399303072920006,-0.5806553463388033,1.2792635875324843,-0.5483434539764829,0.005661250667036252,1.2885872924709023,1.0139771528153974,0.0781030119504933,1.4122523838020125,-0.8875421775555127,0.27096883795103466,0.15723343768322934,-0.40036099964787986,-1.4135468475571715,-1.040431456694791,1
-0.44129877887748165,-0.5464682995556175,0.1944848594528013,-0.13009832148430964,-0.2612279706420465,0.47977599410257693,-0.3205560196523957,-0.2024770317666623,0.3504983992839957,-0.019539773997520844,-0.007499269359271431,-0.04465241601484858,-0.5597153351552582,0.7585528278131816,0.6628537152531756,-0.21626286441538503,0.8934493922052442,1
0.5680185625920487,0.5176040904057254,0.06517437696059676,0.5105366038148792,0.2084295018440894,-0.463307075962447,0.5483964054047011,0.9709258436954401,-0.04537531846125512,-0.04860609881029056,0.81472513668458,-0.29863545658478174,0.6874156059371769,-0.5299035917240145,1.1102915820608408,-0.3009278308823863,-0.3900411069006491,1
-0.5839525187976731,0.9562200544493694,-0.5672246991618076,-1.3667635018416708,1.1711907264969215,-0.3087993865718845,-0.29730881652936403,0.8872236896237609,-0.6301992069780102,0.3551671166882443,0.8070616139437687,0.35748700516556287,0.42643910520105904,-1.389434341467298,-1.255641602444829,-0.8434714970795046,-0.3127824564907276,1
-0.6614429412390535,-0.2754074016661289,-0.42441471911147843,-0.7104047053769786,0.17358174804961918,-0.9219199032247528,-0.030136626253361463,-0.7464182808778389,-0.18645617139471987,0.7926491222045345,0.4126071182927734,-0.7717345022665979,-0.8462915604905029,-0.04319869792003886,-1.2603850220785773,-1.1711048777053605,-1.189490608281612,1
-0.33823792498390326,0.0423517908276447,-0.8002471262571609,1.1548230739663365,-0.373227281733577,-1.1778043543177872,0.6945519895248472,-0.4673934611847573,-1.0259557162815858,0.5078183001416064,0.1667909712131237,-0.9920855399889122,0.02311385195138868,-0.9645387484300224,0.3815441092004764,-0.4987934619682377,-0.8085903829668614,1
-0.7316320588298322,-0.7304607187914341,-1.0049835845311113,0.1029474871551771,-0.10040236825294101,-0.7152705134780554,0.10622545743957883,-0.4737718862160882,-0.39915167398831763,0.7417629655608977,-0.3159310679678944,-1.1492176325600298,0.45365863445768,-0.9582453612382315,-1.4510138264606376,-0.7156974640364604,-0.42074159946331896,1
0.634767829843388,0.18691735911701501,0.3377782980832907,0.6435754926467607,-0.37954359058598974,-0.5800864425839839,0.7233786549781038,0.6387364754645976,0.38853402161631706,0.005028919303087281,0.922972719486897,0.12283364491008039,1.2239618827763448,-0.25355463691804353,0.8174504801307899,-0.17280310282897843,-1.0107447396454385,1
0.8710267303469825,-0.9213763418067711,-0.4584389162977259,-0.9971054479327193,1.0171543760449806,-1.3739016522917866,-0.25694448851693025,-0.16359970831571766,-0.8212336656866834,0.44199705646084475,0.5703880198012073,-1.266767965471799,-0.36983277182016405,-0.008125959826520032,0.3406693642219373,-1.5703483025691949,-0.8092536983317749,1
-0.3759975574429155,-0.9731575771267457,-0.6106725931826359,0.9641362427912115,-0.24994150668850373,-1.0686660518025035,0.9674183965985841,-0.7407834765694224,-1.0792766424454752,0.9568281678811461,0.06831966016997572,-0.19481224529170446,0.941578523636402,-0.5595086466291358,-1.3225523757470798,-0.4510323300757137,-0.7043385701864613,1
0.5240050783709997,0.3918446346205474,-0.2475697922927457,-0.010760271398917784,0.17458377487792914,-0.9195286337993961,0.22371078650034731,0.5668651046134182,-0.45294427059947623,0.43909152770797527,0.660727890005483,-0.815189202431803,1.3462555189926122,-0.7343448402448018,-0.1059616465944783,-0.7157607838864757,-0.7435858372818609,1
0.06664588073370405,0.05254533274098651,-1.095335928128999,-0.9643463260129252,1.7325343222359733,-0.2148940001345151,0.02948346451547357,1.070747995450399,-0.4521929989578258,0.71986047081766,1.1179444168927424,-0.582862444788044,0.2216498710688728,-0.8216698854374828,0.7447292754213051,-1.367781305045466,-0.8122003855690301,1
2.5422864130068032,-1.226810309913945,0.12476330857977896,2.456026145096047,-0.17614671266336238,-0.15606908140613313,0.22095838855144576,0.6385035881643115,0.6795917435008607,-0.7067738096993762,1.4698352879019039,-0.36073871764853016,-1.6408035370383336,0.8263222885106237,-0.2101079752232811,-0.3694701933860816,0.13761019376306283,0
-1.426281614706052,-0.3487404191217248,-0.616423707243678,1.4252215037687899,-1.0609846187949368,-0.6299461060118485,0.6395452692492468,-0.7733967134299544,0.945660929751185,0.2689874065504241,-0.006844021215030764,-0.36920301444109427,-0.33341112650672555,-0.5312543531052895,0.10773281999709272,-0.1582548433118389,-0.9944082273856888,1
-0.022975659451941438,-0.23535001376771278,-0.1561867742626475,-0.5879847074527239,0.9603686487133589,0.1458185548919719,0.009925319192134543,0.8736315029527707,1.1478999022194993,-0.15378319940797622,1.0328521974545852,0.25923765132871157,-0.18196030229358937,0.09499340308717645,-0.09408453569229035,-0.7487443258965982,-0.8128000148499777,1
0.4737098553908724,-0.3063248134015336,0.4069346786633613,-0.2489846612415664,1.2820538369402208,0.4756334400938685,-0.7491457220908142,-0.4722218107619185,-0.11476243506463774,-0.1177150267683754,-1.2149426765078915,0.5789606303184539,1.5199960025136512,0.562266379475768,-0.7299995401629611,0.36541728594171896,0.07090129366257819,1
0.9038945474405662,-0.22372649607144704,0.1505548676418731,-0.8399308832055064,-0.23926023888857145,0.1252136748855432,0.013703349782855392,1.264833252000006,0.49480891487010903,0.05482848482010721,0.6514949720532673,-0.5170277038759655,0.8905727163296243,-0.08342475186928923,1.207615468023318,-0.565148159372502,0.39126737780383497,1
0.9254910914125662,-0.09593733809167769,0.0009963124343954684,-0.5009029685438747,-0.20664410588971402,-1.1267119397940277,-0.09617853369050267,0.6584070436184803,0.17963105624468412,-0.2072996824063542,0.9676060072497827,-0.6092639659643758,-0.14830948409666747,-0.5524794338592975,1.2549949115556607,-0.958317067652867,-0.37914645576797007,1
-1.2614895011523262,0.8668206638432149,-1.1293479099465407,-0.6509918081714147,0.6973866665219743,0.18112846849455425,0.17981657145671623,0.9741923915366744,0.4983781771418595,0.9381846083633736,0.5171729194832827,-0.5145613443181871,-0.19162542792235546,-1.2712679490655598,0.026796067337470912,-0.867959825939335,-0.2911805455387961,1
0.5968677084065247,-0.22395662811183892,-0.12897879602240667,-0.3967756202420036,0.6724691083617593,-0.5758456249358133,0.20381381415216052,0.866585929126959,-0.5894392780232136,0.34970893018380694,0.9422730033034473,-0.7267766856357616,0.9128732825721814,-0.41163808812414787,-0.1613752986225511,-0.8906928771648744,-0.17406956372999746,1
-0.24865237758147427,0.9498702105564515,0.4199205428373178,-0.4662236751181158,-0.2649801044741897,0.4773165508392729,-0.7448562955862424,-0.4356376224276358,-0.7691431705794767,-0.30407816256826903,-0.12644005986820755,1.2063233873926216,0.4866977595822731,0.2081124426772067,-0.6720260202393318,0.3361344566546187,0.3304600724823162,1
0.674674729465247,-1.2089991746335087,0.5466433392886675,0.4636314539658281,-1.0882209435468475,0.06516311030636453,-0.5125287777222871,-0.5154701376086244,0.8554631628593004,-1.084658869320271,-0.631011013143498,0.4058523975010048,-0.3360428408717092,0.6875560568020066,0.4706268088366577,0.3658529723952794,0.8542777083324109,1
-0.9542710431615062,-0.9664555542528945,-0.29218028007724156,0.24086436372792955,-0.8981312958222236,-0.4636952729612852,0.41680377691362813,-0.8581079182028616,0.6927991447733126,0.5765457307188776,-0.11994818416522056,-0.13055658541415996,0.0324709060314876,-0.00032525657105689383,-0.469376026853487,-0.38625631763800167,-0.7886709880519831,1
0.09379264919692425,-0.6088197920876536,-0.6893539748174027,0.2733595104046363,-1.3584127272499373,-0.5215419508396872,0.47117740418591525,-0.0623425982734805,1.138544095375939,0.4021714231283429,0.024212140117870457,-0.5973868235394423,-0.2676114970415612,-0.30070354931769583,1.480552313891867,-0.5579536930106118,-0.6410355572895354,1
0.9205202854481284,0.9606605672281966,1.2772467263926497,-1.1035338286169665,0.4463491416134322,0.1345176847988384,-0.4678254051255622,0.4022417794807371,0.8829250015126892,-0.29788923645775744,-0.8211811368123856,0.6757338405858425,0.06925201163977278,-0.24006512082451398,1.15783618199685,0.42916845378362717,-0.14906292489028425,1
0.7518914482682838,-0.6895057163485462,-0.3492677072429646,1.1699258217705308,-0.519373156190383,-0.5894270533111082,1.1072520055410815,0.1701454744729045,-0.45298288815990007,0.3622375843987596,0.5170897974241144,-0.3557160345796201,0.025467542515697016,-0.5742814437683197,0.06820472740827759,-0.25736420874291754,-0.760181200307349,1
-0.6042180960156395,1.0025558969946102,-0.4878328383630551,-0.06341249062119425,0.7988225161240466,-0.39668774552478564,0.24855644396159482,0.8322204664793026,-0.2687202913611822,0.19254733485232312,0.92331662552645,-0.4413029434054616,-1.24355654147735,-0.8977260912502827,-0.9882560068911284,-0.7774824079699997,-0.0018864615377991816,1
0.6152003313887534,-0.11970846846863602,0.5684335355561608,1.030907958061498,-0.5325491834007615,-0.1461629224845004,-0.6434917416074075,-1.0439302691203796,-0.844415891481295,-0.23476051787519528,-0.5811561570681716,0.20770257589172048,1.7729447115957278,0.7717053059126213,-0.23623717079593634,0.4581636140091243,0.309848321981217,1
-1.5957176974360747,1.4243740836233458,-0.7021214221106712,0.12344821752076576,0.037753500647270115,0.9161558393597762,-0.7842121596392042,0.010769014579991012,0.35539099466654483,-1.0295582003083137,-0.22387733285473102,0.26463104431840134,0.9565290346924595,0.9118762546194349,1.0657049247748813,0.14640101344872458,0.4863931927414522,1
-0.6143720526643244,-0.17586821304157169,0.14280943107032654,0.5943216028556846,0.8259999644801943,0.957258894571175,-0.2869800376976816,-0.025586664323170766,0.9219052355268967,-0.6798687199841219,-0.918233994183941,0.11221386026410139,-0.0308954673223585,0.5498837746636641,-0.02080761437408479,0.5179759245690513,0.5003983738597652,1
-0.05027956499666703,0.641840150263187,0.8376662078531731,-0.32712817337494077,0.41554700905100517,0.9932631150011452,-0.9202179329175237,0.07745066672542923,-0.136101590050328,-0.3676780295190408,-0.1722330840325018,0.20382123083255257,-0.3256032589485131,0.21467036453901958,-0.3816251036962964,0.3620796057373673,0.7482027838914151,1
-0.9993182118485987,0.5415025913048265,-0.49640632597628637,1.536548394338466,-1.696049772851655,-0.6373993811485895,0.948731941185452,-0.30801646253355675,-0.20708173598939086,0.573094152432447,0.2531868679805543,-0.5664213682218086,0.014183925425462122,-1.5096317519699545,0.41726125850075857,0.09650407088097884,-0.7809612751723752,1
-0.7505754753987981,-0.03491989383614357,-0.1486533546522551,0.40226697589004434,-0.26325842314730385,0.5658538423811426,-0.10956907405790532,-0.4728359710961013,-0.12614607505683853,-1.0500746825207514,-0.4158765628148903,0.7470964607052222,-0.3428058566654975,0.5717216886083913,0.5688144265767938,0.4243480659053058,0.29266320812780633,1
0.7860242529978783,-0.6181265162163222,-0.7127564554221832,-0.06766637328130584,0.9843468460587577,-1.0788997889048155,0.4384964691032661,-0.13421760816530706,-1.8599817615238086,0.45515591414106,0.10227184672147777,-0.6794459565612365,0.6692178211002432,-0.38360670854355616,0.2883036087199328,-0.8517615223370264,-0.5904429113855257,1
0.44273345675217357,-0.5740594328085423,0.6831601157748409,0.5314473105765533,0.3683679099688464,0.5242697324606339,-0.6223618118419697,-0.7542246476984328,-0.5996485182034726,-0.506515161394986,-0.6997412011027557,0.5413094540122383,-0.0532831459220869,0.44239155776831673,-0.6910836227381253,0.5722328075476546,0.48888469648193816,1
0.2613963790623149,-0.7171100575119963,0.2738481124019783,1.190906756023121,0.018618547362066598,0.5061148382490034,-0.5727824177479413,-1.2236204844880247,-0.949890492077736,-0.792554491048658,-0.8388838100543586,0.7821421988353556,0.6472497105178078,0.8063849113864257,0.7694455973600014,0.7584024203990825,0.32878781437615845,1
-0.1625893762690143,-0.2565860623211813,-0.03273230503192462,-0.8526290137880553,1.0173073483506945,0.30956164542419823,-0.9912801491809102,-0.23198160607828863,0.10149189272789397,0.18984902297851777,-0.6163589048584791,-0.07619045001991029,1.5685929244366108,0.9998616520429224,-0.2138004846698656,-0.41646741988599995,0.6494082566347801,1
2.1536909951390006,-1.631322411254295,-0.06965228878627133,-0.5850280457198915,-0.040793539367206796,-0.8860500086849757,0.40979779587211657,0.8412930504780903,-0.7832654124757662,0.543279663271714,1.0335737155424016,-0.7084309307719501,1.0131646521513114,-0.556075492845434,0.33941700421926096,-1.0597384525765456,-0.3478741012802419,1
-0.13612865441948663,-0.5844079597801469,0.1483126981668006,0.5405167468500862,-0.4288171587341863,0.6302746763653857,-0.1955630019885646,-0.5911138801982446,-0.5718637756073425,-0.40472194882635765,-0.04721139310141941,0.23308525769581354,-0.19875378834535956,0.8932216291000171,0.08290996283393846,0.19415634802445578,0.5306801913662194,1
-0.07262130553259255,0.20656347657641147,-0.3106595131637934,-0.4645442923194912,-0.0985126208933374,-0.707419766970572,0.29610358857068225,0.676976295804871,0.8959639051191858,0.5437617167995837,1.0486148273863478,0.056851808675251025,-0.3732117371634831,-0.7817194315464965,0.5799008316258483,-0.9386218319836537,-0.7664171217796979,1
-1.8610995214676105,0.4934833758511884,-0.8990892770113591,0.09028019517518249,-0.12791106604204128,-0.17950514342239368,0.3805332956835376,-0.22803705140195799,0.6004561826399145,1.1620566767529832,0.18912921947296196,-0.5268738505428461,-0.49902622492017795,-0.8066460439877293,0.11374694678182776,-0.6693768676159515,-0.7670600642493371,1
0.02083126381236256,1.2445224480349828,-0.010932716484814302,-0.36260084966220785,-0.8072093693576124,-0.5794268786914063,0.17277817587750996,0.835577356527788,0.7209644438958688,0.021571666746466114,0.6783883146606654,-0.45264496578245766,-1.1013912334341363,-0.866344873949296,1.1531863384741379,-0.5434601805351594,-0.12228675379606911,1
0.23483441698817015,-1.2101539896940778,0.11467508542650501,0.8281856720444941,0.1992160535603882,0.4336628705634673,-0.5355827458482917,-1.0293988932879712,0.15352348493573229,-0.46257249336222567,-0.9487163128008058,0.17018924887019943,-0.033442731041394974,1.014288951492734,1.9411841787772945,0.3075685531275802,0.3358053546670041,1
-0.2665569918808054,-1.1514362559333788,0.5655819318235176,0.9272797052507084,-0.16448324604114475,0.27586697194546783,-1.1438477513904635,-1.4503062562590363,-0.031160649924436536,-0.6946584787412953,-0.7034091593328234,0.7413266982802726,-0.8407382982545714,0.2225623012750271,-0.8578197613931319,0.5190061354657084,0.7177191987456532,1
1.3407396958830515,0.12617373739410728,-0.7876796560724909,0.6279017706545765,0.26262817997270377,-1.039324768916245,0.5165267550455178,0.9588375082909865,-0.446933234231069,-0.029640111635475672,0.8129033622338554,-1.1630198799541107,0.7299716654553613,-0.54008025529993,1.3959738427263275,-0.8695513493916553,-0.655338799529471,1
-0.6314003550805353,0.2594486098738394,-0.005522647394100855,-0.4145911870964674,-1.1791981002790235,-0.20838762359322144,0.23103238036952797,-0.3865250399007249,0.2840873322908016,0.5038983149691808,-0.13774264759183655,0.2949867579136974,0.22021332433203716,-0.6944584020008882,-0.3550224477546738,-0.0567436008997948,-0.7367957433720644,1
1.3796703758502464,-0.5240189254025923,-0.649487600534243,-0.9363133202529079,1.51659644798205,0.09973441542806698,0.512996882671882,1.994549676473073,0.7871674873054216,0.6073685597300268,1.5541566379954859,-0.1798751705557071,-0.13533440345607659,-0.023971196734333372,-0.17180739878390225,-1.4036675662632612,-0.41781833154984066,1
0.23198650025609724,-0.2652750858083336,0.6535208243466231,-1.024838999419336,0.8611962734538002,0.8516782155752453,-1.016486623041992,-0.0031331675391745133,0.0589637071989008,-0.01901670836579577,-0.46855002898425135,0.30476199397229226,-0.18074909834649497,0.40539511522282473,0.48277931713197253,-0.008542877549075746,0.8993290899928496,1
0.752508856442107,-0.657360704690117,0.38629348996818785,-0.27036185442982485,-0.4812618270824419,-0.01866646978342425,-1.069953347551494,-0.8556948394559984,-0.6317147778757811,-0.20912017986784173,-0.4808294715753821,0.4191634623998388,0.9328640156842855,0.8824419267745883,-0.5755674744361238,-0.04471975177050145,0.8952129801640235,1
0.3716887386091335,1.1076092425113928,0.7122371622714401,0.3760632694642703,0.20398872115491548,0.6677484948957405,-0.6354130463481773,-0.23020239032814627,-1.0510356968212409,-0.8781100649879577,-0.34539560945845527,0.45731912783134576,0.9288694471919344,0.5564687721992212,0.022897371396032654,0.7334806217594769,0.20092232597563625,1
-0.17720588817539448,0.29327242566898065,-0.6971382046646408,0.012929044072481848,-0.4343666804712806,0.19130165354395828,0.789211616772085,0.5052900232439113,0.369646818743841,0.5699148997282572,0.2957008664690327,0.4801479440948376,0.6893441379689295,-0.5643148730243995,0.6140189628547104,-0.19919572654003745,-0.8912782868695083,1
0.36771530098395105,0.9834190308480103,-0.6880107034974303,0.24681562073771413,1.0186970178924983,-0.7565194698213545,0.5491487605484557,1.201071248247504,0.7269092489290053,0.29574513893299176,1.3574510867143317,-0.6691003934589693,0.24056613599757776,0.046359970825521,-0.41874928533363276,-1.167992040960096,-1.227125508333435,1
-0.01143401088082925,-0.1194994613152023,0.5369273257290063,-0.6787134161558579,0.353116385746093,0.737115696753643,-0.778152767958363,0.05071700365048267,0.6252847037270646,-0.24762679485609987,-0.3364403628847161,0.33770806630034395,-0.4303959177502042,0.5077762487162127,0.7013145078938922,0.02018900400118015,0.7723037968624131,1
0.5036363858965268,-0.565157921961213,-1.3021808847514964,-1.8243495129738494,0.8374489230333964,-0.27507757233015256,-0.13780044309965306,1.6284245579241392,1.693029104289076,0.983712817537551,1.1246584455351927,-1.2750566500585356,-1.23203238374632,-0.07366519015957843,-0.5679721932104441,-2.148157213064697,0.13841027873541856,1
-0.044681847084919554,0.5056257396000031,-0.08417969313525366,-1.4573944164015689,0.13898657598252043,-0.6216206655677484,-0.22762418134187776,0.8063423195174346,0.029573093768946665,0.5120811758558032,1.1079737019106424,-0.6550332608328193,-1.2835916262593103,-0.8118953241861943,0.8643878810926118,-1.2496795827384484,0.05677300815455596,1
1.378058682532427,0.013887843429821325,0.810368258968715,-0.6687085244720221,0.3110637414348442,0.5405844858181229,-0.9320863358881133,-0.23990605216318406,0.6114945028393487,-0.31789038955785737,-1.3481760888318566,0.902624080676831,0.03681039884048682,0.10762869518973203,-0.7663931822667046,0.5712401181391671,0.23170275337414897,1
1.1838956014627806,-0.27502138937669157,-0.3206249048996267,-0.6934942986935573,1.4861238338982974,-0.6075625210546515,0.12796447093813576,1.15169474054395,-0.17812020581242397,0.14548759068643582,1.1692858433822515,-0.49842284051670555,0.3206122810221809,0.1955591957089804,-0.23178000698005347,-1.2652418393393312,-0.4087774281843742,1
2.2026712143904206,-1.9430022122834907,0.6595705761578359,0.8541036949112432,0.8634122933031237,-0.05481991605564271,-0.7488789613195982,-1.1645156551551838,-2.117794171508239,-0.49468016691810407,-0.7235708967974194,-0.5831838133768942,-0.8194320344935857,-0.49396205476613875,0.19325091956300156,0.3662195344015298,-0.33272658895263635,0
2.5955599813299606,-2.7602623738367975,0.35864060478948384,0.3980216299814477,-0.12418842284205955,-0.9518647020060882,-0.887428337361824,-2.187906490052215,-3.586985720075171,-0.17448505491407068,-0.6102738399416332,-0.7390333713879714,-0.04779000700694402,-0.019749794640208675,-0.47526576629636713,-0.16907032161076035,-0.41682655592022555,0
-0.471510861287296,0.9038463624251021,0.20017321647557232,-0.1772316357506515,0.014033584437659063,0.4702196250460922,-0.832699761297501,-0.2375324331494996,0.8315423817652051,-0.743356608996815,-0.6228411599383696,0.6771145646241525,0.1278322230128249,0.3514742502365815,0.5985378598481914,0.3408280357790285,0.09558954434026966,1
-1.1665728409079723,0.2592800884757847,-1.2567706892690211,0.6008202175612809,-0.8682101507482688,-0.6526169025541682,0.5225923995723961,-0.29397461189541196,-0.05940518795458465,0.9662579438275197,0.24184918337635367,-0.843960025945609,-0.3547025115279868,-1.602431785074348,0.010945596563804397,-0.6134142162363865,-1.0581499277758784,1
0.79811485860451,0.2735845428473434,-1.3288452320378898,-1.3031660171766597,2.2879139134171402,-0.0777136883803612,0.0596905572571063,1.9697110882334414,-0.49492682172564145,0.6098058153728766,1.410343958435375,-0.7784926336293555,0.08833323120191884,-0.4113401166608661,0.3518088675144228,-1.7249958606715612,-0.04341126021090169,1
0.3064990182754136,-0.19030914888396408,0.800133121963206,0.9218577635780063,-0.9052326421527543,0.1683683532446315,-0.8657771815854446,-0.7728120486857434,1.0351070189156417,-0.966989120111451,-0.8554445401185884,0.5331602197614731,-0.3434836417356505,0.28807252037584613,-0.7139842464474052,0.7398820612556657,0.5010055256036435,1
-0.7902206979697447,0.249970003300088,-0.9067056818042221,-1.9058972235476102,1.1622688472750042,-0.25354599586270804,-0.16182467104292314,0.766572569941691,1.158630527448727,1.1923175486783695,1.2210804141280864,-0.4774476062397133,-2.0501586431406995,-0.289523742194573,-0.8002104847718994,-1.8906646996204761,-0.694956254856601,1
-0.7288426970270809,0.7115621701010433,-0.482875652752629,0.02503253002458794,0.6456063712649733,-0.6228531942176876,0.022156978577174555,0.30909136478522015,0.5117595253567343,0.19720211941947738,0.7912611764950062,-0.4659973898267837,0.06580783624308748,-0.621869235156276,-0.16642675223645628,-0.781243978055759,-1.2478518387120343,1
1.0755703493749338,-0.5610140215519678,1.3058394150819788,-0.06544388817170271,0.05969483860862875,0.013235798882689368,-0.42228095391133924,-0.33399189176732624,-0.15975310404973758,-0.24412971858337765,-0.5695850920025568,0.3525491115594875,0.036290228108477186,0.08594320995543103,0.6348535307737104,0.42311079618175673,0.4012738419165698,1
0.28956831540298517,0.9048553754309685,-0.36420797103853186,0.53307201278798,0.9821724356984098,-0.9250202603694428,0.376090021536414,1.1177502396128025,-0.5562670784836127,-0.008544382494741098,0.9943407306776803,-0.4858500640521116,1.1251744094788905,-0.8935062984432164,0.33373555591806203,-0.6390400313228597,-0.34219337045931575,1
-0.20611033070519685,-0.20176335659171693,-0.20265853704838352,-1.039392762403534,0.577650624864071,0.0018651656249042616,-0.022579906670628404,0.548626438981828,0.09718008221643494,0.5635714407420968,0.764691307522087,-0.08079538938470147,0.2855595713623516,-0.4622991777375623,-0.09932379791032375,-0.8097120555021367,-0.5572382585874258,1
0.005008479576469529,0.20251143121333026,0.7408235078088744,0.506240064059229,0.17776907214778107,0.9509619894416022,-0.31703378218611206,-0.3173498380723939,-0.023730464053635693,-1.1085070669767556,-0.6311138905771377,0.46481312751198406,-1.172757864272076,0.2657281996457011,0.775769684251169,0.8627309437118436,0.1536324506263625,1
-0.4961530852977095,0.3001594006399519,0.0646350411521902,0.09439455330416743,-0.5582343867203383,-0.40827614493089887,0.18950556585846565,0.28219830686485836,0.8190081090040859,0.03889498751513939,0.547885660131798,-0.04178190977629864,0.313691260624741,-0.39229191108045436,-0.27163143927680355,-0.32400248043729896,-0.47018002825451904,1
0.22164229351504583,1.2568951005790128,0.6306168781597135,-1.4138002792323454,1.141621904050305,1.005679596299756,-0.9657313881535856,0.36131225793823507,-0.2141963570050238,0.4801377584112211,-0.391505162607529,0.49847941559561176,0.4222707674275657,0.03585533394675123,-0.556556833370128,0.058849815780588836,0.3302903655747594,1
1.7250668001583482,-2.805575605379933,0.6536866705833232,-0.6020553426760263,0.3558559536921419,-0.6493128760388102,-0.4467632309825053,-1.0475294638761863,-2.0049789216909146,-0.7335393771364088,-0.43041477362762204,-0.39496824803301317,0.6929293292503558,-0.40173980726031777,-0.6656351615631297,-0.08456052765320615,-0.7869562945076627,0
-0.41019108149743366,0.5463616065296779,-0.6016138685336914,-0.04843204978306568,-0.5561571883040505,-0.17296274214284096,0.3609859796086227,0.3876773710254747,0.4809916130915581,0.3328871888247722,0.2628488163713146,-0.4036243641111859,-0.3460045047896274,-0.48364778961138044,-0.3568340819044588,-0.4794203609838171,-0.31994646339759214,1
0.599982398148635,-0.9329590011736607,-0.5474604796043366,-0.49863530006994655,0.41294548993314995,-0.7514828358141887,0.16074565635048413,0.451643945285658,0.01475565444085254,0.4764940738446885,0.7030085381245846,-0.620479321285087,0.8198615045096302,-0.25546999912740714,0.21881762302296331,-1.1097899028098677,-0.6173435357502673,1
0.37417644532962263,0.04345582133045165,0.4365100133036529,-0.42738864119116354,-0.26690807235682046,-0.15653375368433042,-1.1526826029882415,-0.8796599959360863,0.1645172256497425,-0.24029359384084648,-0.6563823295755642,0.8012415607879023,0.527741318024997,0.6078951904092548,0.4619393116355006,0.025149691060341157,0.34145824257762225,1
0.29777570791955327,-0.43173923006638704,0.06343537723638706,1.6380276329993666,-1.2472678570433737,-1.1060836019136624,0.9006410832185822,-0.2504307912893241,-0.4798829708953826,0.0942149649416207,0.5046224175392491,-0.6021169677895465,0.15544443046448755,-0.9710503734652592,-1.2028823576043093,-0.034658313166694626,-0.7050745608207939,1
0.3415590475903401,-0.4629358833240703,-0.274924164194989,-0.6719190587755349,0.42465438541492595,-0.6744772726006256,0.0680090743955188,0.7113613777802663,0.013972779940219712,0.7314804006363558,0.6810827556082649,-1.1521543392684568,0.6269507492900416,-0.2809224509083327,1.3605110835124727,-1.1646792075546037,0.05900067518451446,1
1.168384679324932,-0.7698675082494547,-0.7684808148286809,1.0464981369174777,-0.8134143180244474,0.02048546300603773,1.29538669276467,0.9360248921140977,-0.4576500571158621,0.3585671410310227,0.5429469625789751,-0.022411489646271907,0.7429060248918931,-0.9767112925786038,-0.4219267841539994,-0.07146774531497123,-0.29425646651250587,1
0.030484911903412338,0.24518042968486817,0.9328638751050423,-0.6676403997512381,-0.6558917807470247,0.19417723915444773,-0.6800636641976335,0.08744193930870428,0.7934447697488234,-0.5460459577446083,0.01842235563263568,0.19439953828024145,-1.0755454567725693,0.2990982715529093,-0.04780027929957654,-0.005185295339941771,0.8816599466187759,1
0.25255616066437764,-0.6298740305999195,0.1739299429216159,-0.32189986030353457,-0.07660264436822166,-0.07382624246001036,-1.3816055117910298,-1.0386612498585241,0.28715600790389667,-0.45540647347488816,-0.8882631896817066,0.7792026881710401,0.4327920111882595,0.5906197174634498,-0.698561172691432,0.0028064879067960314,0.6252640905972419,1
-0.9283878139749832,0.3319344509574848,0.2040990375908323,0.47305002706193283,0.03600229209400133,0.46463988713290955,-0.47526644372945565,-0.6788863969227307,-0.6699177048279742,-0.6665300467603967,-0.030323490565972985,0.38574590687492166,-0.39739687900724596,0.46834784237867627,1.2570961502229556,0.2767391783306427,0.3006238432736278,1
0.5293136023007592,-0.7211920378772141,-1.0774863973922513,-0.5754898064338358,0.9023536644119112,-0.8476819735226359,0.11973367669257785,0.4573390418420234,-0.023756401323784447,0.7310104135009525,0.47942240346911846,-0.9371419226531387,0.7367184051721367,-0.3713208392587764,-0.18203531166026993,-1.3597270138366513,-0.8145663198932869,1
-0.9112407698946519,-0.7664618601008842,0.2729422859820167,-0.12062143428286562,0.2764383215676468,0.5455988380160265,0.10336140632932518,0.7086075554461453,1.8634994049987423,-0.6110172976368541,-0.46907151551805537,0.06762700817841115,-0.3219762949442163,0.03405313904238236,-1.120157097938928,0.11747131590244127,1.0549799085153324,1
-0.002242518605525123,1.1018535677980699,0.6075109744360357,-0.6880045422765985,0.10557090832161455,0.5005998376840521,-0.6758832353036869,0.5163154237498996,1.270202349563919,-0.4362024289456239,-0.7382063633627438,0.3849960551356018,0.501714340991342,0.011545298154228875,-0.48315266248973615,0.3441621925017568,0.48798314387690317,1
-1.1882882877844285,1.7925636618892118,0.3768052616859113,-0.5645223430412486,0.8217489337546384,0.6260434483162134,-0.08712195512885454,0.4690755676942508,-0.07646116292765494,-0.6004773694282619,-0.16285332255288443,0.5495730020791549,0.6966429554513773,0.10790645813023464,0.9055940596033327,0.3613359464970047,-0.11136673547658667,1
-0.4212081982149558,1.360667162838737,-0.8191044875409981,-0.2157210188152021,0.31414211909827144,-0.05147792212633231,0.2221734277346163,0.6196427947120993,0.24053372170575404,0.01430872556963783,0.4806656117578885,-0.3555829605111012,-1.1566508558652588,-0.6046867197998994,0.4470134120156188,-0.5770329558225499,-0.8271797547935161,1
-0.319158955315425,-0.5389184201411668,0.6024516770716687,-0.05679277905296841,0.7984653833940266,1.0336629547758904,-0.8451970132453641,-0.4333107158568364,0.28951143292623716,-0.3375651312715629,-0.7195236021885822,0.7097423240454298,-1.0642078788445704,0.04153548918150871,-1.3351421355772288,0.46959514605918756,0.7526215961644303,1
-0.47442902251617847,-0.6515101461847602,-0.9170576263674676,0.6924554283986114,-0.3116148970502393,-1.1304375962813382,0.4364196728785387,-0.3211801755858131,-0.9104916567627642,0.5233345863127327,0.3648838552289976,-0.8338943289086026,0.17854982762604818,-1.5631598198072085,-0.5806923996758467,-0.6625515819779472,-0.7121340557304091,1
-1.1659046052324256,-1.5770532873930632,-0.14383792746859989,0.4262314410154997,0.5246803774238215,1.168104997483508,-0.44761673377552935,-0.7090019897003221,0.17194253631937517,-0.8058109126055535,-0.5190184317541701,0.6355050766185809,-1.5374946099677627,0.5180951906005772,0.37954267613705095,0.3028905306037984,0.9610528738389142,1
0.16994769207080804,0.9685799905082673,0.5404626735907411,0.013429310841480302,-1.4026403341273699,0.1886938226034286,-0.7937350691140169,-0.4420033198912118,0.04461891622597181,-1.215475218168513,-0.05075994472641339,0.9591316036847435,-0.26206046943178263,0.5348675979275156,0.45304345870100127,0.4582103408314671,0.3668500328114869,1
1.0902835538698668,-0.5428834058765399,-0.3381258627725092,-0.43913280509256175,-0.43995472984619705,-0.33685045917531814,0.29512817118637646,0.6675033980849773,-0.578864337729582,0.3830196757598347,0.34270320591674747,-0.7862674870171045,0.6713468727821493,-0.8328379743125011,0.8686429022402767,-0.5654933742188689,-0.16721033885161302,1
1.4821651793158734,-0.43744968324847516,-0.9816827295644782,-0.07449225236130606,1.8563225363088898,-0.8486280984074275,0.6763059715982941,1.2198081946742159,-1.832742963028391,0.5509221390405745,1.257750464120333,-0.6344974976733393,0.7974775094902559,-0.7817171457261458,-0.06083959249192675,-1.2605044296398527,-0.577661670733575,1
1.2930930069723476,-0.7438438552215844,-0.8583663490478902,0.5082147669370255,1.0296745318116987,-0.8263491861898904,0.8979261443793968,0.731960470417214,-1.3819585265509338,0.6387869795034774,0.8099312202683009,-0.8727673454281902,0.8731390566974534,-0.3753733985607452,0.19821309228423065,-0.9867066290412846,-0.5384426262558302,1
-0.9257439378832898,0.05435351005942423,-0.055989849099860704,1.4502327909199002,-1.1810498273053875,0.30471796857954536,-0.4421635977308075,-0.9675080604173752,-0.3521489857279884,-1.486809415719663,-0.031793336591607615,0.38438282265897444,-0.19240462620664253,0.8759405600446049,-2.3559973790629947,0.5334524433046938,0.5050805248871177,1
-1.504853079115964,1.2322359772846305,-0.6131611245627585,0.645443015453774,-0.9282173713962653,-0.07599397931510282,0.5050320546488709,-0.15726255858842672,-0.08647195937435774,0.37523009817900005,-0.12402544645566535,0.052509734624329944,0.4468916740657521,-1.3277091708022952,-0.7840405704334874,0.21970803113757348,-0.735639837346819,1
0.558417145310924,-0.1552331230087001,0.4555890061453182,-0.6308248649536253,0.6136279855666922,-0.021000842404894065,-0.9693652805007708,-0.3676528116170999,0.7425287098658393,-0.411544911504806,-1.1619421233471692,0.3927792217844786,1.0306129276668088,0.6816623936746957,0.09230239802049953,0.08122983957142624,0.2937450707786804,1
-0.49118551442175723,0.6690424448310407,0.8108973153049349,0.45311855124180866,0.7008784798906594,0.5756301553304267,-0.4734948563813732,-0.014013729716646816,0.38773734617901423,-0.7202037847978379,-0.47418353678875763,-0.14078719797791286,0.042734377652959066,0.086757961290828,-0.36084608895566517,0.5738171727683257,0.05819921683178706,1
-1.9604063530835143,0.19904211304794847,-1.814964270580007,0.8758739004314928,-0.1980604250027288,0.03200219519545081,0.9602690697534629,-0.7875314632280981,-0.4686312087210551,1.502178948451311,-0.5253730753109902,-0.9325300405177328,-0.8829227696113504,-1.0352325375822498,-0.14103810894445074,-0.4590206939154106,-1.0145963679549113,1
0.1447666197707394,-1.5415782855249867,-1.0527178486107531,-0.7679114358156507,0.861761948384478,-0.16388431668149547,0.38852196587926957,0.5262706482252469,-0.24990448170950613,1.1070045353305777,0.47894210114028585,-0.4544628891293923,-0.2598677703345943,-0.8832437512155147,-0.6195526843973028,-1.1797170168820559,-0.1786512885807727,1
1.0024984966063193,-0.33887123596200003,-0.5483443640503707,-0.9282951713035806,1.3541281144008652,-1.5199488991718504,0.09117311490646027,0.3722895783416651,-0.40978039752464984,0.5538319266131041,1.0845367526382093,-0.4174176317218842,0.42193808788874865,-0.18475129025472597,-0.18555858447665494,-1.6044324921483075,-1.4453683292386088,1
0.4211678002100483,0.4504069424104162,-0.13811697609688928,0.1031092098186749,-0.32276610118175764,-0.4482199214721964,0.7709152824590412,0.3227155379050303,-0.6988844985109428,0.5925373069933124,0.19210910865177072,0.02030108781979429,0.999413063016601,-0.35119442284699887,-0.6591638463980253,-0.22333894643112198,-0.3821765187419633,1
0.7003426192421057,0.8872246181997104,0.4361670342207295,-1.3699344614887703,0.35507862561730036,0.25930260807483363,-0.04183452601869209,0.4340159488844558,-0.7257696549969805,0.3715882677019272,-0.20489793982872373,0.7103821832621433,1.2367843189977668,0.24948665053112437,0.21017396481933887,-0.06902562795446075,0.04628219495862839,1
-0.006545199829420859,-0.92152943069584,-0.14172482182340035,0.6385870751624235,-0.196915801330674,0.21218944878158652,-0.3702189441102273,-0.6887785804652284,0.48940006776816525,-0.8639062424977924,-1.0709638763524747,0.8151156215833166,0.4479939512746227,0.4811808076997111,-0.9352700707409501,0.463839046654842,0.4643356224579009,1
1.703754886602044,-0.48951694286267183,1.192634906014279,0.6431691686025075,-1.296807475995353,-0.3493189360166587,-1.668808484846324,-1.4466761875130076,-0.49005367789332405,-0.3424042386706567,-0.25597071096761637,-0.0178234592696517,0.6882488173133136,1.2825915628874927,0.25893144089138304,0.14549737820803965,0.7247010939803508,1
-0.8233253315494015,0.764640301864163,-0.5080983013032149,-0.728725131925652,-0.395315345791913,-0.6122945667253263,-0.16483685583677946,0.1861942996364356,0.0112852274900849,0.5017519192800673,0.11570943833528602,-0.34538616936455996,1.1748592320421376,-1.2988101014876252,0.6597125608914957,-0.5292988610090114,-0.5881832830385993,1
-0.7291401939362818,-0.858888329008941,-0.17483713079420257,0.7803208558448087,-0.829362831389846,-0.21372153109575934,0.7735078508752803,-0.6903641188483284,0.4587500302053325,0.5230321608831441,0.1764586096738943,-0.22330488743933866,-1.4723368991379628,-0.10680357147264602,0.9137682669358109,-0.2621134225960465,-0.7078576698598946,1
0.8595961209395712,0.27054194738841253,-0.3380447954170416,-0.2866457354182613,0.5379049023983703,-0.9189248099454506,0.4517164976845024,0.7470674353685444,-0.8957656892914491,0.4002869377988914,0.8298935184464818,-0.6550121788219938,0.1658717849867093,-0.6058990859431252,-0.08232516274137042,-0.9222692516225335,-0.4492924699588879,1
0.2941654010893697,0.33325750272095755,0.2552189597727036,-0.19336255564643057,-0.9091874227351271,-0.2563158838430917,-0.1879119712557591,-0.13110549602345734,0.6064307057928889,-0.31244591661688753,-0.5439694396497038,0.7737566639215157,1.6725203399369155,0.5160580624214709,0.5509037715242214,0.1792641706569018,0.19512451215436108,1
0.9171323338282114,-2.607162109256488,0.0336710358297973,-0.7271237679850037,-0.5482910629051596,0.34864355864328084,0.8311446471781367,-0.23441939803116146,-1.108270530326024,1.056636567257052,-0.03758966572559981,0.14577883512089015,-0.3181019912647503,-0.014780825224035439,0.6557309592589784,-0.3830141664055233,0.4085156986497158,1
0.21525195027100089,-0.09182230773764062,-0.622626542113689,0.3723638700651688,-0.33500630432492806,-0.5838204819172431,0.5546948091547023,0.11277307461877778,0.25828366141920944,0.5446095908567095,0.4959638825537758,-0.7714173528343162,0.23038097555768475,-0.2815589044313547,-1.1009818864179441,-0.6931747695728581,-1.2150234965301139,1
0.05638656976171363,-0.6392392055294873,0.4661222048375308,0.025186984457865172,0.03207172211906365,-0.06721403703225295,-0.5487237022898203,-0.5025231657413737,0.32802497855501506,-0.30094013311676826,-0.5900833976421613,0.1778760534370541,0.5553839843956514,0.5425791174746284,0.37839802453268007,0.05336977867830125,0.530876584902667,1
0.9116551404982872,-0.05628741575964477,-0.11151384216225968,-0.4499900181338317,0.10957631625602482,-0.38711999821542065,0.32149399298077913,0.829193071439613,-0.74393222204271,0.6291863352531596,0.6091848024096059,-0.6577093369114841,1.131574778631192,-0.7228491561510193,-0.6152223100369341,-0.6257381126288809,-0.21854079632577786,1
0.15481064157724067,-0.2668777180516078,0.5411275027040413,-0.5097752159689786,0.16641213863037033,0.38310649500902516,-0.7669275102482691,-0.42266667103733035,0.8610452318623935,-0.04015730623965878,-0.858481137465176,0.9328841642324501,-0.7847186494111388,0.06798015329986112,-0.17803799826155303,0.20817485821166135,0.5655306364917313,1
-0.4871547665273409,1.157421934418432,0.7963735280309003,0.27479097717509243,0.7335223138998898,1.755621361311594,0.5457221874685303,0.8117618760107957,-0.4186351520091558,-0.4666278879619092,0.20282404809074697,0.009018631615114996,-1.095711225438688,0.16975241903650384,-0.647631382070499,0.7799314341862726,0.005273489389387967,1
0.2442141811029748,-1.2070250046429298,0.023634358788344485,1.027541861849593,-1.8060042233504072,-0.22897156576207128,-0.805865170534777,-1.804177835321288,-0.5955631167221588,-0.9996172487824188,-0.38560344531205126,1.2258602020653437,-0.645397680336583,0.8196656381065793,-0.27114558477632134,0.34544538862139706,0.6941710935010449,1
0.7311907206544528,-0.47595955424474234,-0.5508567476502254,0.3459002586859952,-0.15286952976232604,-0.8458638046916558,0.5171069577411246,0.22040735867932482,-0.9151154251129222,0.3162310559815812,0.6902348825640837,-0.7191684502825878,0.8322066378917848,-0.7721099167499667,-0.7014851071847471,-0.6611302495896729,-0.9745280283108703,1
-0.25384636462160426,0.041692098409365434,-0.080984559178324,-1.8878126463868676,1.5076373433584194,0.1529302008544983,-1.4170932661320113,0.16705928451086072,1.6870419433293118,0.43656012398981053,-1.3683620648517567,0.39572353883550027,1.3164462497777636,0.1495863020930239,-0.037879257191280616,-0.5051183852006357,0.7122367682385189,1
0.6556166439512874,-1.2440442540992853,-0.5715552329395718,-0.3745396856726618,0.9717142278730345,0.020500343325576244,0.2982530710816331,0.9181444241844089,0.9022088214886886,0.10894657575269125,1.0895807360350689,-0.11307747678098025,-0.3374680512617889,0.26452700237388493,0.35236649513634793,-1.0716449502585874,-0.6411034457904484,1
0.2658462897672716,0.5842444201061063,0.7374832065768768,0.33106513450803937,-0.30676583419105435,0.40408828728917984,-0.350876019697392,-0.2922978422856897,-1.0822381866938962,0.042795613169011266,0.29736302914024476,0.03326854735034541,0.8271341480665918,0.6428858768663273,-0.9072378482728253,0.21011870066797952,0.2822641904236126,1
0.8070784152367163,-0.7690652549585886,-0.4276028388561226,-0.33046732694928194,0.771147207058899,-0.5914813944918691,0.3285844638167003,0.9650302626473283,0.36959330404460095,0.40330940930805975,0.9152046410991405,-0.4964766717064763,0.8764681959092536,-0.07955764746995668,-0.3928680153758229,-1.0854021130546652,-0.40569168504925107,1
-0.3290832558471198,0.23102044151179832,-0.31163179068571745,0.29252784538756327,-0.7123611204565439,-0.36745550553811007,0.7824707826834999,0.07933877348211575,-0.5762928787058619,0.9224379352902522,-0.03284837377143801,-0.11295548305350671,0.9981149370467334,-1.055372550936848,-1.4816577886104234,-0.09126453531061497,-0.31077829840401194,1
0.15218956425106053,-1.2103498047553096,0.22760447218526564,1.140737725218072,-2.0970504958167835,-0.3673532546964257,0.8158781633145279,-0.44697963168312926,1.077704112928846,0.07253047986033939,-0.1351319440997173,0.04185357939312137,0.8340618635301399,-0.2535956316667802,0.5202723128918809,0.31483163922847046,-0.723748385373887,1
1.3346829150600001,0.3183000876958967,0.6841849686505235,-0.1743423300415482,-1.05065357379929,0.03687194168885364,-0.9731106557583855,-0.9730834435142137,-0.5023991390476794,-0.29190713589907247,-0.5291414783525712,1.011977552789908,0.30959903852289133,0.7898204406858422,0.21404644381861737,0.3324504480593907,0.17947033468746973,1
-1.0057801787146563,0.4980920282398334,0.2371585647056534,0.7887768358469095,-1.1525806773199359,0.513491544895631,-0.8264621200760411,-0.8617130786459294,-0.23289837000222446,-1.5231841753966655,-0.03133792144972389,1.0269604621730144,-0.7699433161914108,0.19682494510694565,-0.06456006973368306,0.6991068587750073,0.5074783587941745,1
1.3334723369412331,-0.792775331305184,-0.4451038432855299,-0.4014821021883542,1.3103598163504095,-0.49451817979160617,0.5272924601709924,1.3643780184244727,0.5342299680956855,0.6308043350186303,1.3011764182782548,-0.3123170653166591,1.178981854956079,0.07482865400173686,0.2924318929902212,-1.2577098377581144,-0.8889850723780703,1
0.49050000003692024,0.00015240016322572557,-0.5564836192014433,-0.8528775397168511,0.5630780491048168,-0.3379524091636553,0.30022478550100734,0.7275197444026279,-0.23963754083496375,0.7940010342115598,0.6135021083998807,-0.4723950016489482,0.6992243087358556,-0.378313148185421,0.018999531708436893,-0.9728400310818189,-0.6607280950123996,1
1.3862784298486925,-0.018890135128673904,1.0906805754182243,0.74804246488502,-0.9461835798511442,0.3562988323997875,-0.7322463430220895,-0.604540425805115,-0.0005727621516188164,-0.41344622480842774,-0.5495745179503458,0.40175696607761463,0.31253605244520716,0.6831078790200912,0.47577464773516065,0.6849377159006287,0.5239726071752254,1
0.8644711589029469,0.14543297187148918,-0.46694813964968884,0.25535235560303315,-0.7662374112396635,-1.0680536696374094,0.5347131566493535,0.4150630411785125,-1.141924150412,0.456669290928729,0.3000812405605441,-1.144549698566475,-0.2180637519172505,-1.1278607870417705,0.5544871664883803,-0.6302121895706729,0.22813013463852377,1
1.8886990258249412,-1.918167769341198,0.36374062121302597,1.114604983620611,0.8860067928898808,-0.6162592814758397,-0.8855400439385537,-1.7059000652488983,-2.2749420009077292,-0.27328589230443756,-1.0341188225438758,-1.252894029896486,-0.2754252875276233,-0.642597903245996,-0.3273979273418528,0.18443215103678598,-0.8429739518245886,0
0.7346397026073507,-0.5960752596419274,0.8934999903262905,-0.8021589782891955,0.5007746950348667,0.30252493187591334,-0.16064457824542794,0.32526060604066587,0.651154172628319,-0.07861633448327865,-0.5436178942944287,-0.1305601949607257,0.07458362045342981,0.278912041045137,0.07541876646474174,0.0268464784403833,0.25283456978857943,1
0.42798704980042,1.3544273339148016,1.0377130385626285,-0.04156437870850862,-0.5239126040395883,0.75976524019724,-0.9791206418539019,-0.28048810865265983,-0.040961244948894394,-0.8143872901703418,-0.340377615067087,0.6949259346477019,-0.5046580976877757,0.40518862815034995,-0.29652294867985346,0.7204927962369475,0.3538228624916742,1
0.4330612423002694,-0.5540707076249205,0.07749662789269066,-0.7401023876087819,-0.3596320772248689,-0.17997588769561476,0.24231358166617506,0.4963019410748315,0.8376072809157975,0.5786004701772955,0.5556665291246381,-0.4880138481562867,0.22382369566211519,0.07999425679885683,-0.3444698222738504,-0.7539137681437951,-0.47970786046322117,1
-0.7996326594450027,0.12844007147947126,-0.8792892280816654,-0.6272654578845696,-0.10085203751857481,0.06687735021345104,0.6643649698279506,0.30595511348787957,0.21290290498793682,1.5390545638691615,0.2639447039811919,-0.5308703342604506,-1.4992463333671466,-0.8365110494841833,-1.1924523280115065,-0.8998404696244214,-0.21185418596478744,1
-0.3645038856383144,-0.1268918553469378,0.7152159979408952,-0.08859966926335715,0.6306204927670555,1.055673236725135,0.18961648432283718,0.5512681184005624,0.2585111322684133,-0.3065214071812468,-0.1859478454033569,0.28408733262330743,-0.7463133585338115,-0.07603007107827688,0.01960341014518038,0.444747504378734,0.65331122181722,1
0.0727520589759693,0.5504147779806052,-0.7781318067625808,-0.022557579939112882,0.85515376551706,-0.7557709434386293,0.17752371154402483,0.7259124997776771,0.43154324148119677,0.34667620751707146,1.0328010634419693,-0.9767133643422398,-1.0675422500140994,-0.36341482487378546,1.8712044147926625,-1.2518499092961755,-0.794847845167772,1
0.5393808306748351,0.4728296751855081,0.690242113490331,-0.46383357256642405,-0.9179293528234375,-0.059459580783834315,-1.3250929740682118,-0.9098412945923511,-0.15805535089078834,-0.5690261879700744,-0.4632428454263716,1.0504395431303444,0.06799904208606311,0.47723547018247686,-0.43893825754957927,0.24124251737381014,0.5371818424462885,1
-0.6486334175002632,0.7909903232929028,0.3371926746164094,0.09126441176673858,0.14340891920822793,0.5618154741101555,-1.1112675254474584,-0.5096469687968627,0.0764237589441713,-0.4017455842452543,-0.30591854866276674,0.3172419352770597,0.1832434779927142,0.5771976037988751,0.4523795011020153,0.20467232513099443,0.5708316623207162,1
0.513861060090487,-0.15389265613248018,-0.6265297274877891,0.05705447530242765,-0.17010752248318467,-0.9333120796832227,0.7098195537831861,0.2081844655387401,-0.617700407951005,0.9389207154086847,0.49557770191644485,-0.47268562698218924,0.6991572363173663,-0.7644827622871032,-1.3906689604321931,-0.7892283637662441,-0.8873573458398057,1
-0.4838313906710661,-0.766885867164654,-0.6523425224659787,0.9168888950939172,0.4572015840954881,-0.5708132429735037,0.5647047459983976,0.31514930628600657,1.0556493758378642,0.22703816856712825,0.6465832070791844,-0.006931270912522934,1.2566069448207613,-0.39010011130271677,0.589076400672758,-0.5565489790697631,-1.098836285698691,1
-0.12207618328071436,-0.3959996614591014,0.20250171057473235,-0.36130706028094617,-0.37670919316393603,0.49871044933223896,-1.0793965627230686,-0.5259728144390402,0.4142966002621351,-0.45963692933757844,-0.2990420366341628,0.48146238316993695,-0.6770818684480769,0.8602660544936556,-1.3523470052916737,-0.09721557330616579,1.1336839059407688,1
-0.1910089014188421,-1.074059049732554,-0.9772503133361138,0.11883145295832591,-0.2270822556404633,-0.8755884714848003,0.20997147528670113,-0.14110286294708596,-0.19821380622899773,0.629400264204993,0.2629654037258593,-0.9946736601270021,0.20594695276435984,-0.9599809927994882,0.4889791426471327,-0.9395871208586404,-0.48916526243403174,1
0.3824269387443759,-0.3486050155705863,0.22940259947456176,0.3158900057131586,-1.088696734167286,0.08240190996918681,0.6812681056525842,0.6461643329374782,0.18817200306417073,0.35735207610508535,0.3376881413797842,0.3042366651684726,1.3208686042532003,-0.9907446164369129,-0.1254928688150559,0.21074010035413923,-0.1356824661750451,1
-0.5501029272368216,-1.3050301758711191,-0.5233574517697824,-0.6345590952127592,0.39990533964119973,-0.26738305274211815,0.2341164774314179,-0.3543195952774061,0.16241338773122088,0.8912078981518519,0.6051391077011056,-0.40573986566667736,-1.1561324219519415,-0.19307757431575986,-0.18632955457413752,-1.092267555244274,-0.9201066242815418,1
0.775382834407891,-1.1090851497286132,0.6080972867041656,0.6931487413307459,-0.028180878556311857,0.6972049373750187,-0.455283605229299,-0.9075354649928538,-1.0720987307480352,0.007999087616813273,-0.40898336828150506,0.4978832976701261,-0.21148856156058168,0.6566819154530141,-0.8987768148914294,0.43260976404282153,0.6984090881120122,1
0.44426940044448104,0.4847948746123215,0.683066674510123,-0.11824875710780543,-0.11432226725720747,0.028602293665562318,-1.1269029460374347,-0.5301058602153355,0.5560079934022983,-0.4425942943877996,-0.8983573464421778,0.4975099578611356,0.9822826487063492,0.38354907948539096,-0.25432004410661757,0.36740872383467094,0.2660444383208903,1
1.123700467914323,2.048163250589181,-0.33900392118830186,0.861762652704627,-3.7107844465022564,0.6928316704889981,0.46249498289402674,0.5570880169747797,-0.18804337513821573,-0.5074256512761521,0.8331945109473875,0.0072326546748621295,-2.0034466772831725,0.3951668987387747,0.5944413872651743,0.28371859584962567,0.6999647336718785,0
-0.2708502917171327,0.2838407124921058,0.710262834934944,1.3154549081111482,-1.3507113291654875,-1.0845632891396133,0.6925375396241623,-0.36149576702036207,0.5396489999174232,0.10371961571275984,0.25265667448673196,-0.1401484239861837,1.2572498286151494,-0.25208534749316636,-0.917559018109231,0.1875251714773898,-0.7828141739084081,1
-1.178327121350287,1.4563254728270396,-1.1798211881898077,0.6115344702015723,-0.1450450294377718,-0.5800001515348607,0.41971837974076015,-0.22288336391481323,-1.0652658544377471,0.6411500964021671,-0.27214691586660245,-0.7701542557285692,0.1878784549777446,-1.6187459567659348,-0.9763636973841033,-0.2284055717740666,-0.8409730660093625,1
0.2511691274396163,-0.028777876003601904,-0.5035646042464811,-0.039535930456892056,0.8806195213453893,-0.35005438238162867,0.45667819756338285,1.063360160898169,1.1840830094479287,0.19695538002701496,1.0370471154801844,-0.2741713766087203,-0.3116712692460703,0.0003252565710569054,0.38688848027291617,-0.985422044426347,-0.7709536617354232,1
-0.01657492718621039,-0.5992844131441184,-0.08356338691884274,-0.21588135255072763,-0.47952059428980254,-0.19082795739768715,0.6065031702107346,0.10242005191997595,-0.8504705992139853,0.8300199965114706,0.2618886301468784,-0.029902133433471145,0.8576194919064895,-0.8647938613207045,0.22644559033962905,-0.2612572723985943,-0.1786381507082792,1
0.2838671900437399,2.1734473043835156,1.10450787208066,-0.6503601382236129,-0.0205434749646372,0.20214683638203315,-0.16492328094420003,0.6353107243355606,0.05769880575565908,-0.011055524228866525,0.04427612933233755,0.2793068499220864,1.4611472340665534,0.19385932111776122,2.09717949403159,0.3167899479026438,-0.2803246392339697,1
-0.7227340211861033,-0.0389122331665603,0.3622558197335058,0.07429124468820268,0.7534488161868017,0.45026898835695434,-0.20102733308793022,-0.7917865964111549,-1.6757349823863612,-0.2402849765527707,-0.13706154290976613,0.8957105956055068,0.45348083510529374,0.24425667787968033,-1.3619751932678104,0.3496766708647851,-0.007602661504865509,1
-1.2630703811474038,1.164023932375754,-1.0286174608363992,0.5384745436155647,-0.0866873236930889,-0.729008605040305,0.4106335320254787,0.04378081204617428,0.3127371056042639,0.5552691855602793,0.6366501417268594,-0.4292784914691255,-0.5860219187885091,-0.9530091094052634,-0.16629602826671314,-0.7292414881337604,-1.1131182268994084,1
-0.07875806300788218,0.9863134920431212,-1.251677925052908,-0.787130009668209,1.388264268813478,-0.2973068276398828,0.5840339619948599,1.1693160828360607,-0.3705077334905458,1.1912997517658708,0.8350305050926029,-0.18771308026071454,-0.25503710991059214,-1.0379928380144166,-0.5144331825683381,-1.202144187087976,-0.7376459273441672,1
-0.8841588142207029,1.1118548363455318,-0.2601905583781214,0.4759142115449282,-0.7786734537218261,-0.4553271683832975,0.42486263272036406,0.1404744157103649,0.8476214954632989,0.23636352494408477,0.22493237366223734,-0.3882399348380735,-0.6392618266778767,-0.5388221623611433,-0.7282512525756579,-0.26460023282531603,-0.4877969694311327,1
0.14573921262511766,-0.6490548314089047,0.9607725857522443,0.3916771180621302,-0.47658010345805535,0.6118055392649164,-1.7194927957248358,-0.9690263173094675,0.9429478223469622,-1.025315728076485,-0.8306416399297014,0.4477253307870955,-1.426018020573963,0.31115648794279305,0.49527037918246514,0.5755371673884515,1.2373906441408253,1
-0.32538094644092913,-1.1203442777040797,0.013752971380691262,-0.6126030891474058,0.40121440802644864,0.42237234473795493,-1.1581728720540994,-0.7941754445445828,0.1582164701919691,-0.5324829080837409,-0.7483349277349636,0.8613599641214348,-0.16987213877354448,0.6204665459168461,-0.29962780570130954,-0.05974497190123535,0.9900903003302013,1
-0.4868405297308392,0.5232423932581676,0.661570384402993,0.8154065722058325,-0.29328116772330853,1.1155093588770237,-0.43071298253821444,-0.5283691498314373,-1.5093126002617419,-0.252916660621301,0.5912140693735806,-0.08145883253636278,-0.7375300216558627,0.7066612504141281,-0.6009233931328092,0.3948257475609916,0.6117412769748267,1
0.6948144785666569,-0.9491446154415588,-0.9937795597730287,-0.724694852715946,1.551071077122198,-0.1335380853967027,0.5126219283130812,0.46824876449593167,-1.0998452083221821,1.0515000376428112,0.12171821990940947,-0.8104587403215538,0.8647454095334117,0.21535639373089704,-0.8929288685728759,-1.1212898838508512,-0.31758463763891115,1
0.18664978809585286,0.38909456532702863,0.6444102854750123,-0.5495844464314945,1.8465486162142652,0.9581029480597769,-0.5505062989849797,0.5765562720735592,0.21914738256903135,0.005925766431742234,-0.6856728817258595,-0.41115364263085946,1.5557941171409813,0.7546839901014778,-0.40136529986436015,0.14978927694572905,0.37514404479698216,1
-1.431849393902812,0.2095890684830953,-0.786205118944505,0.7932529490253785,-1.0917734802510022,0.22970187108846518,0.9567999296824286,-0.9418253588577274,-0.4606738652065337,1.031996731200014,-0.4277063722771709,-0.3061860479657582,-0.8444756756555752,-0.7182318391140947,-0.6716623004880309,0.10216605389316548,-1.0419252212571668,1
-0.7424048002482153,-1.4464530277767058,-0.07708841672986451,-0.3846692181939904,0.9297810655437393,0.6648816595818311,-0.7569967193087271,-0.705534903038397,0.04721032545597941,-0.12646685666758442,-0.6816217372494203,0.5235585354904002,-0.5635882768808059,0.36449139779228107,-1.0287532496316627,-0.09665849965863818,0.8314904868938705,1
-0.591091704845183,0.7847413197257003,0.47456087967167904,-0.6032875882228916,0.23198077629550698,0.7197826929238147,-0.8416579188582128,-0.1494146412738844,0.1629772826293404,-0.3765731891984656,-0.17128710967600863,0.6721133609496562,-0.24445520822487707,0.3315298752991999,0.034294110731204565,0.17895186681814348,0.4135218826236427,1
-0.5752918236356055,0.21636791808122743,0.07363773073139339,-0.40227168459056595,-0.137695411274414,0.3190507034351489,-0.18551179751789756,0.1928349113581442,0.7693505786990688,-0.7516511537637665,-0.533464468339875,0.9047647566151874,0.718568977418185,0.24027083290250728,0.744323155496408,0.26637700573599304,0.4926766092638657,1
-0.4711842870536744,-0.00015240016322572557,0.44626513790511396,0.7496332883204572,-0.1065531585622545,0.3120953761714146,-0.3189664301274523,-0.769685180999181,-0.1858389232057521,-1.0812057375749768,-0.5901353026402475,0.8156099292947383,-0.11809288916898922,0.3006967786612594,1.3423234305162306,0.7178700968275948,0.05293242701163293,1
-0.09741606921716658,0.6086800902575564,0.6121891831636102,0.6231025215194717,-0.1949671068197412,0.6917136566316691,-0.8093260298386313,-0.7027382231929284,-1.2258249892179864,-0.7577340875085936,-0.07752037475191198,0.5456734332062813,0.004393988983524045,0.5347429997044174,-0.38646066950989066,0.6064435517691583,0.5534411854343841,1
-0.29416149256746255,0.39979393186296336,0.5040134368612553,0.06327112347344191,-0.29963539042722503,0.24406743639033177,-1.1081053410373052,-0.8293747549183912,-0.3838656988990342,-0.7003021203705354,-0.3685591455928919,0.7519437741410762,0.06795255656783541,0.2801263451087125,0.4198619181365011,0.36928072089866026,0.4941586207398209,1
-0.5303255367150725,1.0546679236068552,-0.48623197453042544,-0.11216728335514524,0.9336030466891138,-0.22906854706057364,0.5164776626045883,0.527836000056009,0.3830097688621155,0.544230436121676,0.8324264494427743,-0.11897714417261658,-0.24505298638906564,0.012756682416267338,-0.6443768389857558,-0.7745997915770081,-1.253266851101866,1
1.0538068080806593,0.604391061681274,1.2757429079890437,-0.4474395020737346,-0.5092814749276475,0.30426534930857446,-0.7874609025981896,-0.10826623799290504,0.5215357941720947,-0.4770470952269386,-0.38000912738896636,0.48168743446710244,-0.2614391779629451,0.47001587724686705,0.43431332055844296,0.4045598909859406,0.2710779023679925,1
0.22402649622948048,-0.044069218370424976,0.3881823448955011,0.7864184584092647,0.6009967526905996,0.4445987688737236,-0.36470907192541063,-0.4530238037201298,-0.23236157551954575,-0.2763418431383608,-0.9515357272400518,-0.08918202239668005,1.2883962917653347,0.599978496728118,-2.0383382421815877,0.53636699898107,0.17020132039097408,1
0.9711855819259427,0.06543063829416111,1.1727454335696328,0.458328672587313,-0.6771179506724637,0.08979111729254953,-0.09699095492922953,0.16662005856705536,0.7535792058579679,-0.8808419486373557,-0.4696431257538995,0.2402766073468779,-0.036080821850061305,0.11166715469288192,1.519899335596538,0.6758150481086378,0.29415575904344754,1
-0.7475899926514006,-0.847238485633225,0.005675946305526217,1.0949380992088071,0.20307809278134717,0.8424618231680101,0.01834071577000638,-0.48873736857475747,-0.22454323253527916,-0.7457059745653277,-0.2934197932124411,-0.06198353526720276,-0.5240521503248268,0.7165253168898937,-0.7362996475734895,0.39453395086720705,0.5091599222407442,1
-0.022818663179398024,-0.9525039292431736,-0.7546643988582498,0.8404709149880448,-0.932452225202716,-0.4978180802183406,0.7430892052307012,-0.7495440392860172,-0.26638960481285456,0.527345874870552,-0.1585425372738457,-0.6579609223411506,-0.5491291486993517,-0.4919537674882604,0.49283325637505654,-0.3198025264002338,-1.080774724773947,1
1.4763028344779126,-0.2904424420892676,-0.41324166804479545,0.10631521950238032,0.7248421184428889,-0.9759741559852771,0.37422317052184995,0.8589297574552468,-0.7350952603180957,-0.09690168046151042,0.9532111845387428,-1.1101138511091286,-0.5372613288209287,-0.13257312259257584,0.7006630536524782,-1.0824599125170002,-0.19827634338401723,1
-0.7203697326974294,0.2277320629001221,-0.39691288477198106,-0.34307106010076543,-0.06652162576089386,-0.029339263346275003,0.20274363934726009,0.02850040867307671,0.7420865938386256,0.36833597543485513,0.21089798707910298,0.2456520163066997,0.04510430554555113,-0.3841180945423332,-0.6860735257996204,-0.3847823734328,-1.0200281128549955,1
0.23463761305955208,-0.6285841054869472,0.582875761575659,0.1557470473083472,0.5455642145936836,0.877073991781401,-0.7870528163888787,-0.5361337797249557,0.25833630269380564,-0.0008281853427781423,-0.6365418503488746,0.1676026036423627,-0.698718481102406,0.5768040255607623,-1.3716120865638282,0.2550149208143916,0.5967472981216504,1
-0.6062727113063138,-0.7180510690460361,-0.3846872501797899,-0.28955403374465033,-0.15358705303377804,0.4883906962740654,-0.697952822169485,-0.2975618579126783,0.15382444922640878,-0.5326084718878278,-0.2871870877602762,0.5969327055918775,0.204328666185264,0.6867224290047347,-1.005978766096874,-0.16352892149008322,1.1793474726812052,1
-0.6409713492755208,0.6103778003735006,-0.3879699295031135,0.4770845477202592,-1.1820799836288463,-0.6803314457000047,0.4189397324078198,0.5281010220773119,1.3575886595464284,0.367312242706983,0.2826601157426789,-0.32631289757292137,0.3118672671541087,-0.9585498870381859,0.026493810611507882,-0.35982691189262794,-0.08361904121626125,1
0.3667196523526205,-0.5245335296891755,-0.12855391495386814,-0.1610742298937696,0.09284903573208612,-0.560717826965028,0.01756128964013846,0.10189902264781013,0.2577243301789722,-0.15237091557945615,0.1831685214201342,-0.8066611847661909,0.2080137136324816,0.335161794137914,0.0370793710738496,-0.6638197895740564,-0.3178886025946736,1
0.7524434373948465,-0.9404573090017001,-0.3674350575632954,-0.6450915141081819,1.2809610110741798,-1.2239690336365787,0.038330039799892815,0.24724916985702422,-0.34775312400996583,0.6316300895239113,0.6103925120617151,-0.8324661243936583,0.8583181755259593,-0.37171453169816004,1.0191461484466713,-1.30273649255795,-0.9991674813619641,1
0.3831679526673485,0.45486486193521464,-0.6229339931081881,-0.39212788015004013,0.5272666818715275,-0.43656832920368116,0.3967650319174856,0.7725786917131353,-0.30865526887780675,0.6286104066262318,0.4586809446391647,-1.1367674391575893,-1.3838015715995595,-0.2909601215956538,-0.8762922284377794,-1.044477829410378,0.21550029894194955,1
-0.18060359380550078,1.0043142140316863,-0.5015124438688968,1.8809838188585346,-1.089500860446496,-0.7176584380125388,0.9391195873581137,0.13492209997420343,0.5785603809698711,-0.07205824119040755,0.5013378942593795,-0.6125161868274219,-0.5926354621423743,-0.7422085489993354,-0.7615053359417129,-0.03350215978057129,-1.1926152522630922,1
-0.41351383020121124,0.7264009640992719,0.2397692357727433,-0.7495312468846815,0.46554296761645786,0.4183893677227799,-0.5241964857720833,-0.00723382587031485,0.027703286840024117,-0.14680447897045287,-0.4184547114542342,0.7697659650804206,0.6397867982291591,0.1828938696424239,-0.30208863280179515,0.10835722345492872,0.23870267069594045,1
-0.8553683233287331,-0.2507756968272528,-0.9339723917593439,-0.14635238670436412,-0.8561277940592863,-0.09232700240185862,0.6422878056936799,-0.07188598674301261,0.6560631423467026,1.1467638488829848,0.18924378642231515,-0.37828000472307766,-0.8217712675403411,-0.6349400725497606,-1.6719147017589884,-0.7022356162132792,-0.6044432104192918,1
-0.28966851418332623,-0.5510000915020647,0.4960283395859499,1.276157599566545,-1.0249657435776645,0.7389287864027796,0.0808638257185903,-0.5198000812318183,-0.0028788645950909393,-1.1242289525570281,-0.09854825342164202,0.514474131020747,-0.9772150423928765,0.6010896047952765,0.6809704779135611,0.7562200408401589,0.5778002872633041,1
1.221101586896276,0.9796091524524516,-0.5049780498423198,-0.7884983988700955,0.9787102772682755,-0.512598469177317,0.07110944459146185,2.467070456649695,-0.24791636300820188,0.1825990222405396,2.0673502693702956,-0.7690881312650647,0.12040207019862172,-1.6079029835298178,1.271578837816879,-1.2994918774699125,-0.06276907737136882,1
0.7001668761594367,-0.14426880505037246,1.0446734552454644,-1.0209364062339477,0.19001034827643581,0.13426653343962608,-0.518972995617612,0.09444104355975456,0.21660627163623716,-0.3266176952950725,-0.4403136688890076,0.4984329375657343,0.07467681907718453,0.15575251529407647,-0.21979683504084696,0.13072181518921705,0.4383147077509966,1
0.7672676260955807,-0.054280171124530256,-0.20883080293451625,-0.5240317574329669,0.3388620188262063,-0.5225386524574719,-0.00958584307367167,0.751432036845619,0.3138350645133219,0.13884136859438526,0.6063821953580025,-0.8884016116871839,0.938169080015374,0.23525962374433446,0.0069061806836986095,-0.9193825691907568,-0.39109264744541805,1
-0.4221393925319702,-1.023753466819413,-0.4622619059478776,-0.023520501771143804,0.38247984086608067,-1.2775184621244582,0.3811934306366492,-0.38296003033447873,0.06360363850361835,0.538323832180296,0.7572306439342871,0.04907324333421501,-0.6597355394594474,-0.33458124314591275,0.0008117487357114817,-1.1176201777191133,-0.7689479837329256,1
0.14417610222426447,-0.25740431292503313,0.6997921551876084,1.129642037688017,-1.1737737988876926,0.2737747207829436,-0.5955870682150786,-0.880142379197212,-0.5453865207022268,-1.0427375773427974,0.029924138857998214,0.34779544037699683,-0.2760134759955338,0.6557191577329773,0.2673668511420368,0.5746110347502171,0.5861623082488036,1
0.08809569875863724,0.02806070018313865,0.798555686276186,-0.31717187524246904,0.4275804772677659,0.5140392714700547,-0.6085866472580322,0.08743429556410715,0.28803229612101466,-0.4281076556110428,-0.5694526226243448,0.14810986688757452,0.22630692835039515,0.1325286708049281,0.32472944092088213,0.3343013708767712,0.6695326664381901,1
0.6469518545072049,-1.01970904962535,-0.5255427533550863,-1.0585444482429718,0.6553167764755622,-0.6970787209097465,0.006425912541987533,0.6845821754747675,0.5216982254544111,0.7763291142664097,1.225490513667282,-0.7720996267554101,0.5330461377424656,-0.3552398666964026,0.17392473059838964,-1.5148278637939527,-1.1964662440307061,1
0.09828842577704723,-0.5763175052696434,0.5202845407039559,0.03667156724717723,0.2544765691845001,0.4830360830067806,-0.629321076211388,-0.4625068929417333,0.1704086696251462,-0.538836597509138,-0.7329819782360837,0.6044605400711296,0.6164845762252075,0.7110730792366021,-0.7869603360733255,0.3708481057911611,0.628910041897307,1
0.6153146965843499,-0.8369704496613166,-1.010792905035553,-0.7742358215945098,0.9607307758337253,0.3485008680088957,0.3782594517096467,1.2194970108471759,-0.18665874469769286,0.514392068602562,0.6634122006842127,-0.022980025977217582,0.2652862774839178,-0.9761680871251068,-0.2832070538058489,-0.8108816307868641,-0.33326913906641614,1
0.9100490227664372,-0.7331611886989894,-0.02822416443041305,-1.042456159055764,-0.39097795628743776,-0.23098785402166466,0.13692723448313915,0.6218946397367424,-0.8874658353906146,0.5255501595376857,0.3056107296936483,-0.749476089221878,-1.0135326299033691,-0.8590065406061453,-1.2193935462112644,-0.716834656201672,0.8992291924276231,1
0.3855806442402954,0.18808049508912056,-0.2518796480997555,0.9689844480796683,-0.44855614914401887,-0.9007600954000073,0.6231079640934626,0.39529231156996425,-0.34916965706899733,0.16421918743867778,0.7444056712270999,-0.8767470817828058,-0.21381073273557558,-1.24057379310187,-0.8192973567724396,-0.39850043751914527,-0.7701907296309745,1
0.6332764582945096,0.37089174897835375,-0.8041236409610923,-0.5843635932603402,0.4805896894369486,-0.48746017037570377,0.4966368601434346,1.0039883531288936,-0.458032646794325,0.9429345967597329,0.7076866535012056,-1.1319232069999174,-0.648256978519586,-0.515621369734396,-0.6183061802012858,-1.2111708767900724,-0.03532334786902785,1
-0.7537531839571537,1.4273197857977349,-1.1649627123912865,-1.1716851078978423,1.0293693288587038,0.16166177249582822,-0.3524451576846973,1.4890579849503751,0.9464780916591001,0.26554272618246266,0.7509901957302696,-0.7879559697241203,-0.7266425973020454,-0.9828835743487984,-0.0664415433150671,-1.1462369999170876,-0.2014322867470604,1
-0.11861875081942896,0.4561545370613454,-0.08263306092385353,1.332273578337133,-0.6556777387400731,-0.1976994243144083,0.9328764385409398,0.5051738732681708,-0.049548929859976734,-0.018145233314106942,0.5337791322447863,0.006072953585103694,0.13952352915172478,-0.7009094012952478,0.13249624345495462,0.16696401707972094,-0.21486694748769009,1
