0,1,2,3,4,5,6,7,8,9,10,11,12,13,14,15,16,17,18,19,20,21,22,23,24,25,26,27,28,29,30,31,32,33,34,35,36,37,38,39,40,41,target
-1.2071835119647958,-0.4809373805289594,1.361294159255126,-0.2805648912614989,-0.4851592078120263,-0.10757034329390133,-0.7192523123397111,0.45676385178720746,-0.10832457265382543,-0.48921437960796105,-0.28321549148290187,-0.4195231009988801,0.32687565285723286,-0.6694855332112155,2.06863410535922,-1.1182309443090839,-0.6204082298180094,1.9078604948504145,-0.3983076579779778,0.10483631991892033,1.280462556622557,0.27335435973435335,-0.44484110012734585,0.6178770826308708,-1.0482221499205955,-1.5602579057626884,0.6787813145404964,-0.6594565143479857,0.9313884856562744,0.916352131899663,-1.0561775097153412,-2.2422567011970864,0.008800860439505754,-0.28905987645413617,-0.40872506091059,-0.8850495670029321,0.8157241003979238,-1.450240050908073,1.5037016242253431,0.16202399482487684,-1.1261058329427809,-1.472876470037345,1
0.504064071901462,-0.5014107817813034,-0.42285489173520696,1.0878846316557957,2.8729642412355965,-0.024920136126323537,0.27032962482737444,0.18501900693716763,0.10809540459900131,-0.5764545963698448,-1.5059435748792482,-0.5710037332162925,0.0209405566880974,-2.0958186901192697,1.4968739668018938,1.5744808424127805,-1.4027088813428323,0.11849403841255735,-1.041214237355571,-0.17913241994702966,-0.6151649611952125,-0.7997986943537465,-1.1655140343777934,-2.0046260616651783,3.1832842242860027,2.503421125183888,0.10910409303283881,1.0742586148113344,0.2310386906250377,0.10802566682201187,-0.408183083890083,-1.0042220047862698,1.9755395531486828,-0.08560614751762674,-2.8544560402851236,-0.15023053764664482,-0.3019966728646276,0.6769215624099535,-1.5498655215338581,-0.7892624995151303,-0.14251111487216675,-1.1194328125711572,1
-0.4870056407332157,0.6700263938751994,0.18537389392355139,0.28816392095730536,-0.31433975807700515,0.4952603870285411,0.4933635152727594,-0.71208496816703,1.2847785166071155,-1.0909272531331855,-1.853112001974766,-0.3945275318635227,-0.25353204479745683,-0.7446648118172654,-0.029531717086404456,-0.8893641097529585,1.867599572020656,-0.6912719524103099,0.6991544576084437,-0.6574973177297465,1.1300947822370517,-2.011898222559418,-1.537029477118245,1.0218818135302385,-2.1550333542288658,0.9107742291636526,-2.2023323372773236,0.8642739593300494,-0.7814598296346006,-0.8446213675410346,0.3664403804582512,-1.0540583905274388,-0.8518950626020114,-0.6042117958342749,1.5290075372805128,0.07978902764329666,2.5680149002391235,0.57475240117302,-0.6467639757787595,-0.3708252107704242,-1.7940432852684542,-2.926961398609634,0
2.369304552909478,-0.06403177494112083,2.380771389571628,-0.5750731790691426,1.9815086198706988,0.3201569888984485,0.6747250297163704,0.5070575742793217,1.6926637567469016,-0.28794659905509556,-1.8907144535495537,0.5456262389349764,1.4209593901470836,-0.3655076101026207,0.5123040345476679,0.04701349117466321,-0.4806091172402007,-1.1873558630793177,-0.4255598077758964,-0.252483223773247,-0.36203561578121346,1.4056473011884278,0.6161154608831017,0.990030716487679,0.6823317024686824,1.4232287770660905,-1.1896381221714523,-0.15356593048358988,-0.49180282829262095,-1.513553108429258,0.6861113354912302,-0.4773310675042775,-1.4616854063489018,1.5546566903879933,-0.5589794476573702,-1.0112363954322738,1.6489066237420162,-1.4708847094233477,0.9335556182770579,0.30192532454681403,0.6463206570711625,0.6062136457780533,1
-0.49259696146869597,0.556461930781755,-2.511712719368228,0.02851156725284633,-0.9106279321572177,0.692561769311383,-1.2440610068279443,0.37511551925701087,-1.1293418328357847,-0.6732042058298786,0.967453508433578,1.8830685752447271,-0.7024829832626397,0.9847312529141502,-0.06540059026728183,-0.07429834268226244,0.9512304484207268,0.6402035866902076,1.5475228729320938,-1.1378832050908931,-0.08254134137758132,-1.2522265674506583,-0.16793149681879488,-0.1512973191545382,0.5679684601664918,-1.1665146845485783,-0.6089073823530937,-1.4155620284955799,-0.5872693252693068,-1.1419922470210186,-0.8726230542230377,-0.037076247974941176,1.251430682560126,-0.8220626980098646,-0.995682834255004,-0.4178339795006226,0.8029127511072693,0.25633015146653315,-0.16285804968244338,0.7638125081037298,1.1919471682303997,0.5786844222187253,1
-1.1935363762735174,0.6537296832187958,-0.1527099495215654,-0.9145063835435528,1.033566826889658,-0.4082222653182184,-1.9588935491014285,1.0438343667403098,1.0146310585956575,-2.0198524029415177,0.1189340675365315,0.20665722661581845,-0.3882461928237648,0.250220895134151,2.305633735709178,-1.6694950188616062,-0.17807220094605383,0.6871695208952247,1.4281033257940035,0.6000321998881826,-0.6926042631242304,-0.43901281034200723,-0.05537141414757017,-0.5118416147047765,-1.205615051168963,-1.7130841828398644,-0.7070230366655627,-0.21995137731002665,0.16036224433688687,-1.2093256478633005,-0.5483777944502394,-0.4970154455736007,1.0173385767983865,0.618759610985573,0.24393252842628615,0.14643333674039366,-0.14346477202730828,-1.913958399294249,0.3283368322097855,-1.1990170121687511,-0.7116636629642719,0.7109709317977838,1
-1.100858482745774,0.7351840705916736,0.7829137291142431,-0.35894417326008815,-0.9366129872195963,-0.39787865137724104,-0.8606370264890069,0.6136387465370324,-1.092263084765311,0.7411672184088668,1.551096359776199,-1.6946972338841813,1.3910475675763114,-0.5837009917612744,0.41037293520491863,0.966801591848678,0.20211819051854568,-1.5002921213867142,0.07475860860007198,-0.31779106689163833,-0.5440751862987717,-0.29436787937753917,-2.03813425225531,-1.6642414690689855,0.01039777306344798,-0.44717208486790355,1.0816248902300905,2.6364523151875487,-1.8246437751151434,0.053764284431018536,-1.3965275296404724,-0.21701738723236783,-1.643650263796539,0.529320056925199,-0.5220983998445903,2.249943913680464,-0.1273208548474814,1.554827398292074,0.7836384870777754,1.7930098180116867,0.7907690186484662,-0.019889548470296482,1
1.0688551608251766,-0.14329113994800313,-0.5571712246710933,-1.044065365460923,-0.45045670825240486,-0.3728885556759824,-0.153773080825701,0.2972514564577427,-0.8588663698566333,-1.367936943114749,0.9942498037843471,0.5018678818884503,-0.08997874764573886,-0.2897292909281025,-0.24301637226486117,-0.48754628968594266,1.0990517842359524,0.1314006777710918,0.44215496272843646,0.8403183100260548,-0.2402925104577834,0.7048276112181662,-1.1885831636652249,1.1452550583553105,1.0382613557648364,-0.865947081546351,0.13599767722017858,-1.3788746194200245,0.16673856155671238,-1.4209749962603593,0.35599556603545096,-0.24982285140545815,0.7838177555975733,-0.9220297978337728,-0.9824479837605413,-1.0802666255410343,-0.40858079543275105,0.19361979906812776,-0.7291755230778658,0.47926744109652664,-0.5205229377604256,-0.33963029131632266,1
0.2067387102662898,-0.07565349040044651,-0.0721569767942047,-0.609883097629936,1.4701375648626251,-0.20788267583711634,-0.8256356609253507,-0.30299932743803387,0.31886028152254214,-0.5619621003192776,-0.6354542123988355,-0.19092573339516014,0.756411894496458,-0.7816138082894155,-0.2865016493195471,1.3807963389750788,-0.265316242919915,-1.005110778417764,-0.7819717670921846,-0.4917381095102075,-1.9918713014071514,1.1593345175186298,0.21549887897814593,-0.6008655764685878,0.9805245111141893,1.3399650612545484,-0.9987094243393221,0.289457697513464,0.44369553918567833,-0.3287277029668578,0.05269590507458889,-0.30678917705030523,1.2384607553402385,1.7464347861510836,-1.4860824886926867,1.1173128309888727,0.8237551290789153,0.18629394812459546,-1.1474218027024643,-1.0978041963357974,0.537912255963961,0.8983050575923301,1
0.20319845900248626,-0.6514430508729461,-0.051272714414311416,-0.42343479688987784,0.49279258354759975,-2.548333342079817,-0.6261190619993553,0.2708213012786025,-0.8153476927495489,-0.13975692515581134,0.2900963490267309,1.5902660053157134,-1.7448428024624603,-1.391039427601752,1.7750609458502218,-1.0321649013036513,-0.9444171628186556,1.0700622208308777,-1.1426575237056826,1.1364544923340318,2.4433904380985445,-0.34658246962137434,1.2643066527696805,0.8918935383068756,-0.15011791746559341,-0.7070327945338919,0.9096047598167741,-1.2583964593387253,0.5404353304484262,1.9506025521961432,0.5073901468345449,-0.6309584188521679,-0.1914417242193246,-0.7686372124552862,-0.5463257005675496,-0.9918583008050935,0.13591806323302427,-1.2655146537818227,0.05581646836077302,0.7545664044778039,0.42110479699702646,-2.0779394878643234,1
-1.723292768560859,-1.4970594647910525,0.49945900778325053,-0.4063777350838863,-1.5052217762698774,-0.15711727009776344,-0.004143056326430236,-0.6824557219112596,-0.046572268461075705,-0.6480752671006196,-1.6095729706497732,0.14505590410111963,-0.38461324171950373,-4.149602342147403,-1.374445078455359,-0.9675583689560038,1.1055204207192346,-1.202387572111999,0.8286970400842503,-2.2218815515740764,0.3436099407842899,-0.8318727995146412,-0.02341426548766134,1.0427900190047437,-3.4277975571913837,-1.1793331244349807,0.11184646177874512,1.1013289670892983,0.14489060222726832,2.265739520768792,0.29071752105890464,0.054338999373358766,-0.19357541930121983,-1.134506782282178,4.379137410569512,1.258055197591827,-0.16366033036959707,1.1122430340610898,-1.9086436017719466,-1.884346789470686,-3.137849450325502,-2.1387793642610955,0
0.1591583785373029,0.4561454729399621,-1.4225396218370319,0.6458143827633069,1.7252787593824517,-0.9006780298696685,0.9238486020879625,-0.361934396593098,-0.10313862759871387,2.3727137955374813,1.0367723232405586,0.47311049514445375,-1.5785701066526259,0.21794157938651876,2.209783339336348,0.2221511238419381,-0.5267204041506559,0.3968366828866192,-0.12253709933461687,0.05089554833164494,1.8075528787979496,-0.5237307578751519,0.22404947192447486,-0.33851416604619716,0.011462937901383963,-3.222491462000844,-0.3784853871167164,-0.895500548074221,-0.6073528582278632,-0.1132618218132964,-1.2905723667348064,0.9270060831843628,2.146162274425272,-0.08300417394758759,-0.5344459093578936,1.2723117743274661,0.06251578667246697,-0.20915998003590772,0.0740228509010252,3.2958697239399353,-1.4518853080386418,0.8342597797842765,1
0.370378950901862,0.9632380134963281,-0.31285074715641203,0.11944265937583981,0.8077656478543858,-0.949740451183305,0.09375128065774292,-2.1676395428069473,1.5802475255907564,0.6229274258951789,0.6164317513481775,0.22055962626467426,-0.23623984530509096,-0.7204139652903605,1.1521688596711186,-0.5553929070628825,1.2099337131792374,-0.9744365110778842,1.2532635923230842,-0.4137639546528264,0.7941286253762613,-0.6914574885252242,-1.8300519705237903,-1.4743640837348566,-1.1624209109271175,-1.5288982110033527,-1.8133802470089775,1.4543885150116722,2.035708585031683,1.433292610728036,-0.6575500045122579,0.5552502842788579,-0.2672696661926683,0.26814611899842705,-1.3500849757802362,1.6740392815349723,0.3111001995664944,-1.9594523316191095,-0.5259895376396843,-1.3943522181286438,-0.9237608783313698,1.4697199700763328,1
1.8424868766165172,0.7280130538594507,0.016968364243095117,-2.0282840180037476,1.7968443717210256,0.9748735283074625,-1.0172672630415804,1.7132133746582912,0.5381053291527158,-0.29044473006726834,-0.6066772469674843,2.400068621702874,-0.9451057198137978,1.2551746938240442,-1.2777847969014364,0.48419130623235956,1.214493031006642,1.3937458855770828,0.38358549637750444,-1.0407580841601078,0.9683671635485875,1.4700688470922998,0.7298096308803346,0.662571512789954,-1.8791454632109825,-0.1212133922554947,-0.519141033376823,0.7423167141950783,2.416420763289899,-0.55458221514139,1.265360546420532,-1.0038712372411347,1.2354850810442664,-0.34389866969163185,-1.487340348205717,0.9820628005092799,-1.1812186418039698,-0.19775111040185026,-1.417200507943971,-0.47765556614400934,-1.0138002275475133,-0.905400279081521,1
-0.07112871955795,0.5353338245540036,1.8478674547520713,-1.211434300662726,-2.3714170274422646,1.282524869381177,-1.7571260431934825,-0.18772033872619992,0.605353095302362,0.49318763623031786,0.44969695589327047,-1.2691931116609818,1.5590721160512868,1.1174823004452559,1.8365721403398998,1.4389296833322824,0.07129909658916475,0.22812790574507524,-1.6256131282623174,-0.07742375950569574,-0.07235428666028441,-0.15219026488071702,-1.1097261515671417,-1.1299201011024262,-2.4144512828771876,0.2570513318262911,0.5911133403467392,0.7738995390817625,-0.911849639656841,-1.523057653786276,-1.193592316846765,-0.9432532223432609,-1.0486843397018868,1.7492531632316957,-0.8733559818886016,1.8542137038032727,-0.22439340862364943,0.507459365311048,-0.2185928245044527,0.4906418290089099,1.3277814528249028,2.020334040694439,1
-0.48279013494282597,-0.7117144059578546,0.3701177493570579,-2.7690103344740744,2.916855936261774,-0.1539834782289661,0.3684169855903863,0.5014727651704296,-0.130953378102657,-0.221404503411077,0.7367596786926207,1.7261715417491135,0.2144069036168951,0.1690655489607869,1.266280907425752,-2.143511034996664,0.7266546992241826,0.653913039377616,-0.7113751373745093,1.0246650629112335,0.6000562140700938,1.7254416627100624,0.9004032292102103,0.5251795334270802,-0.007388331770634502,-0.07264872171926502,-0.2042265366032829,-1.710123756707947,-1.0851483591319122,-0.7926409239983305,1.6702606028126836,0.23213453825928287,-0.5650655256518782,-0.1170531642744052,0.28670676061146694,-0.7922525907567731,-0.6148323457406645,-1.4740642550104521,-0.6381647972681697,0.46498959338806706,-1.7579374286880427,0.3651737797738335,1
-0.8340409818161393,-0.5444940295652569,0.6547236765862399,1.7078319810910867,0.22380602893719784,0.6930533931576586,-0.24218920924973078,0.09554621530172108,0.1104655329225657,0.18929750212228783,-1.0267360381760575,-1.3381037858209235,0.14451196041813358,-1.7584572729804493,0.904732470522256,0.032471217359064164,-2.2319366224488144,-0.047048839328538844,-1.3215162431733112,-0.35989425001934583,-0.2237807512202296,-0.6731355059167053,0.08491177583888845,-1.6773070363386953,0.8443664972528567,0.6411493109034571,-0.6606734344646545,0.9343343943817288,-0.9251020098879584,-0.5741454522982965,-0.11000410210438798,-0.42959761158731063,0.9065643031189791,0.712362074932381,-0.4902684002448798,-0.06368146129767498,-0.9060698926249668,0.3626343322127383,1.9162899600571872,-0.9642654157991781,0.944385973808093,-1.302146832826588,1
-0.9733467475969333,1.3469556569951797,-1.3196675208191029,-0.32722815134147043,0.5811125607941764,-0.036242514351820174,0.7443058487211972,0.12604341528027577,-0.13319644984216225,-1.2664228599665897,0.7285106670361008,0.8265753576757858,-0.9931202322229536,1.1027965921322194,-0.5903932898737267,0.16040090005420576,2.0344569578099216,1.000094922717546,1.7523205292085782,-0.411687317537242,0.4997964887887104,-1.8198904457793321,-1.4605420681366834,-0.4074098045657006,-0.6165296139178161,-1.0850968160058743,-1.0384032930593934,-0.24049458763056172,1.5712671118599493,-1.4264909493753588,-0.23387034096374418,0.6537193096120756,0.5423194046801757,-0.4628830285039576,-0.5054701806067584,0.6157837377014669,0.3389449673910347,-0.8347673608216156,-1.2700428523565774,-0.24725796879752585,0.9474288711845898,0.1885192715905014,1
0.8640777673007961,-0.6305894539367752,0.14680132846454078,0.9061952165241592,1.4110483600635624,0.5079678890490237,1.585489961181064,-0.4097313805662246,0.2140553061362918,-0.2290182129796002,-1.5803491852225586,0.19277533474337336,0.4386882729451613,-1.4238900440147821,-1.1303928001068912,1.6870774943010036,-0.8209318190333651,-0.4047415106747876,-2.1147272740889833,-0.24173365487565351,-1.9905426117091407,-0.7009813265506136,-0.21287073840717524,1.1455123056494767,0.5235330340502895,-0.14843863292973222,-1.3196313600810596,-0.5523018808581923,-0.7252318713149902,-0.3707581429932031,0.19849419748142083,1.797579190317209,1.388972039977695,1.536279663986805,1.014132408154238,-1.8561738644138681,0.6205556130992637,0.6578458810913927,-0.45168489189789923,-1.7563206315015722,1.1705586994240385,0.8709093543480234,1
-0.13143047070488734,0.4756425918164868,-0.965541888069365,0.8418702125317453,-0.9709908226093859,-0.3804428191688862,-0.5460737599714874,0.9229546457394137,-1.0502400803064205,0.22360703960924222,-0.35879851263424745,0.5280291631554277,-0.6456808785770092,-0.3655166120494987,0.041653603347152145,-1.1983531987914944,-0.3666339211308723,1.1264486301116523,0.8133140553912226,-0.637279422738812,0.6393244985072634,1.3175802091871915,0.9828054035087751,1.136148165731802,0.28324324718292876,-2.570234062997219,-0.27400070235560525,-0.4365518503476672,0.8962821612624482,1.4138594535370996,-1.009779029624011,-0.3144800094517811,-0.0762369530756364,-0.6150524228349606,-0.08453120287873157,-0.32216585432424577,0.09771272807879254,-0.917869473610466,0.4884790301425509,-0.22461317755160934,-0.4337440355464502,0.8951273460118181,1
-1.4613951456505672,0.09063351024715174,-2.725663612092847,-0.43871634844696583,-0.18342168422294183,-0.09994598895990801,1.0898455782437382,-1.5467105532818874,-0.8436259821720743,-0.044891227768821935,2.2438045782058826,0.36255117378201324,-0.4890849377367943,1.2692334932229647,-1.256513880715587,-1.0408436852477607,0.567829509342885,0.10022279933618217,1.3006385602734871,0.029709908676281618,0.12277952333287596,-1.2809046595835385,-1.6365855321610125,-1.1337362464080984,0.3306527473371731,-0.1906238892667775,-0.5055564710226467,-1.9303924465159499,-1.3136098647617933,-0.6687249629236155,0.11908102559996074,1.3530966732334284,0.23968990660229003,-1.0599796273291822,-0.1759682638603858,-0.7252090546398121,0.13566435242298122,0.24671734856232722,0.07605333196936008,0.0955842741447017,0.5197394387927066,1.116426880616847,1
-1.1271378487222667,1.0390827221515913,0.007307637088466706,0.7563516959208954,1.1727888611822448,-0.7045411140935078,1.4112273416699628,1.0002834509617102,-1.1180818422216963,-1.7471495571727051,-0.5369721535033826,-1.2806976013481912,-0.5059998020552019,-2.0525666418558073,-0.6713932806599958,0.38289849494206907,-0.46850273183759095,-0.9062859287907266,-0.4846113196287636,1.2612332577910814,-0.12109859108831202,0.5610383915783618,-0.746585751960165,0.24048852974052076,-0.3921132586674456,0.7779948046051935,-1.1305389651583413,0.19749143158249585,0.298748626494145,-1.297723477566779,0.3001152277658679,-0.18080229401852632,-1.128462330897821,0.9203608333991542,0.2862183783872594,-1.0953406071075926,-0.00023783655588367598,0.04168038460422359,-0.735969073203875,0.5999767253229963,0.6067020435867116,-1.3807467953120722,1
1.183977252398772,-0.3301194555776807,0.8582553987702926,-1.8422150758988085,0.2538662082996573,-0.9822863162349006,-0.2653982666505009,0.12821963719402102,1.3758535179219331,-1.764738476747115,-0.3775827050547365,0.45005038714081375,0.3491644994854172,-1.2082859485484319,-0.004111039503353677,0.5533672681986882,1.3656073647563824,2.109876107667641,0.8013326112016473,-0.03001075450801978,0.8092933277402696,-0.7482378186438066,-0.9505871260009444,1.1713533644162375,-0.1720626502303259,0.3134879932307027,-0.46585255587400964,0.8684293138410374,1.4013734766675363,-1.104057973426253,-0.4872471253778381,-1.5117890119470883,-0.9342504633091304,-1.0243159593367928,-0.4759560019644629,1.0464015998089413,1.368282345674512,-0.0077464936287977,-1.0583126167457741,-0.8653191490319793,-0.6845158403462194,-0.8849623940235992,1
-0.7064252039564846,1.6967924986097014,0.5370101503125013,-1.5994735227871442,0.9016739566012383,-0.32159051510494874,1.316020700011573,1.8726523566706321,0.47864278124111814,-1.7474921691574297,-0.7840100268256404,0.12517546297413948,0.009077085260940192,-0.6745305432869046,-1.0438313285999647,1.2517232590788667,0.9955027562628509,-0.5641068056221931,-0.13977672630492144,0.7560525398057163,0.5588629239889187,-0.6134855720677368,-2.1023012426332683,1.0098494282484674,-1.779401331518981,0.24927900595517608,-0.5931601540177497,0.07319914305789892,-0.663001011975622,-0.2258499857594868,1.2935317742481234,1.3657300149116964,-1.756740979819325,0.9155001011561948,2.4422882544929148,-0.863713906865313,0.019757219493438682,0.4758040655054434,0.07596516332460956,-0.26460548834575975,-0.2390293045190902,1.4229640373415058,1
0.19289516421775765,0.13234486512567317,1.3095948650389673,-0.6586984138247977,0.05195000046710296,0.969525899129687,0.3020749611074432,1.3593673450742754,0.20679562839717963,0.4786748120141818,-0.37584868426318263,0.45925819872501994,0.6066769737617395,-0.9274206958005828,0.3623429855942762,0.07186000871075436,-1.4410306700455182,-1.7811938249236503,-1.7178119263635647,0.3365713086046527,-0.9950498392374295,-1.1688977523072468,-0.8937079865842273,0.07446627581095343,0.5832343970073282,0.5029033585171174,1.0142784975055674,0.6284207373480045,-0.8190681334514893,0.9484678595297685,0.6081794007212262,1.7773476109561859,-1.4967785418863322,0.9085349592974338,0.30455882416181657,0.07343862086967971,-1.5195828198009382,1.0937876969353766,0.40916701476321965,0.9894479899467137,-0.0027156806494082336,1.3986089093170635,1
-0.6862135816715643,-1.9951184125345587,-0.9810686402333821,-0.7384615705490797,0.2889633489055934,0.20549839848731055,0.11301177187064511,-1.3097890845529898,-1.3267382285321823,2.485748727287988,3.1074190051962756,-0.08493407898851696,0.6293143002487246,-0.40925576875240494,-0.5821984679975959,-0.3911329961691132,2.213259545339628,0.24680154903380475,-0.35514220011321695,-1.15843760635781,1.287840265621091,1.6967400969823507,1.2212671281543295,-1.9830422147598499,-0.5683104997955868,0.542294051196963,-0.3810391050560058,-0.2298649597504459,0.8785414547470654,0.2568862498616121,0.5532520589875748,-0.2814165478980832,0.6955318420657621,-1.397569224051991,0.3462783294750407,1.0253755488470078,-0.32648625725223135,-0.5105012286899431,-1.2048269010180606,1.1609969323708227,-0.12063710324726211,1.580656530517455,1
0.016983663650925643,0.520545740186534,-0.9183298859521005,1.5608352724549066,-0.8952282959830515,-1.7453019080860663,0.7361804076593985,0.03649440516408256,-0.8742690947130428,-0.8475971031771461,-0.03485075787168992,-0.19344387417910183,-0.37086528359326965,-0.6452033057227796,-0.2634907370708726,-0.5269735388440789,0.7605282636069882,1.5572388350398658,0.7240492992814276,-0.672234727936445,0.2936237736070765,0.2894930698089903,0.36686017839302143,1.0785890275675571,0.7555983732700392,-0.12854441452103504,0.2885723566547601,-0.4016977959480037,0.8042394274942876,-0.6742578545621695,-1.4679697644130143,-1.0497647413007756,-0.2208813326249419,-1.336262243038357,1.1513956717153342,-0.647427866122123,1.6033140197165763,-0.19665463671721867,-0.3167685437148528,-0.45610118148716905,0.8071872769032948,-0.06877772120371936,1
-1.1613714223083291,-1.0732932271576465,-0.4312819133786284,-1.3197658048867404,0.980815960465733,-1.696622653323678,-0.3916011826715226,0.20913556715671625,0.827793105343921,-1.4178619225375513,1.1356855196547502,0.1969150242813353,-0.6922901537307398,0.49509068586756577,2.7102781611218427,-0.45637621926671446,-0.4923581023476996,0.5521311976628004,1.4810487425656291,1.5234369339740474,0.7091243363693261,0.59688591400958,-1.4054473268676688,-1.2965422379416176,-0.5712694993847259,-0.8283712635376095,1.191990558737081,-1.2849098287609473,-0.2513137720722273,-0.9659582170097568,-0.010821032493070567,-0.2686513642390731,1.6287941082340929,0.22577745472259333,0.25941251520465064,-1.0749448695492936,-0.5142731663422011,-0.8842965820579614,1.4478454063053838,0.21313941956281449,1.1185205855261984,-0.4363694480102971,1
-1.1942546095432445,-0.3617650827662193,-2.209403765368885,1.0822830865154311,-1.6117332034357137,-1.0280028562852745,0.5544742459479078,0.7848618603922413,-1.7988358366990098,-0.42130782531654903,1.2166443335376664,0.0912534165699604,-1.711764877775751,-0.629045413397123,0.6591703432639541,0.14879754994536334,0.03489940815390045,0.7597177137349881,0.2201466137947842,-0.008332463385917912,1.361158805595397,0.05050500401983781,1.7741336898900861,0.6217547938643097,-0.5957065891420522,-1.6901713290248304,0.37509952150115033,-2.2190300748402327,0.46105117533575113,-1.035847326633516,-0.8707646123903423,0.19725215480966007,0.6290377010179271,-0.7107221304730089,1.7457349103090327,-1.8414121333122342,0.7448072486309437,0.6646272459369524,0.5778268558339316,1.5285716080492862,2.23201543104175,-0.2070772582901854,1
1.0269181987503109,-0.048700839750414164,-1.4590511783234061,0.12017775948266715,-0.3690333915193301,-0.29126317929624274,-0.7594821025490921,-0.28919705297028014,0.7323074567170487,-0.5177730356024407,0.2655371941216247,-0.19656966046565952,-0.9218951118070942,0.9745286704913256,-0.9893255612617751,0.5522655594000919,1.029105023209526,1.084552024454941,1.0537095122921987,0.5860018582986004,0.15814098873348367,1.3466665058886838,-0.7718781280509714,0.20749344702150374,-0.6071526054685252,0.5081663379419882,0.0833217473215546,0.03138481210816352,1.397169410661077,-2.3444979047226555,-0.06176761944165427,-1.2843488867585384,1.042238529669269,-0.28540240838619046,-0.04030285991066144,1.926944126210482,1.5964458152901992,0.5145231659492577,-0.026959020389843488,-0.8045352165917703,0.07847504705321764,-1.0034321721087223,1
2.088367238897728,-1.4825057869881448,-0.7382445658387075,-1.2827450080533584,-0.1276242824965014,-1.504667325331515,-0.07446383631997165,-0.8509861156884803,0.7208740616949487,-0.93714954887775,0.568281987418544,0.560377604697099,-0.15309848295087064,1.038570386933564,-1.6451149390068946,0.6860215424788264,1.7073641439028533,1.2864112136072934,0.2880104127923152,0.38050505296145126,0.37959641773185654,0.25614274623007083,-0.2725524504180858,0.07837396153163625,-0.6417777555740125,0.9320548218566853,0.6990268168403514,0.5958813374278205,1.4754915513045432,-0.2940338197446318,0.7203568789007941,-0.6058195167506598,-0.5380363396998762,-1.3283841978225335,-0.8413713841444426,0.255047217031884,0.11926879044038403,-0.1951423859945749,-0.04741242925434178,-1.9037407384083067,0.10893090435277229,-1.6113762765704778,1
0.2180804505819649,-0.16318634873235183,0.018892400810113067,1.4397036530024074,0.5708305881987636,2.085553516871169,-1.3018713456651214,1.2823995765283078,-0.15594509495746764,0.38158252911468066,-1.1655344055618493,0.1711177257634927,-0.1360273724594752,-0.8020789627540519,1.2214593424716986,-0.20539493557511004,-1.1763595407566332,-1.1302636985260655,-0.8106059111102866,0.0053789299420699856,-0.8152268258485644,-0.41384363063850277,0.030344408122885448,-0.06644210353533984,0.7645571029453107,1.2972558800771785,1.3498735528099823,0.7930052055521961,-0.888301420046954,0.0430970220001483,0.1538780671966761,-0.42634403685245686,-0.8036656938488881,-0.1648769263741055,1.7277041773296793,-1.4035579041359125,0.46784270946608225,0.8410896574662184,0.47055779375911844,-0.4617210736225345,-0.45734844647387074,-1.2954951299420845,1
1.4021192612137237,-0.06195777817120003,0.024818066033701135,-0.4633609985660371,1.5201768185496862,-1.0676086856729539,1.1871661826859043,-1.664499832372586,0.42990625531218873,0.17786214184758267,-0.9473824556711827,-0.5209316258425852,-1.1282306057957507,-0.6952988673752353,0.5311108038455495,-1.0413798358637412,0.25498220698524304,1.6918056123753338,0.6380146425125587,-0.11704452796256057,2.3400234455324407,0.04667715029766633,1.1100852262559817,0.24660560608381413,1.136243742211891,-0.9761931260202705,-0.3487092894696086,-0.8142819937358802,0.22421553667082475,-1.1271319634805854,-0.7397924267371223,-0.5137677604194417,-1.0761669206024305,-1.2324919582648954,-0.9480274645854655,-0.2492557301824865,-0.24418848392476428,-0.8249353899959718,0.08942826635913442,0.842894117631371,-0.4189031897696974,-0.6432291624151366,1
0.40436283254500716,-2.1469795506680494,-0.6117473919042178,-0.2597809756011698,-0.3404661162935733,1.3534484553594797,-0.4191731219169826,0.26960933200152876,1.437455877312838,-0.333202564786905,-0.2433385216856905,-1.0281887063262691,0.6409248504454859,0.2636972768548062,1.2172022093046881,1.6244104839961722,-0.7204243934760666,0.5128823293065419,-1.830911957416808,1.84229115025114,-0.9210010831829623,-0.5847770465154044,0.4987971580082432,-1.7714048015026818,-0.16973946295174486,1.5834785651908982,-0.03043864403287538,1.394828178568429,0.8365261033800864,-0.19968444039407812,0.8245578562643421,-0.5019611366968907,2.5246575243847182,0.6896674659660385,-2.265693531350375,0.7427312659359635,-0.29734772821311867,0.8772557795104448,0.41488046263239314,-1.5220151196675509,0.583983616266211,-1.2288918068848058,1
-0.9376917153601675,-1.1113808185931842,-0.024764036279688387,-0.8930054300362034,1.4761345342580063,0.7946948408858744,0.09395717100771526,-0.9145456146887214,1.1248408567539216,1.784921097657395,-0.19427212958038476,-0.6773316990552652,-0.35347535701156635,-0.3927486036448855,0.23216321033069898,1.5189545062769085,-1.0954102090641076,0.017815399763918615,-0.682449925696042,-0.877290729758695,-1.0816985983139744,-1.5566707905490231,-1.1350054333537387,-1.4900232361010644,0.6628320771189462,-0.47486803177429826,-0.12206600718824356,1.2106681091527067,-0.2570337132495248,0.2317200644513994,-0.516370607100449,2.0829729385541524,0.9392217519248551,1.1132037280222609,0.7748625877896453,2.859023533642268,-1.6261888630413386,1.951575847152254,0.15486866038390718,0.8586128166578669,0.5638095430254084,0.8834883144790288,1
-0.09653822303368048,0.9662208501548282,1.2132794445759507,1.6074600595391266,-1.670951701158389,1.2284478248554231,-0.9270177880182088,0.2054078339018049,-0.45577155975202244,1.0120714395177268,-0.49714271519146874,-0.6517597051793962,1.865632975845261,1.780455609426382,-0.3941005367792906,-0.41837281712363666,-0.48795932205235404,-1.2095654643692706,0.8303430799084264,-0.8118829658494222,0.10775959689070898,0.6880649105570985,0.4980296098015066,-0.8277717030266523,0.1301254243090169,1.5802519762209093,2.3330723707046173,1.5515493666277165,-2.205698649652364,2.3998031233793253,-0.7184651061224357,-1.792141012623171,-1.5113077977594678,-0.9470670499745966,-0.6310641053674529,-1.3046168555338957,0.36389288453198115,0.49801258241226676,1.0930393381174974,-0.5938905585362559,-2.020292442852765,-0.2609777147650361,1
-1.771022313765593,1.0942701694638681,0.30681644203416225,1.1834776790052843,0.12930183043520105,-0.8406640727859294,-1.0851369424099633,0.503069972550907,-1.155915174080309,-0.1369185407285833,0.29606371853215124,1.6231602139241381,-0.0756823134450239,-0.9300061317013523,0.480306092463023,-1.3506463939536624,0.6974970098753399,0.48620664802913216,0.8889313396818536,-0.22623193056784013,-0.281193895919489,0.5014870006772113,-1.8598360911984444,0.9982224079183559,0.2896477955913575,-0.5924573371569147,-0.3717529519806952,-0.877949316659767,-0.13487668183031606,0.5090204805087998,-1.1382322501239652,-0.6271530284782906,-0.14431879622044883,0.5930279269345488,0.60323286630053,1.5008601615951482,1.9657742562498493,-1.3161994668469,-0.6378565476474497,1.1468562258680453,-6.830440309105149e-05,1.184228258224776,1
-1.2200077906601499,-0.5854119437030234,0.4263234348033714,-0.9743951830318964,0.37599348099388985,0.48214179978322635,0.6502482683663137,0.2224507925458041,-0.5472260794952682,-0.5388332125188472,1.5935315154936363,0.6305892559290738,0.7158657149070551,0.5750541269219905,-0.03445318211970095,-1.5239834076017424,1.0093215554812447,0.5321799074905633,1.0732530351639793,-0.7151078334541344,0.15428901283763155,-0.29321474867116454,0.6873471046460592,-1.2327545917582006,0.2792890331354404,0.021280030493806754,1.1767999352178462,-0.896866510201223,0.33995312004526707,0.013110168027202804,0.5665786639589535,0.41769917129080864,-0.8073951016499477,-1.061903694374184,-0.16143790711250014,-0.6688129615579421,-1.068481302891963,-1.0585361706236152,0.5526342357211216,-1.1148283021787089,-0.12781805761224957,0.5223105563637029,1
0.9452046558493442,-1.670891269166897,-2.3950625314721954,-1.3978488162829248,-0.2203532842570778,-1.0516338694883647,-0.5881048402795003,-0.359138977497128,-0.7770532814349845,-0.6195156661770767,1.6895634877748946,1.227044473916726,0.9038568109592326,1.4692592780549099,-0.4788984047047701,0.5515437450323424,0.6686685494188245,1.6291724263442537,0.39512301482688733,-0.6466907824851807,-1.6793858575178107,0.18477206364224638,0.44636227419575114,0.29357688639569607,-0.8872739675002788,-0.6485119727018117,0.6961953722773563,-0.13970747235301031,-1.6619386398886145,-0.9575051899035815,-1.7685055338594973,-0.7937510319761664,0.20633217206387874,-1.506180052489169,-0.3371825730147146,-0.769718901053131,0.2508425759165518,0.529674009221325,-1.1613728609277696,0.1986123002499586,-0.968809113471911,-0.006708774708485343,1
-0.34839361733313773,1.0005552400505737,0.8205277021863512,-1.7321397977566169,1.1337100407459704,-0.5145549655912839,1.1700150793332733,0.8836017587862394,-0.14576439970852487,-1.2824807683299686,0.0034008925183067334,1.3290145033732816,-0.3627485449230075,0.6354590237006466,-0.5191678239219709,0.24380998220791794,1.2690304940478154,2.204414768831298,-0.8033900726202235,1.711591102302725,0.9803518919604505,-1.291105444698628,-1.8066933023726897,1.1343148154109546,-1.8346639645051537,-0.2594236713849604,0.48562165512133293,0.9239401954038872,0.7111874565139439,-0.7403908372022308,0.20943959049322874,-0.35660614437215,-0.7665180176887406,-0.42929068437533324,-0.7022069933282803,0.569620758222067,-0.7877374746131813,-0.3687085132145511,-1.825243315065753,1.0575080518819093,-0.6544712275200215,-1.6748005380260873,1
-0.4461798189124691,-2.135164572923566,0.9935140363370066,0.21512829135222558,0.0025639988683360472,1.2440268221338986,0.0716382188189349,0.1421171427270073,0.24621578663821653,0.5832796502997258,-1.083482037375735,-0.5884363524178489,-1.0887810775047158,-1.3945711888793957,-0.6924098074233143,-1.0620485586974586,1.0624499267611103,0.16721579935918068,0.3710885199743062,0.003253605384008572,-0.0022200455697971816,-0.76623140736146,-0.33420595985314805,1.4229417863387765,-2.7818165722570356,-0.9075133615703799,0.9560590101262842,0.6910457246400342,0.5083484900872437,0.9247965077186767,0.48890554999590224,0.27276960883479645,1.3363600628293058,-0.765104933218465,3.9044730701648915,0.8529134658255967,-0.3999106298503882,1.5946172429953311,-0.7712549372387855,0.8666479837088393,-1.6040786983302044,-3.161720260453163,0
-1.8001489768982932,0.6583103800264379,0.7233272601299581,0.8336257066204574,-1.5974020862572378,0.6403180223836155,-0.4752730900016384,1.7951307163529056,-1.7817556290367371,-1.0084124873620581,-1.1714201146103973,-1.285064987542078,0.8769700944444629,1.258449142388139,-1.2542266893669485,0.4156341353529888,0.5635542209723501,0.38464142825263364,-1.0640483705776838,-0.2479432596214704,-0.17257600649909025,1.3717835880159253,-0.7267546367569747,0.43977777802173973,-1.2886304817895646,1.8471669609859926,1.4389635472600466,-0.11264973773184866,-0.08095423846242698,1.288327585154616,-0.42831007061058485,-1.4202815879712476,-1.5264446424898823,-0.08742272508109071,0.13510789507927326,-1.2768068159811699,-0.6755786671214496,0.7082136540489147,-2.0526094094671987,-0.39508771951884153,-2.095006600689077,1.0119055225275644,1
-0.44976748709434544,0.5570819432539532,-0.9780760562995013,0.100646588046258,0.37889937843370447,0.7090811547788354,0.8514873342669907,-1.6490195675505077,1.062865128167187,-0.11598731159882043,-1.6554275786558468,-0.32403242945887606,-0.869417142495878,-0.7970676499218258,1.2285731888808837,-0.2929018618040517,1.1990298023813173,-0.03722046397088347,0.5229575284088187,-0.321554120397459,0.2566162993331917,-2.106972048692447,-1.2746228320907154,0.03371694694901846,-1.5852316008263747,1.1367963261694454,-1.1044995623815559,0.5907127384874634,-1.5040030099468928,0.14709835522136436,0.28078671561080915,-0.35834903987796424,0.5974877444748924,-0.4552505051473696,1.9861328381949583,1.2683978957553508,0.7497440811972863,1.134425769893305,-0.47039471392453736,0.42222853392687676,-1.3033390173413197,-3.150586960837843,0
0.5773947549776096,0.7882590796136836,1.0101408774168388,0.06556321364006858,1.495206634999483,0.6274956986380708,0.13081418559032948,-0.5246113163491225,0.008866623723610285,0.6684366263081728,-0.8503146186027276,-0.5882549040417865,0.4664718020464185,0.610464195808497,-0.14554849500256295,0.4587246981136284,-0.16549850197552107,-0.6784630208421814,-0.90005938196192,1.0589667324208807,-0.5429248234250058,1.306660976370036,-0.4244182240913284,0.0044624838641133275,-0.4180692851633395,0.2831570922665946,0.7493377615663438,0.8425025126195871,-0.5186144260143966,0.50275045689129,0.44528293783248085,-0.4465920384793774,-0.19193479343468245,1.2575127835526485,-0.3595023219133465,0.03205051298354476,0.3955508962749809,-0.5429213632213818,0.5811177676639291,-0.3237232663772526,-0.15426017783416351,-1.2868516591946455,1
0.09897918109426002,-1.1363408809639082,-0.053014659009259925,-0.4887507420799342,-0.20818972451890252,-0.03928153670021265,-0.30920246041497595,0.6694454961278293,1.179394960226959,-2.783294238033737,-1.412768880401375,0.4267205792109827,-0.030175371731318394,-0.8811338143833286,0.24686663307947274,-0.09911463424878227,0.3618112842152188,0.6247629354287288,0.5400141344777522,0.4796226105041384,0.172697601785538,0.49778153949293913,0.12060175983492757,-0.1378176305777774,-0.23216499244800975,2.7616925854198424,-1.9756202792807207,-0.29371151795881784,1.3515034816092861,-2.021129450232238,0.7626026495341609,-1.3403923888544376,-0.7247538072192576,-0.15060528965316652,-1.1280536470930067,-0.5140469738418825,-0.7500092603842862,-0.6650515257468057,-1.6115561706987205,-0.596182040325086,-0.44478931559355916,-0.23349115468725232,1
1.1487651778844097,0.10436473483163032,-1.9819921895639918,0.002208706532522141,-0.2736626077677967,-1.16758151694338,-0.1453974494987644,-1.0273212431407992,-0.28677588323038183,-0.7818283710503832,-1.0462376579658537,1.5074965417928117,-0.10812836683244072,0.39092024372787054,-2.3493504982693487,0.1855801262573993,1.6747501006247658,1.9895657020108124,0.7035590206271776,-1.732829453890454,-0.6045217975505643,-0.2719899550912854,0.6317851903603516,1.3209307593019521,-0.581732927052678,-0.623872174894906,-0.9151452623073519,0.16244893473112665,0.26518105611452036,0.631239955159373,-1.7865869787248552,-0.41799156090670014,-1.8450607998712418,-1.452778227569345,0.35017818120180944,-0.20112692969908913,-0.14046211847598392,-0.5734709143013222,-0.35029281725483313,-0.3166628647647828,-1.804751870307382,1.1702479485412507,1
-0.26781483716836224,-0.528556096756739,-0.7086714160395632,0.7561510380719003,-1.7077146890101902,-1.746234393280118,0.021693539149602602,-0.2049217967489221,-0.7194843409835942,-0.9400489726849978,0.5193984528026137,0.36901370414788465,0.5293816012505942,-0.958313678136973,0.7624959210971318,-0.9532177122829654,0.5779323775626956,0.20775239685350624,-0.16519616766897918,-0.02333736546641315,-0.4850303440808867,0.6602131585431098,0.075161434793093,1.220605796074776,-0.7280342108555727,-0.7578367706059845,0.4866924220121542,-0.7030084027078757,-0.35259966922418623,0.48858629704706913,-1.5923638081952756,-0.7156311414726338,-0.958455176023647,-0.6352568091529127,1.0874569048225127,-1.51979189713604,1.2926506474158872,0.0037895315189099637,0.29903301227864915,-0.25834239697481726,-0.5591355960129312,0.5610773744953943,1
0.14118555825616186,-1.5108610645718086,0.617860993089028,-0.03574730130021632,1.3343468770399656,1.5668442949545756,-0.7088000807672956,-0.13848421189896717,-1.250973919048575,0.8027810015767355,-1.2764705280131186,-1.8895747464725356,1.807075094174287,1.0426499115525005,-0.0217501037478825,0.5389710352563806,0.08664269054523474,1.306794652674064,-1.5686139265058312,-0.21836519984052985,0.048070936211258505,1.2782732363991947,-0.024779671227368624,-2.4464460810458273,2.627128712138806,2.617305945345692,1.5154870698829053,0.4822156245646622,-1.564146578546773,0.6497228253500695,0.4703762616504636,-1.5909137761389114,0.21355352758999419,-0.6168879617618193,-2.3664323979233903,-0.8204209926580759,-0.9382369945594765,-1.065686790676569,-0.9866558793388377,-1.349525359365974,-0.018331126725024006,0.5554143737004653,1
0.9571750410687397,-3.428633086280037,0.7913548600196143,-0.9976656474950137,0.8560191838814404,1.7957081859487998,-0.07571903516423344,-2.831845575027968,1.6237821057221011,2.880141003922679,-1.1472821564089517,0.29213567581516864,-0.05634105175162608,0.21212903118238027,0.26050089212214367,-0.5769931044990912,-0.7803177333647533,-0.6338892843981031,-1.1066495809440173,0.8158884387756709,-0.4273182633034528,0.9381082204153318,1.2432400517406632,0.7012959768871604,1.490382447726579,0.32794626205130917,-0.0018849032414201762,-1.2893247242642438,-1.255270834818979,0.8461795413871133,1.8675313378241023,1.8718579037157514,0.8814505874374111,1.0499078545315088,1.7110937954080054,0.6112291881828633,0.6521619043589181,0.4588417597099373,0.5848007251290662,-0.19062047616576136,1.0434446636414643,-0.3631608763661867,1
-0.24326737310133625,-1.4062901232473934,0.8417480715074519,0.8775344693685487,0.15603053309265852,0.5434308659745462,0.13781216514370007,-1.2581921096592552,0.8343866083507572,0.7681701495134992,-0.7931966993316013,-1.803837995186395,1.1410242310369865,0.4175824065863842,1.503370232295532,0.4641662233293856,-0.2614210049468743,0.09257726984084551,-0.804611547740549,-0.47119658149661126,-0.7245876918283878,0.9717057273316059,0.9078090085850493,-1.9372928074919324,1.5699092226447642,1.9251644902130391,0.959016900912356,1.194861984953636,-0.3347515398021894,-1.4807327462004833,-0.7159059589566766,-1.448097883400216,1.160467896057104,-0.04217682757744663,-0.30438161806197206,0.4681139148209239,-0.839840669298344,0.6133923878720581,0.9151338907250448,0.23759018579161859,0.020564276244717176,-1.0388466343169107,1
0.07574428605118813,-0.27191510110313155,0.5935390217425435,-0.15580107133668594,-0.5623513948964908,0.11456884993385007,-0.010579726681054419,0.1244648840817394,0.5167078578212937,-0.9420835272717877,-1.1505886245479606,-1.3013315861202335,0.9394169865530307,0.4898929949271643,0.6552985180772513,-0.4217789727637067,-0.21953391333172473,-0.7838164034347018,0.20876148099208142,-0.20521472099755297,-1.3144557871928177,1.3936554622793815,1.2885574844427699,-0.6726477935294882,0.9891886219829183,1.81407486604826,-0.25532498589455277,0.6624213421150881,0.22398639211317367,-0.9358768839555023,-0.40784899409517844,-0.9310637436799724,-0.7922648397392632,0.6141470848656411,-1.4752527248503309,0.20746048129823097,-1.0753378163663683,0.4201344040961222,0.35589839599849993,0.7689251264312088,0.3993962580974556,-0.13054740171078613,1
0.4377090612375304,-0.42927619331771805,0.5222676357370369,-1.0812827425161058,-0.08337936171489398,0.8956986930621289,-0.5192849986514257,-0.992739050899227,0.22217833906161044,0.2524280905522394,-0.6667491875407813,-1.0830053451318973,0.5332278118971862,-1.1978185409737696,-0.2496843348065785,0.9314346874174589,-0.8610739657650616,-0.09039215250889698,-1.7746659699321636,1.7311787501915898,-0.7497761325863793,0.2557337725626559,-0.09191116209660165,-0.2810457444241243,0.8408591599794145,0.7516340438574282,-1.1132989404929425,0.01890603828294371,-1.0392823698426013,0.583468681135357,0.6641341059079974,0.8941199392274484,0.4987442687470192,1.6699141557201316,-1.6316266072271655,0.643127858693292,-1.04954392456905,1.08874693465774,-0.7605515092664017,-0.24366357498741145,1.2939189027802582,1.702435114186068,1
-2.2287697095091157,-0.018209328793380487,-1.0148175706745182,0.49849584867836716,-0.7574643699607161,0.2487298482903822,-0.2136488915945799,-1.5680524774271831,-1.567233454430496,0.779199419109737,1.4936901799301063,0.5255389047413713,0.15828401790719043,0.8786703895205847,-0.6033546042092953,-1.6748753393054072,1.3333889004998936,0.7181296829530539,-0.15435769543940728,-0.656845372074162,-0.17766149866288186,-1.5552462103785232,1.2271786655909254,-0.33351615527474654,-1.484282340948327,-1.393249699984755,-0.40737947738767877,-0.909662531756672,-0.15800061504989396,1.6935092042031836,-1.4438933300795813,0.8373789339424448,-1.231922197397435,-0.45276007847828903,0.861593512576591,-1.4301765530639372,0.30936774056807026,-1.19306218495423,-0.13541117061619978,0.5315958367089273,0.9047518713390407,2.120149277332518,1
-0.38574417859409715,0.5390145799002758,-0.8732314054409893,0.32816528488725416,-0.9895024353083741,-0.6682962283124725,-0.9107641741658716,-0.09916597558539315,-0.40311001850997724,-0.8067567828025269,0.8532976255974891,1.5741934277315912,-1.0134025236542579,0.9305025970205478,0.09559153232829516,-1.647590181023773,0.3179143393125294,0.39074559614737325,1.3151834923244101,-0.529228989019499,-0.39234187279499894,0.0026939613815087156,1.0077862632802976,0.8005671244100759,0.09625261843931111,0.10532950310637036,0.9697854203464452,-2.1124746593549864,1.0854361052478227,1.3189965923728053,0.24430958046403647,0.19626644485008893,-0.622329672661089,-0.6960760883521742,1.0045363938796148,-0.8257817053177947,-0.0004892837327672465,-0.6464907496880755,1.0321271677327564,-1.1834328444307003,-0.006609809504681005,0.07797938202411334,1
0.7504961832299076,2.021015849653844,1.1575489063180986,-0.564941724399344,-0.9692724651378964,-0.051635266983224556,1.382507850643898,0.3929769248832531,0.4184023088337729,-0.12069846613150795,-0.9843967129630793,-0.8826155667004186,1.1960830787908765,0.8494580388045542,0.6580805615728523,-0.7010367840985808,-1.434373018025743,-1.0405619430964366,0.6303905780231195,1.1481787282661562,-0.23171418106706027,0.7088873054818841,0.3302752871342059,1.8001685750548235,1.1311128034268039,0.07205002782213854,-0.08222824098944209,0.5133041038092656,-2.2544798692286823,0.44367360374098114,-0.2352006025842124,0.15331556708833638,-2.5786100648678287,0.08656293282751425,0.3897812014659646,-1.8679837803192993,-0.10767080703599766,0.17061752668411645,0.06916710537993101,1.4173309678689587,-0.39805759463442786,0.6981674029023848,1
-0.05221384610354626,2.3597742857198085,-0.30405704497390157,-1.2981131339295635,1.0473890336668714,-1.1382166715525381,0.7113293577881254,0.22545311507908522,-0.309426690511178,-1.838617247944876,-0.022026883743553338,2.73102724883491,0.2948691501581511,0.7048736293429363,-0.18228239682658093,-0.677956505860206,1.2426697452708135,2.3009589639070347,1.5159144113200527,0.14169263857160477,-1.2568448968295713,-2.2907999306492206,-1.963435139329069,2.0838528128224643,1.594300650699196,-0.8699267792558615,-0.396772484330693,-0.5075203178807116,-0.6130807277636083,1.214530215891052,-1.3929076454989837,0.703864711249738,-1.369080086216917,-0.6610402459228705,-1.1038880158286648,-0.07264514551391642,0.10749008405042257,-0.676402293749691,-0.9301861374480881,0.7926071003446912,-0.4214776907278985,1.2612166243231395,1
-0.5866139537675745,-0.12492130683173247,-2.6009707188018227,0.6088327679202827,-0.814651952258017,-1.2827421834159318,-1.424411454028543,-1.735447137386684,-1.4185628400726351,-0.38387775600743673,1.208820703560438,1.2819881434958358,-0.48815123159196433,2.173250063479117,-0.856570611088473,-1.346703428928644,0.5284846242525499,1.1960378643621559,1.3067488959225884,-0.7538506361449152,-1.8902969066769508,-0.4814727454999674,2.466050298231432,0.9144540948610614,-0.2852377828258793,-1.7871515511167044,0.7373881881110889,-1.8378329166923697,-0.7040571497747744,0.4060894627662886,-2.510217310143353,0.125781101716056,-0.6743619414943747,-0.8048578984466589,0.7766589057570968,-1.2668510699576983,1.225943484735112,-1.0078274506437848,-0.4154830574213435,-0.29495549759989925,0.28276954734822707,1.2325373374525055,1
-1.2386119317867654,1.015191244253577,-0.18945154069919617,-0.38168385636465113,1.2977833615032974,1.6409978556198246,0.05859399139934633,0.018139544398932454,0.6932195555767193,0.6798603186705847,-0.5059637614039597,-0.12152102788100361,0.19108432114291787,0.6324477990415245,1.6112386541811434,0.27576597292329486,-1.2882508858452097,-0.35134425240651246,-0.8934667400830708,0.4482112107884696,0.10707169451051349,-1.0517502742436384,0.40334470648930865,-2.0597078456829605,0.6745857476605406,0.548260210264628,1.8584769921867188,1.1892662748754457,-1.1403284030206549,0.7920124914907881,0.8600988226094781,0.23726440881733185,0.2384592125465553,0.35487222336200336,0.38260176389398487,-0.20090077499264908,-0.25616200075397677,0.1182339819093743,2.3194184447642066,-1.9816967365597882,0.288162101853273,-1.1340176667664574,1
2.111949400928007,0.055300625218012156,0.5506309393643782,-0.14168894225438303,2.488521782995963,1.0083971914959358,0.7004911174084459,0.32420847209807496,0.00943711553081982,-0.5239429103818036,-1.3844543583056637,-0.33982645483796636,0.056970480468579984,-1.3017054997996491,-0.8741699072261633,0.11143531663504964,-0.10518165844470741,-0.6721705058164208,-0.5088374910430089,2.805462372738031,-0.0007400171221831032,1.3379311282776776,-0.052661546484719955,1.4023292291570477,-0.02273946583895562,0.6988566549751183,-1.9715802071469137,0.029796041837419324,-0.951172585904476,0.723779688595304,2.2674877099427473,0.41839406270470153,-1.0309367045890587,1.082656114653667,-0.3962781419922245,-2.3045845061788626,0.7224418606141317,-1.1474512958804288,-0.2145612466944882,-0.9116849672690702,0.16619881461376856,-1.3393178328251634,1
-0.034193707002402735,0.9382372461952453,0.5042004196420228,-1.7597220658328998,-0.2614656512226827,0.5189338796770404,-0.479458924906147,1.7063133526384417,1.9965791051589252,-0.7988348694971501,0.08728803642051397,0.9610611974526672,0.2514524650127576,-1.216531639786792,0.1448562012968841,1.7979048450368875,-0.8977470493068429,-1.841146065918599,-1.2068336993577624,0.03676665411192572,-0.6375085048328221,-1.2527469324760252,-0.936008672231549,0.9500895304327558,-0.7405921260437208,0.6069101083953938,-1.3589215503078709,0.4003342665105021,1.0575096676990396,-1.6794280328250057,0.757938090487082,0.7774054741379788,0.45761331809865785,1.932565977937829,0.6950002473528403,1.1419114405573567,2.1924107277887486,1.765361533618708,0.07743166477561725,0.21618433643432775,1.1037193413544988,1.5563476417485782,1
-0.5777891339490044,0.8664598981910289,-0.5560216737291638,-0.9186485355798664,1.2743644752064283,0.9191130340890098,-0.1248510269746366,0.7454964265217219,2.175053245151028,-1.0331944383561962,-1.44529155275865,0.34465793163851616,-2.1684741539546573,-0.4620588308365327,-0.3012981018535591,0.9000343398625859,-0.6818127907382185,-0.3743132373176564,0.28936331717894404,1.619327853539604,0.2752224612956181,-1.637768104120543,-0.6746262165227043,1.0230670398632462,-1.5816737892868873,-0.3379876908255444,-2.8196980010927195,0.76600002599001,0.7284469383670151,-0.8428721016666544,1.7182208939455088,2.691415900906232,-1.4249488177109875,1.4485820807264231,3.0603583713854197,-0.26172089367410545,-0.9688620925627891,0.7977420532096499,-0.5857444425424935,-1.227933588290599,0.6551314498586778,0.2917291861906102,1
-0.6023719672381199,-0.8026698238402643,0.1264049043303329,0.5239022943706955,-0.47016214262102657,-0.07315753567314189,-0.09103583106394599,0.7093594937461134,-1.4628121092493227,0.14598402479105743,1.4192562379676372,0.25396171164052117,-0.19274171953483865,-1.4772156894137967,-0.04659436653966497,-2.0282965294724074,1.0020488667634944,0.32211388978156025,0.627054875068221,-1.3063083572347196,0.6859088417142588,1.813829249652216,0.5247364038216271,0.7163773395760573,1.3482639408028252,0.47061642600513237,0.6470237766730684,-2.095112719209262,1.3129564769210171,-0.6590004339141008,0.35753998653674035,-1.0493272546309025,0.6042163883429063,-1.8082080965477514,1.5611789556755107,-0.6943823434336431,0.20442806857875298,0.10767704086289709,-0.22292824684277668,0.798979551436307,-1.0388210598957301,0.20042619570919706,1
-0.9453586992733849,0.7376994086048129,-1.2527437279810045,0.9042158605442069,-1.3839367648277705,-1.1893044963399348,0.1761945111052041,-0.33971163870177307,-1.2516220404121268,-0.6179446972816809,-0.28772684969535717,0.7738233899761737,-2.560403685974337,-0.9857558315617382,-2.1147127813902142,-0.6606715560227453,0.159267873949678,0.17196200227968705,0.3082866726623135,1.3035485315282216,1.6726445865972452,-0.10959298301196597,0.7888992037007617,1.5144728472265945,-0.15064683317606922,-1.6077501324217125,0.5883476681373816,-2.176466131671673,1.6684600076027318,1.7545993457960567,0.3700905986081364,1.1028211095888674,-0.7930559701485124,-0.1562457838961015,0.45634883776820956,-0.2672031880081588,-0.3039653332660776,0.18075987358958237,1.2969026346760508,0.5861384797253656,0.07100996336391063,-0.03910924556589095,1
-2.187716405368812,1.22640519841333,1.1807244394728258,0.476079009608899,-0.23157461226338769,0.17416731208814035,-0.5675445552648628,0.05821542684473692,-0.21317564821933918,-0.016973586069835626,0.7080217210939038,-1.0481413799762667,0.19398856533250042,-0.7152670707868359,-1.1982498766388305,-1.2920107888507937,-0.9449751256314806,-1.5834418296064792,0.903116489779235,-2.720415005068421,1.590413915523182,-1.5445274258263457,0.9703488324317949,-2.165831608955396,-2.018822426588784,0.5078639754251176,0.02839535941197025,1.3565995089701421,0.669571204456673,-0.46112431316676306,-1.0432113582952074,-2.0812362668146163,1.3339237186188415,-1.790490398079819,-0.2766460678519832,-1.2185484717171242,-1.591518440868653,0.28077208989391306,-1.3502286231978022,1.3002542509161739,-2.7409507748121826,0.03877858463765865,0
-0.2973875072610998,-0.3254445746116171,-0.6216626676649853,1.0955027298146824,-0.8046067498940093,-1.2730507692473894,-0.03774910229379365,0.028882953150286,-0.6663141321616013,-1.1704960709838645,0.6701685242614178,0.048318250917799635,-0.6207092626824963,0.8820455905065773,-0.36160559639658624,-1.1418986089237815,0.7624755348152357,1.7232869891422526,1.3316606338917625,0.2813466666962609,-0.19860438762745075,-1.4646896842443475,1.1430993383978205,0.615639487357427,-0.055191406114827195,-0.30408670667871257,0.16014699858836323,-0.31372382803217075,-0.08043453218003964,-0.2708988123954019,-0.7219128650970583,0.0567364325036913,-0.6889918961992342,-1.2558840810960383,0.9533881443189931,-0.9959132168826128,0.40072357733103664,-0.614191441627072,-0.021032427203991573,-0.6694512680192575,1.4222611533084777,-1.0900162508504745,1
1.186908326787145,0.3393287754413445,0.22899684999794415,1.86115319021114,-0.41404484388806234,-1.6946921439042444,-0.6372778866306523,-2.0152786878624975,-0.14391655071734585,0.551218948537367,-1.1427370586923522,0.4180067580514961,0.0668684821163126,0.12132091371035514,-1.3729416975175694,-0.2261033751970522,0.6975994004508025,0.8524695059173163,0.23021685425773275,-1.5999808372358302,0.13100769602001705,-0.07508715754762398,0.8390887532989516,1.1997413983387928,-1.9373874057599543,-1.5739864819739648,-0.7373617164755772,0.8200635488805035,-0.11238785417628273,0.5819683521067958,-3.0071991073622737,-1.3986747957390446,-1.1418963838397893,-0.16202414817675675,-0.5601503073435259,0.43147560011724745,1.7959616570312757,-1.0350862138296193,-0.6622965175067944,0.15964522455547953,-1.2043091064534626,0.12891450683319772,1
-2.073632583302944,1.1496696487819975,0.01721097958080767,0.4552325613168415,-1.3805767410356744,1.790329841091328,1.2170218418628498,-0.18890891748843722,0.915654756778922,-0.10884012619087752,-0.8687086862819806,-1.5239699204052342,0.6972861973851704,2.870877329903968,-0.9557145575163382,0.6050332958932336,-0.11097578636836546,-0.2769910520551347,1.5031831526138042,-0.13335870903020863,0.1582801806395236,-0.9872609110305063,-1.0112197835419239,-0.07643427881813351,-1.240274750692286,1.0732763984550233,0.4140136046908915,0.6726320749517973,-0.863524518404246,0.5694616484902593,-0.05343657721884584,-0.770131780065355,0.8896686791711963,-0.8112118790805535,1.8336107644243813,-2.123717015201743,0.09123481956156164,1.1688817949708845,0.5808933616044507,0.5686430437808501,-1.5659155520950188,-1.011164890116229,1
1.267452073985505,-0.30419037987580205,0.5991990904358702,-1.1775734785788725,1.4222468135294994,-1.9120954603809086,2.014973718903762,-1.0618451224426735,0.7752441740640587,-0.20981201429621335,0.70612691577616,0.31196990275983405,-0.9028376223501423,-0.14096864451805893,-1.7595465209312109,-1.2259013841287636,-0.02010344322026473,0.04071427629194193,0.40387167939330265,0.889204194023311,1.8463402850189705,-0.03803128429023835,-0.5629078668869036,-0.34056933441896214,0.4002915960585006,1.3979633263108684,0.9146538273144186,-0.101843648074491,0.6564215826559667,0.4499666023746372,2.246070619270773,0.8281368100645946,-0.6446363231741399,-1.5917806108159194,-0.5371032163564701,-0.16920379016888065,-1.697717309984015,-0.08134649407437874,-0.3644965734931209,-1.5921134134244808,-0.9568149093397107,-1.3846736131364126,1
0.5335817795828544,-1.3501548981136662,-0.1418356651108262,1.3902546139718501,-0.375860762898272,-2.055010170731917,-0.9335981894917583,-0.4939243266065295,-0.9724633737419297,0.4899982506499517,1.1551203031305586,0.6027748245364258,0.4405096141545272,-0.3785374767686905,0.7674452964234405,-0.8844483359376549,0.7945279881322878,0.17998744153529345,0.8293045590629811,-0.555909602229359,0.6261336592379639,-0.06267168712616607,0.5804298510328167,-1.4551754358613394,2.5444856907838944,0.07861826704000924,1.3787984628300543,-0.16490467405339665,-0.4520966356110994,-0.43028623157870716,-0.8027841510415841,-0.538970038000438,-0.5347548723743251,-1.215803195145309,-1.0137413690802002,1.299944029636714,1.1682113433330785,-2.400424800299336,-0.1576167650274217,-0.14539914537764603,1.1613385228099347,0.9428367367127477,1
0.8632364894108667,1.2546116811234278,0.5168956480265682,-1.3122326643984086,0.28175004144256394,0.8675448217274794,1.0620518448097953,1.1817389746374274,-0.002423181742335008,0.1551743211603753,-0.4400020972596863,-0.23199596406409453,1.6559708858702118,0.028647201625717145,-0.3345238498949345,1.0975638261277871,0.08061666252853215,-2.3147870542165396,-0.16648386016068825,-0.29688637823625635,-2.0415689636772494,-0.32341070006147954,-0.492764143133344,2.11781198030325,0.6644030334917058,0.17248612570576854,-0.3188571065143428,0.32413387184707354,-1.59448212375977,1.4870762092319283,-0.1470072763152404,0.930772570466256,-0.6277966521195868,0.374030873550065,1.148959667313943,-1.605708800967192,0.5371791011219645,1.6872183269111665,-0.9245941698622689,2.684463463606273,-1.7541891349383063,1.5297090720890432,1
-0.8980204638141595,-0.26546532751380036,-2.1051700053140574,-0.18421517308713814,-0.7217467785421876,-0.25777587827937987,0.4149565395692111,-0.3758083527841295,-0.6897917994809786,0.29653094701859395,1.7818929510280028,0.46656193295942067,-0.7697056994392177,0.7204739120195678,0.43719344281775174,-1.624476271146998,0.39888106295418635,0.5943283736596835,1.1534291235053638,0.18494655489157136,-0.0434767526836362,0.12648011397919134,0.6009612664174363,0.8389126710653607,0.4142370254632625,-1.1076870243823695,-0.976877107085927,-1.961989335361828,0.4727855901011244,1.268784901312835,0.47297884636178883,1.2694874749631233,-0.8625689569502425,-0.8629208623937339,1.1936334748280648,-0.5867435087291308,0.508362491125653,-0.7177915443079168,0.11406199447718585,-0.43015806179304317,-0.17120232157295726,0.5905862357481244,1
-0.5421342955177858,-0.05548835273324731,-0.8307572397938432,-1.349923943529917,1.0750058405012524,-0.9325304970042372,-0.7108045008870112,-0.20262670035481412,1.0823850548752108,-0.1172077171017619,1.9210472923305648,0.8561273886158246,-0.6110612795108423,1.8611273085962137,2.1503785408412512,-2.350938896094439,-1.037501967672335,0.22789891372525284,0.7796309014375805,1.5830021434320094,-0.0638621224291205,-1.1481744155748068,0.8916141115894372,-0.43762563392851395,0.3348490587929338,-1.2972112321962812,0.8023010394694108,-1.361277969033702,-0.9909422029252729,0.30403151533716705,0.6147982962759605,1.152634636087118,0.8613104070682772,-0.29932166329782917,-0.2360807277880063,-0.16662740149510366,0.4259627991451235,-1.1166500685388994,0.549305710501703,-1.4577227526906558,-0.8763597758368787,0.5880179712366775,1
-1.0942727391116722,1.8767416511109467,0.8162298892425692,0.12438888640593922,-0.0756249607499594,0.5648991175096433,-0.6905115492613575,0.8352274640005333,-1.849915775015701,-0.32837762543948285,0.5838821880318298,-1.4800472952457737,-0.406618613893638,-0.5833085879440432,-0.7348389404356274,1.0218458702030642,0.5984520780781453,-1.1821047659507995,-1.0976336022170472,1.2257451746918737,1.1606006415471477,-0.19641886802526776,0.6724477708037198,-0.0015292219067794008,-1.9566349271471262,-0.029501772947421307,-0.9511009149853703,0.16713027848231807,-0.8000079308587745,-0.7704221331070344,0.882399915885563,-0.14649732295318105,-1.8625788068729054,1.2358520811487752,0.07539216163922578,-0.1242919549414639,0.3312306035894664,-0.18198835401544583,-1.3257835516076921,0.7880067591669879,0.50456942006778,-0.9092149374883398,1
1.3119140809956251,0.9888055073312463,-2.1449824933168116,1.1239600533816447,0.9067868659604583,-1.6019226879403539,1.6449961071301062,-0.9016009396480131,-0.20452026454525496,0.3589188735971432,-1.0264813101235393,1.5608438436602208,-2.173770809533306,1.7494244271200412,-0.9504146001424431,0.3886134219494266,0.46201502410649586,0.9501609347062097,0.03350833070041989,0.7802936859201607,1.2259599454415226,-0.09981453188637626,0.09753235044228183,0.6393827572368292,0.6467877222086963,-1.3107167310479464,0.7960410782879059,-1.0208024223368506,0.8906353663373592,1.1405192373801776,-0.05839070039452586,1.6226713216048543,-0.41303771827273267,-0.4033737302265341,-0.0777091668636619,-1.3250663860195782,-0.7420741211213925,-1.0355995016285364,1.3548756009189002,0.09557401345009528,0.9938717487829841,0.4307417311694474,1
-0.5063592279340394,0.07850682722074226,-0.6407906240673834,-2.0328294111582617,1.734154431498645,-0.050197005702586235,0.5134233243254401,-0.20603063874468622,0.09786487526768742,-0.3879561095840961,-1.4658407885976978,0.644135484519497,-0.2909786739832006,-0.4643184002482748,-0.2624432592816153,0.44564045718117773,-0.12127630981012892,-1.2327917253449476,-0.36360577819821566,-1.1657109802770194,-1.7089883219246833,-0.1788814921804084,-0.5873847509241972,0.7748534592816552,0.44342902030001363,0.08513634373066369,-0.741737893013492,-0.35640653522525484,0.10917474002743364,1.004019528452086,0.5635807547653506,1.58479393974919,0.6110097306313755,0.8132908573691893,1.2460086398949572,-0.1755890002071643,-0.7298661547885948,0.45291223027809685,-2.7378368624335434,0.1446458643680806,0.03268849500188493,0.9439675745487932,1
1.0144055228822333,-0.5604613621101491,-0.523269060868056,-0.9011986377543579,1.2978993609380214,0.7791721655556468,0.5922805858266473,-1.42169932763507,1.5654944481475486,-0.3428649561570823,-0.42874223412892104,0.9566403825760443,0.6143375253290239,-1.4502216927599754,-0.2350214382750588,2.0521813613911806,-0.6265658634275356,-1.1405422345718046,-1.0464127501002851,0.022132241885010676,-2.394416853343988,-0.47896533435748834,0.6018748173766734,-0.09162347668369362,-0.2946704504366547,0.6845559333015796,-1.770978059004552,0.10280831964698095,0.43969959796216557,-0.5278704676383353,-0.07900380042950592,0.9543940499795375,2.2040156995846263,1.9970582195171405,-1.1826599524671129,0.43847402188999773,0.6386218825964046,1.3081360612471258,-0.8652871679850591,-0.6616506599149601,0.8812475293792775,0.9265311867344672,1
1.009339126346451,-0.48155650050528487,1.703285686080973,0.43891058926058024,-0.9926731572127542,0.9988494321018231,0.0721601612237236,0.1341928724121097,1.760762188104002,1.2343000627637966,0.45160639427127425,1.0685333285179255,0.8615061914904639,-0.4474849507318407,-0.9150780223728302,1.3056600061743169,-0.39452132918937477,-2.1429051202316995,-1.2928905339841257,0.2755492867781559,-0.23439250890722396,-1.4963366027722935,0.5922845277665106,1.440249970629255,-2.0734405314996844,-0.10542680684793794,-0.47661985974841337,0.17536057574699496,-0.7301185186333917,1.0405682582934903,1.2937319092136441,1.0553549147922534,1.040372641891057,1.211353758678758,1.6387090404091669,-0.05272163715872351,2.204310540471949,1.2762487950248067,2.1611375653134552,-0.12220857906852237,-0.9743724929062114,-0.2700547786211267,1
-0.9825747396974712,-0.21817356440226224,-0.3000302827481995,-0.2573598256896105,0.8957257307651382,-1.6037712919198182,0.35227159497766564,1.5252013983158716,-1.0480732279290375,-1.2071976465644134,0.7817149367472411,1.6846438811109463,-0.7723088580952041,-0.235241982766743,1.0149230900081132,0.07076277715900539,1.692830892743238,0.7735090448470084,0.2808148832021064,0.4503662589881377,0.7823571603392779,0.6958022785941396,-1.293197261457043,0.025101696812131327,-1.4788909993361192,-0.9555232894357425,0.3921354868073177,-1.2375052765215646,0.6470031134617021,0.10814331322595835,0.12660325521863097,0.22540576890655564,0.5335274896482453,0.21879043835470705,0.45080868547408276,-0.5084659314095816,-1.0359210000609487,-1.1071369669037683,0.3314469492775254,1.497314424235349,0.3412701793923429,0.1957958444402844,1
-0.025435877632708475,-0.6632504733110931,1.1039551215718997,-0.4692374845568278,-0.17614454716429132,-0.07473494350423457,1.381181794316643,0.13294076648713612,0.8700208339856291,-0.16481982074990056,-0.37596278365006897,-0.5895632113668976,1.5416341623552536,0.5828907125893323,1.0342926236237233,0.6991512294869633,-0.23521557652468186,-0.4461240353228788,-1.0503442521008874,0.10896996584244462,-0.19134167603742358,0.1632486447766715,0.7117709154756674,-0.09724139403728119,0.7489145491322431,1.0654593604503528,-0.6798629055165654,0.1408241267624678,-0.9613687270874555,-1.2677379992535984,0.5394542823528566,-0.09706294062767315,-0.46962622005753474,0.2131112629000941,0.11220598635889881,-0.8871070267949165,-0.48338319463940593,-0.5911059512544091,0.339715293454839,0.7232144544863557,-0.6613349044020904,0.16435208606427756,1
-0.2696236382134582,0.867270863248771,-0.2877788955663794,-1.0246246094410125,0.10654644359843292,-0.010253957936876619,-0.3230537687082689,-0.057372909230983,0.7078613776026443,-2.090311143255553,-1.2981619543921852,-0.2556569097598281,-0.07058416888006815,-0.9662993199318703,-0.03127912204408793,0.37374927901832106,-0.49226411701563416,-0.5154656940281427,-0.4207626676281678,0.49267209627394615,-0.968863845041169,-0.6971647131758812,1.2993945930534128,-0.41587093370366207,0.7821764356538251,1.7753319940013046,-0.05361195347804561,-0.008091399719451492,0.07593016243708912,-1.0864250835136422,0.35180045975822416,-0.6419839072439741,0.9646463673747494,0.49737011445226265,-0.6717060448746063,-0.26817732084592305,-0.6280359089735612,0.9083505692137149,0.29376123862203124,-0.20131215490444884,0.5471596072516067,-0.31008727253628954,1
0.5676320955691936,0.8588032114930673,0.10844461113809899,-0.36329042462518274,0.2945829454504025,0.4808718962887558,-1.532541526162777,-0.731950513269854,0.28480378265749823,-1.0365889266737873,-0.5379158213907643,-2.055424664295772,-0.30896165382403235,-0.858484945730381,0.06485141205808011,0.5858082501626621,-0.4819577660232455,-0.9442784992027796,-0.49983392233575835,1.9326353217349668,-0.09310918717301074,-0.15236908157178167,0.17274197551032094,-2.006120697282761,-0.49525203495489534,1.068193126466023,-0.6244907274774055,1.838507647516787,-0.9740633907785434,-2.8633967566179024,0.41628468475283203,-1.3397549374437223,-0.21531503377800643,1.0192621860654407,-1.270389008032238,0.7199281306636087,-1.3948943184549063,-0.11399598333824273,1.5556725775417988,0.8308452509048901,1.6706838025389066,-2.2227353155228324,1
-2.168069349884855,1.293155163341349,0.06328687438397027,0.39577271212092185,1.2495622756527751,-1.0014449580632574,1.4831359073226265,0.485435560926022,-0.4422563020624761,-0.6724198719254284,0.8345789295532406,0.5639918039631215,-0.47588596488031887,0.40396914092463426,0.7777552428307143,-1.117872614855925,0.07103107532943986,0.21211249659220652,0.9774355847143472,0.7610906523581272,0.271218044178713,-0.9074835564383855,-0.7116953689238303,-0.9741856174162271,0.3373081889948259,-0.6200636950995287,0.825793534244107,-0.9055487182229672,0.47988318816193365,0.8075221529236365,0.2228048719217534,1.4097302609078577,-0.3267130181407093,0.4174632070165117,0.3709462300873519,-0.10104332033372283,-0.4427781176295829,-1.9519164756072336,0.6194359177650405,-0.39163129768730154,1.0284948338205915,1.2021331029096771,1
-0.6981577227687401,1.9252558733019245,0.6211726091846529,0.7252397039667302,1.58044369621732,-1.1434899697155392,1.5152071196241468,0.36721560716895935,-0.871695136757132,0.20578569312036604,-0.2422508317110852,1.5863021906492958,0.41575645993811394,0.023593494518265222,0.19136932914448024,-0.30198790304275813,0.9881096177375247,0.8362103189497887,0.25431889327966317,0.011693452075162373,0.17752593200022945,-0.9841071061772267,0.19509737305765243,0.008443813223328427,1.2893266133106327,-1.534485336200336,0.40099119212678275,0.268464821314346,-0.0643177005063772,1.4078092611738298,-1.2096479041677828,0.9644989345053591,-0.9889512869686751,0.11666117999413093,-1.0624137541232213,1.006529586525666,-0.6175860765410534,-2.4311649845325913,-0.2733737467951737,1.497171279872945,-0.7733162625677684,2.420761640789858,1
0.8255593661896605,-2.0479598008112245,-0.07098062319787028,-0.39825549060915794,-1.1383549291424562,-0.23128334180904636,-1.6901413491846942,-0.8507086265802785,-0.1684924875454728,-0.9306267380346178,0.373456537435883,-0.2437159641840288,0.39367016056293314,-1.4302058369009898,-0.7410866837491586,-1.3902427322695126,1.3104844689680184,1.3134356798990385,1.1324649224477061,-1.6203971447974201,0.4085402165069495,-0.6094093856348349,-0.018904572200533536,-0.304880677529324,0.20888028548960164,-0.019847907539938536,-0.07060134358882858,-0.06320558425608672,0.557438033363211,-0.46473612780213097,-0.7361998657081891,-1.137625879212101,-2.1737521721415813,-2.137102079985675,0.13542332131611412,-0.11630955756189389,0.09213246694487998,-0.7743703228086534,-0.06826047926279476,-1.9195687808385262,-0.8346519362618253,-0.03556973274192873,1
-0.21766452456329394,-0.5767504934421296,-2.150841131575993,0.6247483692389385,-1.4465169569725551,0.011347149593546147,0.49331111483375384,-0.1919045505318621,-2.181739804898305,0.8460933684090078,2.089020088576323,0.6687594464734155,0.29595141561253774,0.276733939504091,-0.5099189486704683,0.020124470619306917,1.169063087849304,1.7888831552613065,1.0010633199395866,-1.9287837583379632,0.019296359673444053,-0.6325088809477701,0.7615150601504739,-0.23619870906057522,0.3379018946246704,-0.6098094074552903,-0.26458414133780844,0.07088803107839545,0.7381000069117281,1.2540987611169,-1.623325406646926,-0.21320099588197278,-0.6675664885741703,-2.213849932090825,-0.0899139712209213,-1.0661789550682115,0.0235331491179923,-0.03947714189300985,-0.9675089213522761,0.9302498678991237,1.788175406152484,0.504787852108841,1
0.18979480209430816,1.0362143260229226,-0.7343825059637767,1.467276344449665,0.14732141304882088,0.031181936365488543,2.2491722610518194,-0.09910353483333628,-0.5682711973806113,0.44742816681060266,-0.97385003501316,-0.036790848873623286,-0.6644551366708347,0.5406450071109208,-3.05833868501172,1.20986172199701,0.9550226047605266,0.1145814611587005,0.8501950501098968,0.011677383741919893,0.8387595481734851,0.8270871903061027,0.9329204701179145,0.032396677807844526,0.2577383774991768,-0.20795725933742415,-1.4210662771221148,1.0929652292919443,1.8172854662038058,-0.2171872057330885,0.9699585321606856,0.8633641971924734,-1.3885498926914102,-0.2769417823752692,0.216159635471762,1.248718067821152,-1.4151771360597931,-2.073252556608043,-0.6157991560301136,0.3423513239133392,-0.4609785298241011,-0.12196438413551453,1
-1.6292789009162318,-0.11240319508843102,0.555607773978056,0.32681465378050323,-0.41977226959210734,0.7435010698061135,0.49891293550303806,0.5316107869791452,0.6491883170914442,-0.3986153990201243,-0.8737961501227369,-0.7544382177712913,-1.0466504584316543,0.7149339028423509,-0.5925692315544323,-0.8115260927758087,-1.008301561804598,0.5625166395741749,-0.00977583057574671,2.072312737849445,1.0176217036653363,-0.5365631029252095,0.9210192613889977,0.1544069184682183,-0.7324820209519498,0.030977681611835187,-2.047778422707418,0.37864734257996735,-0.45383502104937734,0.8581712447690373,2.3834211314106684,1.9358632404602094,-1.4680668423099006,0.4341124546576356,1.223636574934511,-0.7263534167681117,-2.8748214708375364,-0.49553001701661203,0.32018860127256366,-1.6506106311248756,-0.44137268480088476,-0.7347027279146033,1
-1.3296294167661824,0.3770238046569269,0.13122646673703292,-0.4934831338008905,0.6368496267289834,-0.1089629960425766,0.542941441261231,-1.126837677443985,1.2629156262935055,-0.035699421757125926,0.29890047801388525,-0.02340556404956381,0.4905033640216533,-0.0851194022760404,1.9923353526900256,1.2846930257621796,0.1756029079552473,-0.42020883103154805,-0.4614188471831476,1.400700578494894,0.16990611570712938,0.8487031418488807,-1.1344433399115212,-1.2073229737196787,-0.32199888620757566,0.604168639536638,-1.3454307679631048,1.345763058030167,-0.38279258179780545,-1.1534279813190136,-0.029427835633458237,0.15052885674034147,-1.1382480736573148,1.318165906948024,-0.4171227216292454,0.9822187944455978,-0.7592298995284202,0.2041510097891679,-0.18947144290413367,-0.08302570795108338,-0.5770716750943947,-0.038473133561190545,1
-0.5459474188069707,0.2754135071902972,-1.1347544584210632,0.5954361068556665,-1.6017191815563963,1.238914972079214,-0.806901882374654,0.8518392191921779,-0.8296330644909178,-0.11281616691512593,1.1289681725041192,-0.5537864003813793,-0.892433206918155,-1.4002317290686368,1.0835173760362498,-0.6598518900131907,0.5100681649642226,-0.21148091411482833,1.998058404200219,-1.4724484234250488,1.1342298774918431,0.9631592000337542,0.6327406955941303,-0.499115493039436,0.31020790488224287,-1.5344719442167576,-1.842896008343554,-1.4352177931524899,1.667086350242229,-0.7706146729807086,0.285500433700071,-0.23772882911458929,0.8589307103104589,-0.2895171368263075,-0.05676661647995172,0.13654874631430872,0.3387411841995819,-0.15753861589182455,0.8762724474840066,-0.25814484386374204,1.4517500849042644,0.22898121042132258,1
-0.09243093047605176,-0.21765927153113576,1.4131152312702642,-0.4936265637071896,-1.03321342963131,0.7562474229485041,1.1514689356194396,0.7533984692251307,0.23395376677609053,0.556502088805825,-0.4759956570654716,-1.0042817780101916,2.157659534937969,1.4788535016837647,-1.257930202028783,-0.0381424787032627,-0.01777258495787565,-0.7880855649900617,-0.05384034240099654,-0.8642522430144675,0.0038978501683418496,0.6775030056531084,-0.3439082753746248,-0.13557051486054172,-0.5414453347768555,0.7160157733004834,1.5181046423312237,0.5065908545533361,-1.2789582435660491,0.6998237105231742,0.5854577369573367,-0.8296286305851812,0.2812029462135404,-0.3185883139672749,0.6593878240182226,-0.9007365834007534,0.8592060752520443,-0.17739566114651212,2.015782370581564,0.15483594223564964,-0.45949144882156817,0.05271840440325386,1
0.7938243084852602,2.013543642426032,0.7075070776547797,-1.4938618980745537,-0.7614580092687937,0.11430061188801088,2.046003008172642,0.22953459798014508,0.49403854605540115,-0.971956273542574,-0.81630603344273,0.13889176037795847,1.033557712745023,-0.39260271395412205,-1.0126176555673025,-0.012501660717703212,-1.9558727537600749,-1.2061332445618589,-0.6645806979953424,-1.2596714709081072,-2.2519300843693264,-0.5876471660776882,-0.6245388479676222,2.2077238592344584,-0.4470175420105327,-0.3597284734000545,-0.8805231321838384,-0.7404969941560782,0.2235001219128398,-0.40170393034000573,-0.46846459507934624,0.7664629599811336,0.6214543294575171,1.2117577427771498,0.2501189650102046,-1.4626409388745183,0.5576124722301191,0.7519695046574928,-0.8081190134908206,0.33779597075144596,1.6792875415023596,1.5922055598775506,1
-0.5317295671492255,0.5475539876606267,-1.9672136732978893,2.3576438789550904,-0.8163952702580636,-0.6919653491578686,0.8672274604267054,1.032034669223823,0.45187726420194,0.6185349809495511,-0.3762650734565637,0.43064249507280117,-2.3344197340564947,1.1270420653785702,1.216905734907377,-0.04468278060674225,0.08744121698235723,0.47579629318662486,1.2697189163646774,0.49835939481891467,1.4870015376234893,-0.27293885860894324,-1.4128186080727885,-0.20538312411650875,0.09049957207407586,-1.913716365976242,0.2999236131312759,-0.6717181296205639,1.082108951987827,-0.044400994520660604,-0.10783676317315455,1.8504070985786183,-0.1876160848750294,0.176130454080765,1.778524030738679,1.266479710738507,0.11068435383165907,-0.6848814616766725,2.3197597749363603,0.13847819823147747,1.0729209990455455,0.7898345508149003,1
-0.20577759905531667,-0.31397115310572543,-1.7295136804573843,1.538128306590582,-0.37831958727433973,0.22694846520684006,-0.055303080645322286,1.0218139265762896,-0.9532943814729788,0.9792181982405039,1.410582869115157,0.8055547004472312,-1.2625255985320116,0.5888081582675353,0.5087274703276465,-1.4457220444020689,1.3022433317777888,0.8795141895592044,0.78540756320116,-0.49970179092291395,0.5133591077324082,-0.47070351543169636,-1.1712542582975252,0.24284094663779515,0.8055338503555203,-0.42362455334464744,-0.346734790333294,-0.950492466625176,0.6790754512288734,0.028790149092397833,0.4156391384645939,1.107926932572975,-0.13443079839950994,-1.1944041075547,1.4326643880453833,0.8204293662452531,0.8521603321302462,-0.1719118039727316,-0.011177197071957676,-0.06450447105135544,0.71555282742046,0.361791468668755,1
-2.0188614217626037,0.26803684674232997,-1.4292230518369644,-0.8168298020381464,0.22816862219005077,0.7747680449549649,-2.227721671539629,1.4399685996587228,0.194379013916381,-0.9919459631782759,0.4251678824654121,-0.22546373126617883,-0.893223377697607,0.22989758290364343,0.13092744891227082,1.2386374599366428,0.0511730882223975,0.430271599711215,0.7968034543847483,-1.0984884732215257,0.2548282768209312,-1.833207511732281,0.2948640235699994,-1.2039662032666532,-0.9821955238432896,0.7680602253601113,-1.299434741265488,0.012228875172568184,-0.2843628949601978,-0.981002886011875,0.8121174499325231,-0.1945766910213954,0.20335026378155965,0.002801561752073809,1.4591725986332071,1.3737834770227768,0.5338285010666443,0.3215133242428058,-0.5368968345613865,-1.1932971672903108,-0.48642056216428325,-0.454165673296042,1
0.5702295475936765,0.19213620513439642,-0.38919281578051357,-0.35295019752492013,-0.2334743812125324,-1.4957069896182213,-0.1323016948615124,-0.49541890695200397,-0.05826003073202327,-1.2358824737608642,-0.22356877425121982,0.8008240343566213,-0.28536185576681977,-0.2001134156100958,0.4784895405772018,1.1883126649629554,2.4519329139535424,1.6279508110367864,0.11742542368917198,0.971367220201932,0.7344362463908557,-0.7526031909978087,1.541311294745248,0.6137925332127949,0.45046596192984234,-0.654534227773271,0.5108403629713993,-0.27348867336933325,1.0879025505459674,-0.7264784950333498,-1.081648632342286,-0.8701145174233306,-0.6159646805585537,-0.3545506809367889,-1.248608794992377,1.6917547584132908,0.9495897697273646,-1.0673067561325558,-0.20121808185055673,1.2826604851585726,-0.5202537180704999,-0.20078152978472139,1
-0.07084525701236746,-0.7707348430168848,-0.16740356979516932,-0.5119365605264586,0.49402784721490606,2.010281057708008,2.147221428901119,-2.455543042142508,1.4919431919568626,1.1206883741892277,-2.1206445651825288,-0.1609018748159425,0.8634070234077172,2.0873336796144826,-0.1111376317325931,0.12490523808559016,-0.41558508511358716,-0.9634078109042176,-0.036604087448841756,0.2456649533040558,-1.8043818927779498,0.273784670481282,-0.3878327204996771,0.7665653597249595,0.9117980826446257,0.29639354900495635,-0.4357681857514899,-0.4853101107503422,-1.2423465673110914,2.56504500647408,0.6845905397175379,1.935309065742437,1.5860259883648233,0.9783134131565396,0.42885517069523005,-2.352534817817707,-0.09080993052968862,1.307048027026909,0.06641161445319647,-1.0615974495039746,0.37498204336376156,0.15725275318341392,1
0.0732600990074311,-0.8339808923166824,-1.7734669774508598,0.07021942341824972,-1.6037481632761394,-0.6218104500555492,-0.7317942417464857,0.6421420487387559,-0.7386822481960484,0.6786871666447675,0.5026937830392042,0.8173055911211861,0.8062582063983136,1.5381726854680664,0.3854812004130998,0.5744162523658751,-0.5897833432898119,0.5995892517645514,-0.3820659008541974,-0.12017482861902078,-0.892162739142427,0.9993876978535543,-1.8191922071804767,-0.6287202784471785,-0.9563181744948945,-1.8832402830806685,1.0535495869734874,0.8903721514938603,-1.228184829065414,0.5439002744798276,-1.4334315946259828,0.05624754040620249,-1.1648794087897487,-0.050970464673821665,-0.2299159562795442,0.9363369206601974,-0.9991692963881791,-1.326648735018585,1.0291780767840994,0.40304317606281026,-0.7324949307970677,1.4821540831195217,1
1.5598176034668416,1.3123535460954527,1.2745496167043084,0.7626387565798984,-0.5678754524780207,-0.2830670979326739,-0.2167581972619718,-0.7725291520487026,1.8427560985349607,0.6711333443208082,-1.4526231194053243,1.2669431443945611,-0.5112524845123307,-0.701887399584948,-0.4882881000468752,-0.34782527826178367,-1.9341669677704834,-2.263790086356764,0.23441512079965546,-0.06205777760893499,-1.066844334490105,0.1739979069983649,0.5518480783113163,2.2482036742391034,-0.6449939789483569,0.035466849273274585,1.4821140060798694,1.1825921923219027,0.4636158913123579,0.7229442362744432,-1.4614276680695077,0.33062746000806953,-1.4287944016515346,0.6886628840868914,1.6454735056459036,0.06270406128926491,0.6959455715968339,2.2606443869600334,-0.02602176055249941,0.7842848372147222,-1.1402423513673803,0.30716893585078997,1
1.1585657178117696,1.854457989053727,0.13634232657122497,-0.21764564369307135,0.24227212450853794,0.5085000677735735,0.9494103197986509,-0.25341678607836243,1.396016354649343,0.052780583011547616,-0.3703464611793533,-0.21407751593294314,0.6077681971877656,0.5262390209439572,-1.0380458006040143,1.4479358648717058,-0.6040950559391505,-1.7262584041187077,-0.11488549621816672,0.9049558604844288,-0.7779445202305475,-0.5752129247536922,-0.23934214901179895,0.6286786459231947,-0.733622883507103,0.3811849588431132,0.2589712951715436,1.9680204540649486,-0.6726583401652074,-0.1309630263862223,-0.21517725929980017,0.059027637216622464,-0.4188049474673737,0.3195712517322306,0.47062643470019305,-0.9821249229535223,0.3772711209267348,1.7035701950629263,1.2062595933372664,0.6392232068479345,-1.1995764824492605,-0.6019160662141034,1
0.5895799953564038,-0.06543364186867219,-1.5474446670222317,1.3988313849418559,-0.087376080000005,-2.003150981779915,0.7886560522999672,-1.4375713611572214,-0.9099832995841762,0.15645971783052987,-0.039438857047652584,0.8775371340161755,-0.3306495720886222,1.0084014646327746,-0.771002204480081,0.8044106394825324,0.06206057833205438,0.5129365145364809,1.1277102440383193,-0.7940840229722754,0.7599109743588045,-0.17180609582819317,0.7479896289678323,-1.725690410132385,1.5117563971645667,-0.8161047819089767,1.905963351786572,-0.12405866296488323,-0.37995504497853944,-0.6661417107086705,-1.7712814087816828,0.17608953574863842,-0.9477113365383457,-1.0084063644096803,-0.8755841386224867,-0.6272015323456662,-0.6012249870163795,-2.1182518508403323,0.6623254194771887,0.20744550575581974,1.891992472678974,1.398618590703192,1
1.4594735321811987,1.9204666609388907,1.4115652257648605,-0.6721512024311712,-1.8738369261777708,-0.7184087865205482,-0.6632379792691049,-2.486732122840933,0.002875064363475076,0.5679373030343398,-0.2694704112510029,-1.1601378304803274,-0.666207780995678,-2.229777959145102,-0.21011371505635823,0.7857780608400344,-0.6177491707192081,-0.3240803315552555,0.17445336200081263,-1.4727720919277614,1.9920784360260366,-1.4085767317392732,1.2477763444490153,0.16549700556842972,0.06753417070767526,-1.4587911034999845,-1.4530534918917977,0.1888246484903042,0.13663176956623105,-0.18708689580144172,0.3040389856710603,-0.7880823288375628,-0.6157291858622743,-0.17933707091132317,-0.8641756557710828,2.259384041393477,-0.7220956364764165,-1.0606444838099003,0.11581667897043327,-0.04150897063625692,0.362736839606929,-2.001097500186432,0
-0.6438604587859214,0.5647155255812323,-0.7339624928876027,-0.11199547783377764,0.9194718969007114,0.44173499102633185,0.4976445634589343,1.2015429683140924,-0.7279037353192618,-0.22142235476883707,1.3239088269093053,0.3150915686944846,-0.3881010834689667,-0.5285795615217793,0.8504007252941375,-0.8062256839849968,1.4765614211033544,-0.8033435801239195,1.4295367031738422,-0.31069376354162426,0.3495641354911305,1.6473276261552585,0.7188609112731303,-0.6768522014407142,-0.04957604597954525,-0.6318063783767559,-2.1132834714985615,-0.7234490852387687,0.7958234272567601,-1.3803622644359983,1.321008670734087,0.6825873629310851,1.0733806552329135,0.34770716620477143,0.10676267388476984,0.5010620728061127,-0.3890213892910559,-1.0507650931864836,-0.9703178600604663,0.20941892030066328,0.7576243657405147,0.7699649611557537,1
0.8965063957237401,-0.8944921633927068,-0.8737123601762757,-0.6880062788773555,-1.2243617960850006,-1.2270212812050425,0.9391740053678573,0.7863493047920397,-0.842155647618348,0.08154856103548218,1.1535774131311627,0.4796722221366619,0.7658967458308035,0.472241092418769,-0.1896062783703071,-0.22559577874724,0.27742449693662313,1.0687141133421842,1.083006065438867,-0.4454646743832983,-0.1511925636374161,2.202294796117827,-1.0682024642543706,0.2309982786084391,-0.20756487926928785,0.07379136702417916,-0.47436021983358717,1.3372441598690932,0.44807062944360476,0.13345974893558704,-0.01854829102875894,-0.28341549442795083,-1.9452613824389247,-1.3438238170628753,0.2733668578807868,0.05552190633602117,-1.566619144319684,-1.0720782910579834,-1.2045728087227834,0.22562386501841608,0.987204289126607,-0.09178359768549203,1
0.22485818838604302,-0.5404986664714148,0.8366345041490211,0.39768788399408805,-0.021166519982054318,-0.11337406310311467,-0.8234462207535693,1.904429885443642,-0.3566475509121836,-0.20275251190069613,-0.12462959249317823,-1.4478570113241906,0.6966493287241099,-0.5585382266859891,0.5923440823777858,1.0479696970458938,-0.008075110319894463,-0.40618611195047094,-1.0663626392070082,0.7112592334409005,-0.030092173854500408,0.04197480847502385,-0.8945581125997046,-0.6710455200367754,0.8344189792353657,0.5716391677447372,0.17237191273944116,1.6666403118471047,-0.3875878875085912,-0.6766697647171448,0.31157765910257573,-0.8575831841088289,0.028020570254054637,0.34298896011680857,-1.1479616165968725,1.2456853779015828,0.28506961753359344,0.29369951745878703,0.49042392697030474,0.5739866961188049,-0.12022584457647402,-1.3296708517225366,1
0.016679578186663484,-0.933139442184717,0.1722522368661,-0.29672468627206494,1.1190219758421145,0.00784190414333542,0.7273390404845811,0.25661613671016714,-0.0010644043279806638,0.687053682570981,-0.9678706568641139,-1.1853317696048777,1.7782766438440203,0.28485884374528303,1.7800902002587273,0.8661033158587313,-1.0529658758383107,0.7370625679383557,-0.7462810227976124,-2.5349730884276758,-1.7384813478514876,0.15310744216844285,0.9216701616783807,-1.5570193792233424,2.161066278732757,0.47513604521791775,0.8575173640400503,0.8641331134066094,-1.3513931323825092,-0.43527167509136633,-1.2463671038078585,-0.6950751674779336,1.4831854393742925,-0.13062801925505432,-0.2617343316366738,0.6803596900442288,-0.6076579484447016,-0.2660978601987095,0.14291379048479555,-0.05936034363818939,0.21124237912532448,0.3225864383402819,1
-0.9156882586623004,0.541300104404017,0.40722911959087027,0.6577608351510484,0.6287357726570856,-1.1534402393334602,2.0453358142312648,-0.4491817180736507,0.13229266421829566,-0.3779634155335815,-0.12882895685663887,-0.3625439734418528,-0.9475120254669473,-1.2223680562618917,-0.6162683650395328,-0.7109015401095755,1.2601391448642774,0.4299554470171681,0.5615878316526711,0.8891083882429155,2.0096452485199263,-1.7419710987765609,-3.3620207520956633,0.05828429755982125,0.6572658197089754,-0.16972779490183063,-1.0615107761257192,0.04164182432253778,0.2685131853528742,-0.6432832358587418,0.7681096011571203,1.1078529348224826,-0.7209975228152377,-0.7549711320592769,0.6702534650375034,0.9419049702990923,0.08743136858116832,-0.6905152422444464,-0.7482762926679676,0.2972802004318533,-0.2093375820540673,-0.30731165969653096,1
0.18226511859738873,0.6848024297810273,1.0733669769507366,-1.5636809052951424,0.10302395952932691,0.39709315431366354,1.5177142988409638,1.7195574118330479,0.07035605073756916,-0.9894295983128608,-0.9982965659127677,0.6394041137044322,2.779981438197919,-0.3298184622769067,-0.7186596618926999,1.4756765836399628,0.8649078865116361,-0.37875833788708635,-0.7624561601085739,-0.5957590336526908,-1.3916638212970933,0.5389891971361662,-0.7481916356812325,1.804521405400427,1.1849724435101827,1.7919478382972474,0.5566577014080356,-0.21053392456138495,-1.200678679582341,1.6775238856425758,-0.1356790479521221,-0.1053414408326368,-0.5132595469177059,0.08268128069390504,0.2046290048052668,-1.7205116390975443,1.301602167764114,1.505589092896662,-1.1322487638867287,0.3787787914009356,-1.7662449926321346,3.1016365556537493,1
-1.4961020578901119,2.1049938527704035,0.5914294588901282,-0.3526946782391061,-0.9624120710121651,-0.23516419618671675,-0.2515242662833952,0.09115259692656585,0.47497638662093766,-0.6790305759692024,-0.16201599818153462,-0.8053107125136763,-0.9922270848535597,0.22175766717464204,-1.0757989603379368,0.17037545505840634,-0.17008688141800626,-1.0911807815945058,0.08251325731638261,0.6926607824442421,0.612894075134945,-0.5050581454472314,1.0008795116321192,-0.12274026052226589,-2.7928975074548408,-0.6026261645376018,-0.9112675630754538,1.0116778392092183,-0.11495368702443072,-0.9517736872879263,0.6123722429033651,0.7364583251895875,-1.5497226494799143,1.207959666943931,1.6898539197703604,0.9442206703355452,-1.7720725948233864,0.42630033910979304,1.0910641436197122,0.37802586622962325,-0.09188960604533661,-0.4033840687570939,1
-0.34377611094416566,-1.046022071313751,-1.4930020123850007,2.119223120505675,-1.0570215023260767,-1.4375708721508322,-0.5946067237323557,-2.5719016701675113,-2.304375312725,0.2268590353373904,0.11877778354430878,-0.16646557572326798,-1.0356649351584597,0.7430203162463213,-2.286625113144161,-1.9261935232451943,0.2000939152259194,1.0225450858498055,1.7197456908828617,-1.4153156425626372,0.1490629317738089,0.6486775863653513,-0.6404115421098798,0.3769705751881882,1.0505900446621554,-0.9193393151108761,0.9651440726835661,-2.4660718708210148,-0.4667167704526037,-0.10422030726228733,-2.0897628345179315,-0.5659000338411646,-1.6456839527683298,-1.4742425208650933,0.4910658639653283,-1.5899328822503025,0.8182601737290428,-1.4016995605676388,0.1467386092766318,0.28026045760630636,1.1948269688794155,0.027451637046275776,1
0.8464437860288225,-0.03198871063255432,0.48076608197875653,2.180915093128914,0.43825793857016065,0.9202574785410356,0.33088675048516447,-2.2768021147242963,-0.16854827502497793,1.5451086038215538,-0.8131284360008604,-1.5491018806290102,-0.725287718314801,-1.1199625551712165,0.18815577912380002,-0.06767535504846516,-1.246072503040611,-0.14481520260515493,-0.14233161040499387,0.8771300079994947,-0.5293346631969417,0.744563529501703,-1.5876509606582891,0.555618070172836,-0.25586618310801573,0.10018972185905278,-0.19189077329712342,0.46326743176921925,-1.0508178383195288,0.575268190034001,-0.9933110303607349,0.3688668381633397,-0.6983311096164926,0.4944546405284751,1.3859057868893532,-0.8883916501599644,-0.5566628343278782,1.4326565727884646,-1.0302089127317975,-0.20843394773335946,0.239475988253718,-1.054562907492718,1
0.760675790463061,0.7200326976505732,0.7935586063176904,-1.1385650492014985,0.3789974791116176,0.7103421260045364,1.405687309727181,-0.6757551910466405,0.6386273838495002,1.4677249283456493,0.2717604014993107,-1.1997116075788399,0.5626986886419706,0.04757142004293099,0.19102342286885543,0.7478622160201733,-1.285539647372943,-1.1104347308968896,-0.5365556746147424,1.0480703897412904,-0.8928245020135551,-1.171935152389109,-0.11709348881477258,0.6369011799486236,0.6689317553256988,-1.1692558911395698,-1.1311247086094063,0.9639022143297848,-2.149550331521641,0.5235795877274182,0.3889893226706706,2.2923680708075342,-0.5805693108075001,1.036848748927404,0.582331920612965,0.12085452626908164,-1.1194481730748571,1.249032777585951,0.6334145302311364,1.7659411158975726,0.7948582941271052,0.27788179025251636,1
-0.2390924895991886,-0.23531817370877192,1.862316478450082,1.067354823706741,1.2371647393929739,2.3317559182061904,-0.22714750785914928,1.3275027545721687,-0.46904006698131384,2.307543818113903,0.29982647940212037,-1.6572114571072607,1.0956088908412307,-0.09547563714724983,0.2503768267757659,0.7281126273072375,-1.2499848445496253,-0.9895883272816837,-1.7251136829840585,-1.546669571546597,0.01264920720900839,-0.22451401474548205,-0.38807869945457174,-2.2384099284099412,-0.20651907614021145,1.287489459040193,1.6590393625061794,1.049719476412396,-0.12038354988756085,0.640621541689447,-0.13432583359697156,-0.15852532374045195,-0.27869673100824444,0.872654568283654,-0.36872014927560354,0.47082176712170193,0.23179333452901513,0.7791131256812528,1.1374312427441655,0.07101451551134688,0.6033611753395072,0.8140063034441545,1
0.8108146768018106,0.17995293063880977,-0.7766572998646051,0.9628359609345948,-1.2473985576008264,0.19767007024819624,-1.1266291207128103,-0.4895497844075455,-1.0371542547675066,-1.3006898769519397,0.06189863265880639,-0.5119767890828817,-1.3784605476157,-0.29494594411552344,-1.6683975739998418,-1.395380592116819,1.7825925500746953,-0.23889419242229606,1.284040111119542,0.31253836666117063,-0.47799782983989153,-0.05284201632000501,0.1866904323081506,1.846104511962798,-0.04151982729448986,-1.1509959881509673,-2.480584703688236,-1.178897405259151,1.0144106831758486,-1.2848679343445308,0.8163084721672792,0.3294023117673277,-0.20638126854052796,-0.46652920487336225,0.3698638671437333,-0.30712281283796333,0.16989658151680484,-0.6522909912586001,-1.358095496847451,-0.7402124534858288,-0.001879345210828789,-1.507798667397484,1
0.772611577376162,-0.09700830019683161,1.1101328617045192,-1.6805320249653073,0.35988873976552105,0.9478648018463891,1.4042786532596054,-1.6753134629681483,2.022105146380197,2.0454560347001625,-0.40131918832310887,0.03870464457634695,0.8123087091560891,0.910275307354622,-0.1897374261020348,0.08506850394144538,-1.6328405844323806,-0.8329722018647744,-0.17063482050741705,-0.2195264993347935,-0.5677019933620668,0.0005266383463690447,-0.16934226228925822,0.5431422318964809,-0.27925240402128176,-1.1710104901954668,-1.2201404445372335,0.7313388392197806,-0.6138831771000491,0.19306920730150584,0.6422414339775024,1.1771015414021968,1.0900349443354047,1.215040343546469,0.27043403879572736,1.0235704853682175,0.02214640187398914,-0.11944079507746122,1.1356448810857729,0.8975712889531582,0.8177994049707554,-0.1362542015095555,1
0.5791695049300833,-0.6660053804314214,1.4438655137666403,2.3395511741780637,1.0388287608324855,1.750572792154106,0.11236147717108709,-0.9316069120805405,-1.9982658235892572,1.627222008555411,-0.8400530969523708,-1.8805811450623529,0.6075809138335603,-1.016713823702222,-0.8575110751124961,-1.3660798623217705,-1.1212156999858602,-0.6917936394253498,-1.368417846962763,0.19424892861140572,-0.9102166362827937,1.8988307513259366,-0.014472971724516394,-1.0731125463836353,1.5849437614854365,1.5708020887476106,1.177606143540621,0.8895466983488942,-0.8332149332306651,0.8717156680173346,-0.1034695698725169,-0.4202540392358223,-1.7459944068640276,0.10271039634652188,-0.7872612514729571,-1.4706982735518181,-1.8235140148519968,0.06484887800608519,0.07880295965778195,-0.33142664427632434,0.7857075324952479,-1.1512998422866996,1
-0.9341033278669053,0.688287351917741,-0.6421801229677147,-0.24578692272329775,0.24103696628466736,-0.4421321607156834,1.8042640989578866,-0.24594268187796528,1.935479692860739,-1.892034742447461,-1.5046405556466504,0.14744392974504733,-0.1691066318249374,-0.061080211222782746,1.1442778806815472,-0.0001624491918473927,-1.2241863462733598,-0.6403690431471497,1.2396985332801718,0.2343730791245072,-0.24911089915129472,-0.43715370749138627,-0.534541370103043,-0.7677099069127339,0.042308760124277055,0.8046569759710482,-1.625868416793794,0.34999574077398254,-0.20527939103509565,-1.4044272701597191,0.4164753365732087,0.10308874276009163,0.6084781083763654,0.5513511331779376,-0.16231791568384255,-0.6395835013203996,-0.9926192313837968,-0.2981669500175729,1.116118737425549,-0.3737009687303299,0.24554449842289938,-1.0840604536566494,1
0.5638435954501104,0.3382182564035989,-1.013252868767758,1.0859278696321468,-1.0205521237691344,-1.6483768513192747,0.16937642650971033,-1.018460279362924,-0.45789189983629247,-0.4161002317532039,1.0713270086542475,0.20374196476135994,-0.7585602603070892,0.25140413186829935,-0.24884581628313215,0.2210616861812648,0.777399344412355,0.4057137114514531,1.7188330753768595,-1.4572049203290125,0.18452194913004516,-1.0797801854228466,1.5269792370230506,-0.10397848993150485,0.7678168623087128,-1.0465840041479353,0.45102343322330424,-1.1982605173526149,0.5702020175583895,-1.465049752357147,-1.686078690531281,0.05219201539954625,0.03158088219898021,-1.1666324723185335,0.4002812887930958,-0.008193936427897498,0.17672901678590897,-0.442305672770513,0.19985450030213428,0.855239194151982,0.7606871424586481,0.7051774742261522,1
0.05681992254279199,2.8898426692930634,0.5464071016201906,0.028533705181069492,-1.7520567911055804,0.07973794257842756,-1.5006753249776468,-2.450404028020058,-0.6355227759914491,1.2083685790123164,0.20495199999422273,-0.39751438330399713,-1.281599888243255,-0.6979666355334886,-1.384893877885437,-0.09595412784741474,-0.975587739758494,-0.6473668883927499,0.9477812107597205,-1.771620736917836,1.1050094061016602,-1.9514839946506162,-2.581457993385831,-0.1165696867796221,-0.4524970178689332,-1.2998345570285526,-0.46287818889329263,0.4599232285820829,-0.9257489134394459,0.0880658068610812,-0.6977402129084084,-0.26943965089719557,0.09005119676784357,-0.04241628447485909,-0.5097139862656158,2.3714773069349584,-0.38290029400271214,0.9791994260052508,-0.424289473398146,0.47180196762468524,1.2052933186732004,-1.3874718366418308,0
-0.30545256968238377,-0.5308746314717525,-2.0887748785411837,-0.6153242475631511,0.22686886138928436,0.4782568127663873,1.1093405205340137,0.1917698955004589,0.5419015891331674,1.2871119378169513,1.5110747689628716,0.35859304136320647,-0.484451413747084,0.7952685615019893,1.1674229151538302,-0.5134212291432089,0.6948993339386773,-0.17074339298159544,0.546479388117728,0.3154849176781615,1.0856934537999692,1.2078791633623596,-2.3217455643318266,-1.0305960691595237,1.3091773369866588,-1.0341736437153173,-0.03572414014812526,-0.8046314084173687,1.3729040393707526,-0.19854591610126307,1.3036468154326815,0.998889197768291,0.7300879874039189,-0.8280181011236757,-0.08591776663545193,1.5629879642065476,-0.1401011675473893,-0.7601624998366532,1.1685157077701185,-0.09036100129123555,-1.7180356385490974,0.9583100505605644,1
-0.8419556561116264,-0.8559305650016734,-1.1638514875057364,0.19655066498359525,-1.3699920168328659,-0.453974637747752,-1.7630328702676932,-1.7123831711774473,-0.25904981454123616,-0.6685271115446815,0.4188722446913828,0.6250691068558887,-0.8440361265530184,-0.3230371726780988,-0.043985452209269034,-1.2137098920459612,0.8362401366424584,0.031119244812145716,0.656063862288692,0.18606656155258158,0.8585626467005111,-1.697277294792507,0.38231923475204155,-0.5785076725945976,0.25805768803825074,-1.1962442867255965,0.3312180168026914,-1.8278329592976996,-0.43048588913205105,0.2660953802918391,-0.5489221716249099,0.235324428316814,-0.5987277666641074,-0.5177150267906578,-0.47000951977215866,-0.30993658760618253,0.9208333895876615,-0.7395036418736791,1.5556084401704857,-0.6373448296347791,0.23070135018278784,0.5679117848614934,1
-0.4172487605491518,0.7556249144779196,-0.4747189978130695,0.28107961344258414,0.6445284890925219,-1.2860430553975486,0.9165078869939376,-0.48272260196049455,0.3907560528585601,-0.5055666225261023,-0.021736141051341487,1.6039015318331482,-1.2112257396726602,-0.16217766357202237,-1.1761855540794057,-0.880730412273244,0.911870168189963,1.1017532859479824,1.4947687533250245,-0.4537889297123062,1.257462542477582,-1.186329228562141,0.4928786432731067,0.6351316067576211,-0.00824670638920064,0.10350818947257104,-0.24484680864226055,-0.6945649673222695,1.2063884687316282,1.4555913134987912,-0.023401976992677768,0.4937202612502638,-0.5532332232886593,-1.1723633579264547,0.4351909039897355,-0.03618976481778059,-0.01991826967634294,-0.219778344073016,0.3024548661292344,-0.06346235784162732,-0.9099359942672633,0.247257183376865,1
0.17611549681178118,0.9140412941714676,0.20387555252553297,-0.3182511038292069,-0.5891012273137488,0.9348594312456945,-0.5674143584306609,-0.5995833143440159,-0.31561127977518144,0.03672185690691326,-1.06845840285612,-0.7859395144824568,0.22776378774741954,0.4856128374473171,-0.5115151227741138,0.7294841565864251,0.8748391272131908,-1.3665863283165418,-0.5108012172781293,0.9067454070956511,-0.8107093295663372,0.9962885166286375,0.6121821438912748,0.9135227165194342,-1.3338796691110828,0.16296570373800154,-0.2928494015488968,0.5637211422262781,-1.419011949336224,0.6726386049043545,-0.10932235133802345,0.9877089659781234,-2.4373279815778566,1.190922964314858,1.4255909673085396,-1.113522909841809,-0.6957882249138381,1.220812459968972,-1.5390822597608815,-0.07627665838432307,-0.12037375733783147,1.433106320654095,1
-1.6543488843393312,1.7513130514683992,0.6072975559487357,-0.008137927082842682,0.43474204867200633,0.26188784519391983,1.1389321074021381,0.739927888597514,-0.7696341093772341,-0.11602515861385297,-0.14525589076317413,0.002914348713196959,1.077723938334326,0.027630092444242017,-0.9414116745538859,1.0650020947894618,-0.3905337741972796,-0.8419233851480019,-0.7506248017638817,-0.7376541705620703,-0.9661537799395549,0.2203998096454501,-0.006814298590924877,-0.036557764238565535,0.33756836937521456,0.7507229706842937,0.37506975164076034,0.8051830514129038,-0.1747096904326593,1.251599288727362,-0.5114846200558869,0.6179725465350631,-0.8984270656335227,0.6137856027752875,-0.10214400989807687,-0.6298089337471982,-0.718811539121336,1.1908473334285394,-1.6349508767059204,-0.39212795944342616,-0.9745750944421566,1.9123271865565428,1
-0.12343162018798823,-0.672720251840994,-0.7988748210665167,-0.4497886959991707,1.011881828562308,-0.4027675116661573,-0.038222284122944095,1.2849687534926382,-0.09379441731252383,0.2966218022784459,0.7006751900589812,0.7284855640231228,-0.004665130353076448,1.127789066308946,1.5601764148330584,-0.09487139296248955,0.43640290147029703,0.5212462779803542,-0.09265850658661189,0.4600030231460333,-0.054727542602250566,2.084871124693018,1.688820847704813,-0.7810373885891159,-1.321641840815321,-1.3029816401740504,0.7321589012021915,-0.4512300538548448,-0.3560908347676632,-0.3232465821058383,0.03357242214216459,0.23874375176208876,0.6206336491880624,0.6122954311276539,0.27127812633904924,0.51718163590153,-1.0564626154875227,-1.0437030839460875,1.3723570431090975,0.47878707422170164,-0.8267354724109826,1.005412696965276,1
-2.989817051753711,0.5768729502602021,-0.5117506711306935,-0.6049160980868669,-0.6990023910660453,0.213364782349833,0.13406966827916747,-0.5023934790730891,-1.1841867621561641,-0.7201377299531105,2.1839345589117194,0.8177971362622425,-0.13660027399973,0.46800433486359777,1.3152290544463345,-0.43339080153107207,2.1012471172941076,-1.0221865851867686,0.9199197198963919,1.1398446165512564,-0.0965170281504447,-0.7743242642842856,0.10053952619708079,-0.3488946699121275,-1.8546155351123168,-2.357545344224268,-0.9357832875619039,-1.7072787021750733,0.36484621160384867,-0.6083285842719794,-0.7477343497056657,1.1234570934276586,0.40532771958040337,1.25698249165458,-0.2731807294943175,-0.18607629024080757,0.17093819818658573,-1.096930220897821,-0.978245498385525,2.792195405959443,1.1238590595821165,1.5072280873836679,1
-0.42416380164451867,-1.8977613818496293,0.051751946833848955,-0.6186121939063406,0.770802981000795,-0.36122295456429226,0.2087742813259286,0.7188773205066428,-0.12484909228951596,0.3756046143817044,1.301672112237622,0.9147792794196353,-1.0636489416551222,0.030403527405517893,0.7258657502589362,-0.5178189322287898,0.7523730865102439,1.0510438181395971,0.4087986700655803,-0.21705493716721644,2.253638275846736,1.0838016502324435,0.6699065004017632,-0.5855739842579682,-1.1807423743808565,0.7772296035726038,0.6530680120043987,-0.8892993331413399,1.6815136166527913,0.141550149888791,1.768983106500322,-0.18286793703103707,-0.2211001606882515,-1.134931173153483,1.6578611205034501,-0.8653854210768435,-0.5431783687396564,-0.8136913414090923,0.17074985526548725,-0.542294615420451,0.8884146820410445,-1.546719541706971,1
0.7336386928992599,-0.544625914147566,-0.11869765642940276,-1.5819519463711273,-0.4930404839394769,-0.5797252420417407,-1.296311223657556,-0.8973317747904626,-0.40015126131268447,-1.279543919168955,0.9739524635913995,1.5332847620306187,0.16357104621415858,-0.40720423806401246,-0.8936151808184043,-1.1612939333056604,1.5203678578814181,1.978030581833406,1.5512108218981948,-1.6690154040650176,0.3196754021894037,-1.8179819660822543,-0.17182890921130758,0.8248318800772183,0.47476937702846045,0.2726414233579148,-0.3347492260864022,-0.20270201980976638,0.9029750640964355,0.22081617875223106,-0.9809438305161848,-1.2214136175331625,-0.8324890458809012,-2.6624930751962963,-0.6500556677908729,-1.4893814045981462,0.07817473044294099,-0.1217733995598184,-2.006961261522439,-0.36820397802493543,0.3006192065992496,-0.2799250928189573,1
0.5728589388961426,-1.2134672923615202,0.46759849203965387,-0.9037750297883548,0.4504326695572444,1.0475054760817095,-1.2296297715126105,-0.7017247176326429,1.7638117169524843,1.3005603686952136,0.29506186438012455,-1.4377294615312572,0.32561125084953424,0.14031378342143078,0.5554712108790605,1.3459189782397742,-1.3744398210537858,0.08591080782545425,-0.25913228798937293,0.09034322873663854,-0.4089178742991056,-0.8057817178988508,0.8485829961426613,-1.4788823403988849,0.6727935866567925,0.7675793003783511,-1.481896811818687,1.0361685336798336,-0.12799586422924142,-0.6987452764311326,0.3239294386155198,-0.2479127255878707,2.1845350460082,1.1023809934673277,-1.8324219229640302,2.810031153668758,0.24113209876087296,1.047185645210512,0.819580792083849,0.7873422076468127,0.8986846237346395,-0.595614197945139,1
-0.2929929501575456,-0.6371094502564469,0.10972480515927126,0.763551486519301,1.1773262597421186,1.0781455656335062,0.08915451086852165,-0.08378403647375422,-0.3977119618982389,0.4792917104042884,-1.1577320490319756,-0.6677032155455623,0.49980853369692035,-0.5867928978735729,0.35954657651787236,0.7921529137529429,-0.33410063817369134,0.025507883761447137,-1.3792055476633196,-0.7746328285768203,-0.2595924686169589,0.9875733143146037,0.10666765762733568,-1.1278071097717914,0.05840893779503127,0.9147788673945717,-0.3621656032106129,0.04432077221111148,-0.5099158106478381,0.1682733668722418,0.2588873061790219,-0.3518835127106942,0.16635583806539211,0.6526001088849733,-0.2728052514148821,-0.2693267383833624,-0.6075168430914684,-0.36934596630164424,-0.30947796893359597,-1.2410257387462553,-0.8642899416157862,0.10312494122122103,1
1.3471255266621947,1.1385633336555143,0.182937041167134,-1.971045329500106,0.7931313392445061,1.438838406829394,0.4508796955847028,0.2522240739219498,0.23164739696588518,1.0106743297508374,0.013223253268980146,-1.5625174943904685,2.284053247306667,1.1589938546897718,-0.5912955570564341,1.8726747663037848,-0.0661904116151355,-1.0494982649181,-0.039176722786108314,-0.43597285138684566,-1.2748398032989974,0.05650199515431786,0.2833494753788582,-0.47407028243910826,0.464723671847982,-0.04906054675118866,0.639579336193611,1.24052052462941,-1.696224452235301,1.0947971517485304,-0.139055228663533,0.017870802720539078,0.9688078332104747,0.99451211130003,-1.0646717750750099,-0.15401690158906578,2.5044671216081658,0.7462107210211649,0.4304842248113922,-0.30459157766697476,1.8576672368676836,1.501154503603486,1
1.8014019391893639,0.2584596826095878,1.35734463379578,0.9700197121076498,0.8122021742616251,1.1597850535711727,-0.6351617966862656,-0.5838339906709801,0.7298729978795448,1.6692940249308181,-0.5677030059859032,-1.002400040568716,0.9075893917820753,-0.047312045001032484,0.7293047522689468,0.6390880550385291,-0.9844836738839325,-1.5099134938466905,-0.937059010891084,-0.5172063967568049,-0.36950225117614366,0.6835169579615858,0.33079344481228506,-0.15585034680644005,0.7085260468719238,0.8523020004974472,0.3688130947334459,1.1498437835209376,-0.6924522321741952,-0.7887049917371473,-0.4208605910692451,-1.0834745330665707,-0.0697725698740569,0.6729693721904139,-0.12013375885276574,-0.3949305338732187,1.8915841515710843,0.43479826997759824,0.7257844711907926,0.06293121626551838,0.31529831332001423,-0.7664945818692643,0
0.12396693779607895,0.7540272185007889,-0.11613378094052706,-0.2744645800596918,1.445644570506799,-0.4266332807975718,0.4177448539633116,2.843263424533134,-0.5996019138706306,0.15880408958217357,0.2952527059980556,1.4896384628575652,-1.739968168835129,-1.3619801805608038,0.38568700066955375,-1.649890711953371,-0.4337417328523976,0.055027610285495535,0.7171348011745391,0.11450901106445524,1.360644128703653,2.1091674775611886,-0.8221402320289974,1.3851929786250001,-0.5066399706257347,-0.28512566162271463,-1.3638571335381942,-0.3210488462913184,0.4417039014641997,-0.12220144077149352,1.9632162957711472,0.5398994748023654,1.3173689911200348,-0.31208661176036506,1.1124896930380734,0.6273278125777679,-1.075050318379901,0.7195199469874355,-1.9100098083809243,0.6151445032885047,-0.5270112743607304,-0.6755634105329839,1
-0.45969533557970793,0.3459789764934358,-0.19940407987097267,-0.8599581952414155,1.1613648617091017,-0.6946712953089553,1.578203793757575,-0.4550295612742119,-0.5133157318136327,-0.18599756809393383,1.8778741846134128,-0.11392900759122818,0.21446095742952442,1.4079456276650988,-0.6928011340550745,0.21807863030018482,0.8641567225312341,0.4109631417590748,-0.061658944647254056,1.348413561324354,-0.3125349936496405,0.5567251644375725,-0.24750249989695494,-0.7719349871103709,-0.4688056857049651,0.08890217750897697,1.2260531499782374,-0.3637225085306715,0.5079797583125853,-0.507033765017216,0.6577425908694403,0.6370513679101042,0.9159280131291623,-0.0018478390076718304,-0.10229920261737502,-0.49748985617898933,-0.7808731115447033,-0.6207903580556159,-0.32826321493708815,-0.2751306810900756,0.8812116930971174,0.2361316401209449,1
0.4302406027096902,1.9507310398150173,0.8013244670404636,1.2483326333875917,-2.284920994446796,-1.504377109808575,-1.3258948945684388,-2.304807928355571,-1.174181876502394,0.33521032333820683,-0.34418675629646966,-1.603669589543516,-0.5641054034403205,-1.996875858415318,0.07869628761139283,-0.39988094342277053,-0.3707253872294337,0.16195903219650606,-0.84604987025441,-2.8180817987941884,1.6613771232978338,-2.0810527901175204,1.8458400456295114,-0.6501513051677389,-0.6741024664254429,-1.9111197223802046,-0.5088258831710136,0.5259710720054853,-0.9903652962037317,-0.8849529869597167,-2.2575311689222337,-1.8113733495084032,-0.7341224842899904,-0.6531176428035357,-1.1002974599904953,1.0591687487194787,-0.2754628029881434,-0.01609259533438207,1.4841138858454341,0.22558866131497396,0.5084580098747387,-1.7932933862145657,0
-2.248572437880414,-2.359510946606828,-0.7311578361872425,-0.746240358072485,-2.3249042184336144,-0.05301124756146745,1.0206118209527377,-0.35531640387963853,2.3560371203640407,-1.2308993653009919,-0.3898930190361181,-0.5278295632655905,0.21985879770194702,1.1238856527110155,0.055262828138809617,0.12909213432229807,-0.1331222828865866,1.0363783575730607,0.24394563920862944,1.3530856071357096,0.26272841699629046,-0.5633292458505031,-0.21238972103683892,-1.5271544889472453,-1.280037460831286,1.1094604320914283,-0.009056583701529465,0.5114998986677599,0.44278939794517197,0.1269238514086482,1.5345917802100153,0.852274572723107,1.8108989024276518,0.015571249212677284,0.9938335820587361,0.5518684734603553,-1.1845204313023066,0.841942078559715,1.739893466130189,-2.9247048598147862,0.8179225236824028,-0.2000975242878617,1
0.9103128391689607,-0.432712093691371,-3.0278354091594966,1.3822040167315637,-2.061964204173967,-0.3952786345624708,-0.14102685404320592,-1.2096150983654237,-0.540684653272485,0.703700564011328,1.8903810291281067,-1.9813015881699396,-1.0817741011356898,-0.20930570457921294,-0.3060872116949569,-0.8334338290265204,-0.07390352454184583,0.11110192768382476,2.1402775055781325,-1.1440684571350972,0.4936325683769825,0.6816458578766171,1.3566830881454364,-1.1115009140961036,1.8943820760041468,-1.2608757629937326,-0.2941562737056598,-0.9467480611420236,1.5335867579170512,-1.5124471573545772,-0.8724003139679818,-0.07455409590896965,0.6152852133428971,-1.8585758037034847,-0.12825138370122408,0.8258300636708045,0.8689035694273688,0.11890895356497036,0.5495803507703904,-1.186872421187509,0.9102213433292795,0.748121857739643,1
-1.544749760981347,1.301660764019906,0.40388603648513977,0.29901635519257413,-1.1326326608102626,0.5251782189943911,-1.2974856460356186,-0.7098606161497409,-1.946610117083096,-0.7202868632924262,-0.98485134544894,0.7477673550829134,-0.6493645077243968,-1.9548445801432435,-1.2574373320340768,-0.41960146080061417,1.930626904861764,0.6508115882896173,-0.2632646529763575,-1.6033716748729108,-1.3169269255196996,-0.45762185142605255,0.2708315346741434,2.543836606746343,-3.3718905803810975,-2.105512130834412,-0.45084909012131136,0.4889053029327186,0.27155404300771385,-0.1287327918899357,-1.365773470152336,-1.4892975134723838,1.5353419807463058,-0.32267506161148163,3.608381720823185,0.5066129200869489,-0.5588219619575332,0.4470377398861449,-2.3349483511304903,1.3938217115040703,-1.5138331518402484,-2.6629527322464766,0
-0.3079088397993128,-0.5113793328154039,-2.3240095072347255,0.6277132503250299,-0.782424810130302,-0.10979751797804235,0.3604146128532294,0.2007270341084925,-0.12742014387663142,0.47998122443736785,2.0040826932206857,0.308666233882431,-0.628484282768801,0.3101340474105775,0.4374163468184036,0.035333348225282175,0.9430751553851321,0.3647571918209053,1.8369435504273028,-1.0552045269266288,0.3863282734365852,1.0471800567358314,0.4530071269960934,-0.2619648412141817,0.5969555732492736,0.16240632987219467,-0.6171028330596858,-0.9940845726110251,1.9448047593652693,-0.6615250795668643,0.3109282713193888,0.08774226048353279,0.8345484685898371,-1.188416085133375,1.6632266567372738,0.2508591145151245,1.694551996461643,-0.15548649086631622,-0.41061308210432923,-0.9432703679185298,1.0322348286981553,0.6119108262046735,1
-1.406840487602302,-0.15961888919932402,-0.622368037117902,-1.802556058260889,-0.4773943562899946,1.6009182627936964,-0.3205920139109587,0.3101709661240851,-0.8252553423959789,-0.2565798185264442,1.4380208600149234,0.1258578748591706,0.45730082409401973,0.2044210670102797,-0.28471303395682035,0.1481814526182346,0.6724737775219242,0.1958430035699048,-0.06640392075220422,0.9356555491032227,-0.44042414076805725,0.8263613124352535,0.9036656807727177,0.4875369726828217,-0.9589697390921935,-0.40173830597937527,-1.4883646048423687,-1.1985240609962238,0.8877641527768568,0.22654223471846135,1.322352357778041,0.43475661030147383,-0.6159730575745568,0.36303046614815426,0.9733021084660605,-0.8103767417854133,-0.5997959308391407,-1.3829275655955253,-1.0181545573537458,0.4662310737669862,-0.10368992481958297,1.1444352984011876,1
-0.6106627997715807,0.2580877701678695,-0.9492868631931382,-0.13341536247392977,1.5332691730618744,-1.554660909190998,1.0899091720437362,0.2582471255916631,-0.3031052560525074,-1.4027081622064497,0.6857063835762361,1.409755690092903,-1.0106677892036466,1.9425088011505236,1.1551016518445665,-1.4010072314631843,0.3506560352287546,1.2789606692198559,1.4198886730444582,1.3132130804654285,-0.07032649960397294,-0.431541208562504,0.3867441042027011,-0.6039182294817919,1.881961832451593,0.5004964223738124,2.786745237307446,-1.9262286223541054,-0.20822693529280806,-0.8198941993128683,0.12399659941972946,0.9052311803305411,-0.5487874424425468,-0.6175777582883499,0.1142279595258755,-0.831461534160059,-0.21925998488957815,-1.302142982389325,0.8701415322590084,-0.5002943937090982,1.8139538242402782,-0.00832367707028571,1
-2.5605418829218562,-0.6109324437263671,0.45157219295839923,-1.422421127535796,-2.0848766418362192,1.3358714774745046,-0.5089669600462354,2.4155333492181255,-2.018544354622082,-0.5034348128728862,0.9069677098005549,1.3982240379969684,0.7567056503294233,-1.1006544954704585,-1.0880025231982213,-0.412778905874543,0.17244127258529382,1.9643324807216687,0.67097682391159,-0.6589280708275953,0.7665992648247829,0.6355097903140056,-0.14732321575658555,1.7221786111239135,0.14722649495574913,-0.8457593201264875,-0.2666544975228118,-0.7911854829634097,0.46120636273721916,0.7223006962810967,0.33115098567420326,-1.0046129189953077,-1.1749470444689114,-1.1861092524408816,0.7395397108347567,0.34367642795636105,-0.2723698119072142,-0.09513975775143788,-0.4788967623928715,1.7456283312640062,-0.8276955272953687,-0.39987327868260497,1
-0.371672784423165,-1.1482174500777498,0.4362955785266593,0.2733471348997305,0.47929266091122297,-0.15892603832758811,-2.73199412417327,-0.6348780939342239,-1.1877688680684513,1.1824342366090594,1.05298606438377,0.6674621082616566,-0.9970618500633694,-2.5017995070667065,0.9297373794909044,-1.418575759472714,1.8032087414350988,-0.33823204773037086,-0.13164241503569657,-2.3635879722878297,2.101197622401727,0.9480779948899448,-0.36319211867155465,-0.4467137230411989,-0.9174878424067466,-1.5566945343035161,-0.9920121521716435,-2.123878637171213,1.2311629089898009,-0.36324838403509646,-0.316656429445182,-1.498552637302556,1.269066849121121,-0.11736909415054826,-0.612531015914513,2.031649526816738,1.6561069728555236,-1.016090852699807,-0.37139376510400235,1.068442364684083,-1.443763013327089,0.1448094966865694,1
1.1881619382064832,0.02675158464290669,-0.6562097785404092,1.2105809088010713,0.51780758590518,-3.105680179474551,0.5109900210560593,0.33963016233046,-0.8892122699191644,-0.7245216118054565,-0.12270339023999617,-0.28397543818610244,-1.2927674022092381,-0.04587675336596945,1.2522598519528751,-1.0987133895992716,-1.0934534438405779,0.515817450333628,-0.5264236777841073,1.9682295030786277,0.668762860751549,0.893764818693336,0.3032922767615292,0.2948050405032553,1.3517564530220103,-1.449139648625761,2.376079595140474,-0.970078871976402,-0.8837406802798966,-0.49114939388642886,-0.5427920404143463,-0.04875916287109739,1.3576046899595333,-0.34059325950326225,-0.7863772064682039,-1.2859027651525141,0.05653210637644414,-0.5843564472424689,0.9118841474603697,-0.4222103498067859,1.258438226620807,-0.8912146591129085,1
-1.2073785253142313,-0.8373713408214102,-0.4865982983720502,0.44757744908250136,0.03428667208008327,-1.0189870105536938,-0.18569126610032155,0.4296818321090939,-0.7050028216462683,-1.0923235704929588,0.2500933827820251,0.4929726701651788,-0.4968674119696634,0.8572663449591306,0.24583832478860926,-0.8591009710229061,0.34052512829177584,0.28945428903981474,0.19587184812796016,1.0809480198254078,0.12617001517114787,0.7482074782474808,-0.3724060720482946,-0.5637173702381816,-0.11175690367824379,-0.6880526271915036,1.7838579058294564,-1.8237541098451961,-0.3890451337282864,-0.5353432956368418,0.3284362963368477,0.2953968271598996,0.22621253716335266,0.21194542799776608,0.69563638892673,-0.9994461770919848,-0.38886089959090414,-1.5524379894351787,1.8808971486446493,-0.52206093199163,0.42062434618662226,0.24287205565111827,1
0.39407726906573415,-0.9130103561186708,1.5550880433414473,0.8124002578341016,1.3072939938118278,-1.7494751118767196,0.19060953100985262,0.6028717448808101,0.6342928909508818,0.24778129653355746,-0.11782446286557709,0.7768512888293677,-1.0673384149768037,-0.654902852878302,-0.1460793212166674,-1.5058660282782912,0.8652027712863549,0.20478391586324718,-0.1582108768089206,0.5802895776793131,1.883848934329279,0.9559381275871506,1.3033357839435973,0.3957873336855672,-1.013209321533557,0.4932598498952705,0.12184831371068756,0.13713548362458616,1.8110710508156074,1.6032192415407818,2.1000949212092763,0.1230743219615261,-0.03242323507017386,-0.461767521732103,1.1854132295495998,0.4209010397082396,-0.3705933719617313,-1.6668069912269974,0.45338194349886984,-1.5675482236819296,-1.3514384398193469,-1.4128557296015163,1
0.26161906540916663,-0.6038608910469581,2.122985129221006,0.5273979707172116,-0.17427196110553664,0.543061163229711,0.884482484512593,0.3565410888044922,-1.5186578342116925,0.9467373791919292,-0.18791867059799125,-1.1252643360834156,2.0502813645433484,-0.6375359764216505,-1.2119632378941,0.3797086436238297,-0.40537523152042215,-0.5798709108658039,-2.2161572391600535,-0.3974690838129363,-0.46238120366915025,0.05550080052806264,0.3274035642849332,-0.5229695884234508,1.1414410731263032,1.1635938495012723,2.076346309158963,0.4181085436169459,-1.1533514709224784,1.63830496525922,-0.0982203110407068,-0.19787344080494834,-0.05478761492292133,0.21963384183411597,-1.581476376404158,-0.8322787841278395,0.26619850203433626,0.6832760892791117,0.018413834092727527,-0.17317464072474886,0.8873558755933771,0.6879262519578843,1
1.0907214911640162,-0.5386597668331821,0.5375308185940597,-0.18125668866558176,2.1735207573633195,-1.8772808050121526,0.4979268390690042,-0.033401024467896584,0.8455430038323452,0.32020075244302604,0.5668964631880326,0.3998980098570607,-1.5992833480049082,0.04461482105840072,1.2178821335171608,-0.9345908758565309,-0.25085450821603467,1.2295613978764055,1.4953954096405784,0.9170281812581871,2.0038072569824266,0.36017489027263094,-2.285882437675643,-0.06404365315266075,1.19922329563223,-0.6062703422046616,0.7513872120574088,-0.518848324920649,0.9666446159279912,0.20830737955438874,0.833567440193324,0.33091068308566784,1.1616605444547965,-1.0210288033016572,0.047088085162031,-0.05859851036748476,-0.5331652882977209,-0.9439855390162463,0.038236615028421586,-0.2964989832870387,0.36482977956727985,-1.103521683381393,1
-0.548750982492725,0.3570968578208474,-0.07949845332972076,0.26283127717667554,-0.9975036568293869,1.100319624288212,-0.2442086802513316,-2.1260141476129495,0.8435119469007857,-0.04924725905456245,-1.4683104790793569,-0.8789727346236079,-0.6391173648748913,0.9381732709291424,-1.09597955721732,-0.14782740160573765,-0.39610548905630355,0.6018147721186402,0.9275091502913938,0.6501885716304969,0.01356890437597423,-0.05156995930820885,0.41897952006144856,0.39675481652546846,-0.9451106842689478,0.22220901081405103,-0.826528721612758,0.34305633528490936,-0.5196808291511172,-0.2207347821752554,-0.18999785743747225,0.01988353132240978,-0.20839432379804432,0.1585438336468486,1.2247039576540775,-0.7415641833206803,-0.8251191281468266,0.6717034708645742,-0.589654080813218,-0.818370530204124,0.5494600266252151,-0.5765846338551014,1
0.35409091737064174,0.14640149251951914,-0.13947537939776486,-0.6975955668177987,-0.3756574828459667,-0.8391540467250849,-0.38669585972234893,0.3808507155422643,-0.5478307463819183,-1.1446880167356817,0.3929345915477089,0.8822828709822809,-1.1969864841371158,0.31087753725876066,-0.5400120956244707,-1.254798202549454,-0.4475578110914747,0.4957743225380293,1.2882366505270428,1.26180075179068,0.3265453039019377,0.5691446290370692,2.100246520581621,1.6032958245981745,-0.20790458053110888,0.0978449078784793,-0.8380512517476179,-1.0048860861573927,0.7658893342389683,1.6125439976976625,1.6147787905974547,0.24255328423139164,-0.2075379444741943,-0.7542436061319562,0.2707306721705762,-2.055970915305259,-1.6772310878107546,-0.8527339612827977,-1.0364974741561541,-0.1940948765984582,0.45395946209051524,-1.527309027747752,1
1.2666262025094677,-1.207670083662253,2.279676073452833,0.7392545853540651,-0.9054371089804466,2.433914947464377,-0.9016327374588874,0.30512564151869315,1.497611736809437,1.9041592190355374,0.1882104184121449,0.4667404042348997,0.9796053659010899,0.09189693000842163,0.7317439651261052,-0.13577315320340344,-1.4083660136168563,-1.2566537992567515,-1.3477844173027274,-0.7905607073659672,-0.12119949680718455,-0.9726198823162955,-1.02445054606811,0.12287585129874443,-0.778457478995048,0.7841023324671886,-0.36618183023813333,0.29855773722696965,-0.311368618724773,-0.9135010895701202,0.5185298264404267,-0.17337223862689985,-0.30469723295639983,0.7899444653809462,0.196415557061822,0.3951254828927326,0.9830436009535249,0.36206146791963,1.940171885991341,0.8578399886090409,0.08196995791978051,-0.5440382333280324,1
1.314074012387126,-0.5435563892904879,0.44820104540036065,0.9375180937813531,2.6342109327291054,1.6474513424639823,1.1308411456243586,1.384349513642318,-0.6787710687716944,1.1573602383434973,-0.5177171850866166,-1.4607849542653815,0.9370666127539768,-1.369865309304621,-0.8031949373161806,0.5662538412280369,-1.2605063411933775,-1.8750858117263831,-1.60680288892086,1.290217325340216,-0.23022066699857624,0.5911110377354969,0.8022792696131302,-1.1059742358520297,0.9930533325753595,1.5699335030359265,0.863008972661435,1.6342405537729583,-0.40218892386102567,1.5045083809109143,1.5412515041733972,-0.6806556611210922,1.5601429170953136,0.051701611643340174,-1.372450725095645,-1.7358681906674611,0.7126865213989029,0.1161021323715775,1.1209632702841041,0.4965324318946027,-0.30915548295624057,-2.0845490713837527,1
-0.6469960689367732,0.3642848697790518,-0.09460390656519319,-1.0812740330300947,-0.29375356092375987,-1.128474161498788,-0.8581935176343117,0.847732395266933,0.24161572460646927,-1.2776107071740483,1.2653134897346956,0.9229663727941695,0.06028777245567058,1.1086942531220678,0.9076304055388605,0.04548849526332285,-0.023818363378982237,1.2777835062526497,1.6730483456521623,0.35284783556172866,-0.6826991801507712,0.9071700501426028,0.8370147840160843,0.8080382868722533,-0.231479204574896,-0.1885323915308432,0.1241740420057023,-0.5507626486028796,1.0317110659892643,-0.6486409925731773,0.03978535947709743,-1.095481082477919,0.6742897796755729,-0.06332672410880313,0.5965015806676521,0.6727088895869706,0.6199360120908425,-1.3671949316570882,-0.3671043987257078,-0.1977725134435676,0.24139233229076285,-0.8100251796807186,1
-0.25827680760477123,-0.6248118141283623,-0.9604250906629446,0.8856789929330462,0.4821656244197108,0.07122834400677147,-0.7934009973486968,-0.1874026695268787,-0.05446565125756099,1.768704645711059,2.2482812646247803,0.9088003916113734,-1.403556577872256,0.8208739740713974,0.8512761215491271,-1.6230782131077435,0.6386816838365261,0.04074591136132109,1.1452949348082349,-0.8483298769724799,1.4711863726690904,-0.5957206798352306,-0.060943822134147826,-1.0190763883456875,-0.6828592779874322,-0.48690061506722876,-0.7592028979022257,-0.7630595282089617,1.165284099341689,0.982010727089048,0.8865042322276364,0.7561726899854295,0.9508947825271162,-0.7534164578363498,0.23172680143988936,0.8038607365478532,1.0274696192224757,-0.7394533700140205,0.012931340210706122,-0.7220287759511076,0.7966270198256848,-0.25884271528733444,1
-1.6051323268937598,0.4636928649832362,-0.6803642865212952,-1.7766243120247769,0.9533051538045848,0.46500977492384776,0.5780457516329872,0.3507973149482535,-1.3018051388380676,-0.6177102668559411,0.791871123668807,1.8989634092558134,0.6199859629293998,1.4316513093074699,-1.4860588022602965,-0.1755731671511863,0.7603244736030718,0.9927907021638807,-0.719857837839652,0.3826684784883315,-0.6873027048575352,0.8703877065844693,1.1543444115371488,-0.1998287745951771,-1.914700630036771,-0.3809357224093928,1.0731077545864545,-0.26019027574443704,0.5695736458777918,1.3913353955424763,0.45740627485494106,0.344401293960312,-1.4129031021335976,0.14173167204271322,-0.03214611592840199,-1.2558956827443741,-1.5242061561239306,-1.6039763596244876,-0.046736015709163296,-0.7728103112759528,-0.4496688192736237,0.8291218751182378,1
1.9990361218051031,-1.5277847413162762,-2.373671980184962,1.7291477263879325,-1.0167577648365898,-1.2011150215952326,-0.35851998675397373,0.8515215884282263,-1.663296115871535,1.2089763184834705,2.173988480110946,1.1805738897846008,0.17576803843888186,1.8124520218804978,1.096039052788568,-1.542186826565943,1.6352934514564177,0.7013499316112183,-0.13182524864126077,-0.529034133586901,-1.23729068008335,1.005646540473767,-0.2645970844828868,0.8897507729992802,2.6896099951969386,-0.18558925355223818,0.6861387060703645,-1.6963432923985955,-1.1305488138810433,0.2982679699009283,0.24594288487175744,0.7978711419058241,0.3103021704398026,-2.0667597081955127,1.067792032739725,-0.6440918256815615,0.5350075883999933,-0.7889523566568081,0.6193095127998023,-0.054640037189031716,-0.36473646430430634,0.9691668045985846,1
-0.37944767446936783,-0.4432029659341165,0.5059269251182339,0.26190662719304597,0.5365844072697111,1.0069544775369736,-0.8643968482349154,-0.5658450360293509,0.6969313856134811,0.25654676420040745,-0.5819871125178534,-0.4480115851729296,-0.044553182958676704,0.46091020854519793,0.004462603844722119,0.5604436089796178,0.34401671739982137,-0.02330822715943536,-0.06580141988391969,1.455789367401081,0.6685012863530366,0.6872391556759083,-0.6688423689566265,-1.1393744059543616,-0.6366554035006902,0.9312968901191335,-0.9200480895307139,0.924959594741139,-0.36651063408532636,0.4098422839626484,1.075678695993213,-0.07055176849612531,-0.6215745934380381,1.0155302690961445,-1.0767135735867015,0.8328828486703073,-0.507915339348375,-0.24255313207188092,0.3889941527299573,-1.1323442802538242,-0.36893784358947074,-0.7865020288436071,1
0.3165860414007028,-0.3452084235296873,3.3906678695139654,0.5618920945515633,-0.9570485276883535,1.1918612754743185,-0.007966964284177942,1.5603010448076535,-1.386187408011798,2.093024799709864,0.6488717753018269,-1.6714631246755491,1.9118204563789394,-0.8085723157886936,-1.9616684530764859,0.5551863469961723,-0.4852888745118109,-1.2372716251493612,-2.5164381477534983,-1.0597291725610378,-0.6678352619207653,-0.750843733748208,0.6784574247509991,0.764820790903898,-0.3780303884598075,-0.3267256292705471,0.8404181245224395,0.1969989412848567,-2.3759095496709652,0.42627080749621393,0.40373272072462196,0.8739954222475687,-0.9407472547626191,0.770666183598379,1.8871946004123248,0.4450228809908016,-0.5845921797418796,0.9770322289656794,2.131925497243915,2.438172483098665,-0.5134172082772216,1.149727902928372,1
-1.5866572762806137,0.5262049420575698,0.29152578229680615,-0.6844672724991985,0.06146187257362937,0.1685644658300373,1.4434799036500063,0.13526565540831192,1.3928932526937035,-0.019010300519510286,-0.48176336433444,0.875523792436639,0.4391070551415758,0.6145773402703654,-0.881995112384926,1.3154179612023023,-0.9342464420847589,-0.02932168827575313,-0.03634711974283408,-0.5042069034561305,-0.8358959731017803,-1.4371001846930043,-0.3064299283404817,0.5224408552200988,-0.3355087236497764,0.4383615092113341,-0.5819577073153174,0.22452034889087283,-0.9457766044433981,1.6358854515527839,0.15994313746791797,2.5426381093953836,-1.0238894615255338,0.593973548898043,2.000701149047494,-0.254078179573798,-1.5281620692385958,1.7032481560729564,-0.6274127489357357,-1.0402233999398747,-1.612990010189508,2.7534034841535044,1
0.7543262564877456,-0.33262196455811516,-1.3236041097895554,-1.6909521406957597,0.8208908467829739,1.257575263195411,-0.49015690070307366,1.470273654331972,0.1341878563681043,-0.8032877410984071,-0.7668275641115715,-0.626122026148932,0.25589972819585477,-0.4709351053912637,-0.4066125554386422,0.5141787481637065,-0.4989394166061407,-1.4536189851559376,-0.9597514190022134,1.0698165790978438,-1.3540769952989231,-0.6008729703390765,1.1974185094163055,0.22477246886545676,0.9123554988828972,0.559213137914114,-0.2977748318820871,0.25888545644592653,-0.9398418529753143,-0.4573515766103531,2.02438599745352,0.18917775613212254,1.4450924035724497,0.3838857494151036,0.6241450114802498,-0.8687938689381727,1.1761556438398475,0.24483540933519451,1.4132805706329268,0.05492247471877143,0.976809010838889,-1.4606536358974074,1
-1.9004781826766457,0.5817728669228859,0.10032544985100555,-0.0058808002917509275,0.782230945815564,0.3367340534296127,0.42192977756048516,-1.3509131618601822,-1.2026932167027906,-0.6694377813754647,-0.7810926899884513,-1.828577346635183,0.06676508146694893,0.8083246717455262,0.7281786200234377,0.5248632521855756,0.8328231123829987,0.13477028912729233,-0.19247481405271064,0.7177237944122926,0.06902265746180085,0.6613839382218093,-0.7414266193929712,-1.2821606147219669,1.2056507537259298,1.8427080152672222,-0.37044210846785414,-0.7110133915283909,-0.6739801222717197,-0.3480348394464287,0.4623502540218369,-1.0270653759387847,0.5155450823488353,0.41056552098895455,-1.497076840825114,-0.2198989260498572,-1.201870012804705,-0.5133096364678819,-1.9195053352420348,0.7966670587719377,-0.16622869198811435,-1.5791873454092995,1
0.5875801538958899,1.6995384263685573,2.348357246264319,-0.9843017748823869,-1.1620623968986759,1.307013821356068,0.18109475209869286,-0.1875444543526703,-0.6519311100260194,0.8193585033738815,-0.633185252701381,-0.18973288635170243,1.9903452909410886,0.3061495804007939,-1.2480017760940298,0.0038700944129710247,-0.2991221363673854,-0.6462919689325014,-0.14005718676217208,-0.23737718298355476,-0.26099444478191847,0.6789827492074537,0.2277295166017078,2.141109455256403,0.42447786552032163,0.3971027204561714,0.9453983579843244,-0.9583232129892025,-2.2347469896579732,1.6651174413706187,-0.49208248229888085,-0.21220284357913227,-1.668088436173349,0.6467778496658304,0.029966486400009873,-1.0905620389406858,1.6844430712609089,0.832216067856298,-0.9502771158638036,1.0604681079983298,-0.0061828697087036736,2.6087521249457684,1
0.04635007843306514,0.5681992018826163,2.123291925307375,-0.2950667476581233,1.3367610187933383,1.336682564584848,0.9419480279727126,0.6616869233836457,0.08724489488587278,0.6138978649038477,-1.3269239094224552,-0.029692609130170033,0.4271415641826056,-0.7977089963880243,-0.19461742568728307,0.19573460324922873,-0.9975213136758816,0.6748511524850047,-1.1009524718254071,-0.10855215102796997,0.57935290002751,-1.1772220109042726,-0.9278045871023438,0.07835188444562105,0.9787140699890327,0.6260662139362024,-0.2779972786066045,-0.08075839962353132,-1.069268079881938,1.8140984332053898,1.0299020901985636,1.4824183955688248,-0.9314195547056577,0.7585036864770596,-0.4143084664096774,-0.45562579202408865,-1.1898810193769465,0.23234375707661944,-0.14433407138624804,-0.9352068466783106,0.6133614687321939,1.3362195506261596,1
-0.8353104810651951,-1.4499075453813108,-0.7742178998598213,-0.714226261954873,-0.18404709471285735,0.5231561721982904,-1.741663578838545,-1.120129430362944,0.3826545720802641,0.21197842144746257,2.2568489523248445,0.3611075534643648,-0.7541611154320746,0.0019421661979918215,-0.027617226882594086,-1.7895479624243738,1.794221968156488,-0.37651031967522886,0.39662910984336913,-0.8093787119078587,1.0189611597080486,-1.4852811115909215,0.5414504252536056,-0.7731065506634774,-1.402448540878503,0.3020367943842266,-1.6096969357358513,-1.4847788185105029,0.9131464440733645,-0.46573359252012764,1.6539107714136163,0.18444632343742046,0.6051299861123226,-1.2037751952852436,1.1040074413442795,0.18269784279527915,0.9513475645729659,-0.7276935955029274,-0.652170567028692,-1.5288258881591115,-1.307237970996821,-0.29648007267467663,1
1.1079322273433336,1.8353205964114574,0.05443161271338732,1.5185972779536014,-0.30289438981330935,-0.10157326995034521,-1.4464546037823176,0.2433049632144409,-1.0601886067173154,-1.2005873672818428,0.0630273967091635,-0.39404146448390903,0.36610200177070484,-2.7901784401452927,0.31778214400185245,1.8528190723057165,-0.6684556122739574,-1.3228546047241112,-1.1979465804569929,0.24767781105914816,-0.8337675079010333,-0.3933573599383986,0.14052363876902405,-0.8929570319456964,-1.0558611750021953,0.9117811186688977,0.4061785037253048,1.1320117408429928,-1.3400852411954676,-1.109119335903971,-1.5551524078266035,-0.658724002912598,-1.3709596317593344,1.5488008400447484,-1.0644349472684913,-0.5204806965909656,1.520167996420435,1.4063483052467418,-1.1475808112178336,-2.2259937125205127,2.3621266578195113,0.976724825927814,1
-0.21666000925837822,-1.0866371475802947,-0.655362697499867,-0.6289516267359867,0.201215263042756,-0.6939905041821659,-0.37665101916035426,0.4579999871325283,-0.3943448740869551,-0.5363048734544437,2.2023900389055884,0.3260665974951095,-0.7538364663067573,-0.23305424313687778,-0.03789998614115053,-1.0671101191281402,0.8818052614584178,0.2028421719455246,1.4585802384287934,0.12858280047328413,0.9051830625079734,0.8783487725918127,0.3715033706577034,-0.617616733005186,0.6533051783835903,0.6402499617812774,0.3344878233144585,-1.3455668294195073,0.972304926838844,-1.4228241166886497,1.4677427431013688,-0.3363538222417046,1.5543870637797566,-1.4332516027034106,0.4072890906552843,0.12702163007595815,-0.1250470950002437,-0.12978899526816048,-0.5986974509440223,-0.4145164305175814,0.13908842030275834,-0.7633325415073225,1
0.7385184325802965,-0.4502900790403362,-0.31644774686699034,-0.4667755372098387,1.956328002268167,1.0045573447900527,0.005238010080044698,-0.710796568048058,1.3475608095391434,0.018629601210033975,-2.192963577407137,-0.3179739934477306,-0.6001379070254734,0.24842699820329767,-0.10707806051411647,0.7100201779887625,-0.21336392307204916,-0.627598015281008,-0.4774759564109211,-0.19305468575221868,-1.020173267589215,0.1439603740034938,0.6562003912454147,0.5665336559906,-0.09761705203668986,0.43911942427950595,-0.7192364559435005,0.01655974971788633,-0.2776285160672283,-1.0429077451227897,0.7176657351396935,0.5490513161071633,0.7868838804406598,0.9050866709629264,2.225554602160284,-0.9774209098339156,0.36491899847912834,0.2879209575012979,0.14587573513248192,-0.5743168998444262,0.3258122158593832,-0.8349067639161656,1
-1.2693890073749639,1.530010064324248,0.9549804356358954,-0.2501459062039794,0.07063456966879177,-0.5430466907011855,-0.2651568957995949,1.7063566362377471,0.19218124665562616,-1.7143698020639058,0.4910023320629399,0.7849890380625998,0.6200419955489413,-0.9634592258461104,1.010074962279865,-0.950189760423056,-0.03842187533991874,0.37931861875880535,1.046315293802795,0.5976638805547534,-0.38365900684466225,-0.7037471569724372,-0.9390108276064765,0.46486816901325695,-0.35187571753245356,-0.9352503774382586,-0.38158288886937336,0.5452614507948088,0.2763760252480817,0.32196900369792064,-0.35445048167937754,-0.5192970764665062,0.44515544649643257,0.2808479830478099,-0.7022849007134793,0.7688981101356803,0.6715762610685115,-0.8575157914765001,-0.2903845359306682,-0.7760115189514453,-1.039502369170674,0.2966727824855921,1
-0.6067585918938757,-0.9713783420061729,0.4950743141111249,1.4133929263355662,-0.9911855981083645,0.8645792812576996,0.2749390553342708,-2.3694020208261803,0.795878807467419,1.6390174780062898,-0.49473957822778536,-0.7365806928294872,-0.6558301317832513,0.5432782793077785,-0.315417581869345,-0.03350126938489861,-1.1883591353113065,-1.4738226429774364,-0.7430052031721399,0.2709212190523576,-1.3524229352230175,-0.7093314768756156,0.9315829738987669,-0.5891945836251214,-0.8490400929319001,-0.4382782563822559,0.04616642148024697,0.6795965922380983,-0.6392266848107763,0.2255857070233939,-0.27274753842182775,1.890942359378815,0.1670007251301386,1.3088400899513983,1.1557594361022292,0.9525833229971497,-2.2801295816632505,1.5978120479332336,1.2060426262385882,0.6291601908741522,0.4523340808994899,-1.025290867662358,1
-0.3746853016395921,-0.08521781267336712,-0.17210954792235897,1.6615957562625008,0.16598522176154168,0.6046737542491952,-0.017077534193880556,0.8999210104741588,-0.7734728187635198,0.4851565759704704,0.38202062658109803,-2.145764112035862,-0.2537157794592566,-1.321813179171658,-0.7595260170997385,1.359467349974483,-1.7948739928559527,-0.8155493402969869,-1.463667927712558,0.4468303191645096,-0.08241644481250188,-1.633707282954813,-0.15650950302657793,-1.6453327830930733,0.42677370553866456,0.7903932269175458,0.42596049771171873,1.2014076807966527,-0.9517385614096113,-0.09828183753894144,0.10027227438713622,0.31989470765020356,0.5978319999663497,0.249437150607348,-0.5210119011397187,0.10579038551920153,-0.3882955939246108,1.9134473314174876,1.0357931149500275,-0.21521078668779794,0.47873648408192493,-1.1422813851728328,1
0.6404206377431346,0.08016384802980192,-0.9275200153097404,-0.7394295031328133,-0.2813747316469363,-0.11163799287021149,1.0845535749092765,-0.8087025289446217,1.4029444422098931,-0.38468349677576824,-0.30473192659141535,-0.48160134134389454,1.5938856393424747,0.7888030144393694,1.2043618096691402,2.284119014344086,0.16034673606384384,-0.6725792668594331,-0.4060049619650482,0.7501080895806341,-1.6296197741340421,0.5584870793883987,0.7022361071427822,0.22300817019961483,-0.665402346132652,-0.2912590865045829,-0.23101616831903926,0.89571671927222,-1.2298734267625868,-1.2128399345460594,-0.8815679246350425,-0.319653368893655,1.5036123420583132,1.2094166487855005,0.382488076859496,-0.49519007209262456,2.368640175837307,0.6358785063196215,0.3226801367539985,-0.5344913940328186,0.7978430620330794,0.19046885926128848,1
1.2761532607269,0.35801594726370756,1.2118326552554772,-0.06629619644413696,-0.530916862410875,0.26057381848484906,0.6239277521858523,-2.0695135298633316,1.764948010537123,0.7914616443022164,-0.6609646567342226,-0.10977169316384236,0.8670312919854691,-0.007174363112937774,0.2053923442555857,0.5618331662326124,-0.9367642360201148,-1.7636281968418661,-0.6213799740522542,0.5134030793535492,-0.8323621714805539,0.5032587472793776,0.17284518899272378,0.1874655936681538,-0.802204369199993,0.537162733120616,0.21910571855059854,0.5055035861979678,-1.030403325052084,-0.2066809466575646,-0.6005505296925641,0.16234203656108148,-0.330623496828987,1.38129975739277,-0.19554738716029474,0.060557195362163606,-0.0752205144267464,1.211178444732675,1.337975060561251,0.7898374874695737,-0.29783196774625487,0.46735012938279413,1
-0.17155670765050574,0.34734142776216437,-1.02756636029213,-0.6613703726301358,0.05761297755437449,0.1955279865065491,-0.5875343748765337,-0.12091801823984404,-0.6329139110966557,-0.21865874019344894,1.0641404021452516,1.6855362481248768,0.247213359201073,1.0751745614945227,0.12804738872668214,-0.40475705757113706,1.2973815017687136,0.8672545669748282,0.9869462634906057,-1.1219742780595865,-0.7753185799589226,0.17042179307280184,0.7233765057240994,0.32520371604321063,-1.187116735938429,-0.427132077320465,-0.7976527206215295,-0.4694076569902367,0.3659365762658347,0.28318171366551564,-0.9010648172274672,-0.19078813850243528,-0.31510391554029177,-0.5582537863234092,0.38540652262253927,-1.0644165544403472,-0.4876878150116555,-0.8441862727526986,-1.1676443629986981,0.7448389860520128,0.13909544321975115,1.3581366146107314,1
-0.185794838707739,-1.4400874200566676,-0.3325862270635916,-0.2853523493061382,1.9831309250204783,-1.390399821839703,0.6155692690036769,-1.401727708170784,0.4626815709828522,0.16689191944561427,0.2648314268066264,0.04731182073421197,-0.7546563983258313,0.6154689529112025,0.9046805380361205,-1.4616934653858495,-0.5813307072393047,0.8906501433555013,-0.17276554176300388,-0.10030066183789413,1.3387004732625751,-0.34389355290801904,-1.5433898100019179,-1.2709324782400646,-1.4422239886296755,-0.5747001127014061,0.49065833245565565,-1.3410281776915045,-0.8556421411069954,0.7812977263774769,0.3042110910860656,0.8051196254492633,-1.0564165891949764,-0.44201527556382375,1.2864016838871306,-2.805017904157759,-0.8116528638748671,-1.9543860102096329,1.8017238581794148,-1.9072002751605763,0.46226067792526887,0.07713325058229037,1
-0.9302325983090931,-0.013987734578470667,0.4185076820425379,1.2907141618838174,0.5047972059303811,-1.373481634345752,-0.15509571538804393,0.7108865283348978,0.2855069329116486,-1.2272230446671686,-1.1100091287818181,-0.08837490760995713,-0.32193433780189545,-2.6330749566512806,-0.44726808495930437,1.23524034057018,-0.059475277418136345,-0.8699841906345651,-0.3595420857054048,0.27715786001100795,-0.16187718923514655,0.5654098150506239,-0.013548784786119214,-0.48733057660446966,-1.3190489495697375,0.4340189943029618,-0.929996811696245,1.2681622395988994,-0.07379198194850115,0.5542845285203203,-0.21151452016451236,0.549578833641885,-0.7294205788600389,1.6087000534258125,0.537095822255822,0.9165024653947801,-0.32083362122353426,1.0614711168191806,0.15413329224325759,-1.6280623513325037,-0.2997726327679275,0.46407158313271274,1
0.38445364264678794,-2.7197217119425336,1.4080854779759235,1.2032267567809094,-1.12866786267729,0.6400696520227047,0.6742705123598959,-0.015746944015646237,1.2577377764353896,1.1372271239568916,0.4536548039767931,-1.0669270314611028,1.3268191422046212,-1.4155265697228436,0.5241013886412883,0.43144923988423917,-1.1795867836446385,-0.6825649738117526,-1.9293055499082432,0.14809297365693677,-0.9043058815687907,-0.11569101999205707,0.6143392240258547,-0.8955018991533057,-0.5812521361118387,0.6169024645364743,-0.5318204011451038,1.503855423763768,-0.28707582074999366,-1.0317592346054676,-0.06177134424512966,0.8204387904479873,-0.1939549948054619,0.6161590560849959,1.1755640503125828,0.10397643264313487,-1.1881245183982672,1.1399591794884756,1.883224874277578,-0.0717672946777792,0.49328515089086,0.48626796838117214,1
0.43458689310463183,-1.1999260303102532,-2.313783967661391,0.9748963143620508,-0.9905003338488774,-1.349210053556978,0.28201324835001806,-1.9162726804476105,-1.686835008633121,0.4653359338824987,0.49359388575499136,0.3994794890466845,-0.4322839232329286,0.12386537811414883,-2.5566000280464554,0.5345662430489694,1.0346757880259578,1.9378176652946622,0.44338249691471354,-1.2223080589934114,0.10776039785014885,0.005285444035716036,-0.37092829422223134,0.6340171224477523,0.5675999901322115,0.006551198201995911,0.6314570100992754,-0.8466162760226906,0.21440743159128026,-0.2165841130429896,-2.017673457557453,-1.014222242821625,-1.7097321063046242,-2.1975639025512606,0.5221941232483984,0.290242420526736,0.41669314488161485,-0.3309529837445116,-0.5193429862512656,1.6949363434809324,-1.1283779185779719,-0.24035139603800806,1
0.14699666846288276,1.3416630828188998,1.1095853306634857,-0.10200637491798895,-0.45223007333115034,1.1332371732831823,-2.9137611048493346,0.9662801797961216,-0.6727794840318411,0.5010088775699186,-0.8337672177644274,-0.5510387839451653,1.1082006733675682,-0.09944595418566399,1.1867269027257576,-0.35023005732855705,-1.4708634742175326,-1.7420906399406493,-1.3482213545460369,-0.7433579180264601,-1.0266337032468413,1.145237016506837,0.18621257816465803,-0.9188435550751581,0.2607082706943879,1.1105173851998376,2.9763506368516888,1.0549981358696985,-0.8662523870072644,0.9346976382657628,-0.8451502627096172,-2.1215445549642302,-0.5954756751293704,1.1389850290923371,-1.2020779605080356,0.6159365583190363,1.5915410806234758,0.5704380818799325,0.9530162240755015,-0.7305385725673016,0.5776401542736831,0.018565911607744325,1
-0.7020651431610702,-1.2662167622171843,0.5649602219693247,-1.696380470544288,1.1110073703399943,0.14138983444210407,-0.3570471119093962,0.5908885560446561,-0.2585326931174915,-0.1503109178579033,1.5946046892338188,1.3178955812093343,0.6996509728723401,-0.4804008518058529,0.5081959084939217,-2.035715403139751,1.3946074050082202,1.616287467829404,-0.7557187503927077,0.2692537012072084,0.44422916957866543,-0.5597938317798418,-0.3325134273986353,1.0762577273148732,-2.0121406096636227,0.3425181088755615,-0.8316682228776205,0.18638962957817126,0.20186553341628571,0.681019645413808,0.31646902054000053,-0.7661370281190272,-0.8079507689973844,-1.2752664932987752,0.5593657688620727,-0.839533304613487,1.13714057620452,-0.3074698450704115,-2.2586235876957588,-0.25569476390615264,-1.5102014577128353,-0.5593804092109362,1
-0.42966456994736024,0.12594296610028285,-0.31154424478397413,0.8215597468410375,0.7053148200596668,-0.9882703026815397,-0.6981116231143781,0.18153574200347045,-0.11989616111396414,0.018447092720288223,0.8002051667491721,0.2433843140051885,-1.8153873757687795,-1.273335530157353,0.2185088073136102,-1.1913840067328985,1.1641486006291077,-1.01904160491952,-0.6445869976381099,1.3403818801528065,1.3844541879252557,0.6940142121929921,-2.2380347705673427,-0.6112161492806109,0.12241497507342806,-0.28527528674767744,0.3593181657818955,-1.5961794644786111,2.28908714139319,0.5945337475827929,2.258493916267305,1.114219666655498,0.6844023265930476,0.48927724357791125,1.0636281900549598,1.0048230755051686,0.12839046461702464,-1.6908311697212628,1.307060889436336,-1.6781867818509084,-0.22585384594998273,0.8445082614501059,1
0.766058894694863,-0.3810985225657864,1.526830584458644,-0.49941683840600565,-1.3141049995412708,1.9635995620499493,-2.1411376579654364,-0.4501125932732701,0.7889356309217056,0.737968737647929,0.21932194489254325,0.15204130664562301,1.3202550545606433,0.00714789271554281,1.0210794550111937,-0.34833886413705545,-0.9806074283307544,-0.305584272820416,-0.994876628292252,-1.4902038728782427,-1.111976625583793,0.7153906834758221,0.630108049080927,-0.6445917554189411,-1.708576405829473,1.3840318914431362,-0.28228480754512025,0.18850621223622765,-0.04531125687041366,-1.2882340126729417,-0.9482525599941308,-1.302455541999472,-1.6285287190772468,0.9289296982864312,-0.5005240093186794,1.0090367193343728,-0.807548419482891,0.08765466114363965,-0.2298695426081934,0.27136866554998096,-0.4207059303364346,1.6475182487641173,1
-0.11848032215038579,-1.333313342947614,0.08988498071721618,1.3069824263505305,-0.7308118003628078,-1.9330333469507126,-1.5535226708156524,0.4116095233817527,-2.0791059458117442,-0.48180667302343955,0.7528227088621406,1.7389876763980991,-0.31390154083928706,1.2789732061328591,-0.16862999309103893,-0.4389165490226938,0.5834786236474382,1.4297806903006522,-0.0802410612901282,-1.2555785725459543,0.5250373943825893,-0.13854183120982186,0.6374215479838228,0.31528699442348834,-0.978370053398508,-1.408252452650912,1.9606298786930578,-1.2758286109265993,0.022427480533892853,0.6287279526203163,-1.20098530337324,-1.2536909159204033,0.5164587497113362,-0.9309291558355239,-0.12029988566386525,-2.414204063825346,0.6820845023538847,-1.9751944493594438,0.7597108688433907,-0.2964833726261401,1.8218249379503777,-1.4080742840914966,1
0.2225783623631267,0.3902800027471395,0.579585804572821,-0.593256314600152,0.5321471711870056,0.30972723872068103,0.5950509696372065,-0.6805350056687812,1.4081693311697523,-0.26615768541187923,-0.8577561260550483,-1.1713179690497943,-0.417645475690553,-0.11211392261919398,-0.07186489644127196,0.2700213342415112,-0.7535465309776511,-1.0637860872743603,-0.03703580471836678,2.0297873356870975,0.19644460401797884,0.6151459374698695,-0.5655638576833186,0.21563846489988917,-0.37264433660327384,1.0625699558581507,-1.732704070275242,0.383235591361165,-0.03163796714732239,-0.5179051302762478,1.1585197407755448,0.6792675939813518,-0.75801018682277,1.2577952766511384,0.07978988258876232,-0.3479738051116321,-0.9377955157973974,0.45249796131994147,-0.168837483863951,0.6739118025937288,0.21117948948064647,-0.08796964747120241,1
1.0324916186828283,-0.04214675505258829,0.42107957455256434,-0.21172385901134932,0.6850137683056515,1.2295041771211275,0.5424689785341461,-0.482306040488216,0.5998596036362753,0.34403302225026394,-2.604393972586668,-0.7554530097662369,0.543073612062409,0.8250126189025484,1.4878036367051597,-0.16940973003771528,-1.491832851304679,0.4829301559916978,-0.669340206556734,0.36137043388474344,-1.1793842396859853,0.10766785868333632,0.5668188029986647,0.5116609227813459,2.548176300937452,0.9750087159382818,1.46003272884027,-0.11989988937365614,-1.5643450258732543,1.0935995823781808,-0.21471850147579374,0.11869225759743082,0.3187447701590962,0.19490581025785916,-0.19068925328923683,-1.423376708121784,-0.23688115840250312,0.6741696586585088,-0.16816127965932293,-0.6842467942663978,0.6885194747130873,-0.06754714783219633,1
-0.009583387371170503,1.7822348377336406,-2.090624215174042,1.3660965653663488,-0.9444538306374541,-0.6912678832642426,-0.0318346879412841,-0.35699820429345225,-0.9158784253349801,-0.8346459206760715,0.22875152796063558,1.0922193047681417,-1.917719484217264,0.6364361729428709,-1.0685591613935215,0.020347149768200522,-0.28635834945603444,1.3047589304889011,2.557623779373155,-1.67639730424189,-0.20725443377538838,-1.4343446479636293,0.14291139862493096,1.3402410704830565,-0.04726738254643871,-1.5581667773760757,-0.1281253278031688,-1.4222800240743367,1.388083225669301,0.5473470163092832,-2.0379438934945675,0.15486707164028962,0.11079772638101244,-1.1588116258178132,0.6172703999012594,-1.268932727738631,0.2579429164359111,0.3819316719451621,-0.47917840883141116,0.29343188139920956,0.9267754564971685,0.01813540535447375,1
-1.0688834549302684,0.23219005157760508,0.635550340935579,-0.8195235606305264,-1.0935429486659591,1.0397216463781196,-1.1759681980258354,0.6398657108871788,0.9011438069122908,0.3308006290431886,0.03230487972105431,-0.9859941645701463,0.27405877925202454,2.68976569305633,0.14533368292303286,0.9483570677710329,0.13552004032645784,0.28198803345748363,-0.009487761478989895,1.1922250583507723,0.17513490122779835,0.451577997533788,-0.4075192751656355,-0.4528075266959138,-2.1792365358975276,0.6672008804202925,0.4345362480949154,1.2037297531237712,0.2642268499143502,0.5550074484639815,0.28025874170432624,-0.06987485605317498,-1.1999983200856978,0.7957079592451087,0.2323514374618842,1.3306244660733941,-0.9398793086296272,0.3265755474198155,-1.1147407117801327,-0.13046207367882917,-1.2497150452779175,0.8560565883979795,1
-2.37289564302805,0.5462578646284322,1.83688269478784,-0.968276338614292,-0.2629578254950706,-0.7993418182881705,-0.151828916015194,0.00273445457870318,-0.9240194658757642,-1.603096845757851,0.9336652384576861,1.9084818906932515,0.886542510380458,-0.9245084039024879,-1.00358031023766,-0.15284001071444778,0.555057081068402,0.6446716448513121,1.2895516144830663,0.4262584952878975,-0.17185499054032236,-1.1866914071501442,-2.669962015094095,0.946127248929647,-0.46996801964389906,-0.571795596378268,0.5597952920562613,-0.4984635011573641,0.4056606283571246,1.3321250641205333,-0.8421531770812081,-0.4420888555929408,-1.1780675092680777,0.1796622275759376,-0.5222798850998075,-0.15140183039925464,0.41578123382658616,-1.2267515697093083,-0.8297359829390565,1.176181838126826,0.0681689434946936,0.09518197577015224,1
-1.5636706468475403,1.0982858555882686,-0.3065451211342971,-0.6242952455702605,0.024655396262012595,-1.6617059687651718,0.49144705062914057,1.9138874612334396,-0.6184806375041817,-2.385821868426851,0.2452596464628993,1.0804529975648993,-1.3285010113411229,-1.3143125054228677,-0.1144863533522018,0.45707212343958054,0.6408227371866156,1.8885162379812779,0.9589896150058781,1.1785662086367992,0.43965929517727553,0.2696205607037794,0.1669187035619905,2.024712059060082,-1.0147438592873084,0.177962973189486,-0.4300696213233019,-0.4939407814712798,1.8928912582415998,-0.3623727836761797,0.26665694206745166,-0.5348122695061371,0.25178760101070946,-0.16672117789532087,2.206877333201499,-0.2382486186157137,0.1382300365250455,0.14629986706012404,-1.2507640950676575,0.876576561080844,1.1942577092917968,-1.1532269092371057,1
0.031868964350942594,0.776006873543388,-0.06665463025129159,-1.7732289713029794,1.0592615618648202,-0.785985732228076,0.07654566388231279,-0.5888242051627648,1.048082282433466,-1.183913878964831,0.6738539200716439,1.8294613162681954,-0.3709198389711209,1.819791558660143,-1.151673868040504,-0.9695463447997018,0.03474715373858702,0.7397135371117317,1.513807165243114,0.17566812634883697,-0.07472066286138744,-0.772129162332317,-2.273767037357935,-0.03396372165288542,-1.4082524937579746,-0.4130061575496339,0.8475112848588173,-0.2638017927797976,0.22831089963517018,0.691210503519606,0.06846931442875046,0.4400562019991128,0.413957922851423,-0.4187296514178467,-0.9950743846433658,-0.8943650590705302,-0.8752557409577519,0.05623134150091539,0.22275994514219635,-1.5353773254072607,-0.4468193114312095,0.16323467095632682,1
2.211101593619983,-0.4651556763859964,-1.9833487875009244,0.8003639265730744,-1.6228384772181104,-1.3997046980535528,1.0487691664738807,-0.9640052576555818,-0.5507628092109574,-0.24445000545999465,-0.05802518072958771,0.5509074990220691,-1.0304951478295015,0.2463908933453181,-1.976917736577712,0.7040243196612149,0.8140916055221518,0.46998206295932343,0.9280047660881704,-1.0576996290865384,1.3150832645343113,-0.7258990913250698,0.5760049396229722,0.13815178934009908,1.1438692027287154,-0.9212817983585313,0.8485898355159839,-0.22782828828018165,0.9850841652864987,-0.9454119325356182,-0.9149429762321227,0.26576880005356934,-1.3982168841871288,-2.2553023263124667,-1.098400040033791,-0.21608259915627576,-0.4981828474889997,-0.005925583443344253,-0.1462481229436105,-0.019064521511642705,-0.059527294331787495,-0.15285522138580285,1
0.23294311201196063,-0.21273755470373676,1.0020193832464663,-0.17508709909299194,-1.3229173209608667,-0.0499835767907225,-1.3830094761459235,0.7910369392652734,0.22314648249401423,-1.3113542337460282,0.3073272058198278,0.4313540177374393,-0.25566335590223266,-0.9304472844115768,0.6893968005206832,-0.5923715421327426,1.3216280270344407,0.966308477807068,1.5031295521554033,0.20061740154461094,0.7265789001921589,-0.3263939592683586,-0.7715377787182308,1.6406199718907244,1.0333977210231562,-0.3529187322526357,-0.7042043008555817,-1.0970373094281853,0.9338494300245318,-1.4068245742001626,0.3065324624998789,-1.1871054094777223,0.34112298582907175,-0.6577243442126123,-0.13232975959667903,1.3515909958425034,1.6667681051783887,-0.2723796793765409,-0.4378220736658086,0.23892354355435047,-0.5263402146402582,-1.2635621318126,1
0.97830013035427,0.2718997881772476,1.6166259115691184,-0.6537232184353331,0.17858324653059424,-0.419699132791497,1.2151818483680157,1.3882158882390607,1.7647278951697232,-0.8421279352121048,-1.4056835573311741,0.32992182194776587,1.7365538790991928,0.4416572113883879,0.5581262010969965,0.3378891969977489,0.18187333936302164,-1.2722237041737623,-0.27806429702877095,0.8413137480128129,0.31857690741257655,1.4733479772747968,-0.821024803327664,0.8800736089751995,-0.2937730258905292,0.7814398420445476,-0.5561314806183723,0.8053873664923089,-0.299343580571193,-0.022677724427406117,1.4867268478907822,-1.1156476087311036,0.5114258403350377,0.8462227654387856,-0.6108414954054571,-0.6652149545539578,1.7243267671853508,-1.2509083249383777,2.0793700715794863,-0.1403078971989565,-1.0438609354430206,-0.914422294042875,1
-1.5969355169387915,0.230673109593781,0.2689176977687914,-1.2402916866431934,-1.3059906679819597,0.9685251150560467,-2.33043990922532,1.2938926102670565,-0.9206098059269087,-1.48398080192853,-1.1806612898260966,-0.8279635039412228,2.078215711764068,1.5053777277018652,2.2768192863695838,-0.6040669526914377,0.31840153639238084,1.4024754711160277,0.26825266337981296,-1.6321945396197037,-0.36118655062088756,0.8158179861598858,-0.1700008729832713,-2.0685651144448625,1.3127812437728612,3.2464168344081044,2.9696287789610922,0.3512755224859616,-0.9425723954860487,0.5057882560959371,-1.0203897363120442,-4.375987652712011,0.1114579601534552,-1.5764538940475665,-2.109758091542929,0.1795664814312639,-0.5398009103725352,-0.6191173987819447,-0.7105879884624815,0.051971092662327904,-1.8156688688797906,-0.466327800842863,1
0.4475798486693988,1.1233692279034486,0.30718556331456165,0.878073622613411,-1.3767379746830812,0.6248345044298099,-1.3846415740894122,-2.581282209795365,1.1390953759875684,2.0119525870647212,-0.8182474921355721,-0.4288295466778218,-0.5190286412430193,1.1160771408179382,-1.3649466270573518,0.9908469475434688,-1.6896381553627566,-0.3544655317472139,0.570697026946675,-0.9477168442908125,-1.0539713420119965,-0.07382234276277094,0.8853800748517872,0.9148375930537965,-1.2048109337236246,-0.8711611291467389,0.19701982987189978,1.5696505630933524,-0.6905126938293413,0.9824038343266073,-2.0280026776602234,0.4126872525395051,0.1909395138464471,0.8792138695865981,1.164747480090972,1.3308528419380812,0.2995616542369956,2.735829247543192,-1.2700247778571467,-0.9004803106436974,0.09600740991565236,0.5231191396908788,1
-0.041612043724180564,-0.16300590142023783,-1.1168367531593177,1.5506807565447924,-2.611335445231095,0.4011247838063521,-0.7276852056689269,-0.231178951917017,-0.9589694843051836,-0.07369806278803266,0.46545806803482254,0.06543599313388612,-0.10765546880410705,-1.3550424329644288,0.610743877032585,-0.1302200052143558,1.0364958500451258,0.2150828963059919,1.8637667167307075,-1.5601022741293096,0.7929416378691526,-0.7760759730847248,0.7708169874106063,0.20420391273816887,1.5441869581952672,-1.4923292228173697,-1.2607376082937913,-0.8205008607852918,0.6602541184548048,-0.15398187071339306,-1.3836677770627543,-0.3231204296372106,-0.628930805143727,-1.2492951970931758,-0.0938709533122233,-0.28070570679662815,1.1354050411335062,-0.5502824136789928,0.11793703216859618,0.5648590054264989,0.9249925735609348,1.0103647676980982,1
-0.45892328182415426,-1.1719086737188185,0.07644543337188439,1.2883860601591564,-1.3163498846472816,-1.3884075398225573,0.21179006787726143,-1.3053535558940947,-0.6015629023510913,0.04825725285986086,1.1180516422793565,-1.1091025830556125,0.09801721864130818,-1.372713073025248,1.067144535903967,-1.6798779027307356,0.7802121773132323,1.0957020513496345,1.5911198982094792,-0.9358052538518395,1.4059644916507128,0.5800955917421882,0.1034359939971066,0.242678781465443,1.54411895318625,-0.42915037908778364,-0.23315018787717406,-1.3667534379458335,0.4662739392807653,-0.43514681711417547,-1.1708357334800128,-1.6677580168425417,0.16735732184029264,-2.0322096065213224,0.6980272651779472,-0.9461580440208682,1.3936117279233764,-0.6541961480923331,0.6930402092500101,0.5185375957004046,-0.1668324637823104,-0.8064748719874187,1
-0.22305450068357197,-0.8307375588504893,-1.0507644237688751,-0.8350231192753496,-0.5151982298422011,0.5777890374177822,-1.1013394737987774,-1.140801255351251,1.1007610556241167,0.2477729444304676,-0.6293540707203653,0.7965474772424386,-0.46132716352461817,0.5007296731458798,0.08208768055613035,1.2525169284090518,-0.08014133198293383,0.16395818404066778,-0.7915747136468655,-0.11089586043624385,-1.5402729230600534,0.7472339302116792,1.4097028574347779,1.1315269612635992,-1.7131141617276067,-0.03775478824845553,-1.1636157740523587,0.40467767656540116,1.0559184641696597,-0.8503658718056826,-0.6178602490968645,0.4223097279759578,0.22255439218483786,0.9216481575486029,1.8161237139434483,0.9962777876236287,-0.11038008305161999,0.9417364070446127,-3.305969923500924,-0.5578270472659175,-0.6898688029835838,1.0396714139442464,1
-0.17847063194951668,0.8943889581469373,-0.25886139708991446,-0.8237119608250032,1.74344704847874,-1.7483452074540933,0.34356292308039965,-1.6027273712523133,0.7647446288631016,0.25898733570328525,0.7497496003511933,1.7772481746872058,-2.3165538953147538,0.13789526182605966,1.2416554992227906,0.2604214724426593,0.18641750312008487,0.2196288768087909,1.0616252270608877,1.0657422342872072,2.4319021217854417,-1.460975540283583,-0.15332419457928723,-0.7360794760028155,-0.2936670212619962,-1.0567790434553137,1.040677960200668,-1.3370153410994008,1.9385583416975338,1.199114013240413,-0.28693858604158823,0.9573088419534687,0.3109581969448004,0.09583811994514563,-0.9714770748497703,0.09513162510660066,-0.6909294243004461,-1.0927417559308032,0.0035940737041969305,1.9520359479113798,1.051451241568284,0.5865758761716673,1
0.8890099678920942,-0.3457059507667299,-0.5955814991879944,-0.264930990399414,0.7511457509288877,-0.2188474989434786,0.31458206628275687,-0.0024820464371760964,-1.127056565928293,0.6514380839827826,-0.735784183805192,0.6647216117503087,0.38273386260293774,-0.07891754334258883,-0.974955698961278,-0.7711190243862981,1.0004738392676629,1.7411492863865632,-1.363912975871934,0.36280527710083904,0.061336322247390836,1.622563294326348,-0.5512777579386111,1.2682506572205128,0.27827951156835246,0.029990319869922576,-0.8143564726347851,-0.11026191611400997,-1.079733751900722,0.9208289558438341,0.47385346754665075,-0.04480837480323486,-2.1446565288112596,-0.22998059771783913,0.03980747593334671,0.5693923435138405,0.24825546862916786,-1.148307565676379,-0.025826745471780946,-0.4016911970908663,-0.8864822932546372,0.25702123975642294,1
0.5636884920897568,-0.3210663735218815,0.1441435105180189,-0.802509093605842,0.850346698242534,1.0848687286830327,0.9028048245173684,-0.11371950627461418,1.0147320277997165,0.7880761378405826,-0.2687173695314148,-0.8301964026098351,0.7776365881376095,1.5355648338574832,0.3922716337617837,0.45989890549777374,-0.6652203131141362,-0.08993677575596175,-0.32477842531508283,1.272800107480157,-0.5324760745173427,1.603700042304891,-0.20797760192028764,0.5312734856599416,-1.1974377178225306,0.24924938206772257,-0.7901597527413808,0.8104457052048997,0.4825070906423244,0.5090175596324592,0.9319100681712932,-0.42499974405186525,0.4683788901753721,0.7801015417448361,-0.06440756326425041,-0.38201831377436174,0.9341402995708064,-0.8831070599103595,-0.6868269791300429,-0.4803664584803285,-0.532682128310051,-1.1233568840570207,1
-0.08475824418253847,-1.09716400883438,0.7568127388737074,0.4604980412898155,0.6590845700202285,0.16030571876573552,0.8860676680010149,-1.2355232356920913,0.9367878698687326,1.174939328298255,-1.0848719239917846,-0.7496255248793307,0.7260869280444995,-0.17747435188275693,0.6639855980118272,0.5870867910081438,-0.9666756734962648,0.41066508120157214,-1.2177605978245154,-0.30695553127430697,-0.5309676181409128,2.3354388323388564,0.8762478359620498,0.11804871335034933,1.0352593605458582,1.0701094320058464,-0.03072132940929503,0.4083010546666763,0.47398806660954074,-0.8226095879126766,-0.9549473409064477,-0.6470832980434321,0.19373100088066594,0.6792935358226364,0.0663048821067219,0.48244200987665775,0.15299213282574872,0.9886788531741212,-0.9519713074824085,-0.07804292871578208,-0.697755503934035,0.5982247456002826,1
-0.17899344390939553,0.2039792968314557,0.5824097640882204,-0.23427502603157557,-0.10355518539574884,-0.27607116320903863,0.6140201531440131,-1.0213324612472456,1.0388802487806044,-0.7883301356940722,-0.243559456872392,-0.4506870955539133,0.233842888009478,-0.47731591122944766,0.22107554459331955,0.9665626624581751,0.1800210339897663,-0.4971538589335954,-0.1053401215969792,1.0318558695286257,0.03948876733980775,0.2113428788261986,0.5820851990036496,-0.3264340983351578,-1.4994895723547295,0.21819868954562519,-1.991847754187887,0.6500872226670941,0.0418894887352554,-1.160344681224587,0.3014323554026761,0.411619100376171,-0.39512189827859745,1.5494084193810966,-0.3757047778440351,0.14407230178040994,-0.02631739753397326,-0.2475870495745971,-0.6437291642412167,-0.9068815780560994,1.334800922216476,0.062371844799930215,1
-0.5494690513926948,1.2558995004519309,-0.6506060312787756,-2.3520374165601874,0.19632416693712618,0.7297236865518718,1.9327241799599557,0.9837114171019867,-0.11235679953530381,-1.0169417023226717,-1.6203388338558125,-0.36876083051877784,0.679523989569952,0.7053258663784713,1.333516037853594,-0.508651335154436,-0.762800497062328,-0.079674721925635,0.18066337683567307,0.9893928296820822,-0.596909915963968,-0.039079816520444954,0.2440769000239098,1.1235328062185221,1.4466483180018497,0.05783870871441961,0.1892048260361087,0.2725344207696714,-1.1207599365626633,1.3228314766519658,0.63603157501336,0.6763207840849792,-0.7202658366786954,-0.5376858034958257,0.4886281820898608,-2.419314793469606,-1.137595893744003,-0.05873311572978623,-1.9620576687452287,0.54505191459255,0.09623101980923143,0.3925653109024276,1
0.8633197299442683,-2.387933178053108,1.4485828672454106,1.655950849383666,0.6444133285818688,1.302124503449414,0.22172363334578543,0.7893491196281612,-1.8296210969812305,1.9197382954379552,-0.9403780030311529,-2.8002724170899174,1.4318004222099072,0.6034395952666101,-0.3839040795756902,0.8402410849474047,-0.5099083436607779,1.1075650597749778,-2.562101899180798,-0.033802765695958685,-0.049760301292808604,0.92627170646695,0.5815650090122287,-1.222261265209898,1.8471178359585194,0.7889540143617396,0.47799726198490067,1.096952147435508,-1.1469481893034603,0.6635505414425429,0.38683943575455315,-0.6785522366887766,0.41754523932740817,-0.2882086038482206,-1.9953102955493518,-0.22713396665750227,-1.4641407897511105,-0.8379314901817936,-0.6744588931660516,0.177371974574572,-0.2612961101726593,-1.0355839861818605,1
-1.1472638983479362,-1.1313500049755516,-1.2476467525800277,0.9024945950912732,-0.7603947954395904,-1.4040269109736825,0.6952609431351532,-0.5270104287099502,-1.7007696377672745,0.16726556175910737,1.96383801321363,-0.22523062982996483,-0.28286134156715503,-0.41669306718174165,-0.08205422148923651,-0.23432122301539424,1.1418332135345297,0.4290454481219207,1.3837364495424853,-1.235754257372956,0.5501943418001838,1.3082225433684544,0.12072072556975,-0.38528491980309487,-0.4040284397376589,-0.22155539477702005,-0.27480987552406244,-1.3666875880861937,0.4247184852637953,-0.48297350876327944,-0.5155268975126222,-0.3218494261700072,0.0892870255764915,-0.8060137758110251,1.2943394187721393,-0.3289888389260862,1.100824763664538,-0.4610839884579636,-0.6230235649988974,0.25857613659787754,1.766935777048523,-0.41039189099379525,1
-0.01286696908107077,1.0925380215785176,-0.06646101472202924,-0.37611824862157606,1.2306143466404493,-0.29948303787018266,1.2109771119999109,-0.256612204385721,0.8647436673498192,-0.8200628242728183,-0.09946120842248107,0.4182946412478997,-1.695528912727035,0.4158539081716997,0.11153762106070124,-1.5962217334466613,0.557698993348027,-0.14284838201379207,1.1440610704332699,1.2640501173176533,1.2227788052633828,-1.5066136393036744,-1.2346904962617724,0.18919009028616454,-0.7053917168058897,-0.7606543714365112,-1.2293397706593052,-0.5311036949532595,0.35899427451914817,-0.49067627988864326,1.2242667632829043,1.7733177006334995,-0.5118605786179904,0.0694593018800685,-0.3237040087130535,0.05923435629675635,-0.725974650007255,-0.4580079046496077,-0.5898168460735901,-0.5712920483104976,0.11632278183634687,-0.5529587106492122,1
-1.272155741953168,1.23134699243433,0.9452335966867325,-0.4559711347497368,-0.4347766601510136,0.14239838311655734,0.32097317065913133,2.07040901186633,-1.4109332154336705,-0.87017422308714,0.16126214257613958,-1.9860216731183258,0.8256766794321433,-0.9878445706630271,-0.27581542154778926,1.2002488706180758,0.6354238445657298,-0.4063159066453231,-1.401913411151533,0.42046179182776994,0.2530395779681871,-0.35321255030620324,-0.18288861066798734,-0.37967540454008225,-1.1953464991895177,0.23737184067312986,0.382433146903399,0.6371604464984736,-1.0850556950259949,-0.2618029901897308,0.29310503317329895,-0.16423907262646872,-1.0618379972186862,0.9441508975243299,0.570620464074704,0.09331113705937918,0.1643511349709625,0.8186992905379097,0.7239605228768942,0.5804217491768218,0.8628614028675646,0.12279952398186533,1
1.2162320600150194,-0.7298898438331094,-0.5949260291539127,-1.0112400808442332,0.297558444461588,0.1442586503953721,0.31013426023413554,0.11379388580169278,-0.23487494635809988,0.21658073567731498,-0.6119486043814913,0.24693236080072326,-0.4592688864494744,-0.6013850179200045,-1.474438676638135,0.8008250003215975,0.6514356232370095,0.9015645753048295,-0.5694395082665192,1.0005890378906424,1.4904889263492274,1.010063875238604,-0.32960266622747786,0.43415117805861425,0.7516169021319818,-0.9995237299046694,-0.03867080226477683,0.2291126646235643,1.037321299191573,-0.10574747628138509,1.041715370105104,-0.2587305829363821,-0.4424366961374587,-0.6324754986618204,-1.798369670742286,1.7396628055543926,-0.43256405006555104,-0.6980724717576251,-0.07188114250537818,0.08510155398841089,-1.937765413720973,-0.9574705871211686,1
-0.6650900375600083,1.477633964598416,-1.6011988537926691,0.7410935558768909,-0.8523337341019339,-2.0455708372741817,-0.0739200073772536,0.2649985496271257,-1.6499392194616773,-1.8845384875764684,0.03710226762900814,0.7692002392378778,-0.5487986043107931,-0.9922913215490122,0.5367548730599413,-0.8909199634373087,0.3616763750483564,2.8334003839458983,0.5059857835380416,-0.31630005238672954,-0.914737683567462,-1.5884416187495416,0.9825500612509801,2.4887072689306393,1.0045798735278488,-1.7473172491213111,0.36456641630173153,-1.1155238273092194,0.5515361616074762,0.7769707243910075,-3.0678181255484143,-0.8015936539058582,-0.8247504196918787,-1.5473468527835053,1.2064681497796756,-1.8279128543347958,1.2272165680679679,-0.47384273098580465,-0.8119165267539314,0.5981056790267016,0.2205662088604988,0.8661240588101758,1
-1.3265107571031132,1.3517310025531988,-0.5649642755395143,0.6856549726177654,-0.254757050525597,0.6244358683732443,-0.6284798257461162,0.364801093492136,-0.6045035078525695,0.14297761051066765,0.5037920691186076,0.025826206482003507,-1.953159054019223,-0.6499981108959546,-0.9033225768501578,-1.3265694052030261,0.28805256899716747,-0.4667330516965523,0.22093532445482988,0.4604805217660635,1.034813336179729,0.20826523877832184,1.867056917233305,0.4037235984320406,-1.1342472256480425,-1.0142173507037706,-1.1767815946710127,-1.2616734039507669,2.067816319551774,0.5474298998520457,1.5635847916097094,0.8822626338194687,0.9075734884956083,0.320275789974534,1.3707852211823048,0.4532684757390712,-0.4195523287202024,-0.7504256336849352,-0.32584957821834476,-0.7553238775851849,-0.30805894064471756,0.5441894803444061,1
0.057413133185110855,-0.575076945306736,0.014730082300450793,2.0914243603564007,0.9197322070303113,-0.19872019783875897,0.8084603376398558,-1.8237340869725855,-0.5496399940603132,0.8952480504440735,-1.5277988310903858,-0.5364279995314614,0.31198612793859326,-1.0196934838996259,0.3585849470697423,0.2739195016664827,-1.038500759476558,-0.4963224187305827,-0.6086233703271553,-0.8622030229000507,-1.3001606650354811,0.8161349294803847,1.00097798615772,-0.23638935556401355,2.1627249581007226,0.5924135866089502,0.3053580289014643,0.7508332069276193,-1.3808492073984069,0.13083900933207288,-1.4423499466973422,-0.18836415857880165,0.20799793772030734,-0.1547008446802945,0.28695343023198305,-0.9221205718965566,-0.89439117142507,0.8683790973098329,-0.9440688578214631,0.0005162373836102231,-0.6927846698264218,-0.9221095409863933,1
2.2629222552843498,-1.3966632059970867,-2.791001561153193,0.7931050817185111,-0.45538440315371553,-2.2907129616813493,-0.1727901859409985,-0.9527787106580998,0.4269791347275766,0.6655388399334043,0.7269630783825912,0.3954105371261103,-1.3140447294207331,2.1404240563176686,1.4063055526095025,-0.35934857604534315,0.7624946460869292,1.6883972793659447,1.2485386299063725,0.38659407473882584,0.06443650238587753,0.8085199091954149,-1.2328321377567173,0.23505441257873158,1.189235445391557,-0.9802856701854746,0.7862207646761287,-0.6849043257609877,0.1521179415549881,0.11633845853037965,-0.9005985428622904,0.338453306784384,0.23767461060901035,-1.6104541360780378,0.5219516896591107,0.16085679344006004,-0.23711647327868268,-0.6128116858708345,1.1633686960310416,0.21365054633195307,0.13458756413492393,-0.08762473791713911,1
0.10378207758622698,0.4219047016609562,1.0145036207200957,0.3497365142254359,-0.027524388718445293,0.17791475075364568,0.19574084922726284,-0.21763040569966388,-0.12975404550800815,0.46311100098360974,-0.929930053401792,-1.5179525229864954,0.395240639538115,-0.6482348274740447,0.13593764937645764,0.4031838664743615,-2.313136549143994,-0.9597615011536658,-0.7737022154013828,-0.6512616473944219,-0.836083805027175,-0.8670459714905072,-1.5577308726896717,-0.5809691784839583,1.6973788864621862,0.36688592621098093,0.4639344158903122,0.19746942229177925,-1.0964281598572974,-1.0499644586705321,-0.7405387669485574,-0.25900450996752183,1.3579468193963884,0.8225417276723077,-0.8777670814026292,0.42298007938311566,-0.04655122398483447,0.6563764953037925,0.2177459580783339,1.5341036906568186,1.8113658770792413,-0.20308864806176435,1
0.7399381292249227,-0.5388566458465138,1.2318100652355461,0.34419765154031734,-0.420455681371677,0.23231632463591503,0.21115379496452075,1.3892602653158617,1.143779287077063,-0.28510727934664226,-1.2665469019635567,1.145924185219708,1.5777170597805545,-0.7807225240894194,-0.2997642013203404,0.38039204939696986,-1.0047968883766805,-1.0043103113929088,-0.6603635446654896,-1.1478987581266593,-0.6182030214368708,-0.04534238287098319,-0.6992558100390849,1.073589861837352,1.6669131177661027,1.635005573690662,-0.10179614275607039,-0.08748091333096587,-0.6842460202332665,-0.22608169546614035,0.32340085109835,-0.6563445404278893,0.3526288180637776,-0.1442963737222011,0.20711283792567522,-0.6383791306909671,1.3224467765045835,0.40159592603254995,0.8783798320593627,0.2244507381991991,-1.70969886053995,0.9415642542297438,1
0.49078347093731983,0.00971121149900384,-0.7012586346066059,1.1452717262851224,-0.48826293840287055,-1.8325979725049657,0.3818116696528153,-0.3957731069450534,-1.1704244085666444,-0.4405336388316481,-1.0689000498383001,0.2430906358284609,-0.7335201773484596,-1.119986194634918,-1.0177622275185092,0.3788579993054764,0.1487918368309722,1.9920176490153165,0.27975669217017857,0.23492954598842447,0.7958161639124011,1.4381991117488293,0.37338565268783797,1.2591200588840845,1.298406763352219,-0.37972466075858496,1.0074298188846538,-1.1494210830752833,0.8516768475882276,1.3197886915246442,-1.0847418945655998,-0.9799917454722961,-1.1981839515566586,-0.7287724966604265,0.30355087643451034,-0.33475898383466673,0.029614362099656236,-0.9350245318045564,1.5399687710716778,0.7641842384274674,-0.09842222627594469,0.013801025427680412,1
-0.05432863702196443,-0.23616129401353578,1.4418443276950834,-0.2932233974438199,-1.0204073502376882,0.805351766538552,-0.721171038212848,0.6965782567077826,-0.39149706052559985,1.291243303237486,0.17234100546499131,-0.57794719321125,1.0159143393765815,-0.09834693035316185,-1.6325485281082137,0.24755314376808374,-0.8026348049302015,-1.48921782972957,-0.8198588170057358,-0.8595029107948126,-0.9901698736692164,-1.4691811243057769,1.6356256594560465,0.19052058321743529,0.19215223857262248,-0.6192201037161071,0.8252794793020949,0.6312248725429337,-1.9027419833501098,1.8472356583708858,0.49076113940927424,1.4586628982326146,-0.08622102550547614,0.7270777278749391,0.6819909721994857,0.8495462352256864,0.18917136248919203,1.394456777298866,1.7200903073340996,0.1733551000924493,0.6551166883762769,0.615036477774109,1
0.5749931418284197,-1.559223778914829,-0.6335983392723165,-0.9587584527041461,0.7715985880145393,-1.277019661391257,-1.1334635105416562,0.15905782692244871,0.41388407504893127,-0.2662874804857017,1.170338673160854,1.247530268223521,-0.8451112496185352,0.22253831755154746,1.907287792700327,-2.2229185933314164,0.3580343345239427,1.0424307043850636,1.6393612231973649,-1.0634247658798295,1.1477108666729272,0.35747985817833655,-0.5690265942072237,-0.627926939713684,0.8781569640788698,-1.0117061739767814,1.2007490478418847,-1.7229199934788322,0.5855268933579769,0.3494815559287425,-0.10297827233295327,-0.30233487020634564,0.48680284934281093,-1.7407895168064764,-0.3505392216438421,-0.6163358428580328,-0.5294135909162783,-0.7834264332138695,1.3998738046535364,-0.6623362972184287,-0.9055112398377684,0.14066406087989478,1
0.5098363578783828,0.49352441560373134,-1.458646371158201,-0.04124712878346443,-1.345088935008233,0.28594642397570924,-0.339785795801491,-0.6853831850160831,-1.3913224693752269,0.3893825635094122,1.3523573047357846,0.3204712158687896,-0.1620474533297998,0.6472852297044366,-0.35535165565571913,-0.6778566549398525,-0.11200805112098147,0.8306961372131088,1.1095695952462554,-0.13112047339492147,-0.0723245250933841,-0.22121611908079625,-0.041769852900740985,1.0921429622732237,1.612940876878105,-0.5096316037113733,-1.1088170396691834,-0.7742937111477998,0.4011379826071842,0.1645914379500226,-0.40681073239857474,-0.6294188011430037,-0.2787524284573016,-1.7411625512274644,-0.8661319011290394,-0.8135240000740146,0.041593131247917574,-0.941035585375193,-1.9591661172213752,1.4477810750991464,0.006744989625900923,-0.3342013276521492,1
-0.9953696356590908,-0.13760847254325262,-1.2287977100129508,1.0537698034613865,-0.4198537862836664,-2.429433279036408,0.0893844473352125,-2.285111050014958,-1.417633546109639,-0.5751358772798096,0.47719562912718916,-0.130513922941016,0.005563162563465887,0.24857902455500652,0.6810783301005974,-0.4208379847128046,-0.6497568100153996,1.1880282423849766,0.27820342726511493,-0.6740575842721336,0.1853865351387286,-1.2505574015030743,-0.3739437713582316,-1.9997788229414308,0.6317049264286334,-0.9787049075369786,2.9943362622879377,-1.2647295341273992,-1.758065792943463,-0.5358311973772059,-3.388081837644757,-0.8412186577454828,-0.8385277588234182,-0.685184240719244,-0.8363624712663796,-1.4368033915533027,0.30713782439511267,-1.2236668930222392,1.9010083375871876,0.45333759775486565,2.2584247158913473,0.9327471307990068,1
1.8212298905257334,0.8586682449889932,0.34411294446637686,-0.5885624370243147,-0.5799989002819017,0.3417003213685182,0.9146966196846401,-0.16767407117219366,0.6239089205714012,0.13012439512231555,-0.5410753671349741,-2.224597723209992,2.136171191894015,0.8052782708015569,1.653963506078063,0.8010897013737921,-1.5919204032800138,-1.3922692746830547,-0.5328870304054277,1.633975680556026,-1.4666123235263344,1.0123253870794873,0.5429506402558586,0.08878282866167263,2.299869076189359,0.8090062733690511,-0.16713968167394214,0.5928753790826856,-2.057482893580985,0.484125388530022,-0.005486521212046157,-0.7849857686414324,0.9749848613579816,0.9768405002938547,-2.7427161675888128,-0.9471963606398998,1.130606953896441,0.3607177604912987,0.9519137083203966,0.7445550546250751,0.662484650710695,-0.11309019403938111,1
-1.5117337863041282,-0.03748708474469971,-0.29802478953201633,0.08573985662335824,-0.3659855712422697,0.38496709181468247,0.36462195570561184,-0.7118732032364231,1.0578502137809778,-0.4423616053013891,0.9212912524097192,-1.0930197420269883,-0.5425316232158881,-0.7716049070375615,-0.42639318816316374,2.1067749216688005,0.6083427989834925,-0.8363676335969045,-1.24636184888495,2.7049302641262596,0.7550399001593233,-0.6687479140728467,-0.36924149349909896,-1.9337907199794822,-3.377473076237598,-0.2710368701266572,-1.6882527321465894,1.7347482715570721,0.27063947465985355,-0.8178327916142408,1.2042607060484618,1.5790380211197514,-0.33352884250444825,2.2086371961653435,0.01598765099469738,1.1799238203895492,-0.8699558474495622,1.095818629285717,1.3744935782242165,-1.7861139034530333,1.2436136610699924,-0.4496932211022108,1
1.6037380156980106,-0.15630858544232523,1.1130989544923986,0.40465796880174865,0.801098906557592,0.6805383070137727,-1.1608468903889666,1.4347626086002163,0.097136590252523,0.2467992159801858,0.09491898702254743,-1.418905803577756,1.613433286247136,-1.7748645363395577,0.16145875043180888,1.200932340370078,-0.701552658999173,-0.5466115696417866,-0.9204689397818486,-0.20490155174751684,-1.152777299632311,0.48523955896090454,-0.6208127878550471,-0.7646826305923241,0.7554914155639765,1.5097801851157504,0.291799163522793,1.957483233565338,-0.1851541144346512,0.3053865985026325,-0.6712553868818805,-1.3217650007771824,0.2446595904238135,0.665023044292049,-1.5257331331716901,0.4798765614022728,1.5562335843946862,1.361062719498037,0.5582336190466899,-0.6061628927785293,0.6456095688042766,0.4748335443132364,1
-0.5122559002710426,-0.32712724017764505,0.11468935724096097,0.3543675909249619,-0.42035506046371657,0.13444061698324064,-0.03148743029413188,-0.23470649411261787,0.1259249865368409,-0.032792848589053736,0.20021095800728794,0.5952768180165043,0.39191291482307045,-1.501987088609253,-0.059126938569058866,1.3333134947110765,-0.6649107761544338,-0.34150647617182184,-1.43915137779172,0.3704745822778714,-0.3008225987586116,-0.06424460675493794,-1.1603122337660103,-0.1840223623777299,-1.1786797795092907,0.532506118211802,-0.02697606299281927,0.17820600352987573,0.09602285211441537,0.6558338862702382,-0.15202756867823639,0.014340206223157565,0.3485312431062397,1.2016517400143407,-0.7681309959121589,0.8771833392234984,1.1295073584340705,1.0899628910812125,-0.6190035222522842,-1.484516909259305,-0.08032409338590843,0.23973657253301595,1
-0.12839991446772775,0.4656925192891831,0.4588161198335812,0.18435638091566905,0.5702264689880991,-1.2570860529122356,1.6167446033665342,-0.7055260588233377,1.1035219685553848,0.4664245103344047,0.13815494849653934,0.9235209139621342,-0.06429143423562367,-0.15339373675843102,0.9156435563010584,0.1423393259814131,0.6833024740943039,0.11531571863366946,1.5228921301064797,-0.053233659510781274,1.2207326518294248,-0.33193352057190895,0.21222102435443138,-0.3896289841717301,0.914845163040211,0.3646112399741367,-0.7952942536925522,0.3725517455203956,0.9854644006389169,1.0748311611772092,0.41032963656522303,0.5524315299638609,-1.2896842373456894,-0.26847947189261545,-0.11650363170541457,1.8024943928689066,-0.21767082908939495,-1.831193439036932,0.30271806565967474,0.8068020116271559,-0.6814797877641724,0.1786146254850454,1
-0.6615458715926578,1.071247657436653,-1.1813077959592568,0.3824574027204145,-0.07264409455587101,1.0246392309261088,0.8903482722616224,0.8291214545060167,-0.7834433850976819,1.1314018617327943,0.8812136113498117,1.2310906278381823,0.03006644336550855,2.126075563584961,-0.06961682550818171,-0.18172185759294546,0.15842026171046225,0.20777924877648823,0.013060835350258539,-0.2642577487271478,-0.891387226087991,-0.005475864811218728,0.7331789040499498,0.211682791937626,-0.9274945309180616,-1.1930610864881501,-0.36260723337559747,0.16672099164608853,0.11676809690532307,0.3251626627764729,-0.06480857513977412,1.6538554966817038,-1.4211970519247001,0.351176813073627,1.0858644587834707,0.40378078287908853,-0.599225002782839,-1.397623785152899,-0.6715715086436455,0.319251893406436,0.29459649713084574,1.6580972851084375,1
0.23345318074500537,-0.9609064891764715,-0.00215900628888641,-0.16139608748886594,0.20646241435243096,-0.5144624657885365,0.6493983571118841,-1.3147034374278743,-0.3986522718524518,1.224433184717611,0.6188184644627807,-0.31630296245796824,-0.851749182042923,-1.0427745043905785,-0.8389179655713104,-0.1560091783090251,0.979548519765725,1.8835309782517815,1.3687293158253344,-1.3317931368388265,2.023189391583284,0.9572541266390872,0.4048276731089283,0.7184154278687713,-0.7819192442251371,-0.07004075479983288,-1.500378525909709,-0.13822080429294858,2.731153128447109,1.7282729737045295,-0.32642811801166915,-0.9116293157677556,-1.2425292331226316,-1.6781807822167583,0.8695780656486749,-0.02621378267021042,-0.485709672264146,-0.7312825202114482,-1.2470581707860104,1.4348136377856764,-0.43498335880362354,-0.8701379872573584,1
0.342469607651047,0.8355640139326077,-0.7671584272514607,-1.0659562931198787,0.20712436490373634,0.29769821000195035,-0.7312413992204012,0.013848185246909141,-0.8619444028908076,-0.3563301508401417,0.4567821683889528,1.9172432543863884,-1.003755263540621,0.10518977350586818,-0.8230110582172578,-2.4484522494080014,0.7324533394017121,1.3225236093744237,0.95265302502295,-0.012096086440633612,0.2454156480477935,-0.7703849374909909,-2.075347244328464,1.81535662813554,0.3262167054305493,-0.7822544367909967,-0.7470463216898404,-0.6169566746429642,0.41812972353511696,0.9108161852868437,-0.10954429823309664,0.06693194222319168,-0.6365020870533111,-1.844718094408019,-0.6313040352832205,-0.5779610470662382,-1.0712079689214535,0.14884207292174106,-2.32465231731385,0.8982176353018366,-1.6261046841525084,0.03481463546799291,1
-0.7584423334221713,0.673234603680748,-2.1456716874371358,-0.9171210126856087,-0.7292629625890557,0.44846145673258825,1.3524593909706417,-1.1438556261829687,-0.8803618184877906,-0.2035638747318429,1.4689841596598654,0.4635453395740653,-0.36824450320972246,-0.24549575948965324,-0.4808618070039431,-0.08851636317427256,1.0745902026958218,0.5019880433117914,1.4403872597524683,-0.886160295480192,0.7143538011381612,-1.9260563564892854,-0.7659017736212338,-0.49797595083946544,0.5960853807324836,-1.5728865510585606,-0.6219733372572647,-0.8273874081513702,-0.010200679531553316,-1.299519331828141,-1.650435976060771,0.7705350035287868,-0.17642849691291598,-1.5156026024585505,-1.091886489415075,-0.3754118252896085,-0.2628170231684973,1.048965240742286,-1.3942554696579743,2.005700632742332,0.5684446447095605,1.5846482530031842,1
-1.0140486215394016,-0.053839294149110234,0.5847156022896107,0.42181219971163036,0.9300363504844504,0.9025635059768534,-1.9374231345491548,2.128421947980075,-1.2571953407821765,-0.7185409056232988,-0.6994876450387829,-2.1446272744978105,-0.2478270214462795,0.3663875744622512,-1.010320676170076,0.9825828288582777,0.1954334966245072,1.2523317171850061,-1.15091441794497,-0.4989997371420159,0.9198695738956769,-0.7465173229433034,-1.357962084422114,-1.7807250479490753,0.12669598450557443,1.1806590677326374,-0.28338944590594206,0.7370400600450879,-0.19044048581704157,-2.0109707556756415,1.2610884468057864,-1.5026331736350484,0.7045645512587801,-0.08781640261349953,-0.21104671666133534,0.6070130451163394,-0.4636930388586005,-1.2178076274060612,0.007932914780172362,-1.0264869713312295,0.6040127316952056,-1.5595714400835863,1
-0.49562336640060417,-0.09594045770986742,1.3626569836565248,1.8929213962742435,0.05932041324019012,-0.8017180753184046,-0.6778047138500952,0.611290788684001,0.34236511364255223,-0.6080853662481834,-0.30090746744697294,-1.0010918758711074,-1.6264653499546682,-1.938600507713141,1.1917239829811106,-1.5702415608073603,0.57279869517061,-0.6811465317929004,0.9400277915347433,0.27636377251849054,2.2262178546753657,-0.389846999368796,0.7584166126560966,-0.960282922534001,0.47625799935692165,-0.20314504022426783,0.037825418715177674,-0.6940186661748404,1.3031990139387855,-1.4306954790551327,0.993093841015887,-0.2674003422024842,1.3671262753538629,0.055169719090812225,0.30598118547201875,1.2988006022247027,0.7391875130782012,-0.8295978161616094,0.8059127005473945,-0.9039579302894866,0.8632426948880321,-1.0912517982510372,1
-0.8285220519469189,0.18895709152872314,0.5371107757419051,-1.185336037417513,-1.079579436416187,-0.39122601856207107,1.1007783581008304,-0.1882394850031475,1.1894030036208576,-0.45405351399390254,0.4075165899638255,0.06427510378283832,0.23732154704920908,0.7120910031066162,-0.7487829090185506,0.4902544180154791,-0.12604590312115216,0.3254118513651063,0.7085874257827779,0.5513591377991894,0.7832901037685804,-0.8739229977333396,0.7680421802682803,0.36874756782715323,-0.8115627628615729,0.6504411192046371,-0.6662759778271768,0.40934718127017156,-0.21369632787533338,-0.009512126404176624,0.6687326301112596,0.6197846467373366,-1.1387596719908242,-0.35581539676175633,0.4838927675321665,0.6225054687625804,-0.81441585752665,0.7090131597770589,-0.6197792706450782,0.07228857753149692,-1.0855077947667322,0.12358642916064806,1
0.9480301451481583,-0.7008735941716216,1.3650659763484736,0.8541632633668557,1.0516629363774652,1.4360916732042104,0.43393187309730047,0.08767560893092029,0.7825276131132877,3.2527435447610036,1.3859244227215937,-0.41810296116608087,1.6997026810589613,0.2784757043704568,1.4640571493742753,0.5014424134027908,-1.76586666745992,-1.4868745364300446,-1.717269221760826,0.7400974732074048,-0.10202229674672474,0.6349927055080222,-0.5973838349934117,-1.2232043311449168,1.0550219936785867,0.576383330291361,1.066846762564369,2.1354321548775648,-1.6334510985670643,0.7838959536308909,0.5024064739568143,0.17853839209841002,-1.2340987227868183,0.24030790297580992,-0.2053252797584861,0.46493157721388173,0.18714696121490648,0.38429508112842026,2.5918847994546526,0.4313493038333994,-1.7601648504817513,-0.8216154417355588,1
1.8602704306744415,-1.0451979171097883,-1.8847369466825505,1.4234523273362443,-1.5434718709419257,-0.9493260971723146,0.8500185039539566,-1.1720287881764158,0.16957053247032397,0.7251008611510565,-0.29871409318309095,0.1625590958856146,-0.3243192770575367,-0.2615536191382922,-0.25189378746981816,-0.7787454594808265,1.003018437531643,1.431515965544459,1.4914124158866695,-2.2927675304486708,0.4270888863448551,-0.04920403779643662,-0.0912743903527731,0.8276535556118833,1.3285444068454388,-0.17723077568500772,-0.8715195095327062,-0.16411491021314142,-0.2623419789226312,0.4232064691271146,-1.2879228063417154,0.385535529549971,-2.3562643920984203,-2.458976222924845,1.8666574946617835,-0.5969369534154686,0.010705443897475174,0.46445273958273553,1.0237860132426886,-0.5906958864612138,-0.3842759028363062,0.6936583459238775,1
0.8394543074415245,-0.1393439045534538,-0.21446139665476732,-0.7971476751676246,0.7569962740517736,1.2355644378676485,-0.027596050698189992,-0.8028078086084145,2.1938337238636763,0.8696368438572482,-0.9827688565051798,0.10749209519508948,-0.24051466983519523,0.8919158861991009,0.5093616860427107,0.13744274923312255,-2.124965883874449,-0.9426932034527293,0.08448976260933921,0.04346819366819318,-0.9417832000185136,-0.896645733241228,-0.2637289618033416,-0.19087631766959548,1.6092443616501955,1.0343489340866172,-0.40773033312842405,0.5160148076226567,-0.3291247844148898,-0.08889138912390625,0.5069153357792697,0.9010532099808374,0.3602356752736016,0.37861954433020867,-0.2344895611018036,0.3390861720640882,-0.5659549129308106,1.23762888396348,0.6242070193407433,0.23165151198165712,-0.2684504548454228,-0.14960598761158683,1
2.962478584440914,-2.094678797859766,1.0684388929429813,0.11555338566080528,2.702605152844905,1.4720325989298608,0.5434539388798066,-0.4842251633252959,0.09067617529544886,1.1626806221371422,-1.7129042613192242,-0.7995102808263341,1.7555738279504176,0.29073916881383516,-0.9604440613173316,0.6397438145767101,-0.20180443114880722,-1.5106656886165752,-1.5710449818173033,0.5119591542693596,-1.612540824434044,1.0817525111016275,1.5256968750245412,0.002049647810755662,2.7309498692254834,1.9116735673851943,-0.20748792539343233,0.035244882702864334,-1.081840643936742,1.566923153060398,1.937462196312274,-0.24559425314805616,2.3185961980635597,0.6687166717862827,-2.477436701988603,-1.8038303440823367,1.3357705367577384,-0.858420180454619,0.35949055578662337,-0.3283847344823808,0.31066393425264205,-1.4808406679155255,1
-0.3025311632394533,-0.11276616474175764,0.6823119139985336,1.161931340205414,0.7509017833029357,-1.9507102014520035,0.21384445833520166,-0.13994242696300505,0.20727081125159916,-0.3676521139870583,1.0422292046408188,0.11431727651720008,-0.7563698529638407,-0.6339532455075293,0.7316600647958095,-1.8050686233213522,1.3313925359793513,0.044613377611294136,0.7068265653587237,0.5105278135303796,0.9091809198489328,0.11844075762519383,2.5218383988199715,-0.668186551778508,-0.2705090384577065,0.39389400514939027,1.0150403995973438,-0.5161710034754687,1.2015327052107116,-0.2692315337266894,0.05153707010009322,0.06796725262279646,0.0405427625884573,-0.25279444445247956,0.6090388258409731,0.8590397285785014,0.8104121301370613,-0.8771494119249441,0.49406467035329643,-0.7802234380046469,0.5037090934959314,0.3153412721713155,1
0.0013791354211401393,-0.3972381508244462,0.9201458955036784,1.786663945374704,-1.4106150282470056,1.0752765092028265,-1.201587410199538,0.28866379897682626,-0.8354868777540312,-0.4310092102036731,-1.4376108741979774,-1.6204795514000578,1.4454015024499696,1.3644704173460023,-0.6145711914643583,-0.23721046568670257,0.1614380813597135,-0.10992367576681648,-0.5702089215834779,-0.5041387166083173,-0.5459070590699091,2.0175834304541884,0.5829789802534898,-0.9148481747472811,-0.585082882183901,2.360651324542399,2.041568126938841,0.6662218419441489,0.09856580247839235,0.12195251131055643,-0.6167151044400074,-3.0958179219976754,0.5674261754248455,-0.21858522295737218,-1.158812540032574,-1.4776592951435417,0.8568858436950197,-0.32110845720151143,-0.1647227281049371,-1.5342455397159926,-0.10079576767261367,-0.906782752676628,1
-0.46664222615327944,-0.3470164958642217,0.3215596872768932,0.10987336559950989,-1.5515080999777922,1.1444050243831692,-0.800214158796526,-1.2199976487400082,1.4237930763066826,0.948168164478024,0.37769552772400145,-0.012748917722278307,0.4415062996222077,-0.09968059868327638,0.3979488975563986,0.9431653209695675,-1.102023665070508,-1.7026369928263783,-0.5987109657038154,0.014843682214287435,-1.0571191473347692,-1.5405402178167134,-0.48205298193357854,-0.6174060862528076,0.0518299757001892,-0.0775904552896522,-0.645903434395776,0.6754831965526977,-1.5082909464176788,-1.3093319912247103,-0.3003359669949473,1.3575024844776085,-0.16140982159095038,1.267049565324033,1.0023740942332164,1.0202377493688715,-0.1615251064859978,1.7569477189781015,1.5183472585042561,0.547027572565232,0.9400993163122253,0.83545803443373,1
-0.39177984350516964,1.4029311917616705,0.5667194068544211,-1.3010770773949067,1.8471008117166272,-0.682984119448178,0.3671994271373904,-0.5056055198278441,1.671912291096231,-2.6615922976330726,-1.4181278131413122,0.5476923762185565,-0.7522840462291713,0.1741488132277896,-1.4430734865210584,-0.12307217038898267,1.3015365732609512,-0.12521173833941074,1.7089303837107517,1.4629886690156322,-0.013501696010028841,-0.39486119977678724,0.946764867481126,-0.16649124612519967,-0.9288388305185412,-0.4593829529797052,-0.40859332745685595,-0.22932858704425466,0.5537371417701693,-1.6736501134389004,0.5875039682228628,0.8231613219922786,-0.6564385960845591,1.3069904259234613,-0.6972410772734947,1.4912782776038436,-0.5943180368641466,-1.0935806940505355,0.2437816173429206,-1.3922594168898792,-1.1981479981033356,0.6520308290320955,1
-0.04506994415874816,-0.9677024646026261,-0.5180896068748628,0.7548102807590186,-0.0029950539567042177,-0.8517677913718916,-0.6590563889339687,0.21682182383018223,-0.8656433736379715,0.5204796224826861,1.6503063292272904,-0.12250890834890854,0.13996199001423273,-0.22272673004376645,1.5397464125258191,-0.575789064887703,0.3011332387841378,-0.0969714459785269,0.6923423093594626,-0.5557600749008621,-0.23162197412921068,1.8302218459237294,-0.09479150352922049,-0.26278366277000437,0.6715203897480043,-1.1557864100866173,0.235612785492324,-1.2662598666520652,0.8250691487992544,-0.5067386707598532,-0.4046378030380278,-0.5920800311371149,0.7936337817435463,-0.2747990171312428,0.6238023875950168,0.11219430940418058,0.8619732249445095,-1.8993457329703807,0.07617423210905835,0.14101942614856686,-0.17922375330713392,0.5520636887684908,1
-1.46068961969486,0.5910863310186898,0.5363938169727983,-1.3360451315714994,1.5992715931369186,0.054169874098228175,-0.09623238837677504,1.050668421092466,-0.21692428062052693,-1.0120100114882273,0.8617760066311891,1.1534302334576083,-1.5315073415801042,-1.6186694985116097,0.06534035970626963,-1.264217763777866,1.0437163535235314,0.12750642676888294,0.14391963022017268,1.035230087002496,1.8277696670355938,-0.5218688834808143,-1.8792512482091974,0.2875497368071069,-1.1728026919006276,-0.8198995956686301,-0.4991423002105399,-1.557441802207072,1.531254870086868,0.28613195437720146,1.6296702030674468,0.5043142156010384,1.6222071881628288,0.04119081141372593,-0.10996702898937394,-0.09861344561337798,-0.6124122376874137,0.10424431268166948,-0.4527517611163812,0.48083372911548145,-0.9289931156289196,-0.1365504276644212,1
-1.2667750029172036,0.12458734085745604,-1.1632062789067306,1.3840969606379838,-0.5777232814297384,-0.1108529008609931,-0.3062910707018735,-0.09026572243629305,-1.4095008474350654,-1.0003016762777952,0.4172981191052991,-0.05070117791939184,-1.258906872677014,-0.15515725894934357,-1.540645250414649,-0.9264091577521063,1.6280688432710209,0.5873636555830433,0.4574871577185677,0.5442603458265903,-0.002327144038544339,0.15468518263046008,-1.3349894290941535,0.6231587403479445,-0.6299663658322027,-0.21173592333478083,-0.2565805435631127,-1.6278202171624787,1.0764874512452647,-0.5649118427200432,0.32709518366563267,0.2499164895420031,-0.22882642469354122,0.0947454237374771,1.301130387120693,-0.2156684034497112,1.4090456746380255,-0.4012808571735829,0.36000860995601947,-1.058056464664215,1.3827621045801444,-0.47355666517371414,1
-1.4837248431799845,0.5027272429296217,-0.7465961978268034,0.04123520062255987,-0.388149843371954,0.2848118524980477,0.09193079806364365,-1.0683273975351215,-0.9412267612841009,-1.15166670775452,-0.07213072361735473,0.521021558893303,-0.9760883282450671,1.1305376407292125,-1.6829678957212504,-1.0068339000810285,0.7075118829853477,0.2031837641515457,1.8154644142841392,0.06361543525652608,0.17741419190133684,-0.4148484763808678,-0.5003969104653808,-0.2624971141474906,1.0989694204157239,-1.1321602426108155,1.0498103304652975,-2.049125917249686,0.31404068729116913,-1.6163291087232958,-0.288988462551206,0.8455021469624168,-1.172225561475564,-0.19373725981086448,0.08910997666713759,-0.5131556562987837,-0.3313038812265548,-1.2251734283331661,0.5333342728777769,-0.17038093131961618,1.3351089377908065,0.6587742607320218,1
0.9294606720624897,1.4531737582064328,0.19702442165321749,0.6333055934570084,2.125349367623798,0.04338340176260409,-1.1433211213776113,0.46114378346656537,-0.7104311019552813,0.4324704109025925,0.413898570599955,-1.2163677932400516,-0.16035948338976463,-1.9828003164695231,-0.01542874007642059,0.7757920031394387,0.09568093141706438,-2.589240569176228,0.4875228062802611,-0.9697366463229506,-0.8571436528783745,1.2227313919853393,-0.5786246937624968,-0.3393652757177856,-0.6242204564663922,0.7380122176894802,-1.1388031630603401,1.0973943277641816,-0.5369998642636096,-0.7087528765170602,-0.36788569781945873,-0.8826839561742648,-1.0678475122245605,1.081974804755239,0.5116559735561419,0.8587792924870102,1.0987250185031974,0.8821720736713996,-0.08432706331500112,1.518328507341192,-0.6884080624592253,-1.230668596207385,1
-0.6456485837298441,0.5249450722946152,-0.16231877024205452,0.7667939900820455,0.11651779753700858,-0.20528707881934488,-0.4623763680471052,0.98820167677485,-0.7878270530486817,0.20037448806556057,-0.3269323786890458,0.4531779845530356,-0.8470267993711177,0.06005208564525739,0.7584980617908241,-1.503591563097141,-1.0125940122694894,-1.16994847805418,-1.7980302843976916,1.8996719118412542,0.39733397122456016,1.7351937252929437,0.42412097320836056,0.5813736869540478,-0.23303886544761407,-1.0085200032289814,0.3197441659802728,-1.6600110605656315,-0.48860079318786603,0.4564771036710733,1.9950199869932492,0.9786385894002354,0.17112450858321349,1.3966168176914102,1.0844285102628883,-0.9031944971848299,0.19949455519865253,-2.018420188148948,1.0998244645728845,-1.491573277340029,0.06584948162254461,0.5961275245338447,1
-1.735686460719496,-0.18086679287269294,-1.259821824330014,0.9070869109497949,-1.8212154997302135,-0.8622152576439676,0.1081317556056529,-0.8602479087988263,-1.8097913409341244,-1.7113397795780896,0.9975873409911499,0.08940038632106392,-0.49038559056841735,-0.8637269417613788,-1.2594005418844036,-1.5671022601305606,1.2347254553152758,0.08003066154782999,1.5724091117020047,-0.6211053477414641,0.10867446957242333,-0.8171117472225463,1.0214766411512455,0.1732562843897366,0.7007148560460889,-0.6392642078705629,-0.023608699503270453,-2.621386983244864,-0.15514819037667085,-0.2639950306576817,-0.6838929923530209,0.30118102626455184,-0.7811712368105859,-1.0202025389180447,0.557097612394829,-1.8558727578112162,0.5944181858608332,-0.2088822268730228,0.8993025254836957,-0.23869244061766542,1.2266745469039888,0.5573147671550919,1
-0.47203997424433297,-0.034794679815969,-0.2746334527026809,1.1248377377749152,0.14209014554061222,-0.5066794112605831,0.5821915443557159,2.0630556928119486,-0.047554959803593845,-0.28549403237953674,-0.16743590065942376,1.224932183522508,-2.393964585416919,0.25265215338036334,-0.730596444392858,-1.5237481572198224,1.4026890794559026,0.19332071051923774,-0.3234794536004586,2.4711688247568104,2.03220631425997,-0.49592770326610364,-1.490619419738961,0.4871597064960187,0.6378192777739777,0.47389039165522434,0.5184283563056906,-0.769768477516264,1.2282865779066552,0.28826089818535416,3.3320754884610806,2.045150126053019,-0.09472543925187409,-0.38557262202200376,1.2830220114346997,1.4596119450843499,-0.9071464689296109,-0.49077272178571135,1.3839741014579623,-0.4868711194707742,-0.05206648356878218,-0.9220361769793117,1
0.867794955196778,0.04210003445070818,0.46943951059721745,0.4586582928297998,0.9537590609989467,0.601725910860105,-0.680084831783794,-1.0026625987885296,1.7142096093940575,1.0784323791008834,-1.1223986648012296,-0.808413400805485,-0.2898297602213654,-0.492795664463968,0.2869077846986968,1.2779288073708575,-2.2448329635237974,0.09663621187724619,-0.4287281120808401,1.411058089273212,-0.7156058811029217,-0.16034331304995542,0.5984539187165848,-0.4498063223365325,0.8228223737428914,-0.1820249808778108,-1.2789092467529573,1.5153464144982576,-0.9303484375628694,0.5466222480875961,-0.09112607597809036,0.9789053172437003,0.865756223929686,1.7986553783241352,-1.0347823121214226,1.6185680292384976,-0.639250709576053,1.1199109709905937,0.6858862673082562,-0.9015280117342978,0.5471262197989116,0.27187090619922044,1
0.10683169190657173,0.24932558472790514,-0.7592391324561496,-0.4944561157595333,0.6323328741007341,-1.9116453659746337,0.878356570040389,0.06656721338747307,0.14512942570598403,-0.889840276417329,0.24071039606335357,1.7065498986223748,-1.0527808859550032,0.6063262146804154,-0.19004904902496075,0.7056232825025951,0.5473185177397427,0.7682572895044072,0.5801946788684139,1.028169478191076,0.376371844458245,-0.28426792623757846,1.5719176180590588,0.7702648591675401,-0.9619348455411514,0.5621120695776872,-0.1547375904857193,-0.46356905904196194,0.05162722765052975,0.47689095018061906,0.6206554808297041,0.7845842052613479,-0.49956078702128237,0.12237055668198644,0.7995986126626349,-0.1267179432112569,-0.26692524995385314,-0.39028264032296983,-0.49210994529220575,0.481029404676289,1.1064606116345008,-0.6932912046018772,1
-0.386677066128462,0.35501535097452763,-1.4140358903637782,1.3092222986829876,-0.003988428276715249,0.5403892337422523,0.1695970658995262,-0.48071236080233376,-0.0775721036643088,0.7423011891746775,0.8010067836871979,-0.2841797609854591,-1.9159244673935256,0.16622730929653873,-0.8238739362577651,-0.4649665438581732,1.0678244254693552,-0.20620982717375078,2.1731654003802565,-1.5945482900461174,1.640008026628271,-0.1936345086003384,-0.014144452003193924,-0.7837718822033772,-1.4614543954668966,-1.235861373431255,-2.470140268024036,-0.2179960678646486,2.4963826257057864,-0.7681466856157958,0.34698548580716,0.5301067020429566,0.6387071009605318,-0.5258462403327626,0.4817395336475801,0.8236493733184995,0.26067643328890316,-0.8529602682066985,-0.9578244139698195,-0.37318668107344827,0.7512307238094786,-0.3968174150510268,1
0.9221103506786832,1.1986104270308966,0.8100572896193153,0.08289204780126852,-0.11907804274777647,1.0838052068504047,-2.2840691956756984,1.0651096773781346,-1.1263114851105442,0.506013451676334,1.250352932764577,-2.1119901758929815,1.8643680408914103,-1.3863090247582444,0.41142064680150714,1.0486097044303786,-0.2057925800680977,-1.571974935256883,-0.9283934128419807,-0.8778156738694228,-0.22545563844824407,0.910104821436808,0.7219249021926476,-2.097875600240488,-0.36956539577970127,1.668561667329079,1.0569085622035665,1.4446497304715342,-1.4821137043519457,-0.9935774238001476,-0.4083423997655912,-2.7432741336120143,-0.1909055521526627,0.5353660403709158,-1.232898143475458,0.676958006411856,2.1801751913761804,0.518029461797443,1.4010816156494148,-0.22372493351611264,0.8697012423034804,-0.1351126105803211,1
1.9396482444450538,-0.1721427401805191,-1.6419586911818085,0.4825275808203689,0.8236941105187144,-1.994587839361692,0.9207232782628884,-1.5131729999564763,0.2717368169400786,0.3815205609652363,0.9250232977954942,-0.23493713979923736,-0.747025118062017,0.15646045806305212,1.3105939828888773,-0.03654647427799067,1.097429197316471,1.411914180979364,1.7729372876840295,-1.423771421499819,0.52073961428292,0.5246202867485328,-0.043367550263086724,0.17296852524424783,0.43021037402134826,-0.5425338458414559,-1.0734119421062445,-0.1935757067264206,0.9589885100599028,-1.0847217177237956,-1.8698041937123053,-0.8092610596386924,0.6998927121610402,-1.77981143916708,0.38731595104729677,-0.826043083612196,0.32975279797908413,-0.24984675150096336,-1.1878425184994557,1.1477843364333618,0.47406902281403684,-0.04021471491623886,1
-0.16310279386214965,-0.3873485397023192,1.927663898293719,1.704709541559394,-1.3515384559707986,2.2855477547022365,-0.504417356690282,-0.023897141620532115,-0.562761836359648,2.3124504924131872,1.095110965842069,-1.1499403870090055,1.7903009967518018,0.28201482774358994,-0.6329177376149995,0.19701654820775757,-0.3630266915857341,-0.6721390673728459,-1.1828452306856376,1.0342373166404244,1.2701441124318298,1.8544240026937875,-0.8938062334311813,-1.376779569061001,-1.633137226320096,1.6005619217940814,1.0434561627788224,0.6079871688217391,-1.083095149604489,2.542249938646772,0.9540098927613224,-1.194255793529092,-0.6423376881164947,0.7344451869713491,-1.7320428877930298,0.32476421409277023,1.0465644554690043,0.42583342509177957,1.6785566168626491,-1.3483088491889708,-1.1686090093974486,0.055204363969296795,1
0.9025354517534375,-0.2007407544029693,-1.3051213291945596,0.8209946185648952,-1.2818925095849167,-0.1716538974674134,-0.07619214106732451,-1.6537042611895547,0.26971672206708347,-0.6714818971470273,-0.2151571752200305,-0.7039580439679765,-0.5509983268725724,-0.932292369645294,-1.3358945123030435,0.4692029842823893,2.296242908791441,0.41155253104766903,1.0467876487577108,-0.8989116226284052,1.1162849020532146,-1.4360126156160544,-0.056610317203207264,-0.7553655702486105,1.3518407871814389,-0.6287525433774719,-0.31636948653885166,-0.5960104059350458,1.6809134106682475,-1.2259865871642923,-0.7953616826394477,-0.2923806230939383,-0.2720600046449115,-1.3649095816638097,-1.1928354934145853,1.324943669487478,0.8472851051163044,-0.32555666268526556,0.9266397481621882,-0.6434063020393699,-0.841552268281876,0.7792079832105385,1
0.24587631656296519,1.392315513405647,0.6719563982592621,-0.2644987196504245,-0.39522359658487055,1.0457667196762777,-0.20171229973510332,0.9033007572262282,-1.6064510449091043,0.2182820143501474,0.41049382960109343,-1.3327342772238746,0.8694523882393027,-0.06428227492035263,-0.21251361163511448,0.5091193814138394,-0.20028878167415098,-1.3471565692264116,-1.1585607189688403,1.5962369845953337,-0.6182762418808501,-0.01796027642732399,0.06375181261420693,0.4146250422991632,0.863292448963455,0.7951330601163802,0.6944585849799478,0.462337309998912,-1.6958130316023357,1.772624261781621,0.5507165062881909,0.5942379983832996,-2.068093872781186,0.5104486038039737,-0.9868479789587745,-1.0428459326432156,-0.3931310001645006,1.2470067997900638,-0.9498641622445401,0.5327922119971951,-0.09620066115411023,0.4434537726274204,1
-1.0048867423322028,-0.18142870619513696,-0.35636799267162006,-0.8977227015205216,-1.420326787173399,-0.810919029680736,0.45110704899128756,0.23699256709709463,-0.10453815289258671,-1.3262792675232298,0.8797314008398888,-1.1554136762793656,0.6109525554828689,-0.9018575771987575,-1.6011711238639303,1.77939003698423,0.3172800751852766,-0.6172776739561847,-1.028116920201591,0.5319844192529106,-1.459268971518811,-1.4697458005878348,0.201078330607115,0.3388700162956866,-0.954334533890439,-0.2193285781920934,-1.352385992722808,0.4754928581871928,0.04736110873118296,-0.47375095799928507,0.5995417686052744,0.5677489819161473,2.624016351439221,0.9201145180446801,0.17910641179489914,0.7222386848838503,0.6907746656672796,1.5288028231069988,-0.09348895501636705,-0.24260267544566294,1.3626684008606975,-0.6594831728655791,1
0.5563673129781518,1.787374585385978,-1.5301329034286024,-0.29117731578781786,-1.1822453921698024,0.7972683125257123,-0.9490669347281179,0.7881002296020299,-1.0788541909305447,-1.1993283524637617,-0.7935601633966707,2.3239893909118408,-0.8923872945846555,-0.43696264243344535,-0.387927451105468,0.33046184749960394,0.07570678647135207,0.636661828592619,1.9537760423233035,-1.6452781068630618,0.49431941344535596,-0.3771260401872543,0.7351022963788089,0.6567234021118218,1.863511966179234,-1.2994076677945512,-0.534418657224555,-1.2723691624844808,0.6753843999548267,0.15859978851688292,-0.5647722487304013,-0.4066204250974586,-0.2722005679460357,-0.7648533771333047,-2.1218014062330233,-0.15509309643555333,-0.7510357541010392,-0.3693914372672789,0.4075349276568468,0.7124433528955916,0.47114176825136356,0.33771722712725566,1
-0.9275623711106078,-0.12524164179560107,0.7603112957583757,1.881921529179236,-1.4483561756137715,-0.6639762466065731,0.6274671114927028,-0.3836583764358879,-1.8567200423765635,-0.37096274956677167,-1.014211538564821,-1.5223301317442954,2.3161012417480307,0.20966738059563164,-0.2739298794652715,0.14327692589374866,-0.17515364720742438,-0.06865582480972736,-0.7656932114920015,-1.3135031283202925,-1.6709616401234675,0.8897634684370205,-0.38684592018050784,-0.19207162853896073,1.4828754261737322,1.3759012165754108,2.272025325383181,0.7094220360557386,-2.1727393289976673,0.9666177487232975,-1.7721150416182898,-2.554881779724353,1.4591002246563032,-1.0310023064406286,-0.48657380084360063,-1.7492730096514217,0.2376600792760932,0.7428602727041997,0.05100623420596417,0.12128803547189186,-1.1279976999596033,-1.6810064960421478,1
0.2199324031370112,0.7901511343725675,0.24925972320028622,-1.6269430799944566,1.7451224412818787,0.11180495373983178,-0.3528194745614654,-0.07565971633608784,1.422739107186347,-0.21023989982009283,0.0006168492247588408,1.9573534880377577,-0.2058477120139761,0.8567670319960969,-0.22381159355771033,-0.15166871567685683,0.34919350831282686,0.14001447012705281,-0.3630392982556795,1.0092188616454796,0.45955607022609346,-1.3714792786776089,-0.09551097177185769,-0.4618012103344665,-0.817222410895321,-0.5725074273358491,0.42413226334313014,0.5112235471597694,0.6649232738568197,1.419119871647246,1.06092171217289,0.5851177065490981,0.17978602341013722,0.1371699399154688,-1.7539399194019716,1.3481182651072936,-0.9094669118683929,-1.2166564745377915,0.5231594474867879,-0.96647676691477,-3.0448433446019947,0.30073936250723193,1
-0.8399502578153352,-1.2926532558481862,-0.3322085978594763,0.037237832893101994,0.22495807889202502,-0.9360343924957615,-0.618644965848069,0.6304513641871733,-1.1186556568127684,-0.9004927377791595,1.6360472294647,0.30911197237814614,0.2642157066160437,1.029549685136141,0.346978176318332,-1.1684473520682546,0.69189548255221,0.5218890300418031,-0.11723709139645873,0.24506399470925908,-0.39701126425442285,-0.26715127623247875,-0.6447478639323007,-1.2666073397883573,-0.5268472664890035,-0.5524717066385013,2.012737631036885,-0.9752745339011613,0.00276711388448398,-0.21398607407617148,0.04592677407255859,-0.06833951345676355,0.33161368793259627,-0.612177269173857,-0.19413195589853496,-0.9255575413139648,-0.22214126585141633,-1.7802884737109739,0.6371002257106851,-1.4092391544238652,0.2529208417578124,0.03644956815725141,1
0.5698788483861988,-0.06391147367792058,-1.1090610302754467,1.4342335243766036,-2.838139156544473,-1.16333408161345,-2.4235884281391527,-0.8852648044299553,-1.4908385750795397,-0.8179590785482729,1.3273581861151298,0.11301630218054243,-0.10291481222519072,-2.6722036942715404,-2.978952209777387,-0.06072270524348655,-0.22023635372561148,0.5314268895490714,1.1518076742724457,0.006924591926922283,-0.24836945240461017,-1.6458397750181457,0.26952494542068306,-0.3143478470409775,-0.781927710081854,0.6905965260777311,-0.17483129051198493,-0.135140288662522,-0.4055507247236697,-0.3004879538814222,-1.2672155557632094,-1.5886897617758107,-1.0564880460582484,-1.3809386386401956,-0.08808947147252338,2.481271225831417,0.387252234740965,-1.4750532726143943,-1.0520194216786862,0.8728333208192828,-0.945647208803615,1.1828789182422663,0
0.2809046745380147,1.5500298966492185,2.243690867382911,1.0195104831420572,-0.8797164767964727,-0.2323670068147846,1.8128982156647675,1.508832624513368,0.2865560179578581,0.4784276054604992,0.6789685702387677,-0.2678635398486811,1.6721364058093633,-0.26773354679655315,-1.0317727287964809,1.0257607459560922,-0.9988645665933081,-0.994711842979524,-0.4016249027439995,-0.41866315389238173,0.4724098537398069,-1.2394982037869213,-0.7430218524648234,1.2693324348010606,-1.500824404753923,-0.8013019839691683,0.9641876585352674,1.2218557684181643,-0.9797830080519407,0.053769239596732465,-0.472258225283055,-0.6588994566713698,0.1487578380600054,0.3433418427821538,0.8145212477356549,-0.6379451741882844,3.439292695630619,0.587437035061665,2.3441835781839577,0.20307255058876633,0.2897115536147217,-1.2371227710096278,1
-1.8744439532907213,0.8591478567582925,0.13411513975443426,-0.1496562777258282,0.4972532837007186,0.8992083919241604,0.8761848789765772,0.9124685179718492,-0.19349017208944413,-1.0613943086074125,-0.4990626202288971,-2.3860280702419003,0.2537536843653312,-0.8262829941196578,-0.3263910715538012,0.9877833133239886,0.05688944370700393,0.33682949449849064,-0.15312452510853808,-0.09317118473978632,0.5538161377068671,-0.7213953730201732,-0.032200740402891455,-2.1923237798712814,0.1998952389255052,1.977656101365581,0.018039972817035576,0.488684972231188,-0.8412017619753122,-0.6467231006450349,0.3162878299829362,0.4743858442020714,-1.1687776090155684,0.3509861546354659,0.6511840561258226,-0.6177700434174028,-1.4266845235869285,1.6400335977278453,0.8683898044388392,-0.996151001124462,1.2721455949602911,1.406183553113383,1
-1.0286587709125607,-0.7564893898937236,-1.5728574993168913,-0.6848790336169159,-0.9829242763380875,0.4032605131644141,-0.5340322188200589,-0.9980493085709142,0.13589776692614897,-0.25813184023882707,0.286183264015681,1.3104858204658518,-1.1786385033193727,0.8438354670256671,-1.1351120887413586,-0.9068079325781132,0.47761316615526367,0.16690064319218664,1.1246934877464283,0.2851770931759662,0.9630760511987401,-0.7980703134893049,1.269443281319286,-0.20612740414026962,-0.4156665432121422,-0.7909823447027334,0.2824313064212171,-1.2542794922438318,0.8114443773086897,0.4193392667976631,0.22865526457583596,0.9501616807840433,-1.0989032540380759,-1.0350232184200152,0.7480695669427069,-0.993116473134856,-1.1977475503471096,-0.5916991792501041,0.539630411758269,0.38202623173082423,-0.45003986769983556,1.1099081215124358,1
-1.5085175155116455,-0.09624187516979091,-0.7877175565256648,1.025309567618862,-2.125199244584039,-0.274666170097071,0.25160221316367753,1.2716201760899644,-1.6532984716429222,0.33895502473460926,0.6657239895727844,0.3911634428659707,-0.821870886899058,-0.5735030479531326,0.6366022374776283,0.6664567492152984,-0.4889003866635107,1.5805538510200634,-0.3209526144833929,0.8176024183264627,1.3671120922089908,0.37184748226918646,-1.5229374145917374,2.0399037745536104,-0.6841303720828698,-0.933698931884682,-0.5479158170454876,-1.0861307903906139,0.3343607771005049,0.4880955333886269,-0.19473853089190246,-0.690352970630702,-0.4660116189656465,-0.2161785033426065,1.6842995020830775,-0.22354559978623392,1.7414445905233487,-0.13041054631830087,-0.17914819819265204,1.9028457725149783,1.2081755399511411,-1.6484476643382249,1
-2.262487269813202,-0.9416476742274212,0.7888242444818938,1.1120763627856896,0.5557510688725121,1.0693873287337228,0.009979343934910104,1.3188351229808644,-1.9843547727444029,1.3921766275221206,0.26964574496016797,-0.10086427574402328,-0.20154475395098373,-3.167023545912001,-0.32028093802953933,-0.6061115745026471,-0.42044726106439567,0.05968507046412136,-0.5710636690838796,-1.4615263316037292,1.9609768622933699,-0.5922055804438995,-0.5364751862316856,-0.5060841961942911,-2.2540366588911396,-1.2398593223357997,-0.9813942492303976,0.12624085862839973,-0.30849358182320313,-0.03866834552449059,-1.2961769141421833,-0.852595210479775,0.6384498786472007,-0.29133181446853296,0.3010466784574885,0.8618111359464393,0.4233130733815977,0.10390143897355694,-2.558567103652577,3.3503510251889734,-1.1872025838909745,0.5377704338632233,0
0.09269110172813827,0.01127868042010923,-0.8735216705901304,1.6280865873409267,-0.7265619207969443,-1.0208445664449115,0.4928082330475779,0.19222779205451163,-0.9839516824014656,1.2260543894125322,1.3593131422724942,0.4619882950461579,-1.8015973890768435,0.11477006328407748,0.8523572484019898,-1.1097869486247467,0.6368309584908827,-0.6305590227998943,0.6510999243325054,0.18931060508491127,1.0607515367228857,0.41519783056807674,-1.8172656588096694,0.5358736805255384,0.43892628011712387,-1.7929683202150377,0.42199530818743225,-1.544571833788138,1.3981657020739793,0.902648143447296,0.05269482888863611,1.245264584368651,0.8712154748398183,-0.7232889201713261,0.7469272734687465,0.1818583322395409,-0.9881853377554355,-0.22374334966684706,0.24522323255814443,2.197805426825881,-0.4513172590293338,0.3666428331355612,1
-1.7201407337391603,0.03890938234068883,-1.0147426873957328,-0.7344211193889805,0.5133285584358472,1.1850123401442056,2.456231921549633,-1.0984059313010588,-0.34780000723758064,0.5742478283957109,1.6772017823888763,-0.3427955183137679,-0.2466158230560903,1.476940386108916,-0.5671367651996967,-0.6677825514965156,1.502648419787951,-0.5794535083968638,-0.11609680592227184,1.8175349437928912,0.5299291210315035,0.6172555933871315,-1.2166872910056679,-0.7523373078066748,-0.20928601632727115,0.6621485943477899,-0.9420273537135477,-1.7690428855555502,1.2209661588118088,0.5678237179201941,2.708766454624532,1.9600315844658924,-0.713853365087055,0.03478309518697362,1.08380761069131,-1.0905060688002604,-1.5432240137596165,-1.6892280068053198,0.514647565454969,0.37734019743529107,-0.25057383863238814,0.6907288181593356,1
-0.7517877339939829,-0.3821916440389601,-0.628103585602183,0.13170462570307226,-1.3620694397472726,-1.0091256252129452,0.2129558152056681,0.41615711600609995,-1.4452054692462197,-0.034559238154242646,1.5220655612299496,1.3897162403369416,0.9469069615177566,-0.2965764305795392,-0.6314664645155512,-0.2006745848827094,0.7855115904326279,0.2783990625501917,0.028297407785948567,-0.3965238703348098,0.09471455251856742,0.6455190225530736,-0.467111534833912,-0.5201891751811977,-0.3309264746532701,0.5571322378021448,0.25674829202742866,0.30604418710023584,-0.3058954133933605,1.2061540819627001,0.12481085151222004,-0.24676526166828947,-0.9341443008059331,-0.8512641989004011,0.01712659290042094,-0.22810150645458707,-0.533345453981565,-0.9149614573574248,0.12310187632520725,0.06009518937623099,0.6546568759335779,0.6969632321516709,1
-0.34076845909499,0.3668627231732165,0.45498942122277897,-0.6543031502858255,1.4412331194167813,0.6662812287607156,0.6198879493571755,-0.23196659837104852,-1.198703273039985,0.3752593134268698,0.32315756790028277,0.3929298761541946,0.9754221859078885,-0.31087927547971433,-0.26915884894262776,-0.24956757241026842,0.9501324328961911,0.360178796428619,-0.4444172307245182,-1.4155352682883469,0.13128025374850832,0.3975361192509607,-0.0491154652833404,-0.3659138438293318,-1.6399341191222203,-0.8686744257035315,-1.4707771395154532,0.3617506006143808,-0.6637428765125953,-0.7937846144582404,-0.5730928080136068,-0.3678197449809592,-1.0003857011410426,0.1764919024720571,-0.6274445372953409,-0.29441511835072237,-0.1137064066998493,-1.5358004571568056,-2.067523053559348,0.27504894540714714,-0.2762626047428368,0.5364871901277158,1
0.972504358313705,1.559861650910311,0.2604654202977146,-1.0634876713650878,2.4462421397126497,-1.001704792599319,0.32178850643029716,0.5644086696481248,0.16976707346257083,-1.6779496889765873,-0.14075485221094605,1.3444677374422516,-1.4046029292461182,0.8714891304272079,-0.9204612253168085,-1.0931754378632375,0.8907064432493234,1.321327264517674,1.053146724634844,0.7082672364237248,-0.040026401511656165,0.6263748005134595,0.7378863605932291,1.7692079690149232,0.508311716224565,-0.06146396780161375,0.622984104708968,-1.477651158093224,1.0082697139720018,-1.9190082177048065,0.7616851625181069,-0.3605710245391468,0.943911924519165,-0.44931831496620056,-0.35511319945364,0.561102136486996,-0.019634997706081667,-0.28967922238875043,-1.2591200750067326,-0.3969615213646139,-1.6070565830047303,-1.3378648414352934,1
0.6321286915476376,-1.8090119590784437,0.5376879231364273,-0.04294365905603634,-1.4908940612949353,-1.3252822501514747,-0.6809132752618764,-0.24556355584683645,-0.6253989482488743,0.20440833054159313,1.6352567830693792,-1.1891299131190691,-0.3584144934068308,-2.7484869639887917,0.7652900381111818,-0.5796887858724595,0.4422637170778806,-0.25142839187483124,0.19249557026140268,0.39542552395859537,1.8835221347050062,1.1570980409103853,1.1579462234793656,0.2616899565100402,0.5323385101001167,-0.4152742796216286,-0.2113249472707602,-0.49410605912934846,2.2491209985514544,0.8359205913850482,0.8205601376560128,-1.276949759918714,0.7360025758421108,-1.5069885836628887,-0.35830158176846405,0.2564292359371196,0.2223660798494221,-0.5268491684269895,-0.9650580399297279,0.15308553896566812,-0.8520394685566094,-1.418741635372268,1
-0.8501472153474509,0.4301668990842928,-0.086845712430955,-0.9101575243651904,-1.8115716429735655,0.7918242071732059,-0.23519786063048218,0.36978764000939096,0.7199709029739427,-1.2399759736135443,-0.9747139168293645,-0.8821069433302975,1.5779725076504727,1.3804395442294755,0.8783439299977767,0.5281107055812134,0.004940277451645258,0.4240137839053865,0.07408798879722876,0.9117189660292833,-0.8251025550954372,1.2807904240319925,-0.03829357179339476,0.3735399330382804,0.09213621800927785,1.3182550016072898,-0.24784589261523896,0.5239668044237736,-0.9639667594973153,-0.7607829405383281,-0.4514265265398517,-1.2654800982913839,-0.48029486008388783,0.1781215535080215,0.07513730897796007,-1.028128718112958,-0.021885164719545304,0.5419000755902255,-0.8013749327166958,-0.2029621487442481,-0.6471951628551446,1.2186694733377808,1
-0.3753695332305539,-1.7647019021475017,0.477157419705161,0.851503294880993,-0.02222903158926816,-1.2325901414442992,0.23880733079360875,0.4585400497387373,-0.6537619143871082,0.08951386145387327,0.9465566524798215,-0.2639082737305344,-0.32506204315124837,0.17168660617214956,2.3842947644825285,-1.118841393378027,0.8220721744603641,-0.7726423169753752,-0.3558952633580295,1.2253706844882992,0.9098917613208527,1.545651508907714,0.43756107137009564,-1.3914671698542012,-0.31337174762716447,-1.2088736274488405,1.846674688102932,-1.2226873296909346,0.2131299603852017,-0.21878685690558553,0.625702864002916,0.6428430352681843,-0.07996865063870885,0.2780718756555317,0.5114399987899931,-0.7940954263289645,-1.5282309665560936,-2.1005065709656567,1.9973589050832226,0.4152895861245509,0.5077234294103519,0.07913155125458061,1
0.1330455470794197,0.008450056419414325,1.054669991888146,0.5891304447089972,-0.3399575402561307,1.0177772811447048,-0.6581695929618336,0.6803908556498258,0.42182724654713877,0.5431618710169287,-1.476521899050589,-0.6490689721589795,-0.20215163191168,-0.7588816066979951,-0.7370817650058374,0.6413607223494244,-1.6787798763278141,-0.7990995246317438,-0.9334176426331293,-0.24782849746825614,-0.2596337689339934,-1.7596217367805775,1.0164299306757838,0.1250775207778977,0.38979961346480135,0.27051303068583493,0.7322270896017572,1.0476533440216895,-0.5444003471377281,1.099158667644609,-0.08044929320346288,0.47815778649562823,0.9930756527109742,0.7493666797580122,-0.15447144862473328,0.21717507803562955,0.5915216647705269,2.150419465621316,0.6571757991762622,-0.15859237710355117,1.3676434018208352,-0.5424690063449601,1
-0.12933712032722353,-0.1921730889325576,-1.1279804142534444,0.13807090188410026,-1.304742705894718,-0.0950367605080369,1.1194132390690446,0.3139852332966457,-1.1176809739302604,-0.16033737005178236,0.32736887687021593,0.763615261155971,0.6479306318194741,0.12274831827565102,-0.4368403109537603,-0.47390245604362236,2.2905301262084583,1.2591949899217754,-0.2746892484016948,-0.729328543983786,-0.22398366434625283,-0.4772477750813667,0.18460165146612426,0.79403351792885,-0.0368484650412389,-1.3060844096541067,-0.44340606500682456,-0.16110427886023568,0.28667099618057773,0.6017096443498818,-0.9483202345103626,0.708850279949331,-2.4610088972758066,-1.4533892418170633,0.7870449947854796,-0.24594059809772212,-1.4717435169189301,-0.984008151129737,0.33432469744573684,1.2659722267160736,-1.990583683560084,1.8797300766465983,1
-0.7357305153801044,0.5299464228758888,-0.9753669030789852,1.3485212489039151,-1.2891066682498322,-0.20214606727030704,0.6723640255890544,0.03620147448750816,-0.8915410667081237,0.4254934184145191,1.3227730269354976,0.5287794006136028,-1.807853870628904,1.0228564358485124,-0.24940978325726862,-0.2859480544121098,0.5001284748214894,-0.6269901409154534,0.8508148349778231,1.163930452036819,2.043962648207659,-1.3213674839229794,1.4768829664691636,-0.8661405024837345,0.9296618802552262,-1.2013686463883393,0.9289574266617676,-1.342652318407922,0.9406331539195912,0.16220043178468144,1.0092046540234179,1.2644548098818698,1.6937968611300624,-0.5208698341953931,-1.4526455923960684,0.2763701650596922,-0.34657465232608975,-0.1254235336152382,1.0694178083112764,1.042844990164001,1.604794025250776,-0.7653310222310177,1
0.28020003664796317,-0.8299471454234347,-0.08913567315074779,0.8608494937167916,-0.20444093181339099,-1.707774666039948,-1.1487513426814302,0.5572042182730609,-0.4004263157735266,-0.3244909176483108,1.5616403051243615,-0.22701286655786204,-1.2086095213044115,-1.1367986116043103,2.3309543128698977,-2.3324164514597845,0.3641513632087856,0.4839700957178088,0.8788146435662297,-0.3070974750065383,1.24580600246963,-1.231669277211002,-0.9668250531744729,-0.48437944129265226,0.7304532300826173,-1.5166323057990359,0.916983981268013,-0.9280456892046146,0.8778636928684939,-0.027914052618691156,-0.5596929138658325,-0.1565318735060591,1.11492443209416,-1.6544073895456262,-0.07784585599585536,-0.13115254939485307,0.2737848660340433,-0.643133978752169,-0.18787818984032356,-0.6243694830283284,-0.015725353721453828,-0.22236278874700804,0
0.3151959799203545,0.004662015426907596,-0.4646406200440252,-0.8559432092664994,0.935647858491779,0.5070334072592411,-0.9632871507194966,0.6037682954236455,-1.69939154626301,0.39622876287210884,0.8060199121784367,1.624712505664014,0.18067128090401302,0.6830732745999141,-0.06689553651220177,-1.518756475398909,0.5273499456323347,1.1314343959405622,-1.098593202110899,0.12970484059028345,-0.403814929909456,0.22071244250749308,0.885090506849533,0.9924507062210629,0.13489651803692954,-1.0822485291464492,0.4722730718858585,-1.3903435099325043,-1.2712032319559277,0.11055726909473532,-0.3055242223677657,-0.2937366689096392,-0.04830467447666952,-0.7241082624777777,-0.9968476323656095,-0.43079451624908655,-0.5130624784297755,-0.7795300376931525,-0.9523227102593335,1.4863277300707005,-2.0739261367734074,0.7690503472581269,1
0.4509581945396846,-0.10702728635165683,1.528620959998574,0.2981502569391357,-1.2304119006787435,1.2465934878675555,0.4704976855992787,-0.4150197274237028,0.5737386621648818,1.2021641321027121,-0.6844688544034518,-0.7126533287125628,0.9212827580718533,0.408229458132805,1.4184360879686537,0.3660573427880692,-0.6560111077105217,-1.3399530019441448,-1.1155516534299392,-0.38389029940119795,-0.570531756085909,-0.7144213688799979,1.6102132047885722,0.17831061792595146,-0.13635840163346627,0.1521023548090041,0.9533365752566366,0.6475944363811461,-1.285576297900185,-0.10760227726287847,-0.896984026357784,0.5895833513826546,-1.2271545539136548,0.6165039939382002,0.6866097897253568,-0.47689523287489516,-0.56017819932038,1.4856310443251655,0.2784223494839872,1.5693814810343627,0.3218038507324755,0.434351483773131,1
0.42336926691681115,-0.14613584251511283,-1.0639461740114344,1.3742048220201981,-1.0435143053117708,-2.7484325770211764,-0.29850227473514956,-1.3165782816556957,0.04779555082939676,-1.8815991734055943,-0.62491455135309,-0.428279777747791,-1.1362856108854869,-0.2337719416782552,-1.2972290308108776,-0.7423711510956619,2.089822205361796,-0.3921209902091726,0.58449909251828,1.9881682968966716,-0.08097350173858998,-0.04815204126589443,-0.2800099078619318,0.5324305828495083,1.4964719817248928,-0.8078154821008915,0.9039357212339049,-1.2420702464278335,0.6713932032571394,-1.5858686031925888,-0.22249047064308336,0.8372003435398424,-1.0152055991237188,0.3454658047831282,0.029663250246150793,1.6775312492044758,2.081608801111532,-1.3158493533189564,0.8571654535844562,-1.7639199766057787,0.6516224987374141,0.8853670148057171,1
-1.1279483935872825,0.10398873279475215,0.911370827578022,1.0161387531117438,0.9609114264507188,1.0113124690751456,-1.4891989822600393,0.37142888972725363,-0.5287335624846905,1.5518751826173602,0.553846448852874,-0.7926687245129396,-0.06491192435485615,-0.1809775471734079,-0.33512104748035315,0.6320553855614248,-0.6853829612862262,-0.19797680669932952,-0.7392443272909002,-0.5771527917367684,0.6813445485788228,0.7534572315518037,-0.5578230816958062,-1.4875612510305678,-0.4134122240253124,1.2760330863703053,0.6902344155240837,1.1617632131570468,0.2540760345855733,0.07175784963340814,0.015098129322763361,-0.6801514314290729,-1.2570540920556574,0.30221938150861904,0.4983831736929744,1.3352556146992114,-0.07936864003984528,0.2860212075685688,-0.8930759678490511,-0.7678086501554302,-1.056355246768776,0.1604717282058972,1
1.112977594528189,-0.20721070527965368,-0.14509223368016805,-1.24686467861411,1.0754468762123768,1.6032178670844381,-0.2743844205705137,0.2591677568982864,0.7915802806084167,0.7298789365389456,-0.2661803724124016,0.0016232402755057007,0.31531634464847585,-1.0798709395179817,-0.5853243942672209,0.7857647403858654,-0.5234230867101974,-1.4699547025587836,-0.3309065685235317,0.21264227681152215,-0.9304626065074472,-0.7033794087042671,1.3748792212700416,0.24168778997693086,0.6885130901036096,0.31117150766800716,-0.9038598473597345,1.0091874451653928,-0.1728686502793618,0.9928705281806786,0.8885711880610238,1.4476624988890008,0.3724147638336873,0.825654915015468,0.04562461920562017,-0.18785038302396737,1.1600428315056956,1.639681240229033,-0.6201528370871819,-0.6258212641610889,1.6049381635828033,0.924352346206777,1
-0.11743835043971133,-0.07526554212344837,-1.1294717848329139,0.9243414835011822,-1.5339918616440427,-0.7085105945221335,-0.45393224459433884,-0.13741182669060087,-1.3265345269507802,0.23562301743335548,0.9269168490799868,-0.06141705442290447,0.42708266862794786,-0.7510447393542551,0.817388077359475,-0.07666297853483375,0.16742175819833693,0.8310849166449681,0.8157865737910761,-2.087558453979212,-0.12492380434721227,0.9254518456920051,-1.20464694668534,0.8373491075205567,0.20458765068955956,-1.7298491637112208,-0.9828474200892291,-1.038687114711438,-0.2089682367269235,-0.4425732666293492,-1.7533489513571685,-1.2591490748931695,0.050025707778676314,-0.9063693794812747,0.7485654039198455,-0.25044889305486345,1.4184029476587305,-0.8285283800106281,-0.26120460863662676,0.31616619549883773,-0.553909398929137,0.315869727539638,1
-0.2525133780996421,0.32721540955745715,0.6424188645413559,-1.0198947870099948,0.7183104918181542,-0.17224481090664817,-0.2745904049769331,0.774670673952256,1.2002537616278197,-0.7323826868215014,-1.163314697790663,-0.01266388832836086,-0.16812613434703225,0.38901480158952423,-0.7974550553475365,0.16861406725979028,-0.11332221076482327,-1.0615550259281805,0.49186216656900095,-1.8486304282708181,-1.6985277483409067,-0.06416321140298255,0.3550705204073976,0.8015747486235303,-0.8367665000390458,0.5063884589093486,-0.7309523131716328,0.13975056532582,0.9046876513285432,-0.8654391262573208,0.007937225616384254,0.455287491450958,-0.054167575519662066,0.9117611668864583,2.0591689358450127,0.8475460950051588,-0.6191738951996518,0.6066538668424618,0.03840900887324271,0.9252198939332598,-0.6366143788190793,0.4509949745580606,1
1.5438166747338737,0.9046767076286242,-0.7317859084154034,-0.9990799853618074,1.368485334412708,-0.03665442380792057,-0.5793881379200441,0.6329663118179145,0.6987191922384334,-0.19927008642386923,1.5491887898906005,1.178325228706306,-1.798809615730915,-0.3580796833841441,0.8357496231990802,-1.6001041672955962,1.0210425212957528,0.21183378839650682,1.189933628653514,-0.26508877996830016,1.5193636430287316,-2.331810004926302,-0.05812997960611003,-0.7040157740467571,0.23540979641376836,-0.7331080621621896,-0.8628756641396144,0.12785267682188237,1.1866263269374617,-0.18784515553330655,1.3222821595076903,1.2211181393017017,1.530237993153637,-1.5307127553380582,-1.5395301375437769,0.8314608124677239,-0.8485089344074177,0.5597266059079429,-1.5619904840319763,-1.5017882820118136,-0.1493911561049014,-0.09578980341163472,1
0.3856869360217936,1.168643536369555,0.7126440818597906,0.7373203672020179,1.1128949496787712,0.14106925541770504,2.0130707484081256,0.5046333714841278,0.7579633859280772,-0.8119662385931886,-1.3377510653881346,-0.4853639355903575,0.3781993579365044,-1.3330667742336884,-1.04795868512997,0.9700211888578743,-1.2499989380567311,-1.6147590253409643,-1.0527030955159937,1.4549893594481722,-0.2691330943154262,-1.2489042324429687,1.261293172300106,0.1528687980090312,0.17152883352035234,0.48894670387414213,0.08102949762544562,0.3648441817760348,-1.2120600851281638,0.5377549846462193,1.6645836473945237,0.5170723581576848,2.615216735500469,1.2037833918450864,0.1692792754624595,-1.8308730517182978,1.4726033657760873,0.4864553991032775,2.963805592222583,-1.1849407904008473,1.2888903363333017,-1.7632970363471778,1
-0.35506351460437163,0.15781639854825924,0.18041986130218732,1.2003903393199258,1.221805869318467,-1.7004886115898203,0.49587238490370045,0.6995895238793277,-0.2972912173829642,-1.9168045940774896,-0.9335370934746791,-1.6451648261917933,-0.19030047454467972,-1.3223347480496417,-0.4976109772681354,0.4703034016141864,-0.21749670654084519,-0.5407993132632063,0.17148873174624218,1.2377291631790552,0.18006763893554958,0.6850229311963962,0.806101575673722,-1.1457291819885271,0.43253751508338256,0.6973792432799848,-1.9168882517474122,1.5167642017429988,-0.281208482760301,-1.8246420407668809,0.7243070013704834,-0.8101372927793887,-0.0963215606606232,0.7089867057697068,-1.209327394961607,-0.056407277407295155,-0.6923770372687399,-1.3263162922067298,0.7932185962066136,-0.4201833134765764,0.703148471007093,-2.520946840714532,1
-0.5113144033777298,0.7339483986083407,1.4211445990984495,-1.1958554179680212,-0.6500441782244458,-0.43385314250952006,-0.11483659209095436,0.08867018888164954,0.8311487239570778,-0.05009719325177148,0.0038257137524299882,-0.5095696550968957,1.3264195472496745,0.39778801351740745,-0.1387624427281863,1.101353116449177,-0.6890178447031782,0.046151140189149224,-0.6036106190012553,-0.8308437092106202,-0.6593460814110406,0.043766504580815324,-0.994975139460403,-0.28298053712710003,-0.1535938500637907,0.49783148804017746,0.4390415235776092,0.6870952708009079,-0.4598641978453621,-1.3825480076865435,-0.9961546616510791,-0.6024339507981386,-0.3221874505532963,1.0791577787707374,-0.2961174036615956,1.9126974128091,0.23961435081968113,0.681235417809117,0.570105894225602,0.8342787915750938,0.3686993209849201,1.4044065427061956,1
0.43951013043090176,0.6670455474994194,-0.29236857035253966,0.8503548319481228,0.2083958944017905,-1.8890808974175448,0.3781413049060201,-1.3984181699137104,-0.20654730328704046,-0.12193124020119539,0.6158851904618515,1.7386175034465763,-0.20479151910100815,0.9035134707506515,-0.37974633258736556,0.11998489684390073,1.2194789955580074,1.7047192227024854,0.7733240077917817,-0.6172752739864399,0.517195469687907,-2.536749943072992,-1.5811864067825498,0.4916224338032738,1.3284965464367589,0.06890085712861943,1.8628929374599914,-0.2953309443170757,0.5434162147414976,-0.24756383614344368,-2.472394987175595,-0.9689272976661617,-0.1418392378415058,-1.7614224815575552,-1.1366685891601598,0.5284936204291081,2.0078659170005078,-0.4992379624790413,-1.1155916513551523,1.4456158185747698,-0.21061124654983715,0.11790031419910225,1
-0.8530498439863244,1.8542240612818728,-1.2188010264686209,2.7428557976835495,-1.1412656253768492,-0.6120504713207082,0.4069711335703792,-0.772206922467028,-1.3600622300075504,-0.3854533287905434,-0.4020229906863746,-0.32094743929477726,-0.3394803964605126,0.5025807844275644,-0.9279826217175859,-0.29590218403481133,1.3521394539541711,1.095615880815707,0.9076137705370833,0.4943051842079354,-0.8204689477429543,-0.9639595134262652,-1.5431558110068229,0.5467707276970644,1.8442100709081346,-0.24930422322332949,-0.5738055027003024,-0.2812836049936096,0.36501800103682447,-0.9490121697127648,-1.7007429507214795,0.052779661317691226,-1.4374390475623475,-0.1467128983909597,0.6877692689105992,1.1138060572397097,1.1797766533663157,-2.0561798928650576,-0.16648860613001218,1.276078599961417,1.3667498912910503,1.447368395111217,1
0.5105799619440033,-0.8380990953726317,-0.4973167387836636,1.09044819807351,-1.1344405519839984,-0.9334148439816286,0.4426201193911579,-0.617476908078284,0.5193040819560023,0.2401596689692533,-0.0067536302690183745,-0.5778194577563206,-1.2252488636913303,-0.744721130305972,-0.04094130500856478,-0.1663431215166647,0.6929894300611305,0.2230147762264182,0.9736842020304013,0.2189501254429235,2.1116835829315166,-0.5416044736787431,1.487320160197349,-0.44661472239188804,1.416988501264762,-0.4746963981902625,0.2655377147759112,-0.05138491709133592,2.1554763940856647,-0.28911869051015987,0.4452753479122242,0.22032617859944578,-1.2789940626938843,-1.0952312468211312,-0.13481286299336304,1.7530152576453832,0.8122105610215503,-1.0912567107789681,1.0649354306711465,-0.6975596193537336,0.24318980610648228,-0.9202915659114618,1
0.9179878261684099,-0.24407435483649678,-1.748200793484475,0.4068782262458098,-0.6616071687391624,-0.46203427570357286,0.1978710767825548,-0.5489437654514948,-0.4059495344159011,0.9740377027833353,1.6503540176507379,0.4836461882086177,-1.3683607330623901,-0.47070901749684996,-0.24839495026113673,-0.7008953841389968,-0.1405345283658082,0.014912553567684724,1.9741246463646873,-0.7414708855619712,1.0557419556731287,-0.04061751835780919,2.7859620002673466,0.3207980227159583,0.9242335361532611,-1.1120394800712563,-0.886622032262558,-0.8946907923917535,0.8543834043340817,0.9638036549143028,-0.0352216276889097,0.733209030205179,0.8081023643847313,-1.4688803708352345,-0.4932154205509333,-0.024475106302582532,0.2132023949153911,0.9867134241528623,-0.4753204630490499,0.3634015223262251,0.46105889039847553,-0.13975939849723742,1
0.37878369809122964,-0.22805318951641282,0.6111716211740349,-1.661799945076635,0.3862708021838738,-0.8394239059285038,-0.4174372492386041,-1.841543449854163,2.459038803243666,-0.22023761795322158,0.4343604087170848,0.5860855678590604,-0.39498959023214786,0.793259914692626,-0.6923376176571351,-1.387554053130961,0.9959903028366196,-0.18872649561359095,0.40299263370411853,1.724080199035862,1.2679296563597564,-1.7815420900610472,-1.0465044837297264,-0.2765377916714341,-1.9506881413064594,0.027689698802521843,-1.1398254815638404,1.2852955507785373,0.7747130122740055,0.9811913391629796,1.1515142340410176,0.47909370412586666,-0.10587850561581598,-0.35541520965158185,-1.3600392844816416,1.2509318842363524,-0.047648808424824225,-0.5219116176508714,-0.5909113018856743,-1.276804833015332,-1.8597715583030363,-0.39126196512151906,1
1.8659548151779015,-0.5279611135811986,-0.2142028200243734,-0.1327439889136447,1.752084241256117,-1.7111802260804012,2.09610987537091,-1.149525268155591,1.3005585502561257,0.47971824376174566,-0.5811485250565137,-0.6537996705575534,0.393797720968892,-0.24677589412179488,0.4846730740792649,-0.019786413216153716,0.5331259450443356,0.9634746680324264,1.181385184185739,-1.9856686220777642,1.1859988836047788,1.7084928262554997,-0.9407402017944169,-1.1550496464944677,0.5483668793827015,-0.7195849471739281,-0.11575527891168655,0.5837807320207227,0.5288564147357435,-0.5144409942526261,-0.9805730713227558,-0.692606236419453,0.5610199304760891,-1.303824094471576,-0.6571141706226095,-0.03645221041784208,-0.9544715899619928,-0.7328648733109807,1.2164778614962672,-0.7631173701382664,-1.6923432879337066,0.5859108827297843,1
0.20127113774354935,1.518905843615269,1.235385282023938,0.5874041247615746,-0.796116372444992,-0.9551085730818336,-1.0944349565467362,-0.5438663987855753,-2.2578282893997796,-0.18991484593251173,1.1055262821968515,-0.9644690321161431,0.04311819057183444,-2.9324218791803913,-1.1506775881577669,0.589389151089511,-0.6017648976454253,-0.46252618552962055,0.6922564163776238,-2.862911837820429,0.3666820155975115,-1.9534017986761267,-0.8460563222335675,-0.712831832128283,0.7519477641870845,-0.1300431581276112,1.1614223288620735,-0.2809765723426287,-0.9050754100563503,0.15076288060835696,-1.2435865925902188,-0.8388266724412247,-1.765747089246513,-0.5953749132370392,-0.2013000129263655,1.0164503688607103,0.6265650534561493,0.30447590893558535,0.055441983651813236,-0.43796201593902206,1.6027078769029297,-0.9914650010411669,0
0.24263386408432697,0.751821918899305,-0.14728273154949664,0.15236454704131197,0.4623290561350465,-1.0153280838447092,-0.9102745750117661,-0.6912107075360949,0.7216024500027844,-1.2251948036313371,0.7692580478512293,0.7306640356959814,-1.0256835201973151,0.8382810676843557,0.5707764877671844,-1.634392227690849,0.9668778273516052,0.22984556526678473,1.190013222764275,0.9464196815805502,-0.18726009803377197,-1.5958920502757021,1.7956522746560415,-0.043349952139434114,0.6926769241376568,0.02907980947524903,0.2674725915768382,-0.7928140427942985,1.303463627880269,0.3179284402700388,0.8590015703340789,0.8223804385765294,-0.0697559798150361,-0.32696614943368224,0.19621292417506936,-0.26690334378474423,0.6793232509070519,-1.7352042136111434,0.0944799645330834,-2.7299830058611985,1.0608227910389518,0.004292365584168545,1
0.6854475608063844,-1.6461843008843913,-0.08024610601379276,-0.4431864757994569,0.4696987200159489,0.5176883715385142,-0.293178629033335,-0.3656664966005597,-0.32891255429661337,1.0876116362436203,1.1333170534304948,0.1827822923999942,-0.2540209924408613,0.24195204182669944,1.0876337953948882,-1.4028152215699432,0.27756857542506314,-0.31430722417932083,-0.08309635899002406,-0.02360853922253185,1.348016371598532,1.051220055793043,-0.031660833057955015,-1.3685051767097876,0.2914488261553962,-0.5415630499193305,1.0183961861047095,-0.716348101215886,0.336721403833943,-0.9612355868712724,0.7679905924417132,0.2746453407356088,-0.8467729725697507,-0.7155808907144772,-0.4473459760254535,-0.3569093618888176,-0.48502505123414263,-1.3574504336458657,0.044563273608076125,-0.5978899320260419,0.6244292350308822,0.19454272484769403,1
0.6962123695617489,-0.6426592477111841,-1.9579909080041293,0.08726607446178938,-1.0343542147087506,-1.5666762060165378,1.6727412101061214,-0.8120818169346834,-0.4337050829981402,-0.13146161705142087,1.4769646540635424,0.048278426439103794,0.27481369639608716,-0.1940198203715159,-1.0791244409001033,-0.4119537699559366,1.2848675848932176,1.5119631699326004,1.053002750675422,-0.8286370669540788,0.3795602073320782,-1.1141598032536235,-0.8115681152511531,0.8206464465230406,0.19349653587823046,-0.49424284240859595,-0.9066339144493806,0.7218681168152146,0.5156593271613092,0.10977814072228166,-1.4142187100090773,0.0029838036616600533,-1.1516650679650073,-2.5177572930697094,-0.05992305174393708,-0.3685853780410895,1.606954959746054,0.5743706401609968,-2.026639724920461,-0.6203002472440237,-0.11100876074060213,0.09808354978763255,1
0.5001805126060265,-1.5311717374999194,1.435004958949011,2.501752221661586,0.06307611458377464,1.1541521187454578,0.2507822394204014,0.5233648350913012,-2.875829058874452,2.0230342301336655,-0.5069723857926801,-1.4374173324606239,0.6545179668562324,-1.0523905372045688,-1.743153020765539,-0.16647772126318525,0.15827925212558086,-1.5009141720377066,-1.7081571037918195,-0.285684389997311,-0.36793165946195067,-0.6659335093523642,1.2926301976233046,0.5057466602166445,1.0542330020351762,0.017932876950305064,2.5668072618424933,0.614603920632683,-2.2715985763844393,2.2803699803606277,0.29983144185788424,0.27795903751422457,0.015860566406986385,-0.8147287885082397,1.276547714924458,-1.7252829328291237,0.7792927766255646,1.07887950038401,0.2464067554331126,0.9420882546198265,0.26059599112673665,-2.6047553050482994,1
0.09834453551861923,0.2616914065765193,-0.7573945044552839,2.104310695961631,0.21779426405253,-1.4720258962982444,0.17629641961213866,0.2414563661757271,-0.9700251084281776,0.30290705624535963,0.2166488738766021,1.147335913014663,-0.7202015027815561,0.13334359822762043,0.773883651178701,-1.1839559922275287,-0.18756130926212222,0.7418413099195431,1.0109703972180104,-0.6839090070264214,0.30086754925221837,-0.2847029381249166,0.5518032298515206,0.5541210477479187,0.5381543309811904,-2.0085356884064343,0.5667746349711524,-0.22302767316039876,0.01814557248591517,0.7419470408933183,-1.737788094116706,0.1370125599598183,-0.13510435696289194,-0.8187103917569197,0.1815454920551532,-0.9577458339330159,1.0232808775190572,-1.2107682257634658,-0.058659254320091406,-0.20132915891024306,0.5835382728354163,0.12165503263716328,1
-0.16785434261058388,0.37515097360829114,0.3574731850267441,-0.28082787324474195,-1.0938167261529765,0.18441176337417886,-0.9082849827740569,0.7634085289460247,-0.6194216391140895,-0.9137874715479242,-0.4964709266334062,-0.710400948774333,1.595484506917618,-1.0462338032837957,-0.5457922057408985,1.3633740407378672,-0.3518675974575976,-0.45126986546661196,-1.6897539889288111,-0.8923651564807269,-1.3958493670754324,0.2871037014597261,0.6654196702259421,-0.38959562719385793,0.19547273906870907,1.1857666438153847,1.0195799166490425,0.6990230763025257,-0.15597407821285486,-0.769200400150899,-0.9196290268562914,-1.4752281764701656,1.1508958683903772,0.8855694297418998,-0.8845859112505239,0.07829647863287648,1.8737883457532878,1.1696408531740394,-0.41143114224618893,-1.2185322931241085,1.9122403607359262,1.0378106838989478,1
-0.9341702391397186,-0.06363947574102125,-0.7561468639190746,-1.0523319998830238,0.6598737064903788,-0.08502575921247933,-0.8081406063885178,0.8108063921768545,0.0243929586165307,0.8160267454439263,1.1349336632151268,0.9699539974473982,0.022802272896677307,0.5840568977529718,2.867750334728241,-1.3551040213050392,-1.2615786010030887,0.48551286585197756,-0.14941846163358258,1.0439413616282336,0.04165420310932091,1.1767804666940738,-0.22985041114878044,-0.6540471936369795,-0.011363910172656247,-1.6588313468506932,0.6851091003871045,-0.48252186550468246,-0.0817744131097385,1.437295854588045,0.030540503913085246,0.33899203407579265,0.14352439617229992,0.6078593732702885,-0.29155885939408355,0.3629351665992184,-0.10399401169030027,-1.7827378153832723,1.0191744112662098,-0.2107037689834662,0.10564193472794609,1.414193756682389,1
-1.6225490836382275,-0.6933892063140087,-1.0488808048389453,0.7565140835002608,-0.9665770870694846,-0.6490787601357614,-2.2961863831035,-1.4316082592925783,-0.9543480393799337,-0.012219617174979195,2.460824886600141,-0.3817973844941574,-0.0532617246881541,-1.2469426901892577,1.8791554610997903,-2.3722115824140877,0.5952734481488218,0.23707310246184557,-0.11123717422719816,-0.6464550283149452,0.2597858145835969,-2.569426441184413,-0.03125590457313103,-0.25777999670837926,0.4169740303995988,-1.602780310207514,-0.026856603866330358,-2.030932831865375,-0.9182503330577272,-0.7252909926247365,-1.9108027542468196,-1.0647388146852277,1.7283721496918922,-0.9799223537118716,-0.3126386833303755,-0.15641659878255945,4.660132741990669,0.04024326628983753,-0.6336319163528474,-1.0362795890270342,0.20441227758159575,0.37036210333065145,1
1.7925497352262003,-0.24508228040677776,1.1651899872584277,-1.1398751601810935,1.414911211541423,1.4031809931556072,0.9184366978789664,0.24633686660433693,0.8176961481974798,1.4060388711700373,-1.2922650314454676,-0.5344356814639469,1.6115921106784221,0.3434382371588359,-0.10938922237934712,1.0385638336497993,-1.1761623486921136,0.24716663421720528,-0.6123812696602584,-0.8025972891797469,-1.321369642710946,-0.5371780119415388,0.15061379924133264,1.1835777562310148,2.234562439453906,0.3513689026340497,0.35239308618842347,-0.13317305031432145,-1.3624120302927814,1.8651331260703352,0.05849187115687879,0.4935766359247454,1.594238270161938,0.4537477581398462,-0.47719790863757056,-0.3621709856105099,1.6893965815257888,0.9996317224213299,0.04516425854856432,0.24003768679363022,0.3239358650473848,1.0631160233291335,1
0.3794973894282607,-1.3211407291871948,0.087213129916283,-0.08638139411026385,0.5785997345250626,2.171156202056889,-0.7211225703263301,-0.11270015693196617,2.052076517977564,1.4216506495543966,-1.756324841782213,0.5228859866170102,0.1021734265777068,0.6950328748584783,1.2187011157643997,0.48358076807912465,-1.7196955326850643,0.33228954224062746,-0.8604676006771224,-0.5972695499661542,-1.099004500219288,-0.21455663675290798,1.1330111386778192,-0.20898338684708165,0.6190300335526228,0.2522275655409795,0.2215559521574654,0.9054644999849555,0.38593453779652026,0.559145360351533,0.030325291913475456,0.6226964639347743,1.2309089594107256,0.7919430889631874,0.6560038647855525,0.6940355045708263,0.06611623696227441,0.8166781887658296,0.29932358657190994,-1.5266151002198027,0.1194146072439088,0.4680893109504956,1
1.112633340399454,-0.15557420566153152,-0.22773339113834867,-0.21666514170753925,0.4412190562672324,-0.5333428164940769,-0.5161575752842619,-1.2427083994677546,0.10216508634072696,0.4347181608177503,0.9665761473929775,0.9505704516904507,-1.3904868206909866,0.6184051644390772,0.297715345074089,-2.0945368738272383,-0.34697390501331987,1.060438824373319,1.6831921419632436,-2.1558623906720857,1.110317244550562,-1.3755304526243357,-0.9425610288564825,0.5402272716524505,-0.8457805837664016,-1.7674941318234707,0.21209409667660736,-1.2346298648621403,0.839625319276373,0.4269697515055796,-1.5462636297347196,-0.3454463681581963,0.2525277734732987,-2.2949793942186636,-0.15466004263322067,-2.141765848742658,-1.2244365249474016,0.12463235787097492,-0.6433413829539464,0.7030048713692494,-1.3437667567872407,-0.4654989610577926,1
1.4022478485373424,2.0379918887675896,1.5327689768623596,-1.0418406009963324,0.5241530479626304,-0.4090827264844923,-0.9042742104974972,1.6351860929494355,0.049161475017364537,-0.6058841345849763,-0.7829274094805279,0.7288520090664797,1.4938583787974526,-0.38507048645192987,-0.5389883283589001,1.6646579115722357,0.16635442402379555,-1.8223028407934354,-0.8598230031789547,-1.390463455862065,-1.4369651565671058,-0.0319183986187911,0.2743515072500106,1.1861400956147172,-0.20444001904380774,0.8894142304282567,1.5938490887187744,0.5019293254181445,-0.6219251324184266,0.5714268143090571,-0.9319936990056406,-0.8066239106935458,-0.8195076015342793,1.3784975952602305,-0.6038276547627845,0.6806480380399849,2.564128488114125,1.176167086971,-0.1713209477626071,0.5076984751792052,-0.41781486345882124,1.5358781000618715,1
0.8644832229492447,0.36878113397036083,-1.9788944951774217,-1.1808521532344518,0.8182045549689226,0.5828354542624143,0.3959758483273906,1.50444478431039,-0.2766757545629669,0.9119834347618955,0.8391170954534689,1.31643914535577,-0.23908336486930679,0.10278506247091454,1.9251792267189571,0.33448900275855925,-0.12378659125482462,0.8226176474319333,-0.2721516719260629,-1.462241723774627,0.8155609543845427,1.7865897680322822,-1.430628190455594,-0.22232606747922998,-0.7353299065653259,-1.8788925452290974,0.011194251740140642,-0.5724594053231007,0.8718812904499775,0.3615381324846791,-0.5219574976113681,-0.31163161982979914,1.4682906884232527,-0.5909764002131203,-0.7356497176298529,-0.6138730935782265,-0.5142119573403936,0.3638906055884722,0.33419368136426103,0.39501067088332764,-1.080562465301796,1.44472692018752,1
-1.5198694975595701,1.173107894647039,-0.03015257876726517,-0.06485803194004662,-0.177109718395511,-0.49238702090582015,-1.9533758089999615,0.2185958775854428,-1.5370078629549007,-0.4614189609966141,0.23885063383234387,0.7586259215386105,-1.6137018403419103,-2.1857846089292847,1.5357765216270243,-1.304768560288242,0.030238959476400505,1.1834138655559194,-0.7658011031991644,0.9674170704465616,1.7915065526083802,-0.1333907546080309,1.2793669181100205,1.2453023415350732,-0.41829116407302386,-1.6493148620015698,-0.07152074727870707,-1.7976979139134264,0.8322040835712567,0.06018992432110792,-0.9038038520070006,-1.7714127952507013,1.3988960210329626,0.27647679868396263,-0.8476907743768415,0.468463696160121,1.8387561046283971,-0.21749908742536084,-0.6461183653153623,1.9193134866688093,0.4715344138732025,-0.8368607526135605,1
-0.6633319073635003,0.05966215466443974,0.2763321342319179,1.8244030117353986,-0.2861837834024304,-1.158372194124658,-0.9396783194477271,1.4463559810674709,-2.1572366118149238,-0.5558566088235368,-0.1796342223313437,0.7622967689925007,-0.49553027348910234,-1.19004761083083,0.726833207445256,-2.2976644895963805,0.7717377102772739,1.3230466258937312,0.7371112327289269,-1.1792942247715619,0.009158523914969716,1.482721835922912,-1.1168752309669812,1.3217227499011628,0.2334540293506608,-0.8804013660889616,-0.6547624954691617,-1.1519071127491585,0.11527086535317675,0.7189694049735121,-0.573421852058916,-0.8152419352569406,-0.7232018868558344,-0.5451052971939497,1.5157986963877175,-0.8057247264072855,-0.11872983825184934,-1.8233362063276108,0.1837179588189462,0.29140802931144033,0.5756612470190478,-0.22131734667775707,1
0.5335269128864042,-0.09608004268295413,0.7132942719358241,0.650502759633132,1.0647059639644385,0.2374836552050587,0.6305553606319142,-0.15012722916284546,-0.11943824227007542,-0.5943594040714959,-2.3356531806698104,-0.12906779966751494,-0.3745788931958611,-1.3865680028735643,-0.7430647743629041,-0.2901861771778137,-0.6499585412348051,-1.0534854024918943,-0.9097780555704826,0.2705810363550232,-1.2202506765360548,1.1632704343032891,-1.1286475738337889,1.4915562843864647,0.4719349073966375,0.8297089576493568,-0.48084100822931974,-0.8497299388294202,-0.06868473279847748,0.4586546395812751,0.7366595719341674,0.4314028379930522,0.1104814781922767,1.2451551413867288,0.775932218528548,-1.08965326091039,-0.12456467174073153,0.35920952446456245,-0.31577789652322674,-0.2943997638343547,-0.004441189802149544,-0.7340437000363239,1
1.3605327245013972,1.5636398101566742,1.0361728576280322,0.8765149521116763,0.22961003489012524,1.5820368946802537,-0.30567911717455015,0.6296305544017246,-0.5996131670374082,1.691071499788964,-0.061830045845063956,-1.5963966273794752,1.944509465172731,1.1154343218448959,-0.7465019805941124,1.4695170860235816,-1.1354896339065037,-1.7754481590457423,-0.5580640219951573,-0.6845853314149014,-1.3228855064839005,0.32772309495403984,1.7372173796325128,0.12346912298095616,0.005132427899778128,0.7128680058450926,1.7555333508241027,1.1288609637956024,-1.7024188984224533,1.7128504085747078,-0.7709517034263688,-1.5801635673781342,1.3752411953864356,0.5650783802684416,-0.9416571444271424,-0.7014822815580987,2.6970185981268973,1.1097807928835837,0.7249025884918127,0.7573495924923028,-0.6989028800647651,-0.5414635963840405,1
0.2195463944137769,-0.8582785981833098,0.6148433160150041,-0.6937431432531307,-0.2576691060581212,0.5403221718344939,-0.6423200787308111,-0.21229111060055111,0.827408636393708,0.16064908448726703,-0.8869940727608536,0.9797088578971652,1.4822032079178051,-0.8746758352542839,0.21551621750499175,0.5071139011901018,-0.2527227426508231,-0.7237163919169706,-0.9968067918692978,-1.1815861746569132,-1.136680085908663,0.23700707332278134,0.7340120857369141,-0.49641452346688386,0.3866779853471246,0.8194886743353315,1.6016454555634863,0.7904845933445982,-0.6775839969321205,-0.11839375584378298,-0.45457563061098594,-0.46969370026268054,0.29518730174841606,0.6595343351287032,0.40367125409058624,0.5871040236216718,1.5731345963204773,0.7978467958081294,1.2041010030365336,-1.442340889213117,1.1145991539396587,0.756487932446069,1
-1.1053813334850386,-2.3560217324393173,0.5098440883553931,0.9443599533756565,-0.6979588092171507,0.10538702126862463,1.0772362345392787,-0.038654567304922303,-0.3054952626040211,1.2489422063609816,-0.038864464771657635,-1.3712637999445578,1.1163317841804752,-0.3179730799604581,-0.266548722558391,0.716286287205279,-0.2262693719478106,-0.16508271295765195,-1.967014616856321,-0.06519150385124892,-0.7852896435906683,0.44906279278159916,0.554121139753109,-0.8766320763487109,0.6988747624941422,0.1807408969835629,1.0640760400446276,1.7994253754967002,0.6729626690576909,1.4371351247323783,-0.19463681970030086,0.45493718876360956,1.5736702054169747,0.11996912645777488,-0.36223688667062354,0.4515812965151167,-0.11065960480721912,1.667899726980653,-0.17339057151007883,-1.1228078981417364,0.6627209078995248,-0.6451963453136887,1
0.34941375472976843,-1.8144555037950862,-2.5259654660929916,-0.30531697208938874,-0.29301597287706493,-1.1326134753684416,0.3889859016963535,-2.1308708354245947,-0.7750900860159918,1.4985838911849783,1.349989690493563,0.6459347540076927,1.4030219625147258,0.5888176919761985,0.01480064029317143,0.9299614955144959,0.015771824322463626,0.6919820884667209,0.22860170859871873,-1.5409527457432868,-0.5491012086479905,1.2247625819895078,0.983310505775165,-0.5044750416975505,0.819653051552276,-0.8047145641273978,-0.3642249602297567,-0.8015106558133339,-1.6059645493506656,0.314993107699449,-1.9627092610316255,-0.6141485774707771,-0.7795834800039394,-1.2528675224206844,0.16364240973920324,-0.7818817865697375,0.7144717452101467,-1.4080329630104411,0.1793994766118594,1.4811600107100977,-1.2802522979731836,1.8775840818717051,1
0.12502389386498147,-1.147830588021471,0.4930713972071406,0.8490851677986907,0.70498526224864,-0.09272228205656474,0.2965207094393233,-0.27252065843932277,0.5969716201183629,0.48982681066163575,-0.4295765803731058,-0.7774188877775742,0.01563558227340727,-1.4768048297244936,1.4969690693318034,0.27671876397052314,-1.4010613084889578,-0.9724082108013431,-1.089057138987954,-1.541346496207203,-0.6201500327390808,0.8670918496700089,1.1193673646378526,-1.3592080566578522,-0.19703058355781278,0.9634824550826544,-1.0114253279603056,0.45787720522740294,0.7805057085803526,-2.2703681674106844,-0.4874579743807087,-0.4544094982267138,0.36183036134362034,1.06794499225803,-0.08823602640052298,1.1181251670526167,-0.5208401445043345,0.024292348293680564,-0.30547540237319853,0.2886148638104246,0.8563877964670232,-0.5535230707424177,1
-0.5057616781201798,0.6011064149200686,1.0888075106116546,-0.45881075823223316,0.3074675193407364,-0.4854244612484626,-0.10134174814289797,0.5948755607524859,0.3221889472329573,-0.021158860592548526,1.0515508423782884,-2.0923993940322028,1.1030943815700605,-0.7675204314734366,1.8998702248473875,1.1645245096822712,-0.3287851974529175,-0.6866646940682171,-0.8456516845809092,0.04589985268756241,-0.2199062150610155,0.507562200806188,-0.6159703287172895,-2.6578676649829895,-0.7777166390576077,0.15660369636170096,-1.0411787261249208,2.272488859809275,-0.06115661243210569,-1.680852024914036,-0.6279174714474736,-0.41158519919140074,-0.8394663073489991,1.856334285508296,-2.08622974481645,2.460496229920096,-1.0144277529065764,0.05211541697216287,1.171461711459572,0.42724183846578045,1.6354908130405943,0.18780899633170733,1
-0.27315970834786996,-1.754406971376075,-0.3802763308609881,-1.065940617062948,-0.2742298664071639,-0.1527635918167584,-0.3415615636323094,-0.4614251007484632,-0.20815960942255823,-0.43006417535653974,1.1273888070305462,0.9594924522988313,0.8388167134100847,-0.766148493973478,0.37115668818134445,-0.6420348217526795,0.5561666858061308,0.24905842227988365,0.29330781811720036,-1.4359219233690874,0.6626081535306496,-0.7152001860532591,-0.9586450340723864,-0.6433598709386865,-1.2732465446221057,-0.2701455405856045,-0.6349250044799968,-0.20444094850837458,-0.8147792827839315,0.0706403071292063,-0.31464776468269573,-0.8051690390320818,-0.32692118454780317,-1.4775094191882874,-0.39544932978435726,-1.5814413761399806,-0.02969477356179358,-0.2805589302231227,-0.4061327407496145,-0.4498631407231709,-1.1874651761661708,-0.5496822638816891,1
-1.6701804383753516,0.5567442809679918,-1.6940313316774456,2.4059942789369577,-1.1330935299539036,-0.8273781128687945,0.2905510592325775,-1.1264691712605202,-1.7267533782880569,0.2840700114379086,0.6872409218284714,0.6355012363488647,-1.9931516723086025,-1.2224500275605596,-0.7444443826130647,-1.3743504662832127,0.6805890178711896,0.670576011098221,1.2091456116802553,-0.4381478418163577,1.4852566648350205,-0.9486750584444797,-0.47643861501496965,0.9294684501517566,0.9556326469326872,-1.7161760505872388,0.4880970893242536,-2.8435224442879896,1.2173955899201927,1.514653423074166,-1.675952238840724,0.25793272720722926,0.5148941104102506,-1.04581843594791,0.51081215193181,-0.951472396461802,1.7658748898355643,0.5991880717950716,1.2469588629457184,1.532216176774293,0.4996979938557611,0.6533826929334876,1
-0.7172779967772995,1.4737037887482367,0.8460629567134325,0.1545120313843591,0.9428947640863307,0.7218015880857068,-1.040501131861341,0.6703199235533358,-0.7164466902407965,-0.08053750296977255,-1.8552504264177916,-0.39965561730403276,0.49489336378245374,0.1405991908127561,-0.022446058056281328,0.6011629263377175,-0.3849533521532401,1.1915359869997724,-0.4724263226696478,-1.584885820616474,-0.15689588677461447,0.575106299878146,-1.2972979501340989,-1.052307716421511,0.3144767951032305,1.5049470502197932,2.470075600574883,0.7421313889386753,-0.4008943645569852,1.186252823806091,-1.3243158201467202,-1.7334416450028398,-0.18432456485508347,0.108512563025542,-0.7496895987174964,0.7507802421294832,-0.43722678403339676,0.7155576440173204,-0.7319827121257315,-1.0597432330864731,-0.7996343919344198,0.8515093252393594,1
0.4919129575051099,0.6459428679851806,1.3641853782489104,0.7708595252927465,-1.8135895409386675,0.5103761366250205,0.29026672626989103,1.0162442170015236,0.21439621585777333,0.5459823673472494,0.37074338890453534,-0.9702798970197731,2.10107776090144,0.26902633239674995,-0.32843115740649986,0.6672468909910314,-1.378325737135499,-1.0096868221298867,-0.6690795512862513,-0.1343965336521499,-0.9935752818966299,-0.7576476250805835,0.05802042714453032,-0.01562202056165479,1.0193767942055334,0.776079710590394,1.2636559546605115,1.718628044750324,-1.597056065029554,1.1603964009123537,-0.9123786628843004,-0.2137125150780352,-0.8412307942540944,-0.08521654158390075,-0.9701386341884177,-0.5173600381246554,0.3852125614075528,2.073126749748622,1.7516740906977395,0.08427844193375855,-0.4613466598664577,0.7149108535463632,1
-0.42063964404449444,-0.26915496858244786,-3.219521707484371,0.7699002931890185,-2.035038687592977,0.14933321155233084,-0.7614627221272614,-0.7768663650128673,-1.4407463028349647,0.5886431631619903,0.7295445258496844,1.4132713827678347,0.7941367790037456,2.5107462692792977,-0.8268468677562423,0.6356321918567924,0.25451427931757126,0.5848536687648103,0.3261976201251071,-1.1321820442679944,-1.1576205194287366,0.11603818994639967,-0.43657841690707655,-0.9393444850790941,1.92336256377082,-1.0283504868204616,1.3097306573987662,-1.2637403724105698,-0.3809382177823766,0.9587972136303067,-1.3430648617421586,0.041590557039562326,-0.9346559883174135,-0.7356334239726106,-0.9952140495535721,-0.2673600020588476,0.6870438258755557,-2.1489409425526396,2.296777888378004,-0.2030980000124317,0.35856085739207033,2.307844379010009,1
1.7913900191712677,0.7486689639739071,-1.0268735582217188,-0.9004162100423184,-0.013314687216167194,-0.12141478141292956,-0.34254754977209895,0.3881364724857456,0.9842959636078029,-0.5542168895072299,-1.064797302372153,2.0401239993049796,-0.7124452402267514,0.45668176370101377,-0.663756313790941,1.5088017525169863,-0.22317415293795229,1.6296511563134433,1.619288770286066,-0.9500066155191771,0.2161336093926887,-0.04454332872816688,1.1282911067352772,1.8795421671044354,-0.3693554741479677,-0.6642425876849438,-1.6910035461865656,0.563630811319921,1.355247986558489,1.2504294092724468,-0.26986981820210804,-0.4492318684028868,-0.21074067469601654,-0.8293058323169873,-0.03978316299775434,-0.6607922146418892,-0.7153612461879485,-0.25249849530992485,-0.45053453566974244,0.2256200260060675,-0.8068337196916654,-0.5320425193706857,1
-0.10177756244808871,-0.6702860645380979,0.9471151812497003,-0.9374969555341301,0.05104189937156875,0.5077559835697525,1.6401008073699848,-1.1904880179522577,2.8821322881787776,0.792557180942233,-0.9301431932180876,-0.10944586443290989,-0.4770013512301284,-0.00902720052610898,0.7046722640887275,0.11546947004405161,-0.8006540765145908,-1.4418317172742268,-0.4521828490678764,2.0331607277933266,0.0069692411334179895,0.40493959221178,-1.180462253437506,0.9700119868283621,-1.3964001286036294,-0.4264496854101485,-1.6849301430966304,0.7639144770328531,0.3332756515108521,-0.010636068211770336,1.2790168636559496,2.635786763797468,-0.9543618932589021,1.830971571679102,2.347379863677632,-0.01773795587802468,-1.1527914388424068,1.0854197877437655,0.6445567453918553,0.24097298023658945,0.42707377451179734,0.5922463271277889,1
1.9071791662444482,-1.1802178299086021,-2.264278840022072,-0.4925199670812307,-0.5144683837034417,-0.5779666442157773,0.03875804465288798,-1.0908208905416266,-0.5562118975635986,0.15998974306980554,0.417759675511471,-0.255529941948988,-1.0710961278199842,-0.13990241961490874,-1.5940119170792428,0.10416330283692751,0.6200401263228691,1.4773776540546124,0.6769852294528922,-1.9136297220393146,1.8470267223880323,-1.2479376508351885,0.3124367285943437,-0.431082392294704,0.7641491738288962,-1.447621623978516,-0.5293405227570726,-0.1698046957928964,0.5868340456207306,-1.2440836795459,-0.6874892323152731,-0.4158044365298734,0.5930631826892273,-3.235283862054181,-0.9017137958466597,-1.2584850280106272,-1.2090142813288642,0.1704353094182939,-1.0619855633597626,-0.09408468715638939,-0.7905281221763609,-0.3251105160848842,1
-0.21742403833487906,0.395407814857231,1.0194865219264373,1.3435230585197346,-0.209717160388675,0.12629743225698978,0.6229644451947104,1.6237782044159121,-0.28517111377189736,-0.18784142494061623,-0.12932776453510106,-1.158575423234414,0.2975029136635313,-0.5692601212514581,-0.6211068125534397,1.0039423678624049,-0.587514864668235,-1.0488677217934286,-1.3270050620473262,1.095887487751253,0.16937454768623195,-0.5063032755895148,0.39530488586524415,-0.24110179888468267,-1.3865462990379185,-0.17691489093982332,0.21215136833707254,1.3255388231440015,-0.5936608162075516,-0.2194663276455752,0.44675541879467895,0.2969564000530199,-0.47513770501842834,1.0822430008011663,0.17716842205315522,-0.27397197557996755,0.3225217194927239,0.5302832483347507,1.7811769102935888,-0.18382858788355128,0.3996653560251808,-1.1806140838195602,1
-1.2290312422409153,-0.44361583304814683,-0.5757172647913,0.23606182170761877,0.2988768426602605,-0.40572621310609386,-1.3092398630423863,0.5887902417162244,-0.08926362205139153,-0.8714875011104022,0.6050873814145344,-0.4968253927918059,-0.43583770692202367,-1.1655826191225436,0.192719945065853,1.5460952791400795,0.4873911302440545,0.37261077872547693,-0.9394474868780671,0.8383506321276112,-0.10995652965259395,0.25533678152513306,1.057536669746633,-1.14051395993053,-0.35289966695178054,0.9666631675294013,-1.686459754945439,1.652345797991428,0.7751050006057243,-2.003552546269071,-0.10076902765167357,0.14672701988689443,-2.064633906805324,0.5970470749457572,0.19117692700204636,1.584057914923143,-1.3972293424448066,0.48507602600700034,-1.7560278072612585,-0.7437396877881374,-0.5268953483778785,0.47697331537305315,1
1.523456206492229,1.719456307566792,1.7714763758394612,-1.1303616887032595,1.1366706775278856,1.2393356082292966,0.1496712295815273,-0.14654934611444972,-0.21239802530353102,1.1773622269714954,-0.39482453699042136,0.18307241716320471,1.1835293247418968,-0.432127323409505,-1.5355957286699733,1.2048300912545602,-0.6068494957545618,-1.3960886546790705,-1.3432639804027062,-0.10404701038489475,-0.2264343662924043,-0.9914614060628638,-0.09652991568272955,0.522914288091378,-0.3755990783879694,-0.13286317625150046,0.7752862877991095,0.7283355630271203,-1.9335757547314907,1.1752730573448975,0.17219877966983355,0.7968726937287279,-1.2142675932134464,1.3803258376201128,-0.5565321499468738,-0.5024775874236486,1.4700302289918814,0.7264476749265453,0.47250135240807817,0.08389427195373984,1.4895035130909122,1.1172138224642958,1
0.12362952060595632,-0.8655973318414889,0.34427485335575553,2.1761375336130797,-0.580836840669742,0.5630125945852579,0.5534504847398303,0.6306204698727189,-0.5637790874366886,0.011112663687640157,-0.07296119112112387,-1.4982675306125355,0.859077269293759,-1.6050717315654488,1.4123452897705986,1.0371214846602277,-1.3374977701223814,-0.7831881185425742,-3.076870268681268,0.8625075977249714,-0.5922585737402968,-0.3934579954815743,2.028654466724153,-1.7434110334258706,-0.12448581291095623,0.5890899231031852,0.7373230122787965,1.5882397605839382,-0.6675090447522928,-1.6781973307677156,-0.2508049473273372,-0.08334978184470525,0.15993665137509006,0.8805601633398266,-0.15156776339948894,-1.4163815486662585,0.00785205274496155,0.33296163563436937,1.0206183884608668,-1.9082037876698916,2.508583286416255,-0.7874206967565677,1
0.6209264541993001,-1.2393979231664807,0.34569496014564044,0.8244339461707559,0.5657635229854061,1.1251853404963534,-1.031988447345871,-0.021696378057671002,0.5124372391835587,1.0205711521674674,-0.14327396571408219,-1.9097115313015196,-0.19853351466636493,-0.1346279375082754,-0.16939256701330985,0.8192825442970849,-0.05953009289476838,-0.208438669906736,-0.21945030995998707,0.7730033139837572,-0.09182844602052087,0.10258377605035453,0.2776611218102363,-0.7790110284415414,0.06412985088128678,0.7142103644051049,-1.0091216904236133,1.7169146245597884,-0.37834061755931647,-0.45484241745473475,0.39470016188622753,0.09108344568574012,-0.4750176870493537,0.1878156416307208,0.38343864176447395,0.725284121590318,-0.8390225006160726,1.0973433428931565,0.3570308366891256,0.33220041412176415,-0.47572768257087317,-1.235800893352599,1
-0.8994924387527209,-0.4775776120850477,-0.028846356152155743,0.14465775960575034,-1.4178249177588318,0.802584831045877,-1.4256960030718477,0.5863642776684265,-0.6470850779657127,-0.07296752287973392,-0.38912167747543586,-0.2581879950009033,0.5518009699497312,-0.670946373151056,-0.9121003017514981,-0.772893980251209,-1.3488391219129348,-0.203605501125195,-0.1829590202035156,1.1743300133752537,0.11002756289017027,1.919552537761551,-0.48071994173539917,1.31080307038578,-0.7044934733500836,-2.364448599419579,-1.1830811630741984,-0.017613242324814087,-0.11033052238228462,1.0900449416321216,0.4802760347779376,-0.9994024299010617,-0.4406568705314233,0.7045674162236738,-0.9163108817573045,0.2538432847388967,1.5512968160117655,-1.631774481278703,0.7191953698687348,-1.5763124183184676,-2.1238851233944147,-1.031777108886363,1
-0.6258420850103253,0.28972696298275036,-1.1641311719372853,0.3020445799540654,-0.5442760383674815,-0.9405151292187554,1.051507556959247,0.13701995845553386,0.36213985426635054,-0.14619133273201473,1.4763173393980185,-0.29412085587300074,-0.3130845180558181,0.711578858635651,1.3624459460752103,0.003317672462370414,-0.09703284474284841,-0.30153534125889875,0.5340208905972861,1.821928569522605,0.34615479378799774,0.5428832852791685,1.8004765501735016,-1.269251202548066,0.598947350570084,0.008845832025780995,1.5567229014243384,-0.3258184847457242,0.41056680369585863,-0.9744972715966203,0.2501788252537455,0.5442637535275805,0.8372235675948024,0.20535937026339582,-0.03903543636938062,0.8640017097112209,0.6552229670487538,-0.1857291668575135,1.0489200174452404,-0.418216633291625,1.5035131397344057,0.6374574077918811,1
1.249387675288515,-0.7923191815346403,-2.4715869213366326,-0.3152748599909412,0.3210888592723362,-0.10361456988609799,0.5473993883708312,-1.3618123737942305,-0.41818422291988516,1.0874755990595215,0.9177752418312068,0.6780668921072504,-0.22862247405715252,2.0071584971586067,-1.934795096660878,0.6753595415574652,0.6439399537428435,1.8571230880409202,0.8247185408739697,-1.277901433300637,-0.2572500636553558,-0.18680776227134757,-0.5367018635233988,0.5502157415153497,-0.4525933709189472,-0.9195841784739289,-0.7258497119648979,0.14075910056153013,0.36094759262220494,-0.2086401064232759,-1.1168478589917197,0.11709266248010369,-0.9375534496293019,-1.5634124191339724,-0.025979282249098092,0.053225262047970165,0.8506846109195385,-0.49322467186372365,-1.563028446681237,-0.27708567014470814,-0.4288075548241175,-0.05550800568616625,1
0.09588594973296741,0.22640742860438845,0.5077124478405127,-0.7187492546373178,0.5482833991106202,0.9894110178296377,0.878330079100935,-0.9771709649930372,0.6575615594206925,1.757431066261336,-0.4226106171457751,-0.1903599320765367,-0.14591515787272746,0.1995938740569362,-0.194140473492482,-0.07735284551558111,-1.5046997068507062,-1.340379645784095,-0.4664551729641822,0.32554089706784833,-0.6488653617195728,-0.6784429405393219,0.583431059147208,0.14420504030425316,-0.6025046671049402,-1.1909824946526826,-0.21833475337160088,0.6006328278084905,-1.353669612997658,2.1351312263425513,0.7135289728525724,2.684812854927481,-0.8205792448893642,1.2575700594925363,1.145946391731252,0.11741034186776116,-1.335078995421017,0.7340096080293892,0.5173391180041038,-0.23006870602892288,0.5781491372127179,0.5858098786119424,1
0.1419764022548847,-0.1294909573704942,-1.476476981178916,-0.11076710716691157,-0.8740648054563748,-1.3450366279204797,0.8473438547315872,-1.9413023563690592,-0.8552549617960955,-0.07478004460659708,1.5324068556237285,0.5081073021126747,-0.6001190780603268,0.5343441202223703,-0.6911108390482577,-0.5592397294389645,1.5480134325716655,1.7732819623663367,0.9599723779112702,-0.828161834241385,0.4391223006888405,-1.8911858461276152,0.1500429317398617,0.6132887381240094,0.11728944859123697,-0.5151170723138447,0.4726864326193185,-1.192191560065849,0.31790069231389584,-0.15924572128053527,-2.0969043657425335,-0.07103132762448768,-0.6806022229674884,-2.288382898016014,0.20996351423413936,-0.896447528170813,-0.1292107760697648,0.6598490828905671,-1.012103773941566,2.114537570353626,-0.01675524688961874,0.5023387473084863,1
0.4932558775057453,0.7061886364158683,0.18100261706672116,-0.20167129474666715,0.6452154371445171,-0.6550358910591292,-0.38172726064558943,0.4819825003449975,-0.6322006412337693,-0.5551004257795527,0.23054242551966242,1.6310524218917075,-1.638200100778255,0.06695011530628368,-1.5250521997935886,-0.45961236088133944,0.7269086192923232,0.9751492066179798,1.0658720449468975,-0.1030915738702167,1.3208863279495635,0.35209017529614967,-0.029136389268306785,0.6322651587462319,1.2229511648897582,0.7745348410522138,1.1628997013963687,-1.4651538964693385,1.8982439267731033,-0.5815654115392623,1.0237144249835446,-0.6809405110666933,0.6240774979893717,-1.1387324922366389,-0.6098681394685178,1.0433303200335642,-0.8570605335470759,-0.4317419034537571,-0.26469276748726317,1.1298447021515514,-0.48995919468092186,-1.1088718994148916,1
-0.8660594551930032,0.6423542850559553,-1.3735726747856853,2.317530557367035,-2.7927145022865014,0.873153880670417,0.27289868508590936,1.3107240773050453,-1.7546991222152521,0.729473363653899,0.8057790865150474,0.22642837998093415,-1.0346674967143226,0.5185093031373487,-0.39251898609631,-0.04795024546002086,0.8345731115099678,-0.34317010518094526,0.28901686564186363,0.7081105864662415,0.9273873180028853,0.24150183330979608,0.3457540127757645,0.07089836027002562,0.32973095705996347,-0.9748498533385305,-0.33878680890060586,-0.39619990494701235,1.4181911742188125,0.19314359407957732,0.5845182191423435,0.8661552928697551,0.036502315478312605,-0.051956021754738575,0.15388283494853414,0.520615619627222,-0.034061309218971374,-0.5229472550764429,0.7723264021441781,1.3090311480886574,2.3241003022766953,0.2565418978099759,1
-0.4206597177920045,0.01735829199963119,-1.1959670550264125,0.9260544107303057,-0.6929327282831518,-1.8329503567305423,0.6925850087414277,-1.8147610587662784,0.5116028852020179,0.3901191550174702,0.8604949865362046,0.11187052729042599,-0.46540260641489667,0.5024602169857003,0.9671959796341477,-0.37176205577716503,0.15368589440105432,0.13330472081537598,1.127489157482438,-0.09418811565243346,0.7759128467327583,-0.6270352106473968,-0.27141013056250823,-0.7785700696939766,0.164581409559614,-1.061218181248556,0.7278826492280405,-0.6848870179746392,0.745944078167839,0.8586349226899371,-1.5170945995627507,0.14591937374694827,-0.5106809176083711,-0.34567495054826014,-0.4925068377242483,0.6323459850015551,1.4365433716052356,-1.020911162087896,1.396442344852982,-0.06009525664166585,0.21756197549893752,0.6999475673426003,1
0.19806993877970505,1.9107435719102932,1.095648787408484,1.022657834738464,0.10555446600359107,-0.606048023242851,1.463020410503124,-0.8566453460226933,-0.45295239861756814,0.1347826000009955,-1.3279265173932513,-0.5501236012626244,0.6329205968109681,0.17922247182131706,-0.8070036867009898,0.582412580486205,-1.2588578874393053,-1.315235905001607,0.015287960826453055,-1.1930823728782147,-1.1847062182572965,0.2019341656130012,0.5360593211521826,1.270783291522509,0.7664464883371533,0.3209115423503373,-0.18300354610383932,-0.2942313352033263,-1.3344258525096808,0.4555906951663203,-1.3625496956920657,0.07420562558952092,-0.5143694081048462,0.697817606289328,-0.10586980473838359,-1.147908098271943,-0.1363066263843765,0.7197134188931056,-1.3389984441441853,1.31982945683972,-0.7926344731578157,0.5754200164509181,1
-1.3660156879392868,0.9948757018640236,-0.009089079705857015,-1.1294699268964574,0.5221218395883479,-0.20671738754446103,0.020831815397660897,-0.15753506695872446,1.808216511166589,-1.5634709876859014,-0.8988253191275399,0.7899309591630754,-0.8416845908866838,-0.5641242333198522,-0.6953502193521177,1.2533500744487485,-0.7302171616581735,-0.9645820340577771,-0.42282124340705063,0.9047572974671964,0.34183055981363897,-2.0762432136606956,0.11919075074095398,-1.7868185864842936,-1.8832937594890093,0.18657729402050383,-1.5446387800250265,0.8080827672916555,-0.43785528026256004,-0.8355512471554366,1.4803935855059243,1.6205413376573203,0.25803679816342984,1.999698008137316,-0.5017867140234982,1.464603845322936,-2.11676341492317,0.027149699425823768,1.9044739657391756,-1.0891851174691907,0.6254004122717637,0.17435214343619196,1
1.3708494851464208,-1.4905332406128302,0.5042851967695324,0.08873350081063874,1.2441450446988542,0.9751393700610939,-2.5348634681330355,0.1695055775979293,0.43014066676065765,0.6689193699604297,-0.4333056443559196,-0.5745109609664591,0.3771850453202522,-1.6202038203251614,1.1277374900869448,1.0092303319075464,-1.7096377252702433,0.2193418006454736,-1.5952962312741998,0.3205244489717459,-1.133320607416675,-0.21325909003882254,-1.3892530674804073,-1.2917490560334293,1.5774606258443469,1.1399256106387659,-0.2284348677631721,1.2308775869948356,-0.9110459339546751,-1.1847745192438446,-0.50688531420317,-0.5079056118743657,-0.361253933718711,0.9363457097385176,-1.3526635368346904,1.583167691280855,-0.34471521339746614,0.4535808042672864,-0.12232013550680577,-0.18329241009938943,0.5712734632849347,0.31696304521469476,1
0.8563186863315383,0.7482474954539531,0.2641921533279942,-0.9529833237772564,-1.2156011707997447,1.2105238451905722,0.5779732754368251,-2.1625810104130943,2.7722386745299876,0.25977824981091374,-0.638321357903399,-0.2641532469602284,-0.1339330969791028,1.3414044166902779,-0.3220582309765618,0.7184076013105936,-1.4564341874037148,-0.9403120263039211,0.43394913170891064,2.382184541407491,-1.1747724697456876,-0.5547206754656346,0.7811397295825122,1.1338604137520218,-1.0631907225851953,-0.10883836345408136,-2.079690527704506,0.6721547048578169,-0.4967051881838245,-0.07490051871623693,0.33090975913081344,1.831172167631554,-0.21614252413960705,1.7777989286824336,-0.09464847625680127,0.07537890166188359,-1.131873329241664,1.6343488764382497,0.006088300625354523,0.3495701169300041,0.49239073575913156,0.7277948142258178,1
-0.3820081009227719,0.39339158645849426,-0.8552141109882475,0.19220652686972592,-0.10147800933223489,-0.19438232710092535,0.17329999942724986,-0.2809760356515691,0.3221880052692427,-1.0350725663864155,0.6046707859145986,0.1360121231319504,-1.1627528830506912,1.3375755066240276,-1.7534513039205883,0.3751177313372366,1.6290958489394147,1.1374878824918255,1.582920409640533,1.053133038281618,0.15880021379291256,-0.28852558209630624,-0.4058517184455672,0.571461257989045,-0.7176323235649371,0.26524381555423815,-0.5365875485839307,-0.42251807335786956,2.4063572457792524,-0.37640882932037945,0.8802423846452917,-0.0863059764905163,0.7018321026071784,-0.24619218696363537,0.09199874749610665,1.168122743204389,0.8809093999865006,-0.5548616187497828,-0.25788917977959763,-0.8376552188459228,0.12091957909906213,-1.5499250836921237,1
-0.6404724244607837,-1.6823257375956804,0.9091620387348078,-0.7668174069536088,-2.1980899766495496,0.6606489638617242,1.608132502544486,0.8662368773667877,1.0083166112875543,-0.46237857500148,-1.195255775994508,-0.15528625471340096,1.4462032660796733,0.5870480520696739,-0.5544155751452973,0.2581487645269575,-0.8393737015679208,0.029006818592958394,-1.5598144677143329,0.1641605984879472,-0.6238135242049554,-1.545417647533551,-0.8862121097187763,0.26144023336872074,0.11764992419521066,0.2176038512696675,0.07579326705818236,0.042503801920586136,-0.7792890765271975,0.949383459875088,1.174206989692641,1.5947207240832013,1.2929896214260632,0.34420194674377547,0.19872779359247145,-0.9918264638851418,-0.8833456644873134,0.6792796850114643,0.9796547743398449,-1.0862323522228396,1.2345399544949203,1.1796399601623493,1
-0.8978261035104068,-0.32382314326102063,-0.2913924982511994,0.3827380379339243,-1.5189027428561102,0.9407042144589012,-1.19863383869039,-0.6977759263981065,0.1507578910909089,0.5993527971180796,0.3450863399186991,-1.3847085474164047,0.6018093519188011,0.8832961396612369,-0.37969906123935404,1.508809238396432,-0.43156576863955426,-0.009086296058038758,-0.7643855556815619,-0.05569179700828915,-1.1270378404285937,-0.6552822670677618,-0.1939536025305675,-0.7299346111211177,-0.11030495344308493,0.25416138723143894,-0.24626386288714333,0.9827640786263051,-0.8708999567314881,-0.28465871088542116,-0.43031476648947836,-0.16262134699120454,1.278805877654459,0.5377384463555067,0.060594236847010416,1.006232628665149,0.04867365068174408,1.5983121143563221,0.10147175344466897,-0.643280498444779,0.12623549304345136,-0.26755552789416137,1
1.1706646388212365,2.064159370883758,1.1796832616462591,-1.1276541644943006,1.245345567042167,0.8265967622536868,-0.03348675818705571,0.8703632169790405,-0.7905868996965325,0.6510055243605142,0.861581252166623,-0.9234212246464417,1.0238791523020643,-1.4550925764015281,-1.5129896186341394,0.49877891394232576,-0.2315411763628801,-2.4394716461846455,-0.08447442292289016,0.049911315021666895,-0.3329851206543073,0.22855025920280328,0.9649339834236522,0.7611158571702323,-0.6912437590973984,0.23882894938028798,-0.17767548552405588,0.12217915732664626,-1.855108015232658,0.6704008908270367,1.036155997010862,0.08700412731557765,-1.07360535007713,1.1264872039426717,0.8316471106792197,-0.4218203784839407,2.355744556372335,0.5508855745184101,1.2155252344777294,1.0030880965661142,0.7152103102066854,0.1322236042118115,1
1.3731085151447926,0.5500570565892627,-0.6275561687352056,1.2014068875592947,0.6602787284793009,-0.545474917668204,-0.7063005690702514,-0.3263196053949405,0.6857288172159097,-0.5779368209042095,-1.7843712411743806,0.06917413695023554,-0.8722845222223405,1.4398119058700805,-0.13660361956705697,-0.5168339048517417,0.755834593377383,1.3417244102759458,0.9616745713457401,0.46544185054506426,-0.3060077597600776,0.6683562341078404,1.3073335089142868,0.41364984525804394,-0.05753637962613909,-0.6853751912209526,-0.3818845600068112,-0.17362107529679024,-0.41333748019381217,-1.359870498727109,-0.8313451106872234,-0.3132278616050255,-0.700213856472824,0.537546855223725,-0.24182426741293922,1.2940908899816868,0.25647839288669605,-1.4310705597147886,1.392634902344283,-0.36358159637110193,-0.3876763118902526,0.08589784549691439,1
-1.340554043329143,1.8210297348455389,0.13979919541013183,-0.337473391769036,-0.1150422405956573,-1.2892963655906267,-0.567182990215593,0.8399865281265598,1.7964460908038886,-1.3905609300201665,-0.3923542069622901,0.7425043681115012,-0.439802475763133,-0.364682477241583,0.6455165173387836,0.35288302028971064,-0.6248143829323869,-0.6917381953458528,0.720674576671782,-0.6442721622832316,-0.8262133987110768,0.5116537924497482,-0.15337140651676998,-0.002526879861812755,-2.2666556951758854,-0.496678446865707,-0.4405565918751041,1.907965081216144,1.1490058322361716,-1.87478429288445,-0.9326762894421142,-0.3282550376048773,-1.3078193583601903,1.404619413266577,2.029641861737903,2.151873945434093,-0.12311602911600202,0.35236769622926356,1.503439548644786,-0.7546950735304506,-0.542653080169687,-0.23373280266427537,1
0.2891257744597189,0.350869539188597,-0.14572524706983866,1.6663022971454315,0.5173953235534299,0.2437604091587813,1.1129225450072648,0.7862781634112123,-0.8419862526954826,-1.361200865347229,-1.4041601817173976,-0.581815976288291,0.633153551103422,-0.4321438250972991,-0.6788524358577273,-0.11298853536004494,-0.6810142350872116,-0.7191872952296133,-0.19651141783875758,0.32153416021781367,-0.6341382061612745,0.5741754037903509,-0.6887958505760883,-0.02456350294789571,0.9422410295700525,1.9612595653547071,0.4193703974635787,-0.3440516280598857,-1.1599822174568672,0.12044100805713365,0.793497371692835,-0.9024567623181794,0.11872849350514202,-0.4049551340927254,-0.04058763925031677,-2.9145079701402477,0.30739747740610984,-0.6472381213799113,0.19747853956083336,-1.4967515841311534,-0.532225269161574,-1.3086273464176958,1
-0.4183026351870819,-0.18806330918426856,0.8769000659840656,-0.6520248208151933,-0.09452524551189695,-0.0486728771266939,-1.1308943625746,1.7171515694593675,-0.43792229892692186,0.04229013360485533,1.1331764815359688,0.51399259999676,0.30243579889024597,-0.5165896696684646,1.9712375927237127,-1.0856024849788892,-0.017936382201709913,-0.15112899096350177,-0.819872276314618,1.7399401130103151,0.8673812183508302,0.26182395037253003,-0.5751263744634725,0.015530781534804366,0.041563533141891165,-1.731781389851426,0.296595828704636,0.3528324630826755,-0.14584417928978755,-0.35148096545846613,0.6813619162007133,-0.6859095629798,1.6579912659124818,0.0791579859239218,-1.8490326082764632,1.3537073328040214,0.30860299317141954,-1.082447316261479,-0.6273611323337219,0.7076269271176693,-1.3314601415864598,-0.6936445683581866,1
-0.8122603746337498,-0.097881811542061,0.9888702604388644,-0.8455984576746407,1.1521456571248188,-1.1108122539276686,0.23041291170249803,-1.797850830082463,-0.4718735315368943,-0.5559869619615638,0.025225613801286007,0.2961818148058809,-0.3061200112322161,-0.7540207293659129,0.09810360646288284,-1.4756838484864392,0.07643291207955974,1.3825869707496536,-0.2609007566721751,0.37640799636545014,0.9721241381795769,-0.9106451322373574,0.13308834934221975,1.0691240636203379,-0.2652230717756847,-0.5327750176328233,0.20765944818315318,-1.646723440552664,-0.4995528044041388,-0.25919846889502124,-0.8804537871993701,-1.0059466641123402,-1.3636932123728873,-0.772737112881935,0.13345277724256993,-0.9847178501439466,0.24600595700757377,-1.3372541494517807,-0.6543402643465704,1.4050656291558261,-1.738212224789472,-1.064519402407911,1
-0.4966481615207713,0.23656030523545524,-2.923444241861183,1.110371479114158,-1.1418000304892457,-1.0824968845709666,0.7462430183836216,-0.5519176622942166,-1.7195104193518616,1.3448823179193299,2.00654065735271,0.7954037447846387,-0.38309836661760027,0.8412131710570991,-1.3018249843551657,-0.09091227817889823,0.9420845690786491,0.8783851179596374,0.7704493113599786,-1.1047327156760405,-0.053102554601825135,0.029150960117398966,0.41164591490355334,-0.38317352831658746,0.23915082034357352,-1.3501704478664722,-0.24186943430978217,-0.2590172593010333,0.7206270791244732,1.6770518723799672,-1.204723466397871,0.9659900675837794,-0.4235876762974789,-1.4369877979136427,0.4555214748456092,0.3224177340953244,-0.517418739713874,-0.711075668953297,0.09315287949064947,0.9899180915327992,0.17966964137797398,2.2202359107696337,1
-1.0226607943567296,-1.009535137554742,1.056284199213295,1.336465231017619,-0.8010511810366792,0.09151085165825847,-0.1344834668834587,-0.9606355641318479,1.6256009973433196,0.5179879636052847,-1.4190995710316916,-0.3752349085455672,0.9253052077824022,0.9988712705141444,0.8062713884279925,0.7370276315843631,-1.1427486082782154,0.8793814323412424,0.21904580194107362,-0.21068801815665006,0.6828966720504405,0.4449099398391599,-1.9086917829394483,-2.0169587662772686,0.7774740154677442,1.7985089421080647,1.9992210846159582,0.9205803648993784,-0.6094034161207316,0.6251775957134782,-0.7160055145481226,-1.3217857947398577,1.5116223111214573,0.049513435980249605,-1.0152020490122269,0.9940977202465898,0.10988818738706524,0.46853319035095103,0.9718662146892523,-1.9800024769018167,-0.49366602805076576,0.26668678862026,1
1.352420822876155,-1.3875371120195898,0.15477148000153645,-0.21871847689031512,-0.5300382257684407,1.2608248910676938,-1.4200543601332107,0.23673577845753602,-0.4029888954099766,1.214081101639044,0.9119019552166292,-0.5213232464431042,0.25296808976300617,-1.077189870787102,0.7596694057974187,-1.2012932337892388,0.9071572584019543,-0.4063978575710559,-0.628713801025291,-0.5961501179313627,1.9662471942460096,0.9996012949963591,1.2617324584559046,-1.071194234407571,0.19097659712825749,-1.2555531221624066,-0.8297567838375561,0.3781849474865668,0.951487685076527,-0.1564438540412739,1.0919768267083056,-1.178559613820357,1.6172042569899807,-1.0429241313279327,-2.7072063328689016,0.5759767403382932,0.5346886788777593,-0.5685411010873299,-0.10920257974389411,-1.2384209059043343,-0.8596827372392254,-0.8640117065165612,1
-0.043305968833895724,-1.829285465501874,0.7165882676539418,1.6497087506756114,-0.5639364484070735,0.25343259677658647,-1.777414986241039,1.5058668931032353,-0.8430581186796112,-0.042129127472768965,-0.6960593811888603,0.1207035352187064,0.6674836919629632,-0.7445110125542627,0.376192182633676,0.1897017021300309,-0.4522061053247898,-0.526532965166813,-2.4810353747528486,-0.7514851088644924,-1.2043231280178828,0.26725942729684626,-1.0550691482190626,-0.02841514490716261,0.2008414432381491,0.5811418494468298,1.1014451823674771,0.5868219713063217,-0.0945207145992197,-0.33777064376901617,0.2001351251068829,-1.1006186270725244,0.7258958691185238,0.3169364860574505,0.31712429974834316,0.08140604190776035,0.9182786369543636,-0.18533953382347743,0.5945000586889636,-1.5330002315131972,-0.468004760260128,-1.7944046183237536,1
-0.7390388693708627,0.5026759063677287,-0.33130891636113746,0.18066160023200678,-0.16153881580350754,0.4204783326670375,0.6602167899330215,0.8663227289432774,-0.5406189542525387,-0.14541533063839374,-0.40257338288294314,0.8510597173023815,-0.8495625254197329,-0.43499649678523317,0.18877700114121457,1.0886910002074477,0.2123861521817622,1.6375371729194126,1.26544279003525,-1.3714096299528298,1.3399699097901228,0.7703734904216649,-1.6345791419206124,0.9854280262264882,-0.9755288701398247,-0.5273070337247497,-0.8178945580605925,-1.0907774024196566,1.314246749314907,-0.5059165502083428,-0.7443447176354929,-0.9331245658962717,-0.7745636449142509,-0.22768586133116295,1.1913542063490783,-0.06311013259892015,0.00759102013130975,-0.32111338587208105,0.2048444977693522,2.1735244241306053,0.13654180006612376,-0.6065276300441145,1
1.6382090859088687,0.8778516061959345,-1.0272224562116101,1.4451186527994047,-0.9004184980243406,-1.2569162255268114,-2.4371173934014156,1.1761006540400343,-0.5701975807159559,-0.43930406222773555,0.09974264816626201,1.8060795885279353,-1.7201727775836397,0.7707477307456814,-0.3350763745661221,-2.0239416453709085,0.33052943040250593,-0.18304960137066575,1.4254832631580585,0.08349446832425796,-0.02533707404226357,-0.12989868446398128,0.6179999080986642,1.062405871536832,0.15967232964837508,-1.6334147495760554,-0.9582852614708136,0.309859751333197,0.7965183979266005,1.0526831629131415,0.382652007489223,0.47137343550634364,0.8652755286597658,-0.7584277296982657,-0.8323883552761938,0.12966006342292052,-0.6513093700071206,-1.3412216585090806,-0.9676512891216298,-1.0959321064079985,0.2699989900713164,0.05518753429109352,1
0.8126884784558595,-0.7738748031312267,-1.6996503142430408,1.8835236727133078,-0.5304909249576895,-1.4196218515359111,0.3391635523462482,-1.6556293979046075,-1.0482643630816297,1.4846691314492007,0.522072972029187,-0.3103940042321027,-0.342569903961283,0.7509743352501187,-0.9936549320472355,-0.7266775991588847,0.7081990396023653,0.21081179673230835,0.3017784021193,-1.4464805137588252,0.40379379618239786,0.7480992961121317,-0.1707469964004602,-1.365049141751014,-0.15648419309239414,-0.7864938817808845,0.16419609212726002,0.6412102212846379,0.21604508277729992,0.7222222707559126,-1.0602844026418354,0.5651553849067059,-0.9248634085044507,-0.9831609905310191,0.4147858037830889,-0.6002454313673199,-0.18158400841636246,-1.384419033734113,0.28887675220141606,-1.3654100766760318,2.089698838252639,1.224914019468711,1
-0.5000178168719565,-0.03374817326638567,-0.9204106962379917,0.5172253357990283,-0.2537066884346828,-0.7413321756359931,-1.1606255254256466,-0.9461830757026383,-1.869490849311764,-0.4589676622666041,0.9500268294618742,0.4871552246069641,-1.0349897821949863,-0.809451128433498,0.653824569168305,-1.1233624676505023,1.8909518399099137,2.4813274822666735,0.08008574829270544,-1.0335497461171266,0.7693296127417051,-2.314199813117713,-0.07087452497426798,1.5295682621568294,-0.3433777564965641,-1.7280488108371062,-0.5042710939828141,-1.8439611515521264,0.23769408436293527,-0.17940036290783837,-2.2623079098330003,-1.0194662570745936,-0.12078300302606991,-1.627075004881107,0.3481544538422873,-0.9882029977702874,2.0926436849116263,-0.2418579696468274,-1.9036417561413421,1.0888627760502634,0.1822474481985014,-0.5416497646196984,1
1.3983436300398593,0.16737423057539458,2.673800844488766,0.9611747961825133,0.5526728694860494,1.5228861131542926,0.6455306803237518,0.2959093734528471,-0.8262520893930985,3.034821682389081,-0.33634654611568227,-1.2414329373915909,2.570971054977021,0.3149657832613965,-0.20351103275076535,0.9609297447461591,-1.2889927040122973,-1.33244302405934,-2.0149109625571207,-1.8555412223643593,-0.18357463975026847,0.6833335274266411,1.0874544989182433,0.28980561453920145,0.055186710151016845,0.2395242617347592,2.5002549011519144,0.10519056104485325,-1.8532440148391593,2.279272777052504,-0.590696625788799,-1.081668228227545,1.1641407596815323,0.9485953000175377,-0.3814839454105695,-1.1411429289449926,4.150633255993844,0.37667696407871737,0.8628841592865546,-0.4183651852002978,1.053262164991911,0.35786867590995125,1
-0.8328948702540729,0.06381692829655826,0.14824352612398217,0.049560893504676386,0.709528969685327,1.157509905380971,0.05643159859269708,0.16959458965294552,0.5062903118795766,1.6537642781085329,-0.6552720742620824,-0.7754950171022369,0.581133779387108,1.3644018357870418,0.8736640507468326,1.3321464525786406,-0.612571110934558,0.08679567995847338,0.11446139396364262,0.2854787367124889,-0.2502387291080821,-0.9094286464981254,-0.6573613293312212,-1.2081498423523838,0.5737411831113396,-0.15781087982287542,1.8647804731077482,2.644081224127682,-1.1517705233442816,3.083185540431822,-0.5345100828844463,0.7076141984953543,0.37631055538370173,-0.009238700088371184,-0.11109215432836625,0.7100686407470089,-0.33480978492174557,1.6344133363676323,-0.28192507326827265,-0.8471169470262273,-0.5720875510171975,-0.3497794724608804,1
0.4389888227889972,0.23172076206359185,-0.877720828203905,-0.5623437860694005,1.4749452693634721,-1.9749207695177462,1.1968316459201453,0.0725910017804876,1.7463897846135705,-1.4976725546263843,-0.33161968229707545,0.8125926087256145,0.10314094430908959,1.6065111144584294,1.6112051667287512,-1.124907592841019,-0.014494780414076156,0.7129108778837393,1.287337155587353,1.2113801803551218,-1.1890551236079707,0.21448767894610407,0.770181615248398,-0.29753929493837267,0.3453053494409483,0.7966012767618084,0.15168091220520075,0.08349807632436139,-0.9500624318974032,0.24017457272777018,0.4946346093393899,1.3035346144657594,-1.3860517494854119,0.4089161551491525,0.9313247519622877,-0.39267271886971805,-0.002638564117096829,-1.4712895161591348,1.4066153591316222,-2.6662594669794464,0.9361895787329915,0.7438405238880962,1
0.4670624335825593,-0.8429121579105585,1.6249828630632501,1.8844020665253571,0.5010687393887137,0.23871682233667554,-1.9374785854022687,0.9475961528639555,0.8030416096768108,-0.12700868648332578,-0.6541797085766553,-0.43886017762139684,0.6373241292031557,-1.7279386267000039,0.07924135210510136,1.621253936636161,-0.11407589623864559,-0.7807602824120858,-1.6327454213545045,-0.19394918683729145,-0.16883356537310995,0.5441852926070687,-0.2857493389273248,-1.439731324438722,-1.038466281095085,1.3278524382791639,-0.8415183030940526,1.6959941964544134,0.5671017175616344,-0.5598636971288011,0.04988171441727308,-1.1741623392618186,0.9032018334980775,1.8389843732617923,-1.4910596602341806,1.4303693118463756,0.9421790328434609,0.4766754431313313,1.3370122674118625,-1.846022425788833,-0.028540974636158168,-0.3114172908416334,1
-1.5785819421992888,1.1532150534717687,0.046351185534489824,-0.39527908989145344,-1.6159627959193954,0.8354673722360746,0.9472322577758876,-2.0179764077060587,0.6672825751471877,0.4390331200824959,0.026881846466321163,-1.4186250692670552,0.03967829982623525,1.379712021852622,-0.22965413306822885,0.6641190641308533,-0.7098849631235876,-0.11230411950351155,0.5941035681101896,0.408129067618178,-0.7606330754945457,-0.9177991157531376,1.0663182834610128,-0.0766809071960302,-0.44503400159814516,0.30991298970999454,0.31033725196288214,0.39400317577507354,-0.8656149749956787,0.3827839465664259,-0.8897785029294227,1.2435211704043048,-0.212706819935293,0.5071963279956009,1.1645510680267293,-0.09115601324724669,-1.0726904176015595,2.545149110735709,-1.3446425453863522,-0.143007187357555,1.0451935055648929,0.9637311352370985,1
1.8330312579442998,0.022643774222115,0.23029068811836803,-1.6776037367763195,0.24298568272991367,0.8497366171242191,-0.2809520457907035,-0.13968542352825916,1.6827913623492707,-0.010197977957338393,-0.6094024527798457,0.3395887152752309,0.6471352147594901,-0.10627050004273669,0.10525545904481157,1.6855363559435526,0.09368364303859575,-1.687225996696216,-0.7916238558628514,1.0159682609962106,-1.868987625013447,-0.861694990959309,-0.03204671986988523,1.7622690971366604,-0.8129876839023806,0.2210336804665651,-0.5427567060069876,0.5618297074773707,-0.8882128721406186,0.013836124694785526,0.5064359863802952,0.6669042118688838,1.1757772389377246,1.2106417505866216,1.2092256948808975,-0.1581286197420937,1.325724164948554,1.6789868136795538,-0.1185181412940104,1.302231408340257,-0.21437571757767182,-0.13237687888847605,1
0.192595364933854,1.2292365185207872,-0.19148936053885243,-0.5850584844415595,-0.597148407242004,0.38589228132060055,0.5018773535319566,-1.0318652316637846,0.3016283005137252,-0.8289229247648126,-0.7518954838897454,-0.9437638944308858,0.6601940404511861,0.2441353581893954,0.39564907066180255,1.0097792798503824,-0.8173322284363956,-1.2666941337648376,-0.5927527575998154,0.3661313666680722,-1.646197725194024,-0.3250971850360547,-0.48430158762168146,0.24853620428858866,-0.3080654702296492,0.35622926181131553,-0.5059938896473242,-0.8038848767332888,-1.3757206969033755,-0.7402526758978379,-0.13534861132881573,-0.2233581302389495,1.7445832855740186,1.607844795602671,-0.6584969872047238,-0.5872006651753798,0.8437639755294858,0.6109965333138837,0.2604366815952659,0.36273373584008,1.2524034237510107,-0.3487187366517142,1
-1.2998161492646763,-0.4808141234328719,-1.4014626315951393,-0.3713121451844334,0.8178881327842953,1.5613129258207012,-1.3603426833475272,0.4137946596168757,0.13786493200258268,-0.4054966903117865,-0.5804587023544823,-1.2611996700800236,-0.8123644554247385,-0.07922946227385903,-0.2918858049309659,0.9491142809587475,0.2590616474103515,-0.4016320604578377,-0.6141773397465387,0.951952696387764,-0.49731224771136245,-0.24427137024999182,1.1689112018479744,-1.779761862590289,-1.9393088698323542,0.175453296458153,-0.7981704915067451,1.4853027215058376,0.34414150674220967,0.3188842540860682,1.3289300719922106,0.4961959374141265,1.0988093226546958,1.1813590007556196,0.7620631140289326,0.3300477248244542,-0.5130166661483544,0.47770960587957345,0.39661667509661486,-2.2020879152558193,1.2473258398263358,-1.2472128377266003,1
-0.7256720018220524,0.7419690541048823,1.2363047880176357,0.32818556291281026,-0.21633511939331698,0.19610454086113485,0.554070807417889,0.7309608850683531,0.2866216518894158,-0.07550094377530324,-0.5511502139419179,-1.728327372177001,0.8278630835656055,0.49401642707842613,0.22040011617966573,0.25429633914522415,-0.5017523286618328,-0.8940384602051052,-0.6183124524362742,0.1694509754749394,0.18670713091069904,0.24588028853319,0.1710518634960312,-0.35851912113744155,-0.7200514545676304,0.44562975147201256,0.2789629760940939,1.2536409235396537,-0.1263661929654263,0.23927784667810897,0.5715934321918498,-1.0500482160563682,0.649236626994003,0.43523105988277133,0.22850481769341952,-0.6537895883686331,0.5388052507469431,-0.07956796093599001,1.4378161542865184,-0.3056932883812331,-0.17486110653289233,-1.861362272692452,1
0.30906833856941207,0.9058630825257253,0.7530697226080584,-0.06532327871507772,0.020142008358518676,0.7369956352494045,-0.009960242870085288,0.8023498226815223,0.25058772129484413,-0.09368914244789224,-0.37558802891148,-0.4813020822118529,0.2700191349262849,0.12906803197155114,0.3121622197655284,0.24027753627665968,-0.36720809048521885,-1.5061188402431627,-0.003922681286629617,0.7293722994491201,0.11555540340033568,-0.5099997736586086,0.8847376282095732,-0.42544487949346965,0.5199647403516997,0.927110686303338,0.030420824367470425,1.0002525978044705,-1.0375877423203932,-0.44059207882739493,0.327604085711871,0.4358454811760109,-2.3905333059225757,0.2763799088251346,-0.4251730945801874,-0.1134808245120236,-1.2468428512436973,0.5090833484980398,0.3839693543440615,1.4800680803870367,-0.7020002539299509,0.14350487051565827,1
1.4385266937798988,-0.5744117530842212,-2.098759349013308,0.03831491132455261,1.6743216928779021,-0.792406010373864,0.676516817189931,-1.0334656740481276,-1.0843086858068907,1.1664761494906435,0.6212599999185203,0.47593386552810535,-0.3004164584058504,0.7467740725567247,0.3375641232704456,-0.7818971298886691,0.5495950549029581,1.8759990701187845,-0.23484326998497182,-0.2752898308283165,-0.1967713324163362,1.1990889342735862,-0.09015462780821323,0.17285025301517573,0.7734592181414819,-0.5225238377703665,-0.09319527860614693,-0.8550524455436782,-1.2313337246320735,-0.02681776650729114,-1.1036045601660451,-0.0657839052869906,-0.23860962269375074,-1.1612794419214143,-0.12230057417830731,-0.8640574429726426,-0.3533567330204122,-0.40409665974083825,-0.014469744473750283,1.1683387214692287,-0.20566677963949506,0.5745071660700944,1
1.4529210682187048,-2.1758897748604706,1.3042686683092521,0.3573122166090838,-0.120843979937025,0.923612173660673,0.6446284783030708,-0.539731179485665,1.6886536906635494,1.4687369165374133,-1.8078620786310537,-0.16863645803403501,1.9170820403757423,2.3663032236602204,0.37824204372421505,0.26067852463736485,-1.1113668217805577,0.30892326360996464,-0.42086032918045546,-0.6155691744421325,-1.845422455360795,1.8633701049355706,-0.12908729843849,0.5212630340157441,1.6753596517850617,1.5112206150838101,1.3795366890433314,0.8333613953382669,0.5621842245933916,1.1050294912311385,-0.9899429697142165,-0.9552885481487869,1.2309981747875114,0.1636594510380026,-1.6734781170644089,0.34351112798715333,0.45206557789799123,0.5347734611478289,-0.5716551952342105,0.24803509883295685,-1.2306709521032935,0.3406488010073243,1
0.11042101343446972,-0.08453131945249522,-0.4619820412049378,-1.1057910302382086,0.8025001404299843,-0.43417364263223596,-0.3540475800857544,0.3497668035441687,-0.16332111825505044,-0.6741012702592641,0.7349663078051414,1.7292439370109154,-0.25829640073235793,0.5858955533765884,0.05461409095796053,-0.6594457044795552,0.5964578431458415,1.694842704331486,0.6678947924800149,-0.8021140227769383,0.20639141763851598,-0.6584840555331908,0.14707332407558743,0.5684380867718766,-0.39275314227751984,-0.568573641894098,0.7252579578226048,-0.581101285670276,1.1811168271606802,0.3545898811282983,-0.6914312174399053,-0.840074888590888,-0.17654256257393755,-1.5252636452464268,-0.4136418568940212,-0.5421503414004962,-0.37474103199747427,-0.7803567375361453,-0.5632361621052215,0.34495413713137996,-1.776940914389967,-0.32812724935530796,1
-0.22121544910785856,0.24566425484920285,0.42756124387848266,2.125617718342865,-1.4264760875358993,-0.5073048421646023,0.09835691423695651,0.24311412933969537,-1.091537281692126,0.5237842849362864,0.7841147768469752,0.49970094443852975,-0.7416014071882071,-0.07199660728562955,-0.4962267313893272,-2.109339951178859,0.4996211166904222,-0.5584108422352657,0.8446604590741168,-0.21205215872805375,0.7614914629228583,0.2612900886885101,0.24555876364676152,0.4003728529347344,1.676532868215816,-0.2586893538410977,0.9343972196919109,-1.1711717768518484,1.522130302740913,1.5375708246556292,0.8618695294669964,0.5820102954257073,-0.3792115347924341,-1.233360208888546,0.6308990326227862,-0.4517699977193462,-0.7148997349174127,-1.2952399597361768,1.0283834426492544,-0.2458459148758505,-0.23895502736355895,0.17272449447816154,1
0.2685504219192055,-0.5430058181489905,-1.3229646399675643,-1.6070896917715094,0.4523598116138762,-0.029500678867328066,-0.37557687392387923,-1.5650871061545961,-0.7980891746231582,-0.7998398715839927,1.1504411136687853,0.37175299685477153,0.2143824168851619,0.8285491295266959,-1.1959835266099759,-0.7931695314739526,0.4537521391215163,0.8370535931862995,0.7224006660687015,-0.5332022547900567,-0.8247231355027519,0.011116591247221114,-1.929652925345357,-0.27558785175259065,-0.48362637763958666,-0.22333497560674645,-0.13449466938701998,-1.1738286160192644,-0.8002589654104523,-0.5905064797689262,-0.3733836907654064,-0.23483294795865944,-0.43894936936017465,-0.9430904539901377,-0.6662278024929639,-1.6711501026703213,-0.6703376838787667,-0.372246303675073,-0.6436954376569148,-0.7773061439099465,0.08023852836744398,-0.03088839277426922,1
1.3711970929388082,2.2038650306582914,-0.6441392602148263,-0.9528709277839001,-2.9999337415433978,0.29583003879965125,-1.5777863124855198,-1.9320630780166443,0.6993654674242232,1.2261103600943186,0.6186159474737533,-0.8306490323252144,-0.438835008982225,-0.8868046122325389,-0.08692454811172368,1.4865308453186734,-0.7877510184716162,-0.8925151681327113,1.2131971008227571,-1.5133320390177527,0.9793786425513423,-0.8133695880316351,-0.2256834532017077,-0.5847212613370097,0.5646759463621894,-0.22557831430738814,0.00322677253329639,0.0947399518695099,0.170464937288608,-1.0028067447894609,0.2200234509916125,-1.195617044035926,0.33118787329499244,-0.4759596448206056,0.6435921887188331,3.934401991314446,0.5119250786480385,-0.42533210124263576,0.9761069383990381,0.7878752019824355,0.2201517813563609,-0.2755407933246588,0
-1.8793257805074806,0.349732753640096,-0.6146787120063303,-1.5436994595324252,1.226379336875139,1.0834119256755008,0.4672237782449718,-0.3150442083058585,-1.6966881380684118,0.5869480469875532,2.628937811348161,-0.012747626027954172,-0.9847078284774499,-0.023290872627084104,-1.041935454194157,-2.012447555588019,0.2545986958722149,0.44100957316070594,1.3178524401165685,0.22542202336772177,0.26211435376004755,1.139049806866246,-1.2429343802456179,0.1140216291370323,-1.4369523226394028,-1.2333585367973927,-0.5987428227529492,-1.5023318556728014,1.365741412435978,0.37878597561764565,0.35602916127234135,0.8174033589525493,0.5055634134467316,-0.5272269859886554,0.6687093757063791,-1.1088735327873203,-1.5185673959837394,0.2797175278014333,-2.4323891426423176,1.2488688997867932,0.37829659272533456,0.8032164591316756,1
1.021879558898048,0.2264132028553008,-1.4715913936090417,0.08967798296549542,-0.9037809567674032,-1.036560093657455,-1.6857091126411528,-0.7635908737256197,-0.2072123442772395,-1.3319747572340948,-0.3603062752597302,0.14135262029406295,-0.8938394622832226,0.3827868365355584,-1.4614838620702963,-0.03750793676553264,0.32163336032033607,0.8332499184208079,1.2799793944882898,0.028092722587675294,-0.24674238092930495,0.40478512375901976,0.2563980589556463,0.6141464418922211,0.27986193769627143,-1.37679457669419,-0.16522273351204683,-0.7287500154633185,0.2201356765282248,-1.0839268050657747,-0.8915269145302914,-1.1081691740371822,1.1651053212600073,-0.28680965383184365,-1.5975144876376146,0.670216847649707,0.9399467742658916,-0.0978217369104653,0.6831894755412474,-0.8574506435870066,-0.024005690941272417,-0.8259520265693868,1
-0.9727325229420897,-0.029116947714097917,0.17762040502728635,0.8670895158724419,-0.5630197717412765,0.5343005854600702,0.5250941027087546,-0.27757294832713264,0.3163645916645462,0.49691335230247174,0.04830121802375775,-0.3911742895137347,0.8792884150825584,0.21948120792411613,1.8342090144129657,0.837158538393535,-1.101328147032405,-0.3604956896560974,-0.9775958415473689,0.25216476270779187,-0.15807487251677757,-0.6019643628798542,1.5182143939316637,-1.584255301903363,0.5671830594772417,1.1258751049415237,1.0514982921488107,0.8978582093474384,-1.2562345145856308,0.7648093103097681,-0.2809339586980637,-0.1429672410215257,0.11465864616614944,0.21313822693423318,-0.9101670908532353,0.06038395501133149,-0.4541433070298593,0.9426472103346623,0.49098664267824776,-0.9861066120888949,-0.563309726586127,-0.5351931874753728,1
0.9418923659268792,1.238729358627644,0.966636420925698,0.11550446787107742,1.5572891329224305,1.3063883927793203,0.7479040051432413,-0.6298849562962548,0.09374905175419655,0.6814407808369587,-0.6481940876317132,-1.4330347202761315,0.0889571825934113,-1.6986531571732495,-0.32676286899322066,0.17378971650932168,-1.1450446122983955,-1.3430996729548617,-0.19819792904971711,0.48277381328920466,0.17367489144747417,-0.2455453035829052,-0.46154327942812373,-0.22541642542088255,1.0233976260818425,1.2603984735152136,-0.910023863895982,0.45307888679601166,-1.315201985343371,0.6630678578543866,0.6272207441450527,0.5802050959688446,-1.0031007352212546,0.5918137889551232,-0.24348191566669417,-1.343742768805218,-0.319743625942784,1.38056173833005,0.21658165167046434,0.28549588254220526,0.7006916329712177,-0.06432377057513437,1
0.06849513346728532,0.17715654679363882,0.5161967464793675,1.6273726728518674,-1.3169305737567516,1.6772854059771078,-0.18774276280653784,0.3936376131833183,0.4743733182086847,0.8565324172984398,-0.8876849762540074,0.2318879555504099,1.1401016051591586,0.7873615951255941,1.3516683250940806,0.8022673028833849,-1.3768141024133673,-0.08262990092165409,-0.8145438807468548,-1.7865613081423353,-1.4449636481221986,-1.5808319992480175,-0.09053437334005407,0.4526945629286512,-0.0037382908451713036,0.09750003936388135,1.763960570654996,0.31362354008986815,-1.081084235285816,1.3703092469324125,-1.3300144002603835,-0.38874483964705675,1.2661167306905485,0.07886516393340845,0.9556407919913177,-1.0384118940942335,1.9535021088536564,1.490977554702068,0.7686911332777303,-1.7868726688673549,-0.11522674396926498,-0.3565239733839755,1
-0.8176096586454512,0.9014681850684694,-1.0457652547353447,1.0029159154381087,-0.024821860942623175,-0.621260192491444,0.0765657845363368,0.4836983785191046,-0.17518678394839385,0.849378989376979,1.119082331572055,0.008102314182371263,-1.425858287362126,0.686170829833561,1.7100998047346339,-1.6226618268119142,0.12514179566808714,-0.8150158135090926,-0.17456845546919952,1.147744956189541,0.5571493633263488,0.04725298813004607,-0.6477348818249117,-0.7044670241434466,-0.7483272149203214,-2.271248010507875,-0.280126186779206,-0.7336782798534686,0.24743956661904898,0.9464217878604484,0.8539618436204177,1.8493084351831863,1.1203635059885346,0.9512737385808415,0.04614595114911934,1.3419853015360672,-0.4008716591239386,-0.9546381888057615,1.6363721989521294,-0.5147399437079495,0.10422237297996938,0.6545126361406104,1
-1.7685890174057322,0.36494769587831355,-0.6581424539015954,-1.3544424896443745,-1.3326732756826318,0.12106572243178651,0.7460974074816504,0.19541208634593935,-0.32446637420267854,-1.3371543654754816,0.828715387973149,0.40599564852748293,0.3103433524177999,-0.4872823588929334,0.3016751579820164,0.32658147088663936,0.577134687094524,0.5167544056350942,1.228973121404417,0.7098757152490182,-0.02314085261987207,-1.0209900746484,1.0779729165432177,0.38813527322330676,-0.7772540930946972,-1.380894058549472,-1.0732524549451983,0.05474866352529527,0.8187342603735603,0.24906622912941287,-0.6470461356225955,0.4468544096092067,-1.1845412892435296,-0.2119546664840096,0.013204831597468603,-0.2917942569958858,-0.7276743623988163,-0.6414502731561584,-1.0163767498661544,1.356383451422627,0.22725109290450005,0.721378035583864,1
0.2166768642252829,1.0054420261840173,0.4410917009368414,0.5172932193058349,-1.2937133740734685,0.14477790675834987,0.29235892056115254,0.0978899130280276,-0.5031524410189085,-0.977244260180955,-0.9368960276564331,-0.817799894405712,0.55522894667556,0.12272171817493382,-0.007906470948728933,0.32521342785553414,-1.0328841188706936,-1.2207094409088322,-0.6648297992493191,0.18667334081551523,-1.862247540724056,-0.22171912637271549,0.2179549925089458,1.3790789818846543,-0.3887162054855279,0.6347446082783091,-0.7934930762033795,-0.2805196790436964,-1.3660740525263797,-0.37073371394102395,-0.8373712508584881,0.021046866400135342,-1.2310495793775362,0.6789048424465488,0.18841275002717964,-1.5283139876134018,-1.3591739110343977,0.801230671216856,-1.341589542976285,1.7487819086197498,-1.0665268120952558,0.21060457844450026,1
0.2107289484782984,2.724401237320332,0.5214722227312598,0.6958110139427977,0.0997839751642409,0.5078922238684968,0.5587131866342209,0.43396986892439676,-0.6940537711780566,-0.5282322821529345,0.43587759415655825,-1.1446848964633285,0.6694666596395581,-1.7210053663549914,0.8488072096312158,0.8946020356976361,-1.2172652249785145,-2.639559649975566,-1.2294309630517475,0.2883745361120816,-1.162700841653062,-1.1956235121577163,1.1234150230103728,-0.32305005487680766,-0.37593877280952276,0.20129350761703202,-0.48291825072811845,0.4541482226787893,-2.3188215477508516,-1.0376727361490032,-0.4298714537682656,0.45554112424593307,-1.8039937736096812,1.3858876518222658,0.3531104874344328,-1.4148707235664157,-0.3378012269019254,1.05019631893005,1.661230103283422,1.0990781944916823,0.2338848444825832,-0.10000339079121479,1
-1.3129253761786945,-0.10075962785675587,0.9531005848479647,-0.05689309390787399,-0.8060528775228348,0.29270465503971965,-0.907674064065864,0.0707834713212473,-0.7384392162099522,0.27615278170964586,0.21353856428732507,-1.3708242240158208,0.718702451296187,0.7522205180085568,0.8135683061518506,0.19522389992932948,0.21256086859968645,0.631385084586529,-0.8113154232852539,-0.29506683928295674,0.1917205816771071,-0.24977120478980472,-1.5176069184056407,-1.3006820083571833,-0.5854675255749084,0.5389711411464724,0.8256084044478583,0.6833777913521794,-1.3763120649968639,0.028872613456747746,0.10439610418613439,-0.7973979959835613,-0.541483265074979,-0.11136865211799367,0.41680631108234195,0.7856285267900686,-1.3949723047374787,-0.39337619559443426,0.1754760797593599,-0.2516810590898667,-0.5444065766187741,-0.8449128416869532,1
-0.09822008749044424,1.1807963740996836,-0.19575554660330452,0.19700956797068375,0.24172260481536928,0.9067215982696271,0.02923844133465448,-0.33698097445948644,-0.15167231321950767,-0.012862676811977069,-1.2407888333675479,-0.7810848113243358,0.8526554917662321,1.245201135973766,1.4375731762055752,-0.06945219243305545,-1.2105221190103652,-1.0121480805697314,-0.5280042409080721,-0.7220900799672926,-1.4867607653839956,0.9973469603077717,-2.6165082170457814,-1.2246154005722634,1.0735354651842286,1.5049115370392205,1.1343453310665976,0.6748865872238603,-0.4493878157119917,0.28044482837636203,-0.9152958027508395,-1.2042879237637627,-0.11786961759736843,0.415759752194116,-1.9021409232592954,-0.6342837454650991,-1.0695654365556277,0.28728776872704864,-0.28855450184512166,0.10837788145990786,-0.5630653564983851,-0.31324449384824476,1
-1.0401029640420791,-0.2227508099288262,0.00989600081001583,-0.5209504690617619,-0.7882523169306427,-1.1037433665230858,-2.218580400037727,-0.9283222950736788,-1.007058705196478,0.6820828098794721,0.9437660865467897,-0.5060163995720738,0.6661441582691283,-0.26044958124340023,-1.2107191428943544,0.7498614083204531,-1.5769780801004918,-1.1340115268237947,0.6619187690047568,-1.8987559361475628,0.194323386755334,-0.4167291095460379,0.49018642775277804,-1.371728160550553,0.4350648670559618,-0.06992412525764935,1.4250462861042241,1.321496819808925,-1.4758958344809985,1.965678608013557,-1.1103678786288156,-1.3909182836863967,-0.8262101424453121,-0.5948092768281139,-1.5908209638081139,0.9648498743170786,1.0714253257837691,0.9838144412907767,-0.009071323996402843,-0.9637037901843625,-0.6963661809287992,-1.624089438870219,0
-1.4393888919461109,1.1391724368783234,1.061443668154314,-0.2426472009125865,-0.6789995792918246,0.6716107462113357,0.486369235882434,0.7819388859196653,-0.5734338129590159,-1.379822828583078,-1.0354916687422375,-0.4945567277001235,0.7721270229354166,0.4751105405875703,-0.4927124990111687,-0.5225888732541732,0.19477018820254563,-0.2354284786219115,-0.7886122742046056,0.5292780380290779,-0.03350069873946386,1.1155927555518022,-0.5224130947763257,0.4674476673896959,-1.5682503825640228,1.3553485091366095,0.22070601444725302,-0.26017634644800586,0.11205100879233783,0.43093803293039945,0.7498371517384399,-1.2084619926771802,-0.8905388853813743,0.38533992806600426,0.144997327987704,-1.5793399394294114,-0.806900454703154,-0.5667266996267434,-0.34019930106533947,-0.3315234623427968,-1.368986268224166,-0.46390744443585785,1
-0.6747479908659503,1.4157903436816808,0.4264287022607057,-0.8082401203955571,1.8813935257489622,0.6094640880209973,0.23475750631721634,0.6544940482237573,-0.015132542495597662,1.037335928286977,-0.49689361426234974,-0.4831311336485282,1.4252574623198704,0.6969417598661157,-0.03675047176431585,0.930277102931696,-1.011041457009032,-1.3849934765089194,0.13103650281500215,-1.7907611701808073,-0.7694871716382969,0.1904521357691503,1.739505055018322,-1.4015330521540097,1.325772881845967,0.84888165124475,1.5854797612250378,0.9113622472589136,-1.396158224014965,1.1783982230929921,-0.33433295037157856,-0.6482453382614082,0.7671068719215874,0.4772696963984506,-0.5392965325220067,0.693884600007622,1.0009161004514948,0.3368231001328524,1.0232221383943392,0.5987209126864367,-0.8084910763032548,0.5737319043269354,1
1.4458088485980534,0.16818860003808378,-0.8495955364957017,-1.5002010458740656,-0.6924940783449987,0.4203558321948959,-1.7673510997596111,0.36928679397471853,0.732547661628806,-1.2476933963198538,0.34263380016773726,0.5105460353651691,-0.4356484408838063,0.4741773927032584,0.37571686622320005,0.9875812938740964,1.0300172943305754,0.18824586951562503,0.1899585637091925,1.225424650452943,0.24352264708004817,-0.46896453948495453,-1.8331440464306972,0.1027326143297739,-0.5629121067055892,-0.27695084914038826,-1.293644784300773,0.3546088108638295,0.3881952382760213,-2.1086310330632947,0.9863523762416881,-0.9536779188077068,1.3909806141786734,0.20140281394522616,-2.3346807590766203,1.8404561071516554,0.6143180222594598,-0.052991579777842884,-0.6464048112754429,-0.17906814751460762,-0.12142987779565365,-1.7638124936524642,1
-2.384043404745206,0.5414325740141794,-0.45001462644106605,-0.547821228794599,-2.126902603451859,0.8328297331939564,0.40525977143805003,-0.1936673931479132,0.14536726763751978,0.3670067831383817,0.5222986531279422,-1.3840427181415467,0.15364950228508875,2.5059079200698835,1.3678141510742483,0.09166661225305674,-0.6885520242351377,-0.18959655389999067,0.12987677574680814,0.7740355029508387,0.12645633476943824,-1.3249736364856635,0.30837026200909584,-1.4387960444786687,0.3245102631058785,0.2063555632219124,0.5109393803969725,0.9494045128247904,-1.6484141728277257,-0.11333449053004244,0.0068018631494772665,1.1911506757894175,-1.8128702348056438,-0.41392429894300503,0.5094379934170956,0.3116805230703594,-3.1635357831953286,1.0181186629592693,-0.10086442805100651,1.0066845215936107,-0.6637265114968655,0.20230253303966939,1
0.601644089917582,0.5347546059280844,0.3154934432410987,-0.932027158842979,1.0654139588748206,-0.18753879310428972,-0.6554326281792291,1.5641661938899651,1.7886406819682534,-1.7066635002023711,-0.28083283682697247,1.5433256443120171,0.23333492819992208,-2.295880237247879,1.0203909795881916,1.0037703608550137,-1.0362870973759972,-0.9922881599562114,-0.5234384691423253,0.3099484034900536,-0.28742305714853067,-0.8072295019703132,2.2661452386453824,0.13391111343215392,0.8581894286176466,2.0024736146184994,-0.7756872764611169,0.43541393133017237,1.072977398348536,-1.918661894306148,0.5070190660022427,-1.0800460272395571,0.18854291873925313,0.8612306284102956,-1.093386764819237,1.0011743892875877,2.245644569204519,0.5911406091047647,0.6362757091093394,-0.06183787459365551,0.043055047628153396,-0.4078363167825914,1
1.5029480542445868,-1.1365796757490287,1.0016259077052907,-1.230021602406109,-1.6420163761328475,1.7712304457707801,-0.6191984865659919,-1.6689185625841694,2.0247103939872866,1.5111757880577394,-0.8628239029253885,-0.1912271095512169,0.7269364195047924,0.600263617154608,-1.524650084257581,0.10170191632458259,-1.7933971506904969,-1.9337761843244152,-1.1622788373072388,-0.3812017343648744,-1.8963763844110488,-0.16278844942168216,-0.727529216175318,0.3583084201819299,-1.5306434104064708,-0.4747281552211538,-0.6764113437066746,-0.33282414578542296,-0.6960929858353027,0.07198909954421495,0.7952561519506801,1.5942585927069004,2.096308221426554,2.4711928778927903,0.1769505570110417,1.0509390424832499,0.34490007033220166,1.1899889435495907,1.97251459720756,-0.30856028277333675,2.638458692583152,1.515538282557894,1
-0.285786883756894,1.0231530055313887,0.6972061558976773,-0.07363281435557406,-0.22918115463099498,0.6950667848779183,-0.3908566553078094,0.6804123016983293,0.2893327118847827,-0.6196597332019536,-0.6996593679191683,-0.47750681067918216,0.8983700241861797,-0.5575527480187534,1.1282226758591656,1.8757935760181137,-0.7536424628151762,-0.9080629627972927,-1.6901210551122643,-0.19942713827802455,-1.5442303034742837,-0.4807593442665661,-0.28487392367025577,-0.05639916040606851,0.585946492644446,1.0792113505681693,-0.025592438058599863,0.19543905618591037,-0.5444026101869004,-1.386073699057888,-1.0060626672164223,0.06396653046182031,-0.44270206961844955,1.6139323887847397,-0.25343389383517256,0.19114537751013316,-0.03157241858513903,1.4269882354168697,-0.8489019203832995,0.6262248496848386,0.18341892764193282,1.9255455186939834,1
1.6436908669786559,1.4681104292322475,-2.1008109524526377,2.2525540640910666,-0.25395375900331396,-1.3737272736075412,1.5271798624939288,-1.5588886286607295,-0.7351669073406937,1.428303574813913,-0.3139047057279552,0.15899663671984735,-0.6653072510849937,0.32650139839983966,-0.45285140290743475,-0.24513908625437567,0.6540183579891019,2.0574610767251817,1.8939178954318754,-3.3154470801867784,-0.17263120958943232,0.9257638592831862,0.1944031062161701,1.7676478225795762,0.6177346245153034,-2.1240300312158364,-0.8961724801805014,-0.5603831419466244,1.578939043830209,0.8899394195973579,-3.879421165171414,-0.5355381911800361,-1.2999034654815729,-1.7159170565328006,0.8713689589105947,-0.11224133351983524,0.8690496389963012,-0.405552572039716,-0.5564243481276712,1.3638638209295406,-1.284175346470458,1.9890992433511407,1
0.9169459392595601,-0.3512156069458512,-0.08406363126271116,-0.698403823624137,0.3814525399041449,1.2208339210196721,0.1679577274929594,-0.6387487350133882,1.8788176109453552,0.6994141460564574,-0.7735465420072256,0.14145116504225347,0.49221174140269003,0.9260478546531986,-0.7912342372229939,1.4579341429790984,-0.03853221918759423,0.22618059251755554,0.03285736955922403,1.3570937547776205,-0.6779222152716821,0.49930824449222083,-1.0889946843465623,0.853421125494415,0.17048057688712315,0.9916802973841978,-0.018558220891767802,1.6084555817983401,0.27293767826671056,0.7380411011257997,0.0009933397076074982,0.6511886818213142,-0.35711060878138673,0.3012243471342359,0.5874650682802485,-0.0895374507669228,0.715219781154859,1.9185116857975975,-1.2292143007399563,-1.033876379676125,-0.4422906492452322,1.15783569003866,1
0.2576883206357781,1.092456444729399,-1.409762284507099,-1.031663902343319,0.7531689192110576,0.1486981640849775,1.219797227262982,-0.12910466331849735,-0.034177118776831536,-0.19308741154864792,0.15659923553551608,1.1768757154756628,-1.7158750828311307,0.7753186595063383,-0.3275550449105559,-1.1602053929006435,0.5314978033618247,0.124732760829955,0.49898490569569676,1.5460641652912517,1.1206261503370083,-0.2671995262868369,0.7677432101463226,1.2197693259320364,0.4649319675284426,-1.7480550171633382,-1.0249239336804352,-1.6479899274977519,0.7394530758705755,0.6975000177746303,1.364036566313051,2.017911236021979,0.10697133750717466,-0.336502201009151,-0.5369868977106892,-1.1535781116418296,-1.1314289747795014,-0.31089348403598793,-0.2971776805155068,0.4499074883402691,-0.48601720099579837,0.6434098693098357,1
-1.1303081655836773,0.44372276367516367,-1.1714771374002213,-2.082180941357505,0.9189863787222388,-0.39174266939253144,-0.4401298497994642,0.9428030056540374,-0.7196408624450019,-0.9276457929373454,1.7681945964022874,2.379882428481745,-1.3278210051990131,0.6092309382761355,0.20568203460558623,-0.6879947951607732,0.1719234157250847,0.7019034023828574,0.23529649008310805,1.261754671734114,0.12878517781791965,-1.5033695461836338,1.709705136982196,1.0550638224916724,-0.35528808043280014,-1.6623374446547234,0.5216019686086364,-2.0787634859846023,-0.15088396898992534,0.804870125877349,0.8653012698192233,1.479328758004811,1.3239981417934508,-0.39052153528434735,0.03946874296587615,-0.8362655539930711,-0.714152248530484,0.30171082393351645,-0.8741328580403416,0.6934621854283811,-0.6166406579978994,0.26484418418820627,1
-0.6786361556966732,-0.3232529170415722,0.5109279730981743,-1.3471727630871526,1.6124794333480734,-0.8028283748896604,0.8126360552486961,0.6527197624225536,0.4130773688872486,-0.8708558758536634,0.47744087534106155,1.4803120858387468,-0.40828380485030324,0.08238543370350353,0.39219686410945254,-1.2397919265904087,1.3195694074100908,-0.29146089397863695,-0.585290710492449,1.679266091763341,1.1498584785562134,0.1616701315432185,1.3233693989030444,-0.20357783229641166,-0.7237574015225507,0.4214924892999464,0.4539969545286859,-0.8183790509072076,-0.4617532110717568,-1.5681673333940644,1.6860785178201285,0.6161278875689118,-0.11189264289570787,0.08344737551010585,0.04588693422675852,0.5775526546383066,-0.6227648004375381,-0.7110084619701923,-0.13460000130452657,0.6723276922618913,-1.3583729520411476,-0.11692207760933179,1
0.369801709277712,-0.16393454273020805,0.6027936252782045,1.2511908336743993,-1.2134263238000098,0.2923012359288704,-0.45804936866505414,-1.2452171492527073,1.032422529564969,0.7542094462245292,-1.364943161619526,-0.7922805984598681,0.7760031738460363,1.8802765423681442,1.6733939138658824,-0.12484809498555294,-1.421867716644657,0.19381243612274765,1.0916264166785186,-1.756426545394642,-1.7623678029009575,0.5865215964934831,0.42255857064914304,0.7301303340022414,1.0193325077232276,0.9349856466431122,1.356468349161856,0.3384727958307356,-0.6755292928134735,-0.22443968681296883,-2.3373000218189683,-1.7219963508513847,1.203351185519317,-0.4537878993953296,0.8761362974882724,-0.2550764483385759,0.8903228589774331,1.1472044115076445,-1.2109110493675066,0.36567129974357754,-0.6332854761268283,-0.8214195071677697,1
0.8609041926999697,0.30481540938669205,-0.7769610181170714,-0.457238779777766,0.24137790793415986,-0.3288987875072094,-1.0859475301011727,0.6456293533253297,0.5366213784701974,-1.5865838874793903,0.9412384180347089,1.2927436856084813,-1.8924163323575551,0.4345054785328006,-0.7259615675551498,-1.6795929726453354,0.5268632315983943,-0.5295845758325907,1.703910318610347,0.4988756104089917,0.5396010888787333,-1.4502481894573305,-1.4208224308112898,-0.5279717449449951,0.3161605177530037,-0.883878799933138,1.2070015521245294,-1.1441763664042945,1.5140227649236881,-0.041738256890435525,1.151185935612595,1.1951157446097167,1.6143414576726105,-0.8974833460484044,-1.5203826489255137,-0.46882751526878313,-0.9496244248593079,0.6769596116238065,0.8941842349296117,-2.104140673543237,0.17001570729931803,-0.12230447952432305,1
0.9365974463268513,-0.98684811641793,-0.23952571819517018,-0.6059189426353213,1.328023573114845,-1.284833746894815,1.3200343901358405,2.388669015700845,-0.5099494430610563,-0.05938476948022719,0.6142588491223357,0.5415524886569029,-1.0721969114073655,-0.9882878913609776,2.3900588787905996,-0.38414990138402366,-0.030755197886787385,2.3002568780693053,0.06901077723582183,-0.010403873005526362,2.237787344753141,0.7815496390480615,1.4537751223202804,0.03147387216936553,0.7240715755712791,0.3396458975781904,0.5767067949034967,-0.45000915258747565,-0.42830164841580787,-1.075809405992629,0.7982389941112292,-0.4677304438935713,0.7477919895035259,-1.7536709413517289,0.6944198812875425,-0.4785966349807547,-1.595451666716746,0.6890077633880917,0.38084823274851215,1.6375694049877136,0.7005195934867967,-1.8696643052853936,1
-0.3528315883230212,-2.8154588983707116,0.5583827045841024,-0.4684891075175902,-0.3210040041803494,0.33748128586865467,-0.7854482117678969,0.8262137015227398,0.0474156110959443,-0.31588323807184193,-0.9403415203650801,-0.2734310152354706,0.5498814813098549,-0.16666443963732655,-2.3159364531961675,0.6663789002797981,0.4369504335762023,0.15403427086746815,-2.3653082314840033,0.2474493999653074,-0.4960019798366707,-0.6260936660460312,-0.9582305506786225,-0.6648855193126967,-0.29410578533447707,0.6556479689938148,0.6975905029800261,0.27616459388395576,-0.2479913477741014,0.14150439257515188,2.440149408459965,0.7240907067922334,2.2682575617173844,0.6093621405517512,0.9029914841047225,0.403207974354181,0.30550053158948975,-0.23939605432041558,1.6719660812782529,-2.82571878174832,1.7786627574347806,-0.7361735511791301,1
0.857832138974007,-0.6029880886988334,1.55548807204189,2.5409098006803754,-0.9262850128914539,1.3760311990654415,0.4161318458854662,0.6741265978664536,1.0959291058221223,1.2132952397956625,-0.5344956618828541,-1.4633249259564454,0.927927415808306,0.21777265695462902,-0.2414797100620251,1.2044813300469053,-2.6940591529844458,-0.3973303900675145,-1.9209702204471248,1.082595512336527,-0.4198589909010917,-1.0215309469712812,0.29066348359303346,-0.8527998989876027,-0.1293507106617566,0.6465772522864423,0.24986267753244343,1.7222008679087448,-1.084261975612544,0.11918943068101658,-0.05096925707824546,0.3343797364370626,0.6797125663088008,1.019166895593846,-1.0267025553638964,-0.3637349918016152,-0.47127267927523314,1.2641498706490022,2.51814367107818,-0.9020375324665016,0.13696714206674832,-0.3429745283777175,1
0.7524497897111972,1.0621244007837385,0.489981463623013,0.2544490809133362,0.48682570274588866,-1.20455650975596,-0.09703898738553272,0.9946245369298619,0.629029141605372,-2.197138337212429,-0.45927979256381174,0.6961437429745978,-1.0076023707698207,-0.41604035109005755,-0.2498772750869541,-1.4515619850897485,1.22751636828564,0.4572460649981226,0.49308053697391974,1.961946739229216,-0.12740242723271933,-0.1578680763088995,0.5562873071350645,1.2033842510020778,0.13888536090755496,1.2353185947875147,-0.3391103640583185,-0.21487851966739085,0.5246544670189883,-0.9847913568904457,1.5869494683801746,0.4320053425162925,-0.5511207279657631,0.269634881195652,0.6392526863648443,0.4582115854802188,0.4623392061066358,-0.2847455022299104,0.22086172998298742,-1.9342454702329541,0.9372703311581801,-0.8529953008230556,1
-0.7670389204616559,-0.9290256301114712,0.27500012904908694,0.8251043622660159,1.119275172708127,0.9653510994804697,-1.5032903820361914,1.308532600135417,0.31769096970917193,-0.25376328089891736,-0.043870895593249595,-1.4694396469566957,-0.0871031365635269,-0.25100506250407034,-0.014374516475908077,1.1646274238527863,0.5453494897677723,-0.19611738161774794,-0.3058733702199448,0.21511439229280327,0.8606518292046853,0.4751118965604263,0.9705611223668908,-1.600443086484335,-0.5395827851564706,2.025832323305503,-1.5213070177533716,1.1158224805044168,0.9775434854012987,-1.4104118539049366,1.0812894949852154,-1.481792691961428,0.1965265930464654,0.41433378924727876,-0.4250793595951192,0.6599587584851536,0.839195368042894,-0.2016802472276051,0.0034392383134134574,-0.4585225461634699,-0.560558102691836,-1.4827323309086662,1
0.03052051680722685,-0.21540662488717577,-1.2237721379604163,-0.4097966368882851,1.3220406772302167,0.2329953378736908,1.5904625818433962,0.90467410409372,-1.4711519096055068,1.5760885360078543,1.7468822072332122,1.1694747354683783,-1.3928846982324359,-1.034060805149126,-0.5259419151370972,-0.756088292446251,-0.020882427335401507,0.5940872330947915,0.4689246491097064,-1.5996191312697754,2.6017404759172367,1.2734006443151342,0.7603943380337894,-0.41435249314419714,-0.6356168256158817,-0.5452924293293808,-0.3216951762277545,-0.6490525915086269,1.653846362640676,0.8508422215208755,0.8552272773262906,0.21508853019080298,1.0056289898923065,-1.7328108414139924,-0.317224962173676,-0.9385112737276603,-0.8928283960777629,0.8892581963351857,-1.280958257517131,0.7621050277603149,0.4426446932523487,-0.5201008615657989,1
0.94834991152127,-0.32929999634762847,0.4890088651015886,0.486405486682574,0.5064382866911222,0.4365182326060989,0.10843585050350726,-1.0276557228419636,1.1405873839743685,0.8605728839087862,-0.4666048876135758,-2.6673973057249176,-0.5437791086777971,0.5658589896658152,0.008768005570673301,0.6923256823442864,-1.3468458932160376,-1.3506433996148712,0.0017089059485740164,2.9462320415796133,-0.3180998101515558,0.18749862976789328,0.30354020047899843,-0.8165120745898291,1.196624909243059,1.1162410051097562,-0.9272728572429582,2.0267304874770726,-0.2581538610911916,-0.30585299026918955,0.17131435348248,0.7704746945193184,-0.8846527279829574,0.7985935001303439,-1.6732385742629001,0.631957916737249,-2.386480916695526,1.5439797659290002,-0.36657734784920176,2.4154741066202234,-0.24677370803324833,-0.8988652837361444,1
-1.3905002467061467,0.21177039502834674,0.027579720583547258,-0.4151987289462686,-0.531081575488734,-0.5886167593714021,0.9144593185848918,2.8117104157752832,-1.1969010580722137,-1.875275977151427,-0.4687410242674206,-0.6706196203239962,1.621796619537156,0.1160533986822899,-1.7462089443259146,1.1639486986071785,-0.07069366346241324,0.8458972742722655,-1.2741048606762073,-1.3926055637691659,-0.09031039771064484,-0.9917417153735222,-0.02126664706358798,-0.39911834902488724,0.4113590050875982,1.1970891847953151,0.4425244044902696,0.47384970720491093,-0.4222545123807495,-0.3822800164639425,0.709403371930842,-1.3070812445790274,1.3052599259289872,-1.1008940500438804,-0.15206976078284096,-1.2377793508066872,0.29198924108654634,-0.6065164703177647,-0.12836237128887049,-1.2433437351618282,-0.6276183656126401,-0.13766224331826674,1
0.1678423092172685,-0.31834270704066087,-1.2733659861773017,0.20164302362714093,-1.819791412995729,0.32729053216656157,0.1550265778113056,-0.21473952929451356,-1.0731071351064263,-0.07866367868171098,0.896330270230448,0.14084753733542685,-0.03631663264563933,0.0071154508958668535,-2.335024877402561,0.6033255635175536,0.7562051919634084,0.5205615268778577,0.5213944218575415,0.5597802638689311,0.8667016604929989,-0.424384029975525,1.3327320728598915,-0.12512119690952225,1.6744855023304483,0.49587599044094555,0.012313289092931948,0.16674018578722472,0.34725531915269164,-1.3029136777807169,0.6383701901280552,-0.3140854333891631,-0.6033722155131899,-1.3965656741864774,-1.1404926359999374,1.1767789730194114,0.8012773334016056,-0.08827616255788297,-0.6029377686223936,0.04718562077542961,0.8726799978469499,-0.7386345831916848,1
0.327904843099068,-1.9702099617377271,0.44905847504377105,0.8657787638162335,0.16867182031825112,1.2953615842222257,-0.22107109530964894,-0.45187051571888875,1.7220168280727086,1.1381384911109622,0.1601409730829877,0.7054563130186758,0.9500073859086419,-1.3373884223042258,0.39713097285211485,1.7521799796294166,-1.2207570015958538,-0.5163236944964313,-1.6279135022789684,0.06996790000393084,-0.3898608611576074,-0.3333003442080301,-0.7206555036193532,-1.3834846920507686,0.34180497624187844,1.1512907845733724,-1.0921911744572834,0.6872827322228057,-0.15153694299382447,-0.3306329136195376,0.41144892301433533,0.9495905601703951,0.703327865974203,1.4098903333374295,-0.8750197467955517,1.0469560857342133,0.7570649381355138,1.029850094860653,0.7282529517946859,-2.1215205156720236,0.38491671297091556,1.6023037412725163,1
0.658857134804247,-0.2994016577534712,1.13089045606322,0.5271274567162414,-1.9698388141169765,1.1270344349983554,-1.3972821425507183,-0.5839076694807972,-0.7270171398873234,0.584521635622043,-0.12004610161072501,-1.2928698936739613,2.6535427294035787,1.3461776660898643,0.9948358550729154,0.24637863726197862,0.29971254244634343,-0.370098601452362,-0.6573382180576179,-0.9280830868049136,-1.2486619897873066,0.7544686994845519,-0.1952825486353939,-0.6912433372554985,2.241513384501779,2.292317452937418,2.448304686471854,0.1087256184785452,-2.422938930290276,-0.26687646013259303,-1.0384112505799667,-2.5356044612342887,0.043052535087278125,-0.6079944793111592,-1.2486725199880695,-0.380747126211778,1.4651582768594622,0.6932787942642303,0.6999132042944929,0.1755743397726473,-0.1395531078478865,-0.27592702764831967,1
-0.009241486806064875,-1.0368235284560356,0.2954147274296202,-0.794299263333968,0.3488485786039038,0.5539438750845881,-0.3211924046652356,-1.546028366771947,2.8579196659430313,0.690330377818025,-0.8154905351049826,0.5870636949809549,-0.3774340584285377,0.2395964720893483,0.1540202323807591,0.9571778571687869,0.11914562205949367,-0.09014082108146956,0.23970081652961675,1.0303422527759776,0.11660987425910352,-0.28262277188475265,-0.009328003728828574,0.21881934096993766,0.3537864499287951,0.7416294382424806,-1.104940595374998,0.9256389295224252,-0.06498801405389819,-0.6851013240143716,0.4285673983586116,0.7684984555953422,-0.1402868456214088,0.4462113467977794,1.0914330544976585,1.711071163464234,-0.8239647358038285,1.6467573232491557,0.9575134031421688,0.9689564433392865,-1.8687494752848324,-0.07129348016423838,1
1.7814323409909552,1.85331549999627,-0.5521878080275253,-0.324335077142287,1.941706734003325,-2.0798875435688045,1.3716100311231534,-0.22218372889423024,1.3768223370582344,-0.6001264221622636,-1.840397658573989,1.5192660758027554,-2.0914502757544633,1.2947210278267927,-0.46172414630384767,-0.566982383632691,0.5957328578653331,1.1551769542203831,0.3146143511317224,2.299907320590649,1.0721735970602848,0.3433238209894114,-1.1359130046594155,1.4066206612010679,0.9752820600835881,-1.1074997645226599,0.783172413175584,-0.7292884268820288,0.9905214052492141,0.6924442805288068,0.4831576116559205,1.4618337542741984,-0.8451683674547683,0.34104198918430356,-0.9897017467646754,1.3929650073915314,-1.3085457597248744,-1.0184118545421021,1.6445180325649766,0.5592161123541513,-1.6881355211380078,0.8074732409855062,1
1.9718366024156442,-2.008941809409043,-0.8420471603910018,0.8605969835674941,-0.05104086908745532,-2.531539291778757,-0.9876904231789385,-0.9483665133533699,0.4269873952988582,0.47010239865522924,0.6760212880771602,0.6179167635966244,-1.8482337417635908,-0.25667583077919087,1.4713493002301772,-0.6886343550406337,-0.05707045163897345,0.7682558350670318,1.3785822598403605,-1.3559089117006422,1.5486480589851264,0.786030410321589,-0.9879445574797113,-0.47436763597379156,-0.033554996908353486,0.15528872640959987,1.822057418650045,-1.5005018527704035,0.8988887046750832,-0.0010472922380715976,-0.9228287560018614,-0.6423873676527773,-0.04164114124542813,-1.613296911691935,1.1226927280705743,-0.5411608814071115,-0.2748755168526885,0.06950800617226151,1.155055999627737,0.15798269257230219,0.6732063707244184,-0.627996268970079,1
0.5766038654150252,0.5851191058499683,-1.008083657269422,-0.04553367523903298,-0.7888452100390562,-0.4570895074474767,0.8374837965045087,0.2944693618816682,0.5624761900778623,-1.5375388603979996,-1.0297834171013607,0.23232127092508692,-0.5869698885445055,-0.7079227909826464,-0.783723477257405,0.782136517564069,0.43357023237769127,0.8228339894851073,1.053547566363775,0.7315159002522308,0.09736502723563437,0.5232187692733616,1.5958447613028635,2.1473177237774013,0.5722484209631944,-0.5658018504294345,-1.679164370359645,-0.7359786143104571,0.4645336053898785,-0.35229395198365515,0.6924845533599812,0.10974310253363855,-0.6934952051246827,-0.1325318677329244,0.8184359885942385,0.1582471711609606,0.7554245845352354,0.012523764522636384,0.773529130709961,-0.8794571178482464,-1.229766956047509,-1.0690120103290643,1
2.971021615636707,-0.806262206660205,1.013651294820634,-1.768339321822346,-0.7308409399535835,2.392707946280312,-0.3002066153215977,-1.5397323797218443,2.487976162691084,1.5958282968469872,-3.1366707131537366,0.9128141979974863,0.5579810670676749,1.4722988607640175,-0.3918241725681979,-0.27612395664831046,-1.7074972637639012,-0.8552464344802183,-0.9264734967752107,-0.4062391524073855,-2.618019693021108,0.1814138594549502,1.6292497292353216,3.8670316469543393,-0.08202200647859668,-0.789115833338597,-0.2319535630629058,-1.4955289102724436,-1.2534167219988837,1.2594516114773113,0.3898684342520146,1.7327737984140779,1.4485740239820397,1.626395382555807,2.6438146258043527,-1.3221858356166831,1.2907339312888733,1.0661935759623706,-0.2756226159396775,0.10747481069499307,0.8970294188500899,1.9854136129939712,1
-1.0784912712950365,-1.3896825935160173,-0.1414371240976511,-0.44842144479074986,-1.2764698592996802,0.8268893500164548,-0.17130469635496792,-2.0029488236829214,1.189261392878555,0.7761146910535879,-0.5707231027598549,-0.9366927905415564,0.19366877698457977,1.3871858407679223,1.054021213603905,0.754611494788216,-0.14681846270494547,1.1885085090876961,0.06419053829787584,-1.05063279516533,-0.4387008895346227,-1.8230951701759108,-0.11016344822631338,-1.4140408021461688,0.8350275935650053,0.6203119690293984,0.3983734784492333,0.45322972312686605,-1.4133242751964847,-0.3416249075894661,-0.8409510378534832,0.8962465746695787,0.39135594044943034,-0.4630948583292898,0.9157183780567532,0.8933547484852675,-1.9903534658947586,1.842354404831755,-0.324607808985316,-0.4094193631465942,0.5237115253956646,0.4798065864521162,1
-1.432382879874558,0.15274728632345647,0.5249140592451538,-1.0512109558623504,0.12644220965081554,0.5427580238646972,0.3550918275328072,0.9231332691613734,-1.6181098493847315,-0.19290354780162428,0.8053301961781446,1.2869666726730775,-0.188150565411036,-0.6816136350153941,-0.15708916210001164,-0.808506136711805,0.8917698720561039,0.8726758334992296,-1.3993732452127645,1.240748769836495,1.3251302788419863,-0.7589362697906977,1.4093375090678466,0.6983075702837941,0.5573567519061569,-0.22813602676974268,0.5048875936958985,-1.278494355487284,0.32927665562030395,0.5787885985146836,1.4770480058312794,0.4323765390915051,-0.5946832824568149,-0.45298945316660294,-0.12166585652213989,-0.497805532027257,-0.19139931198658033,-0.9775793046146124,-0.6122915589889779,0.7972584918147809,0.3663432533233956,-0.14325697341090593,1
0.4096657418808242,1.3304165335159712,1.0705677725745548,-0.479003157483595,1.0117065505140745,1.40124844130637,0.09813178244737812,2.264096811445833,0.2521962956049708,-0.5849628517411986,-2.0875215087540373,0.056504824180757494,0.7142439014358491,-0.38949757736261664,-0.5727955312379153,0.8565449589270667,0.16941123604993188,-1.086138758281766,-0.7010079027057408,0.4517280910392574,-0.17710187061355895,0.24075739508450067,-0.9871714823052904,1.617151760806141,-0.3225209482120205,1.1780020182133975,-0.2774828522090201,0.19867800204423833,-0.49519390496422067,2.1985505612603875,1.0806559630412051,-0.03280616284659697,-0.6390940591389831,0.6627814849987544,0.6767038698672242,-1.7461942471042569,0.46285255656321406,0.6012188011418217,-0.31672398642341076,0.5295931114208245,-2.275158573390772,1.0794800400157507,1
0.29611012957838606,-0.4683674615976759,0.9551559060745749,-0.46478420725971537,-1.1254778074147644,1.863881781409772,0.6708653258817314,-0.5718948534155804,1.5335567685381752,0.0788999869726326,-2.2158611402425294,-0.0701814785026312,0.5339170490383863,1.2271318533686089,0.23970746872278736,-0.31862429930382374,-0.37815718546668536,-0.451947105194841,-0.3332091606700156,-0.2914891545194734,-1.3956090849542306,-0.131542315657116,-0.3298412157719395,0.9275519856175071,-1.2290110004137664,0.20726282192813705,-0.03821139399087462,-0.038684409381617366,-0.6075196680311872,0.06507871722665325,-0.3501794608627699,1.5852277172658396,-1.411812671370002,1.0332839551544104,2.0550896721953062,-1.4643110328537294,-1.682746918991398,0.9099111248529428,-0.10778641252043457,-0.012231172053849578,0.6816906789537884,2.125131483475933,1
0.331218017696481,0.6975237162124739,-0.882774555807375,0.10580159887056387,1.917864760622328,-1.34522330483996,0.9560097744291669,1.139117838110816,-0.4807396310712397,-0.6531347346588278,0.5827850150378022,0.12417230451839614,-1.4722379336496196,0.31063842409922393,0.8760946014981559,-0.1780222549773433,0.7357409829272981,0.13054330800685748,-0.4547307524437076,1.8212926673703647,0.7871658676516153,0.13149605844985246,0.7503648722925162,-1.169137646757886,0.7629923105914606,-0.16619169049102386,0.8799086005398284,-0.8855712061484807,-0.26373776352854306,-1.6101205230296463,1.554498737993172,1.292402820571309,1.6702449610631658,0.28913576446166384,-0.2342655177791569,0.5549133305840339,-1.338827469458996,-0.7673871875660032,0.5330834504670919,-0.024520180543362826,1.154776358976438,0.11783941318301365,1
-0.6909540597565887,-0.23292295975479071,1.0176760825089222,1.2912649602295774,-0.4106027758477871,0.6015095436404341,-0.2351799434030889,0.15658122672158892,-0.0873204885449415,0.5027716021552401,0.18780684661097596,-0.8473496415779744,-0.18572956465079793,-0.9821830721981564,0.05651229241698664,-0.3895310027844096,-1.0564825834746079,-1.4787268782761658,-0.7689107264127623,-0.07757196326291786,0.014717864307416369,-0.052477509257075575,-1.2623367258987295,-0.46205955139582644,-0.6929997108537413,0.4731519521341175,-0.4187885786613385,0.33366763484169293,0.0929973418902329,-0.38944319124217175,0.503997832585526,0.146452030289276,-0.2859736101994691,0.954349198503805,0.4123574379466801,0.11633825519860526,0.36178460726292594,0.6332084390979313,0.8274777571020184,-0.39766755358954026,0.8748679522075723,-1.2758397206053769,1
-1.1784156181588066,-0.2269700152900812,0.4514454195385458,-0.1012782591496092,0.11298859659092067,0.1186858734428025,-0.7202136835526767,0.4217896532654258,-1.0761404878173133,-0.2576295109560948,0.20424729500967662,0.605945046269843,0.6990657052589851,-0.010316108641882132,1.3543624690664282,-0.7530090780396662,0.6926519348968987,0.08476750741187516,-0.0680766321686894,-0.507949724518116,0.08680802583382612,1.3603591016883536,-0.8547902306500995,-0.9176805889003811,-1.2405450193416747,-1.52248261002092,0.10159660224307203,-0.3448874946424309,-0.3768252081119982,-1.0943503464856001,-0.7825129303695465,-0.5720310754000597,-1.2015262931374218,0.8896246958798085,-0.14537787294833882,0.023010302655373696,-0.23916993588668436,-2.552141286009726,0.40508563628761135,0.3077736076503996,0.7497252678015349,0.9220129339760119,1
-0.03459431361887794,-0.09628373871496627,1.22500041501221,1.8739204867789465,-1.9064133638004175,-1.8366329857083852,-0.9895698438744369,-0.6256519036917427,-0.3134724203047159,-1.7489277113764974,0.014221064389058761,-0.11019977502666709,-0.4543423618487294,-1.2333435956165708,-0.5673349558869261,-1.2110657252310069,1.2838518719571794,1.5238672700984546,3.0552838419176434,-1.621706254092714,0.9017442697696777,-0.5146679732306652,-0.47575286607590267,1.1312449557828113,1.94509349960554,0.5616068405039405,0.3177059070759964,-1.1449779805186513,2.0847502611269215,-0.6356925076291344,-1.1090552076603686,-2.196873857496413,-0.5782247081895271,-1.9674367498406677,0.6126291619812493,0.12262925527847769,1.8094983640241886,-1.1748000421094986,0.3261204868353548,-0.7533342548149954,0.6378717443915222,-1.700095797384239,1
1.0374585637849598,-0.6974083339215628,-1.1287181732869198,1.1507662706496589,0.5205556330011869,-1.1253454707674233,1.7560643185181686,-0.3993736427221682,0.022516679484039966,1.7191144299271475,1.1035335178602232,-0.16961812104899004,-0.6970640209322344,-0.35592252589460105,0.6626797548991638,-0.32601587414113786,1.7985910597369354,-0.33667022838233207,-0.4172766610665242,-0.014074369004607925,1.3647358722038962,0.9315619154130864,-0.6469033343617234,-0.9670748586229654,0.40529855138507004,-0.027385847913596384,0.3678634828583152,-0.12914300726140368,1.0322996658739478,-0.6279281744550116,0.2947203217519726,1.0558752650265897,-0.6847624615545599,-0.6971144616877962,0.46427143241498436,2.3892379091481906,0.1509589238913593,-0.40121005621620087,0.17587816012176508,0.7089196581378242,-0.9677197875654157,1.1971538367510053,1
1.4334756287261192,-0.3141375783239135,1.4120017206209763,-2.232822823872028,1.183078913814978,0.15431065505039226,0.697107426067552,0.40274235165107014,2.819539280056872,0.5885584780017367,-0.4970157635909119,1.9184065095235197,1.3190186127892936,1.137999415407977,0.11099070627668162,1.3144385188219148,-0.40721347246631795,-1.6781879667845123,0.0432619680149732,0.18289004905639747,-0.7818947234420252,-0.330833577936547,1.3187029450799772,1.7286389453010713,0.1693918924121163,0.2992373772506679,-0.8867415772743598,0.33957655848824103,-0.6631971783027344,-0.37233723913915534,0.8850770752497789,1.0782896510802236,-0.7857353873566999,1.1607263880745475,0.7107488800790854,0.7246095441398571,1.507543307900172,-0.2033932876873274,0.39680388935585886,1.8756577197365705,-1.6482892008906944,1.1168533689915925,1
-0.68116494950126,0.03699786262214639,-0.9227371772638022,-2.3737360457010768,1.1386613798205412,-0.3928036196836421,0.4488403821137842,1.3842913539464343,1.9488371159685218,-1.2699630973321816,-0.37142228128852706,0.7467813359683695,0.4061606107255154,-0.2805433377378371,0.25576138387999897,1.3994916810251359,-0.5318652268508398,0.05360204546003525,1.1765370635350973,0.45407181248877065,-0.6539977400681818,-1.244754472806803,0.6246204260133273,-0.12133994676779603,1.4948661427396237,1.1825924160009622,-0.5194473789828521,1.96801986270046,0.7951425486036983,0.2573313790823896,0.12252389148890486,0.11467978326051577,0.8483203058445831,-0.5385051725239117,-0.4187603843743974,1.0648211959288238,0.10759911476720997,1.4198949538386318,-1.2933122166417554,0.7245379518190418,-1.0308825514930018,0.40315720837997404,1
1.1300474400190494,-0.4795181112000881,-1.4347876427073012,-0.7558897144582486,-0.11508405449367815,0.8039138527895123,0.23555480133456952,0.5827726121059222,-0.9873381577221094,1.0724142226904327,0.5675422831216114,1.0675048976013426,-0.11458983582199542,0.19433551499738372,-1.3002199558451253,0.9335813573415516,0.050216583727801904,0.9669487381609019,-0.41441059508790007,-0.8010307362288636,0.6292541232719856,0.4655403840306902,1.2888585940548987,0.23755902954332317,-0.9095730228126087,-0.2478579388579669,-0.9724266545373088,1.041544260009231,0.49102009882248565,0.2518344973697234,0.28363488888884947,-0.16965269069381397,-0.5632006707110633,-1.0515056207360518,-0.6974547310698656,0.1808573997173647,-0.649365933968132,0.011076583903712165,-1.8470222900424782,0.5691403975138182,0.18845739800833095,-0.4904781059026669,1
0.3582008294501871,-0.992364515191356,-0.02102079261097334,-1.0699823176308636,1.0924665543743919,-0.5347048762710563,0.30541601004217356,-0.18549612974022228,0.8213824340393147,-0.12675081237919458,0.8601083828964924,0.7255445860220899,-0.17819826650522574,0.8761078478932143,0.8920407057151192,-0.6957611518590661,1.268176810278231,0.2366720917320321,0.526978191773802,0.17237990638780296,1.2714092289086933,-0.22370194224022696,0.8531267791029742,-1.426290178864058,-0.21046921705324959,-0.10841246076019598,0.49997336535340736,0.09852476367374813,0.719123500830104,-1.199204479380117,0.7861638141808037,0.2907464629941794,-0.25047531820710334,-0.7143939698173609,-0.665252726755556,0.420073852915754,-0.39950631498032874,-1.457944263481691,-0.03388334888113613,-0.702665740880177,0.11945817743949184,-0.015931288588712702,1
1.6271535586559298,0.5657999593281403,0.6127146497336762,-1.774623468086139,0.68871651074646,1.213802944664642,0.0021303186883453178,-0.1815357583237965,0.7242039825367949,0.9048546231208129,-1.2846927920882427,-1.74522085762443,0.7614905908606199,1.124014158357752,0.07850437114030688,0.7639333240555503,-1.1767193274069312,-1.1152861666107354,-0.11490577544934781,-0.4703944973659494,-1.8756486979343574,-1.1604122248724527,1.0231319970241166,-0.1952879720316657,1.5332583575495529,-0.08496660746716242,0.10990719767157701,0.5601103934617783,-1.957612962624162,0.8249163127154414,0.011889578358850638,1.6914883456619136,0.36083531337082664,1.2336935771161572,-0.42242447194724153,0.20717052863865287,-0.8838109642902477,1.1764744298789456,0.3215447079244604,1.0938340113775544,2.1481236356290188,1.5566874084619182,1
0.24000504401837838,-0.14792949126244154,0.3263193274955826,-1.0905002619251318,0.7922682990607028,-0.36396095845018167,0.6379376229442998,-0.28583139503272065,2.1744283743560384,-0.13749671808343916,0.6020251351054713,-0.6844484168747478,-0.9846617765689739,-1.0905092804345622,0.24274066052749613,-0.8169607225196202,0.8703603995856942,-0.44365351736398906,1.433335485204211,1.5514742983036887,2.1773600322706015,0.5916474273223302,-0.6361368874545034,-1.1939396027054405,-0.030146694988400804,0.4801151764666392,-0.7981267137742206,0.8856277357139555,2.5251036823042954,-0.6250016965747796,1.9587497478366882,0.3105160434399906,0.6003975944499348,-0.2954266510135623,-0.7275613825646147,2.591083342770162,-0.1622298822719728,-0.11216201590437991,-0.013311831210336139,-1.1596685767876387,-0.787047749553943,-0.21898907970115133,1
-0.14570750189134216,-0.7255201416806194,0.30834379112354743,0.3402809133985709,-0.6623753359322666,0.1799672731358308,-1.1715706078217238,-0.36079456037921354,1.5805472358716193,0.04671793842033812,0.07476191207749157,-1.524021633544573,-0.4860460471377422,0.30369369467715274,0.8087140910098554,0.7688299548858923,0.1176482850965575,-0.08142622941131436,-0.5725283671243804,1.8622081575917429,-0.15130214129851727,1.5928931375024626,-0.7652994964115788,-0.07287234842245655,-1.1749523036859584,1.0513273942133934,-1.6685353922522466,1.3623712795334855,0.8837935016090432,-1.912827919971179,0.24764206718183696,-0.3585311639988306,-1.2522006600157778,1.129586108537602,0.7199943293403666,1.659675443187954,-1.0441536763722128,1.235776262210849,0.2784567272599176,0.3631492297608525,-1.129075555920012,-0.8035006979296602,1
-0.47642243180006016,-0.1256243155946581,0.5605129187401076,-0.16961708523561406,1.2614772582283376,0.9007360720467589,0.3818401691680134,-0.6028699682323985,2.024278506056926,0.3992711615928036,-2.054352542560149,-0.12269237579222836,-0.9703361666598096,0.3487516261680339,0.30244375829375253,-0.31156903395992164,-2.1676441758470246,0.5653893260434125,0.12087291213988212,-0.705715134487556,-0.2089420754003545,-0.5211211792088226,-0.6797873841755884,0.04271856496740787,1.0357212656307304,0.9140894586852092,-0.4302195021390489,0.310553333600266,1.0478085142415487,-0.5123618379718725,0.2066629437872533,0.5321866017669111,0.6878800149665315,0.3838096152995659,1.0800553535393376,0.18911413904418686,-0.8548478664004712,0.6831778878721938,-0.3661952174474568,-0.8371461795355837,0.4772806961955619,-0.26286365623376895,1
-0.3412089879609487,0.6936364994465255,0.7580297169790278,-0.23958833186211467,0.038437204609573845,1.2339150437298534,0.37636173034439696,-0.5622028311719012,0.5348783388139285,1.7115575111431993,0.6102139726405194,-1.2231390436582972,0.34931603594194016,1.1138388930367429,0.14373307540272579,1.5320699308782755,-1.1220433829201508,-0.6929131667855648,-0.6308709704135818,0.6398465249363862,-0.09357454980626655,-1.2090382393934833,-0.18054767088164045,-0.4334561841433008,-1.7058149741696684,-1.105038005321241,-0.940901747226411,0.4549893120205096,-2.0287839192434247,0.8701591257713931,0.4514720439435719,1.8266926491926476,-0.3431408226332184,1.6443707129539327,0.7235680726060684,0.616599576798965,-0.5288543143957265,0.3822112729293861,0.4646753800164505,0.1683981881408964,0.03104408984923103,0.681962302771918,1
-0.6917831012073757,0.7064587406617158,0.004715438503915623,-1.6846336422383088,0.8339100346419677,1.1730444083738496,-0.4114662420503183,1.1408264592692943,-0.8901011680299816,0.3460683074418712,0.9512986570915632,1.558553315292874,0.6662269585243409,0.26213450356441326,-0.5232387173178596,0.47198531745958405,-0.4833822563688382,1.8891427974804675,0.6837185921649587,-1.575212035151927,0.05309519221684674,0.8326023608629447,-0.9373509512240237,0.7532342088723014,-2.1084069895017095,-1.1466675220832365,-0.9443849257310396,0.6851621063287198,0.5330053435904991,0.309348770531448,-0.859702119543328,-1.5639818008151687,0.19382045721238406,-0.6255572682023994,-0.43277111491013204,0.09936571184908952,-0.4143488410901635,-0.5736176017116424,-2.3783849875692615,0.8935977296400306,-1.6339964683287065,-0.3152893972964493,1
-0.9007888835099946,1.1236940851889254,0.21698263816045096,0.8758380671169345,1.2360256759576786,-1.3248494458977935,1.1509931277319911,-1.1969326741730155,-0.8220932269614597,0.6471725323173997,0.16488178301992812,1.2152892732253242,-0.3096170045444504,0.9202811143815606,0.24560514886416326,-0.8313312391999894,0.8613884263683264,0.5493505494283131,0.3969058615158216,-0.6242193801413229,0.5696496356362194,0.25090059218354466,0.5305783792285313,-0.5219475974857994,-1.3503175596033221,-1.7947086979906546,1.083539124705843,-0.47461354356829943,0.6458073158860692,1.1490810773611355,-2.280387320171968,0.005382245739168497,-0.36413273768710475,0.03417373826244696,-0.5422842983362428,-0.7574885482354957,-1.4436947315806836,-1.776854014298922,0.4387015611699558,2.558381849063901,-0.6319053859798002,1.7099827496290605,1
-0.3359995798094092,1.6823598660229253,1.6516235942293236,0.23786160951961094,-0.1732400254200064,0.8584930701013667,0.7170163930724935,1.2163704320929272,-0.8769077155132204,-0.3433838332755175,-1.1127327878607245,0.49456557149202895,0.8829625120394322,0.14720360155290935,-1.6800960014704311,0.24317254813017614,0.3793657526514549,-1.2910826575155583,-0.6409549516889322,0.24998865616060947,-0.6894355853259243,0.1847542008516969,1.1405018438114531,2.4970743739850136,-1.559878664812223,-0.13105579689175215,1.1744740320816343,-0.6190373763474509,-1.0411039244424294,2.1278825063041276,0.6143494445812255,0.5774877783749596,-0.8439334817528447,1.1433219308619929,2.1540086995353116,-2.2255775858603886,2.1987781398083985,0.3316202795919714,-0.26140883286433786,-0.8843270287366788,0.07353834812283215,0.5318644517421707,1
-1.2349357600733224,-1.7728110997481454,0.005114118382660123,0.0036911410804290837,-1.2631145862226951,-0.2994270844665873,-1.1840262038854146,-0.9145693319069624,-1.547678109161303,-0.9833277572496131,-0.099247381117356,0.4367178037614614,-0.5863779832449316,-2.07729534639909,-2.0890146782022487,-0.8937388410243209,0.6545273662320299,0.0026801758690840533,0.14567933244262796,-0.6202419044571121,2.186108430913767,0.19089490340125193,-0.25062089852390107,-0.565820507092061,-0.6001032209265432,-0.4463616559687505,0.9224429440376243,-1.7843407183857811,-0.40283205827497015,-0.747478384815104,0.023919386104256923,-1.1665861220646874,-0.714803012255498,-0.6835117682367725,-1.0440883234723308,-0.31372052763968433,1.0791960600910349,0.12300322638949993,0.8152051040409944,-0.7496558919032192,0.32211015667677595,-1.2529343046415262,1
0.12789796386795965,0.9923111602815796,0.5934818081615837,-1.053385214795926,0.22214890957541375,1.4597092933994358,-0.5964109134766075,1.6212718619166344,-0.4914044147570779,-1.9688595214023796,-2.237141714494602,-0.022200722517242345,0.6871209086588642,-0.4025444106769583,-0.45486412643120944,-0.20945321518894375,0.48535938429374526,-0.9988371764583671,-0.36306306557146323,0.3217951296541047,-1.25680135674248,0.059294717669748774,1.326440207362077,0.9658074328054953,0.3196196972117676,1.5291354431535407,0.32050624683136375,-1.03242750190102,-1.2510607304554495,0.6540469552254914,1.4278539564341874,-0.22598367132843972,0.10205547145720067,1.0774356728937806,0.3659624684828245,-1.7642130335704296,0.78120899582687,0.06214358500288425,0.4826082880807725,-0.5663677652067574,1.152797801000071,0.17094997854274432,1
0.06555371950777346,0.08204556117990136,0.5201943997411946,0.023583130211758646,0.5815437281395276,-0.11416255038205461,-1.032153228900519,-0.5253029096953543,-0.21572034308150043,0.6687844008876361,0.13815841469381676,-1.5513713310399364,-0.40304835497806063,-0.18057400264819617,0.12402486951173962,0.38370493991673177,-0.263921861994608,-1.5226805917409547,0.0342190050570218,0.9158008840302829,-0.2938502588421658,0.792929790604091,1.0099655476928262,-0.29885115965268816,0.4195959410208064,0.546004469848466,-1.0955137240360782,1.2263480064924284,-0.0420894359627235,0.020254806400714337,-0.05085781440151732,0.09286277237457524,-1.550538155320959,0.9890284773299866,-1.1653208366823378,1.4340449799667698,-0.6229443824578632,0.8373057611097726,-1.3936567312066244,1.6689722785057888,-0.2860459649301013,-1.0049528009190443,1
-0.581690891238757,0.45841214186005913,-0.8136622351608174,-2.1044293077274587,1.022779867059815,-1.2072262329602539,2.4853456974219075,1.0781480356783881,-0.5243088752680812,-0.7401995520721831,2.5063716076645957,1.710215173701257,0.6824088515707467,0.3226491560810459,0.599851380076717,0.3166923348500251,0.9303818156700794,1.3567992525590418,0.8111124078252695,-0.07464673598850038,0.3631184454590187,-0.17283297934595251,0.48636295312149364,-0.8457890781097986,0.7223662484918684,0.8834216197805509,1.4561430674588791,0.32287783883975973,0.8988374708211652,-0.13164415495887075,0.26796475854132357,0.550468883506197,-0.3628515677427699,-1.8568369118801495,0.3224305429975988,-1.0425233248353605,-1.561872619197089,-0.20580986799433487,-1.4662190231258276,0.3159298063467973,1.0768330148295162,1.243789484061779,1
-1.6966437434518797,-0.8358094449188446,0.004222238529824404,0.42205588353446266,-0.1723725889563939,-2.0082321038630377,-0.1384357884767464,0.14832727034303658,-0.5729342786558567,-0.6214530549910263,1.448740802908896,-1.3720969655723665,-0.6417373593062113,-0.9477645950249546,1.062154033710762,-2.0572752580784393,-0.2041132672367816,0.3851988005867518,0.399567890648735,1.8829849993883698,0.9730718445485372,0.533909105426701,1.6355118253952685,-0.8040415098890912,0.11318899688855394,-1.1507242183193958,1.526003422660552,-0.7342902186718798,0.10244309394595241,-0.7720191217867256,-0.3202712006544422,-0.3660240713307286,1.199915396183683,-0.5573008431224026,0.5053945981178624,0.3935251337445784,0.20580060998469116,-0.6874342204208689,0.2622255331467372,-0.0291598114593683,-0.10353990645317343,0.06061581226876747,1
-1.9805963185367486,0.2862756318721613,-0.7401148888993064,0.6398077912246348,0.7004204318587691,0.6422936001069399,0.12114996736199383,0.4312968492659359,-0.644948743841929,0.6151542788782639,1.738910314604754,0.937615590938312,-0.6129948533110323,-1.434258079300648,0.1415462452758059,-1.521233370201207,1.6788368520279324,-0.486353716345455,1.1586024448696928,-1.5406315712667613,0.9317948854245135,-0.2736075560011662,-0.28945391012852123,-0.09287198582632114,-0.5011454757853838,-0.27587027823364163,-2.2411314545127294,-1.4049260245302282,1.1211015767269428,0.3324538504209271,0.6831618372506385,0.5212778793839608,0.9960654967156745,-0.5246475940330644,1.3418168197382647,0.6707723133439567,1.485066953957996,-0.18162629337295005,-1.042273098826448,0.25588295931693794,-1.0956485585634566,1.1356784095962738,1
-0.7336212550041422,0.62703487592262,-0.915291230428567,-0.7513907734991989,1.0409785987893143,-0.6570051548786334,-0.41839422616314664,1.431271126428961,-1.0921933643281172,-0.9080301409379303,0.8504846854214507,1.8485627177911976,-1.0730415108460696,-0.27622732664056765,-0.5463993159319508,-0.8701670325148354,0.47709490688354983,1.9377727267833114,0.6435910746291714,-0.6508587747556698,0.41789582086868726,-0.07353159106313018,1.6066627568061518,0.8794887440086976,0.5507513078940119,0.321416776530806,-0.05365227833857684,-1.4296289608491173,0.8777680266710889,0.11930112552374686,0.9975425922809222,0.28238776433641366,-0.2996313509300226,-0.9087054558722284,1.7186955718117845,-0.5408398061867459,0.4018684756993432,-0.8889489229835585,-0.7106841876285728,-1.3843064926110507,1.3931989503898394,0.35823048845634137,1
-2.2085215134256746,1.1829753569302304,-1.6052265949563405,1.2859137578943138,0.6950924315916317,-1.5400868436714787,1.0720808214829425,-0.16566906580569987,-0.597383063960465,0.6200244811971153,2.0137235320844957,0.6872037043181544,-1.215073683196413,1.6110216139868347,1.516130590875005,-0.6451679598907581,-0.3124310090930485,-0.5440798984370055,0.42713111451219327,1.7063034414378095,0.5912333867993455,-0.5926111806429658,-0.033949806867085444,-2.1348441302583163,-0.03192452388202307,-1.0447240160364677,1.8116067516694916,-0.9277971287879452,-0.05649050893617213,0.405987563521766,-0.30415382186239714,1.8783422781703984,1.786209617736261,0.9745431243551281,0.19249331554623375,-0.3186308690139534,0.6333566214298916,-0.9892781152350547,1.226344655289752,0.1368455218952745,3.7912941807906546,1.9743294005210175,1
0.6523483157965295,-0.3814616545233414,0.5710473304146564,-0.31990858077427037,-0.17881248246293255,0.5815951161536501,0.12682813377704438,-0.5847362199308581,0.5483296216446037,1.375488645887531,0.5282544122505296,-0.8186494246541359,0.05588563032103987,0.10775943446968284,-0.1157830252549184,0.3090993993690819,-1.35910877276426,-0.6952359371920451,-0.010298177646845742,0.35807442356032854,0.19521406167058727,-1.5240420946028588,-1.5982083079435407,0.20188808272798237,-0.272042702353116,-0.7903659537898575,-1.0825236888261247,0.562904563293218,-2.034839592305514,0.06890272173836764,0.5144199608158487,1.4753200760626828,-0.9647920002954449,0.22350190056841532,0.9818535420085754,-0.021040766910701208,-0.23267777691309732,0.41537553821355677,0.18031447080295823,0.5267096698204986,0.4734160775524083,-0.3665088213712374,1
-0.38597973159478544,-0.46006811515631413,-0.22688581339566963,-0.810473587351359,1.2173317211577896,-0.5432844673622786,-0.9710637240324592,-0.7724653411672155,0.09140478245908605,0.16493504549737223,0.39550327002329644,2.218958695548416,-1.3493139104321181,0.1735937658870699,0.4304565360094935,-2.1263488232633594,1.4947460936784172,0.6453118421878672,1.1060977294872214,-1.1254919757143298,2.095354848707992,-1.470629920505616,0.17451242853258198,-0.1350550036872843,-0.9094950212783856,-1.3582360875344344,-1.4059819620925755,-1.5311019316494958,-0.3649796677525794,0.9381622733296453,0.2980967295007478,0.6036571301103208,0.037424152124902056,-0.9883919862089849,-0.5923362225427413,-0.5104551126900418,-0.7184408867555061,-0.9899763718188892,0.07822796987918011,0.8252108081158334,-1.0853677068826773,0.2721224414250257,1
0.9197738505222994,-0.18273964179324687,-0.965310128176183,-1.8877779667814432,-1.465150895416927,1.516635034274402,-0.21304539166204559,-1.8683239250308534,1.5817156834295105,-0.5846696670481303,-1.5798501800782656,1.1310801215311312,0.5773336143700555,1.1356341510841013,0.24964923029719463,0.9832307413103774,-0.3850453552961648,-0.6654787737508031,-0.5084640539123051,0.00923179659187125,-2.9553024921517714,-0.2280363586652802,-0.42757712898543015,1.7409258850142488,-0.6976553081530587,0.2255439222953904,-0.09559383776094094,-1.364327497820947,-0.6045991806056245,-0.08116970519094407,-0.8111978999767809,1.2371466777300582,0.2536970189228953,1.7193568726210322,0.6028774488874872,-0.4255141545721715,0.7834245943656747,1.6781942634593234,-1.527406864772161,-0.5590815297050782,1.0595278443647893,2.329036019054411,1
-0.44751971311117905,0.7935596494765936,0.9513396277306485,0.9145204948750915,-1.5874043545904997,-0.6417291763718567,-1.0065189742781686,-2.0795886978077913,-0.709009818174564,0.5334093481068699,0.5668937329951165,-2.0176036053462485,-0.8435133721801463,-0.7366479781087523,-1.8062006559566683,0.8823366861706147,-0.26988641496725563,-0.21947000955123275,0.4974415880884221,-3.5354339212432597,0.16763129813421712,-3.9280832496068285,-0.4686696878974607,-0.6814751695416544,-0.036927872674538856,-1.0516562090529604,0.3725811567449417,-0.3064491738377829,0.09022543327871844,-1.585319328301979,-1.6825117753801881,-0.39738689009210537,0.027974160069493548,-0.9243826903222712,1.1641380146916966,2.2234361340381783,-0.3624085658274872,0.437233598388152,0.4161323461483011,1.2656560504263483,-0.09109771144135337,-1.6169814365027626,0
0.458224602888553,-0.038504195957945415,-0.3157122798935203,-1.536683417824443,-0.4682274962398479,0.9133522750045147,-1.6842761147622323,2.071567445244306,-0.9231239112554802,0.5490448706327961,0.8046060710009598,1.734818566129415,-0.37051535500031113,-0.2740459121642044,-0.03674612996301762,0.6591260611634109,-0.9986068748883573,0.7336964610837955,-0.15202208796455785,-0.1883086342212484,0.9817598023835077,1.7147036846588444,-0.43978105049335314,0.798229167366177,-1.5960217134633818,-0.6699722010655291,-1.0188419635715307,0.5676622974755328,0.8284320830270699,0.738943848606388,1.1713844722831726,-1.2841388467516808,0.7906673445287998,-0.03814958574390476,-1.2351959933094991,0.8250327435336906,-0.4676303297497467,-0.20855467003227351,-1.350062163235502,0.6596414988841754,0.02492994986024462,-1.6743260751996378,1
2.628386763770961,-0.8521668336101833,-1.6470546457377302,0.4074751514816941,-0.7993932562769829,-2.2100406300323807,0.4683991003301757,-2.408149279383816,0.31673884328187407,0.7902790626491168,-0.08498155063496739,0.9758828281435323,0.6844871936741153,0.6135578416792925,-0.6131154035693039,-0.17505931397872362,2.115987270627086,1.3737691269171148,0.528979444990041,-1.4764231752634482,0.11707889147155418,-0.10602639979887914,-1.524705551571332,0.2873301512370548,1.020245170928664,0.2705767369264422,-0.7769140532154462,1.3104627551864638,0.23054212162594173,0.9441873204007724,-1.7769275789842454,-0.6298770273620671,-2.1904584414912804,-2.4560802619820907,-0.6528585749193714,0.38941780730093783,-0.12331143225835836,-1.345213073462,-0.7746551321881411,0.4141720576421906,-1.3754374232672313,1.1593997559561449,1
-0.5638141419701831,-0.038971433776584775,-0.04722694409338857,-0.13486728797822214,-0.5221258654448985,-0.461390719140396,-0.27348165876957387,-0.8362284855087453,-1.4331136044690096,-0.45471179594722044,0.29146112553527714,0.3857747673805878,0.24073991842466425,-0.8851246512515151,-0.21650327303706737,-0.5987365375097762,1.186732744587589,1.390198696805002,0.994367929410797,-2.2648166421217684,0.6764240641742709,-1.1988638299893943,0.10040124513337864,0.3399134688656113,-0.42868757259609563,-1.1309715704175245,-1.7440552137854088,-0.8939177368652966,-0.7409920753568963,-0.9182123600558262,-1.7094490084283371,-0.8873741932201104,-1.9957311036477297,-0.9606831818665231,-0.3758919870593501,0.18125734701387275,0.27847308383797714,-1.4013802830616648,-1.096364039220175,1.6002411524360558,-0.10477153586067735,-0.017623208004890402,1
0.5884225436002117,-1.1790787352161625,-0.37837196671343026,-0.9507998849066974,0.31223291981810614,-0.726967776813295,1.738584372224998,0.5529253055312904,1.3417131370427429,-2.575510466964395,-1.1352145113821561,-0.46427830953208754,1.6279191692443549,-1.3256190879453027,0.8741778154701694,0.8011875825775671,0.7916439349988199,-1.107757993636506,-0.8739621588212758,1.3332072341422572,-1.6009052245375022,1.1676652396427671,-0.3918304781274553,0.26908193962856736,0.9855765007249476,1.3282471649093106,-2.2613625865193785,0.6595809350911953,-0.22601438298832785,-2.733739553920251,0.8838621465103766,-0.38901524044724123,-0.1285596064912133,0.828435006608141,-0.22868325159889344,-1.4429016184845025,0.22813065897043375,-0.38050790453969086,1.6870489212930917,0.24543416854858724,0.30152848870251575,-0.8696609266375265,1
0.1431503360140881,-1.0389068877755572,1.402373669825751,0.8005603854952281,1.5830382540220242,1.0202562516651215,-0.49479845572838205,0.37526186186773,1.0303871548243977,1.0037842641674763,-0.615208025481831,-1.203640804318645,0.34349139858490474,-0.3031473001575352,0.7516470124979255,0.5847089075068829,-0.7722304833489617,1.332317171842732,-0.5590996026251457,-0.010161407288425251,0.986406425403529,-0.393318125145376,2.5038966626383496,-1.6705296829467533,1.525371845530199,1.5845204088950269,0.5289372578695053,1.7955545413529133,-0.6019105271821584,-1.2664805513728519,-0.1708458807998251,-0.6972678110179641,-1.3791747403970203,-0.5614557855458611,0.24554782754427545,0.6341493775829712,-0.9386866991669026,0.45160078753137106,1.3546562596639287,-0.3007356701909249,-0.7391972300523303,-0.5518209425440032,1
0.6142939798372726,-0.18868662263465072,-2.098242699268707,0.4256643607037539,-0.9465168645192339,-1.1304017682418988,-0.4068458352352925,-0.44296155182279645,-0.9304357012360043,-0.8121568051046317,-0.8730564406707589,0.7208836413435793,-0.9614315058638456,0.5362216188346104,-0.850704253220202,-1.0524011464931482,0.2070768716579914,1.0881338514313015,-0.5359510734461366,1.0502745195300516,0.30937064219619764,0.09933385645126279,0.37798877658379776,1.9489756227276527,1.4318667927482551,-1.6201351691197612,0.6944733269618549,-2.0718079410956602,-1.023778243174375,-0.8284825471921026,-0.815759827848247,-0.2536203790425992,-0.7420109202105999,-0.8613687947482183,-0.5541248400932283,-0.498113754656593,1.7227409163789786,-0.3831391124135694,0.7018921580268768,0.07578995776895538,-1.3596144354991844,-0.06857971559953324,1
1.3274630443178288,1.9195969515422082,1.0449602624469143,-1.3529964907141119,-0.3670409431340927,0.8206294344186735,-0.1694694466954858,-0.7420823923496686,0.9484571590569437,1.338533235162586,0.2775574016480977,-0.3322450003851982,1.580642259243113,0.12697192943661365,0.6546325791561605,0.6790700016413632,-1.8770710015581602,-1.1094408836497311,0.20082756619775338,-1.2909317996286518,-1.7055165447340805,0.612894313339533,1.2141473510524994,0.5983819764511007,-1.288031185770002,-0.368839356469422,0.2913279491603075,1.1888476625888658,-1.3073643290236838,-0.3627905996672299,-2.2496512288987747,-0.4353656931906269,-1.5402727592230974,1.2022556283328443,0.4229932188367347,0.8562933383913999,0.5784438522114789,1.1717670791701247,-0.5300277146906871,1.6116142853458646,0.06340266218271169,2.2116213571422,1
0.5534548659519397,-0.8274524196691494,1.101228877384635,0.25587083826869916,-0.16206659215390412,-0.07680707077043467,-1.0932735304460324,0.5336847108854099,0.046057645733787435,-0.07143537343820162,-0.9499491186933382,-1.7093883121126983,0.6817339816786182,-0.3358718262322297,0.9724458854859108,0.23987573351483393,-1.4260725266160685,0.5199860295316567,-0.7785600254715428,-0.027328151258642193,-0.6416630988206208,0.9429185205365914,0.5394006172421077,-0.6880866771300426,1.3272115281444827,1.7335852800800122,0.40687060826707416,-0.3429598246956957,0.0016885452352601966,0.5428895330568064,0.3727312655667724,-1.8443028247320488,3.0924079276465823,0.9056375108041782,-2.53181575684235,1.65717453035325,0.9929962641534369,0.006028913163563958,-0.334906403612362,-0.7230170537680642,0.9707059023859443,-0.9735201975973035,1
-0.4789929108777302,1.4935431197445086,0.15680033118526138,-0.6143352342302106,-1.0743087228456216,-0.18507341260636778,0.8339220234140171,-0.5402460655893967,0.8376231501150637,-1.607663152234868,-1.272702090238973,-1.204274386688593,1.240812874401158,1.3729552880419884,0.5591148003851023,0.5454115442551678,-0.9636817268945939,-0.21989380889320917,0.7694360705897628,-1.3086875658202966,-1.761197959068763,1.4382387528169942,-0.4196515224553108,-0.05923307276924073,0.08083912434882155,1.5803819074498877,-1.4720166159073262,-0.3307984004153119,0.19492951898370472,-2.517677030624977,-1.855132289299705,-1.5003557489356867,-0.22674614364612825,0.9619034410710126,-1.423990523916687,-0.1639456320923533,-1.1249457226456407,0.11094181487671687,-1.6888834588072599,1.6328962128753155,-0.2795922664283518,1.8530472084687295,1
-0.3476233843933609,-0.5009277108546287,1.2643362036283206,-0.6713789637658233,0.8076284414049465,-1.2669863328864697,-0.959410883121245,-0.29435893105742295,-0.0314882332378011,-0.4212562138776233,0.3735805691446156,0.48461702714222055,-0.0091635243730862,-0.7047934455356244,-0.3669938222494227,-0.8239661348311424,-0.5291313943644803,-0.6434315741323636,-1.0883828739528993,0.9855118137865092,1.155448621787888,0.0549498681827679,-1.4424932915667035,-0.6239857892456283,0.014210040216539124,-1.4517937685114954,2.3426976350467545,-0.8192711283017448,0.24898646466213895,-0.2259972195995556,0.41283443422750477,-0.8658891961745877,1.276070664045263,-0.23099275854599918,-1.664128156971667,0.6666749894669677,-0.154873135977813,-1.7553837579325005,0.45884217739904176,-0.7046628933426354,-3.3460489947528127,-0.2061572498708245,1
-0.7643907519888973,-0.3932858133709469,0.5125738122461267,-0.11236871710760893,0.7719176671319686,-0.9144699255055754,0.8539484491114575,-0.979397081702308,-1.282160768015735,0.16814971506783327,1.3256644750088409,-0.42907024932510224,-1.0572711782910036,-1.072958878929076,-0.35521924893878426,-0.9016887266998518,1.4739352488905628,1.7023964443314632,0.7564041964851586,-0.5947015160700567,1.6611670769612936,0.7066873119337987,2.5085714848469514,-0.011377005647884037,-0.5849437315583729,0.33672642917122436,0.07362432118500983,-1.5105695999118764,1.581723105956709,0.16637053992149334,0.1694620389497338,-0.6304388591150725,0.13942225045641088,-1.1803114344966676,1.133645773841915,-0.5172083531531323,-1.002451205373458,-0.2595333551988277,-0.4208842713702914,1.2224500285194944,0.8419984685405593,-1.1132201717186467,1
-1.8320620776221332,0.27951692834536,0.050686265180262986,-1.6504779522365083,-1.4679766682381428,0.05774879133632029,0.5303824633297208,1.206950459432481,-0.9118631456166267,-1.430501678604211,-0.06108927577751967,-2.3148276461349,1.7480389393447635,1.1363670670959134,1.2225887252298466,-0.27653436571540496,1.0545059617350672,0.3058410210640377,0.5154589914591872,-0.6897729147765925,-0.44738308929014775,1.5138340835626403,0.44820246349634657,-0.8317139002597405,-0.03270136671032089,1.6754503348309167,-0.022330539721828083,0.37006739476264905,-0.43971866159900236,-1.0876617892600464,-0.42723982627747525,-2.004529022449379,-1.1246658387401836,-0.7204198401869043,-0.15221341453772388,-0.18039747971784997,-1.447798319153866,-0.2533591544882342,-1.1597299305389317,2.0851234197002926,-0.7982399354355483,0.1372881952141153,1
-0.6557361954420106,0.555852872600888,-0.9062899552476489,-0.32003043447941415,0.9890627918772975,-0.26096937923909413,-0.6389769687953369,1.7570231207918576,-1.4036256303161028,-0.6780227419382332,1.9275937746090313,1.738356178211994,-0.9763297324232333,1.1483878986640006,0.9742960685993393,-1.1584702734337626,-0.6192494655036396,-0.14131395628601062,0.27129364876281775,0.27870400538545964,0.05643613237684638,-0.6029915388392154,-0.9938180407446647,-0.7410783222918691,0.09809971958677614,-1.3404470935955075,1.318519825758829,-1.5508982678909153,-0.008895132072834539,0.07752292034607478,1.1361487001177322,1.0280726499122654,1.8057136822909372,-0.269085651445657,-0.48323250898334763,-1.9661723244331761,-0.6800334319237868,-1.291794768708592,-0.18047925641646603,-1.4673566619934097,1.67734993498375,-0.019508808235457906,1
0.6282029896347829,1.066318813162064,1.102010784944009,0.3112930081303343,-0.5296988259211524,1.4307247068226332,-0.1361292197828589,0.35196463034283987,-0.7822382135780113,1.4476946583339052,-0.29935787016166415,-0.8404635268524705,1.4888145591440807,-0.002261488384724861,-0.47780165847258094,0.449776533301927,-1.7786319443230771,-0.6951670272038528,-1.660682822308786,-1.4091044833256152,-1.297320853914888,-0.061342230705491343,-0.28794596321423355,-0.06468672000770315,0.563667732130091,0.5366258865824823,2.077842530115751,0.49374569033627097,-1.047973745665013,1.0645922610271483,-1.252745503367085,-0.7450347723549048,0.3141605076099601,0.3956624461412972,-0.8048126625714893,-0.11618616641393131,0.5218817717561713,1.5542845307389017,0.5263448300518978,0.5099419960642134,0.0670754772172761,1.0201545030089727,1
-0.8235345144978193,-2.0047142316457296,0.634765717630824,0.4952096747040099,-0.3066304518819204,0.580621028695878,-0.1261131783500203,-0.16158714121949955,0.8139962262488527,1.2914272300202054,0.0898235438148296,-1.5338443518134735,1.6617764581822159,1.117877132886527,1.7719073336384448,1.6932318696963298,-0.012989663476279181,0.7468524296885742,-1.1487133818155013,-0.9265291255698636,-0.0776949782221901,1.1968365576555526,0.3966424426992477,-2.3770805639172328,0.18269839717933703,1.0694465768406336,-0.0978077309636579,1.4448700937582097,-0.4283914271130501,-1.6492897712097374,-1.1888826459132154,-0.8916126458112413,-0.4490803441295428,0.5521786291115635,-0.939436918841743,1.9313286346462246,-0.7630534459979266,0.2283315715600788,0.0973084271477862,0.26837364842689776,-0.8874510151282995,1.0295576213521473,1
-0.9692677778336406,-0.05381519106974823,1.5308782084570332,-0.9501076116826241,-2.1226531280303895,-0.5421435213010465,2.098698449797139,-0.19760365957789836,0.03199821707910335,-0.9863232264778237,-0.4880513313760989,-0.42312611417436957,2.1418328265448734,0.14609011081045187,0.9097105646659793,-0.17829219823095585,-0.8266071346858752,-0.15117526809950843,-1.7262645516964437,-0.5235347250095131,-1.3855956538158543,-1.158528057343495,1.0610988500325393,-0.4671184372882909,0.9781725060884247,0.9858846295055343,1.781933876766333,-0.1669606929447051,-1.3349122874907633,-0.2719764375721309,-0.7597678247248868,-0.06484232584216962,0.724747385543148,0.07992707065586377,-1.0117322589341646,-0.6269135345535368,-1.9729026690411429,0.8932031048624502,1.0302996367126014,1.247329000522608,0.8498497004513588,0.7107758626987011,1
0.8549875258336315,-0.4721687332426107,-0.018100040795360935,1.175345388248212,0.2382012519113431,0.6077388607644924,0.13995739365901358,-0.3992155337302282,-0.07894743617624542,0.11653369593863487,0.05282214706276867,-1.982034772807996,0.6976675988724079,-0.49035650392822344,1.2847355876730726,1.4317941907577514,-1.1213444591740565,-0.07711252955498983,-1.9100245205458446,1.4984096963544054,-0.730241250745639,0.2885586117955515,-0.0027254053620830577,-1.718102146142382,0.43245412419195794,1.1721929689332398,-0.1775889611081073,1.13987861037087,-0.5699074976527587,-1.1840511876876636,-0.29058085901966385,-0.5456198318627071,0.32828049204070214,1.1310355787711335,-2.220525749535955,-0.11838967469152488,-0.07631173414356343,0.3782669376295066,0.08389927015697327,-1.1405908790770984,1.537193797930326,-0.7873437138453029,1
0.7351911366470755,0.9014816500328623,-0.28838774851431304,-1.9996938999084453,0.7267021477210736,0.4287708478546738,-0.6028347252066583,0.3459917181582014,0.7088811992629399,-1.3343691471055878,-1.0641553752098287,-0.14198768535610554,-0.44159348415577493,-0.19627948465841058,-1.8951207698239185,0.6833350253452146,-0.3078635790919115,-0.7901988951476994,0.4939360363042066,-0.09686434842899472,-1.8828211092594889,-1.558499198940639,-0.9756363438507168,0.7972966360135565,-0.5049673099692082,-0.03442705951999973,-0.5851896313583781,0.24324625662507748,-0.12126132384261083,0.07556318876556291,0.6444976381110742,1.1562357124562712,0.8787050617263323,1.2673941036742196,0.36152980158248227,0.5252757497245628,0.4316194809203189,1.2837983442658936,0.1453373147655635,-0.4472109472717742,2.0788554480613626,-0.11116079385468502,1
0.8144333200742726,-0.19649469484188456,-0.08906404198558418,0.36262766080972975,-0.9859174819768171,-0.7536930464333941,-0.9352880172733107,0.7767849359343362,0.2821735923454872,-1.2717023233306435,-0.00419690653838468,0.026633909530597962,-1.2523087105319004,-1.1185050406187482,0.17404999071196545,-0.6114713087917212,1.569295364663681,0.9998672052185769,1.047256375642935,0.041569137395120796,1.1010490208370456,-0.4282351070703736,0.03562728335368509,1.1663587678439145,-0.15027387747762325,-0.9814080443699843,-0.6877398207875683,-0.2826896544763622,2.203774935753859,-0.6166154918434171,0.08979874478914711,-0.5864111293497909,0.26946527222103983,-0.912447164059527,0.07923844938625729,0.8312029288455774,0.8066726394397077,0.029328783257460876,0.059061815096454584,-0.6731789268596824,-0.23557261645614203,-1.149389515114161,1
-3.4965126833385596,0.14499872670776523,-0.05620300802209227,-1.079723237261994,0.3838141738684496,0.6702940212320659,-1.5979272039851173,0.06835255451534987,-1.4399991942889714,-0.17660960759319694,0.15021180330957434,-0.42775348886747394,-0.45618036983766885,-3.567638785180998,0.43477036000661423,-0.3402780228804406,0.7911985792258667,-0.2695001052535175,0.9293475726436584,-0.6235124801966454,1.181436335383025,-0.4755076005428363,0.7439212711421246,0.3686412336663965,-0.5501739159649305,-0.31786493324756626,-1.537528070427134,0.7730546390281079,0.23003889504542743,1.3148830547283055,-0.2226910440270615,-1.5915916999464517,-0.29149108803102103,-0.9449604180180341,1.8762313474381394,0.9074615344433464,0.680637488471755,0.5466404419129701,-3.06220725687504,2.036796696756122,-2.366277913670202,-1.858848059612437,0
-0.7392444190726981,0.3598232183645003,-0.36103749294259274,1.3423345688794157,0.9687159731210077,-0.6946333339631601,0.5106404409161052,0.2175474676677573,-0.9883316315562444,0.010722222158633986,-0.05975266307733769,0.5165162463496823,-0.8367485933132226,0.501217191455849,-0.8232933754953005,0.028840992076111443,0.6178716815271967,1.6439693500756645,0.04007896780436263,-0.43151123333433683,0.5239814446885159,-0.3933650768611868,-0.0407904442954952,0.2995508672153052,-0.6812951786800329,-0.4151245506672273,-0.0012677755988611508,-0.4850330907724164,0.3673911938112452,-0.28145651924230225,-0.3229563887800711,-0.2896436441859488,0.15436980071109005,-0.3362546863072524,1.0782090816891508,0.0019141664731331179,0.44299336039065496,-1.3310364840779259,0.170159213290733,0.1428070996421782,0.2231619721431336,-0.9733682053363129,1
-0.1586226694420654,-0.04934900666694166,-0.589100344262919,0.24684594007427468,0.473622440086287,-0.994647336523197,-2.543951793222733,0.2963420977467659,-0.9297468708269978,-1.443486205821582,1.474041910416011,1.3895632527977713,-2.317724202789496,-0.7306464953349796,-0.2361455208182842,-2.005715850633879,1.3860162175797368,0.0007733219011025621,1.9753205154773121,-0.30120103220704675,1.1322417923009633,0.34932315640758144,-0.28678751302413474,0.38524438963755514,0.6795649358330862,-0.49343596426176817,0.6819296875454461,-2.9691159081783165,1.391867965952318,-1.8342061062175934,0.5487205860543833,-0.808601666409754,3.4754337773434716,-0.9005102828218919,-0.1807892408660195,-0.5497429027244445,1.611464969591088,0.5512845904172865,-0.9687800234601611,-0.7292970937712412,1.321964910940739,-0.6614140666009075,1
-2.4046608536443865,-0.1509450501962642,0.8357369389994083,-0.260545562601608,-0.3805939625397802,0.7466097351776176,-0.20400502370522589,0.6677488148893619,-1.514813060512326,0.4345277945840185,1.4194306964193328,-0.12992002039768774,0.13563561616235412,-0.8516536677469719,-0.3878611973312259,-1.6478907609478473,-0.7982682171370116,0.18742987273964545,-0.14093030562927852,0.44185323444955454,0.6005214441112064,1.1542360670214535,-0.24508384051884324,0.14119626584670317,-0.9473272898304862,-0.8484806887844,0.7154741427384538,-0.8197356401877026,0.453098891938081,0.2563204329107997,0.2369005529434095,-0.5904136496436572,-0.31124467559948943,-0.053539819962521926,0.597393041172431,0.11738286459103299,-0.03203917038625389,-0.6092970960483539,-0.3622119260600883,0.5937618988059498,-0.6551895041948839,-0.23460984324464135,1
-0.40948914617103277,0.040216201944743166,-1.7645005686833963,-0.05317773874734837,0.38641229395091437,-0.9024291034879041,1.1906494842678583,-0.41856478287131055,-2.1845888745256383,-0.2971506777822598,0.7096473688710384,0.7705588667547202,0.07040327536662785,1.1769704365246088,-0.8171781815273145,-0.4112872241089126,1.1597209278701388,1.6194346182351531,0.532438284504702,0.10673806352001451,-0.8214421759078673,0.44306822840851573,-2.0978610820454904,0.7728070221611992,1.2045851185762881,-1.2823675475821503,0.17209274039371042,-1.6419530882388533,-0.6223923339526294,0.1271751119648874,-1.0701015880662648,0.8506654792376172,-1.5311874016007025,-0.8341516028173808,0.3546459205184492,-1.415912782968146,-0.7767060442512643,-1.835292328627963,-0.7384838285826408,1.462644231507883,0.5149338940939097,1.6335447274059183,1
-0.16749083119981872,-0.029057785620368266,0.30551333791289725,-1.03819314183664,0.0410802960517506,-0.8041921836519542,-1.238282625305503,0.8236428330440224,1.5855676747923908,-1.5802591218353694,0.790930534581112,0.4988499656794703,-0.03907856589657054,-0.6094164206012328,1.7128012210951633,-0.412594428722205,0.21457656385247617,-0.4716585056121131,1.064304727342528,0.6909681530865919,0.914667074299312,-0.013159208978566,1.3806742351428059,-1.863599237510928,0.7108589115928672,0.679386795246812,0.6742428973615114,-0.1693090030606858,1.0646747859094554,-0.6732351428393533,1.7461613941305616,-0.26679499710006954,1.417199936970598,0.2901778861036102,-0.8077061376986485,0.959995744357181,0.8368215581513345,-1.162970861464654,1.679094787704466,-3.3445079500021007,1.3791512730128421,0.3382728292739656,1
0.3850361339875779,-0.8487524821656076,-1.2118433146981278,0.3736390023275189,-0.3909468337447161,-0.3352497248959525,-0.06060207326916449,-0.2367345205528669,-1.0994759105865048,0.6913607382837512,1.2936193485906726,-0.7348635463865786,-0.7946388115988985,0.09695759113298179,-1.2781819348748698,-1.0361678925636224,-0.7869059878642671,-0.14114751679537504,0.010321701054463348,0.4802304997511871,1.4341087309801597,0.19785647398495904,-1.656973192587981,-0.9520868272015832,-0.0949917951728566,-1.5854345632222262,0.27609223490318424,0.18792121478197082,0.28963901227954497,-0.4178859017301512,0.42950320276948506,-0.15317587532535884,1.404956416447442,-1.3736829787577345,-1.7571730732464408,-0.3933012585590785,-0.2847595470861367,-0.4622128529514556,-0.83014412066455,-0.8522020498084999,-0.1026019706000599,-1.0449721788608581,1
0.2586231767266792,-0.4610146035023009,-0.4737940120866247,0.614802810635564,-1.4369330829682627,-0.7105200421717088,-0.7423707015844299,1.655137966191108,-0.22013500494222085,-0.14129908660480142,-0.3746639080110703,0.7510314295429681,-0.9978822101665823,-0.021362987132165414,0.12626968880318318,-0.757483842121769,-0.02972318869568773,-0.6975201353619012,-0.5995020315487459,1.6922757460182325,0.6864072883731243,1.8093529600999159,-2.392252587478306,0.673025915075227,-0.49684665514194043,-1.6491169409539879,0.8537777100528846,-0.7341462312332506,0.4360054976611088,0.7385878024590924,1.0502274591224567,0.9676522484787582,-0.29596799783305777,0.649059510972799,0.4726109316606915,0.4091245900664759,-1.146094814259076,-0.6062232762349745,2.3800342620161,0.11326227154234916,-0.7112140436924154,0.9350968519481739,1
0.7530606477280479,0.5030986297015739,0.3818460773996216,-2.9031428359089673,-2.1474327694513193,-0.2790643022491323,1.6055682836769756,-0.6928934674169174,0.03130174496414309,-0.8688861116705165,-0.050746022503580505,-0.4071110727486863,1.9366876749140167,0.7608584299745755,-0.8401008658040994,0.10865936669386851,0.5262331123938399,-1.3696168090426846,-0.0020319371705636033,-0.40237013877194133,-2.4116560151837936,0.282947687920325,1.6036145079693365,2.35693210671688,-0.40547422890208074,-0.09603928840407161,-0.09377681960745243,-0.7336794143217964,-0.9850189205810433,0.10252504108525722,-0.529438842508807,0.6278064791757022,-0.38115659097840354,0.5190587859346344,0.43017801881168133,-0.8855903015559681,0.4662769144806986,1.3447731962301253,-1.5695993643489674,1.985324157192023,1.0612910139441474,1.552435085654185,1
1.0808749581781534,-0.7974912612310727,0.3028514259499233,0.5436823182075681,-0.23561390068229127,-1.2115522819286535,-2.0651145046919375,-0.24920087579779196,0.0885461350397351,-0.2500174972443187,-1.0431993281439278,1.2042572112078174,-0.6327418143013017,-1.512464250393804,-0.6244291880642856,-1.6601652944994574,-0.025346016838965084,2.543744438790403,1.0121369736390273,-2.7636567633001756,1.1790770189423967,-0.1813278438368815,0.31346811294386456,1.989193828552761,-1.026765947588806,-0.6684860394508827,-0.8383038916663044,-0.15821550359746098,0.3093695586814445,1.1556336871050612,-1.85012838112009,-2.4412224563339793,-0.9052383934899704,-2.0650210153720137,0.6811925634761413,-0.47531253314836974,1.2988335071480368,0.08957559284426944,0.0505612534942338,-0.7544601509439328,-2.3275026301799877,-1.3340175234098677,1
-0.9321913167589205,-0.4890821537138268,-0.40012822908372203,-0.9750375684674214,0.18433778899647224,-0.6638092360791814,1.4873558723046234,-0.5047131020264498,1.254714583841281,-1.370287993003919,0.17236649522876268,-0.7518523686799803,0.3279657966029485,-0.8296914658044293,0.17031165194583525,1.0397643598619528,-0.10722333434079474,-1.1949333688013146,-0.4056812081535111,0.9951467625186718,-1.9067908034999128,-0.7459369747173078,2.568629923657243,-0.7951055549854066,0.5216851409978608,0.8628319310981725,-1.3084814631586663,1.3737893486342487,0.5167525756198262,-1.854158371681546,-0.16541460377481618,1.3759423260262231,-0.2708914961924667,0.9756732058665447,0.056271990782520695,0.5145885975977281,-2.0277849336849996,1.6917536308825734,0.3105153844577634,1.24485738309061,0.8055947344554922,0.04572457332267993,1
0.47031451334862473,-0.5142372511403036,-0.928192252645481,0.12827737443417675,-0.6391316866090737,0.1231767214797698,-0.4942139034687467,0.262551990086023,-1.8754883732012124,0.3163942813609972,0.64061845709207,0.4167500743579654,0.010322823780044019,0.3270206711914545,-0.6758752045049943,0.18239600154843694,0.06053454897808282,0.9810428585964026,0.20156603679238252,-0.6328216991037473,0.44901779305508277,0.5163078812261799,-1.1188336672347132,-0.009920411462264205,0.5917920881933669,-1.4678849507904317,0.20060347926764105,-0.6811377741544429,-0.783934466053733,-0.46849807491750084,-0.5611354854576902,-0.5469445062138192,0.21642477046981945,-0.9138568708702017,-1.2247896135876963,-0.5871498988221544,-0.5041072237886912,-0.7048630417875238,-0.10599956215202737,0.8724201977046471,0.4507429993129954,-0.3475128647627473,1
0.7755881025386853,-2.0554465312736063,-2.123456537594395,-0.31671982007065574,-0.46329923962287206,0.5870282880460403,0.39249826564339985,0.6486333746157152,-1.4504164116565605,2.00233635358506,1.7752226675203704,1.305469884478578,0.474832475695883,2.7216868664514617,-0.07947365930571154,-0.47937565768154705,-0.2941876955791964,0.9679619415308479,-0.6948595779858263,-0.43182640286753965,0.007898897278920807,0.8332595578159268,1.0705511220418447,-0.6343340619878319,0.2792615619831073,-0.06449050429281358,0.18393607239208884,0.04318603140888751,-0.5270783234153967,1.5387544475322603,1.3402965302091583,1.0879390754308473,-1.5628885541693258,-1.6777397304841386,0.49003235026007713,-1.8705593505159497,-1.5656792629224825,-2.1292342159591833,0.003699298400561699,-0.4783813498106411,1.0506314665334595,0.1940797804178938,1
-0.08895227046587248,0.7978587445476215,-2.0208172260640924,-0.543805379057733,0.8027446798930943,0.34385264029184437,-0.10590270390394343,-0.061386325529088764,-0.9590773591443175,-0.14638037790781278,1.5144518608162385,1.6431483902290074,-2.1446339225677,0.9688957740229729,-1.390095180932998,-0.8220000073004717,1.9122208997414054,-0.20541849833648707,0.16325493456467596,1.1190875700483796,1.2023058617230782,-0.6261404870687646,-1.0333293685673788,-0.5037625465141365,0.713982398208904,0.0649728986481852,0.12139027822242326,-1.9297253596047033,1.0519964204960335,-0.3597817037644086,2.519948234260517,1.9042119061601708,1.643761846624953,-0.5052336638436477,-0.4827068841144974,-0.20193657988178373,-0.30541536663141006,0.14924249350229668,-0.48549913172795905,-1.0713796459106328,1.8439617721756494,0.4380493482513039,1
0.23818197413248016,0.8608264476856748,0.9839174917344126,-1.8672330334754905,-0.13468745415358005,0.5608561936149646,0.7283623641125557,0.8584860823845086,0.5195304198687372,-0.30579667285304296,-0.5482571594862478,0.4368239395806609,0.10458872261871416,-0.48099573244515786,-1.439577081942125,0.29157371458580267,-0.6586306179551955,-1.6691888442069318,-1.0322596532336819,0.1528729028076782,-0.5501532046319744,-1.5008007281938756,0.0032408406566885933,1.6933853794978406,-1.52646496639978,-0.598624889678889,-0.5417935029716154,-0.29795071976417736,-0.39698679762942884,0.3680380166679577,1.468894581987854,1.5078439303374878,0.21229341738541013,1.1143642655136,1.581814843129879,-0.54702978028561,0.28042813666909416,0.4925002662703681,0.30036032838516985,0.9230915858102496,0.693409945183887,0.2350778432211696,1
-0.5638050612430979,-0.48638011678827053,1.547325331526525,0.9934363335941241,-0.7004150023755298,0.16002958322052235,0.0323256466692576,0.4841283708884277,0.4534350947019661,-0.1789896830984513,-1.1013670700051286,-0.4450506142055461,0.5712827359262275,0.6154258091131674,-0.1521199053479958,1.1151613183338613,0.3035073362968797,-0.22623365930379968,-0.35544913960113333,-0.19733822561928488,0.14655082885886767,-0.5283594554040796,1.2205446239337725,-0.021805072121813023,-0.3802191907625557,1.2892947831030128,0.33641865406530996,0.6673645900693039,-0.47154170746135887,0.47336601076442747,-0.23050944236973708,0.08151944369920176,-0.6317556446399865,0.30864636364399356,0.19588159713316305,-0.16102228399722668,-0.5135439488589476,0.948891556315022,-1.049325597066811,-0.08385755612306377,-0.9650660128889482,0.42479192493415957,1
-1.3771927380524438,0.382888896600781,-1.031571233965532,0.43776911900055754,-1.315341615135213,0.01962592255514546,1.1010028716102431,1.1078709879091035,-1.695056198732682,0.7099831470576647,1.0057949615085846,0.7941946130811495,0.8705607204880299,0.06371926737323823,-1.1780848423443409,1.7137329156415095,0.43985392455706557,-0.19199320686919208,-0.6587749604976808,0.573265261306228,-0.08568422761542274,2.9850803882002257,-0.24355190453692968,0.617572511244378,-1.2534953207575208,0.10728642855387127,-0.8646515983140132,0.4134894842937058,0.8428380683401014,0.6356490054136033,0.7312294550931369,-0.4402478638050938,-0.171303479531396,0.7985631190735061,0.7978561202737031,0.6831479181833643,0.780418896610546,-1.1602119794154921,-0.9017894700987076,0.9049336806582813,0.5430372699293833,0.39007862372118846,1
0.32664772875269465,0.658867557150153,1.360702683214249,-0.2658768168517701,-0.6429032790769369,-0.002411112651645862,2.477296022732814,0.16123489050233672,-0.19583150465367558,0.4937929672599652,0.042230486354495736,-0.0056417541314473085,2.61638144208819,0.47349067207314066,-0.6610986247364454,0.7303825013893066,-0.3055508037049632,-1.3740927026271035,-1.0911392448969175,-0.7181273675764273,-1.2245609952424876,0.38954278762016614,-1.9709552868336775,0.9838487395147686,-0.05464756724639369,-0.12857785778241188,1.1839301204110257,0.27635074508501817,-1.6053527868013007,0.22695106364210152,-0.5852685677887761,0.15319363411737225,-0.47969191923108667,0.4213213278427192,0.702109848995576,-1.6330323757899745,1.3453595131119653,0.09363412634265665,0.8522192863255648,0.67395056973391,0.019683884477415838,1.130457199279823,1
-1.327198191879702,0.7694392039730494,1.3535234374522356,-1.1233323523710483,0.7521412191502853,-0.1550275054838911,-0.818289211148963,0.46651073207576665,-0.7860836990276402,-1.3721020833930793,0.3696750846904719,1.4092516742300036,0.45291330726060947,0.6665837917630345,-0.08225520433689736,-1.7653401136670954,1.1485744536123927,2.16215655390628,0.39078569187147993,-0.5677647561598319,-0.42742248494949137,-0.381442582147308,-0.44598804061943564,0.9640760929624963,-1.2479861691005487,-0.9560830250706188,1.216226033106647,-1.00054043881082,0.9309539642950209,0.3356245641359441,-1.376362455363295,-1.4270231812269532,-0.6179421197935309,-0.861005840717121,0.02275464528130974,-0.7921817906975089,-1.300540722544873,-1.6695154268887586,-0.3383158436199997,1.1478251067645655,-2.546428092967574,0.5813069426020782,1
-0.5013154059763603,0.3554827078548854,-1.3779425535519856,0.118483380719819,0.15201567475843378,-0.11817421259438206,-1.0800917449887162,1.0968137844511796,-0.4175753494678398,-0.40207729617716154,1.5484439382611748,0.46827400543474207,-1.7595763104380104,0.5399364951994164,2.819443623199063,-1.3948284941559281,0.18316775951293815,0.5454929017371013,1.245773281215202,0.21934640372232395,0.8295440801404587,-0.523999663322665,-0.1848914005743005,-0.3515839799488431,-0.5119616789723952,-1.492056331071185,-1.0696053099343095,-1.5384054352648682,0.805797353661359,-0.5914138302322426,0.24611677050117578,0.07585618432063425,2.4242222596428524,-0.43780873690297706,0.12220142256781066,-1.1664936922213895,-0.5807332969725463,-0.7111652487308374,0.03868230301725514,1.094932533931774,1.4616225680502808,-0.46659617174204454,1
-0.7109103325756595,0.6538154284874962,1.8461214878210457,-0.236408817204552,-1.5044088884993456,0.04050415826425916,1.210567722333544,2.9018681005811127,-0.669052288519065,-1.8322473786712603,-0.9628801394965703,0.33956215184664246,1.5015859177050404,-0.0008914631083205504,-0.6472290635870764,0.27014808795353756,0.7457619096307522,-0.6433429946176201,-1.3689916614703763,0.3017434418291789,-0.25309573633879434,0.1168418464360346,0.7447952115635483,1.800583632641384,-2.367531471181863,0.6952983635611236,1.0525757441147032,-0.14914596276499326,0.2689779830786761,1.623392575092444,0.8808289741832749,-0.30983790463944977,-0.707714540845564,0.7365087225196131,0.5894060056071629,-1.782524195342401,1.21788716085033,-0.08007661044344296,-0.4699221375393558,-0.9326054669642369,-0.24253147243013276,0.2209663577491454,1
-0.3404077736571705,-1.0827178420521235,0.3062242630863413,0.7425466963614485,0.398005648324314,-2.0502927895404253,0.017270823209978296,-0.3433740220618515,-0.6791756870076664,-0.6678190014020473,0.30688937333420696,0.5779117543628505,-0.6926421488141691,-0.5019643434845135,0.134212426549129,-1.2413628075706467,0.8553885541344268,0.9758064607259817,-0.09102331278861377,0.719879333205745,1.180291718963814,-0.5533861911298116,-2.3139083851049858,0.5450122155959867,0.267209572222508,0.6353695764737709,0.15310437295108983,-1.7107384944411501,-1.3903631688786802,0.392286352972454,0.8464976160447671,0.17092135387164858,-0.08982408624640653,-0.7836918316451121,1.4489354720060028,-1.571634811001117,0.47728050434382685,-0.8636801778342524,0.6064996707287464,-0.4062057318146808,0.7022134767700778,-0.8800657183372855,1
1.1904586316174894,1.833895406580375,-0.14624215313046446,0.40550646596998385,-0.9204704486984507,0.2533761804454039,-0.4311290923400974,0.8845998640333587,-0.43347861280870614,-1.0037996292301745,-0.972436091640246,-1.1649077868426319,0.8557717667212745,0.4538570425366724,0.5818292488331235,0.9310395635212346,-0.928519771260747,-0.07284752230965917,-0.4219774302355629,1.423340081544416,-1.0220501058239666,0.9491643063503025,-1.9505359254114312,0.8626297876520216,-0.4780655112470018,0.40553314827551495,0.18539968911289803,1.0429953975259716,-1.4749894176156046,0.3846407928883266,-0.6353958910409523,-0.9182941449357348,-1.005834133374827,0.6804539245582014,-0.6079897257587582,-1.543631966217869,0.6110428490825636,0.24221269965591896,-1.1749176828657106,-1.4029769731763202,0.3083233841186938,0.29044009519119984,0
0.2613848983039123,-0.8295919422238608,1.148827974967059,0.79390754216258,-0.15651529530378616,1.108883449458805,-1.0084620644375364,0.2816882046137622,-0.7682400457606177,0.25626470261859036,-1.7122478006715474,-1.3063852774628315,-0.09573555005850987,1.788769096255579,-0.7011058514178418,-0.04002889190446336,-0.0994059780118151,0.1667637648095397,-1.0498146556977004,-0.4608198035700019,-0.4985710057087826,0.7091370554237437,-0.16851844698852814,0.31483755200062324,0.04891977554111876,1.5044478113588486,0.2849291261745063,-0.5357834669804307,0.4057849517444057,0.12052561693040134,0.313818165432984,-0.6801893549802115,-0.1848366641249847,0.3144602831534145,-0.7175834022264206,-0.41293182224072517,-1.0569489413742235,-0.3867822843699913,-2.2804357415192924,0.3134574611478604,-0.5531257010614599,-0.4736698287252731,1
0.13971566432647295,-1.5395458680329561,0.7477381056852104,0.5737786817283456,1.7111547572509178,0.6909318405719036,-1.5037843816814676,0.18573298790527507,-0.2845670912918413,1.0908003907255954,-0.17614956029470477,-1.0534294533874557,0.6007606809018797,-1.3762892796076287,-0.9279966722801255,1.7337370084469306,0.05251025437614868,-0.25422263177568344,-2.085559731670749,0.18826572332771457,-0.2361709385389607,1.4630123153117796,-1.256006318040454,-1.975330406522551,-0.4246187573062342,1.1445179617578458,-0.09128158038599406,1.490763446949693,-0.05507694480795619,-0.4846348308772648,0.26889705001685604,-0.3677234701693707,-0.015080318081023572,1.5471172980922925,-0.780862428487819,1.829478373474702,-0.035926207145629434,0.23490353267649908,0.18810191615511107,-1.0033322742923028,0.20275545438041098,0.7355996259266637,1
0.021141924145106423,-0.06722518862122923,-1.1007657049175341,0.2733363264278642,-0.09728776010292897,0.6362949346651953,-1.2843499345726486,0.33544923423371403,-0.48992871279890987,0.6425994802179964,0.7724297110139027,0.8233759891804828,-0.4895602151462483,1.0370276736867914,1.046712338448987,-0.876742160965412,1.0009719948565516,-0.5072939839099501,0.7626077978474056,0.09859704296599882,-0.07436749283923828,1.368864917759621,0.25829313244035346,-0.33003007751651686,0.38598496461455917,-0.9041386489434429,-1.3921772129790575,-1.1895453424674232,0.7813059889367586,0.4624714034493275,1.1107498498209045,0.4333950250428559,0.5156428328660696,0.5069535795538259,-0.5182128881755974,0.7536277879479024,-0.19034251399534083,-2.2009210128321928,0.5945688439021687,0.35846678940971305,0.06712968436047927,0.7567063647420442,1
-0.7233508627618316,-0.07389249912269825,0.08404809322969489,-1.1717802415935459,0.2541214906022454,-0.2343268957807431,-1.285471534622672,0.03210924757743392,-0.51360402676425,-0.956095242127346,0.36477659248066396,0.4556961946499083,-0.6191917983000007,0.11093191234403502,-0.3328996743378741,-0.3205192535261249,-0.40440521974709553,0.7523215620519468,0.16276993660633288,0.8697800725316791,0.7588971856846585,-0.37567439600824526,1.6073511477928475,-0.5368575056998961,-0.9224105960632644,-1.9106062701160031,1.2539266399442013,-0.5841453653036119,0.6841625559853178,0.2907866705729456,-0.2858038308739318,-0.6372152635757324,1.0524246058086915,-0.01345024706417862,-1.7901077106845513,-0.39971369296342396,-0.8927913528143631,-0.9760157898509185,0.5328984447068337,-0.09034888447322666,-0.2515293966249063,-0.5204544400602956,1
-0.7844528771997156,-0.24889677386007986,-0.4663880416133221,1.3197214036680622,-1.7770470055578236,-2.039132484947436,-0.22063543137484906,-1.4677802180815174,-0.8471707487079507,-1.0743597563565372,0.9376227907583073,-0.3043883858388467,-1.199198400640965,-1.793035067293413,0.24111436376798506,-0.8081722152009341,1.705900792888588,1.524075419806313,1.661063683690411,-1.1980200735936282,1.4920606885321315,-1.6259215245561127,-1.512754312820259,0.3074391714345486,0.9104945472107452,0.17411311830042642,0.8072102149716007,-1.711510897566754,2.1390697657555133,-0.3784806292821886,-1.9619794661139236,-1.1582591133357514,-0.9323606779912431,-1.7737365950218262,0.8867340127147358,0.04856643598927499,2.1555440088307067,0.01923302744620656,-0.032353027575537596,0.46109502052160484,2.007000369626666,-0.3128473232602183,1
0.3550949220625508,-1.8326601030491134,-0.45812098783147276,0.4451782791651739,-0.39351023014941694,-0.39897100538113855,-1.053793886328087,-0.747914867017872,-0.9632145980588593,1.5277713871731289,1.0109361142705415,0.6410272697306312,-0.7765949551965208,0.16945953118092932,-0.7874199313833228,-0.3584482773976279,-0.032557473608671963,0.5917613415142124,0.6511623944125677,-1.1051139789807771,2.182604108830168,1.4905596069391578,1.4841629811419699,-0.5519668159660481,0.5374846711273533,-0.41714913741572485,0.7606929223528062,-0.9748447876999677,1.3241092292701817,0.8977802119537643,0.47907180178714237,-1.1999203786667012,1.0233422681597992,-1.2345635790132254,-1.009974805837648,-0.1626843921381941,1.1730805377090103,-0.8562887073099279,0.47647117184272264,-0.4213640336956918,1.1059399346400116,-1.5207401524411281,1
-1.2825939394201515,1.136645456373771,-0.26638442661140116,1.93440133644888,-0.5920776341928539,-0.7435143978631692,0.9333866584922955,0.6627626289589497,0.7543917918395182,-0.28131304725417156,-0.16710616113634946,-0.8377264043003098,-0.3114846111176809,0.9189697379804688,0.37105383155237687,0.8284016979054083,-1.50368584831086,-0.3927392578867929,0.6791121361549468,0.03892349764922176,0.15390522017232194,-0.8089614693975571,-0.9263217810601586,-1.029110428925703,-0.20242250152908697,0.4239239860497151,0.40824015495066435,2.182061731992022,-0.18587270009683504,-0.6811164079128733,-0.8481438124862679,-0.20333795363619067,-0.5332131447521647,-0.37118871595226927,0.5533337534007038,0.16879139584244535,-0.9448652336018399,0.9262122736259591,0.7264284524183873,-0.3985609913336225,-1.153120221627394,-1.5003452764160161,1
-0.3050249958324438,0.36532785923373295,0.7057792433763491,1.0116426816114208,-1.1057434821300511,-0.5419546514888287,-1.279815511261467,-0.7876379538984948,-0.9206404938062752,-0.9740216329319753,0.5582821362241379,0.900754849421193,-1.0367701962169615,-0.7520806326913511,-1.6716082271606363,-1.5475638022849427,1.9977235667383884,-0.6332161513291659,0.16851550761396153,0.8280817963718872,1.2785006869478426,-2.557996642975205,-0.03433832213598137,-0.08494747894124594,1.9663093275896855,-0.6332301340256895,1.2041312916236966,-1.4033920042057941,1.4884877205725913,-0.0168855309706098,0.9624562118563996,0.8646500497608693,-0.7083349186917994,-0.9320292847522118,-0.9865519899463773,0.48865225224451914,0.5358124038831317,-1.7862601756288499,0.18846342853359785,-1.2323468173720074,0.2871820905050915,0.551293461207009,1
0.20783218561185424,0.7304150761527531,-1.9942776836684037,0.672772363743478,-0.2647957491170516,0.17645740976642119,-0.8701773881336949,1.0640534275899112,-0.6524899153786528,0.170638820329436,0.2917793577172189,1.540315613852543,-2.175466473577611,-0.37225342986232757,1.5184899673787595,-1.7468238333498398,0.3025327308251361,1.5222724853302965,1.0817906925141505,-0.19533230125005915,1.0665846031377788,-0.1541881283942477,-0.9843757077197006,1.9418743076633875,2.2251407510717116,-0.2367917525496364,-1.3995441212365642,-2.2077192943546318,0.8519428741903997,0.5325434123850022,1.0231062004564027,0.30007567159322834,0.3789161851090684,-1.6700003347650434,1.9255589674752094,-0.7268162371260233,0.4031359437449166,-0.3230325707607017,-0.23095354082089198,0.4953537697085911,0.03113748106062986,-0.22453129833600166,1
0.3558489852761194,1.5574057732195514,1.1232023156432258,-0.684691371395055,0.5595365057628304,0.5631482737206064,0.5951037924329445,-0.07390972332042399,1.3031213237347818,0.17378270910002833,-1.4223834750758344,-0.5829485013041401,-0.5915239993282686,0.7325802987182394,-0.4710639168428524,-0.24937642323967998,-1.3571271206434827,-1.0272496802057753,0.5680094533048975,0.47261345202466803,-0.35456979625420215,-0.10948381285152606,0.7082462075339516,1.9522856674418527,0.43448421937081605,0.06389691721557283,-1.506746913121499,-0.3270648612525885,-0.4111254623737056,0.3051677893359912,0.8481339313927283,1.5928092378848746,-1.3322945038449008,1.2335508623378406,1.4877093288810228,-0.7764151582596213,-0.0798133365887804,0.7438127849553281,-0.3373899196011171,0.39023796268215755,0.42807295850134935,0.5864683625383393,1
0.13255611128552963,1.2360833818430346,1.160446825583584,-1.2991752400008958,-0.178656494083391,1.0566964335332536,-2.393794902389857,1.1149333334723293,0.06912366466986714,0.23910982731238484,-0.54934385385343,-0.37656479266644777,-0.18023418758989243,-0.7172003275035829,-1.2607628904066643,-0.07059366852053468,-1.1029598584496627,-1.0464911363767113,-0.23492518425361159,-0.7530024086022169,0.11591651847033614,-0.5956986955378153,0.5850705269341576,-0.776656145597641,0.3088497795078242,0.7482460367714552,0.6322007998499276,0.7327955150053581,-0.31258234807823737,-0.3308225319294514,-0.15021009873423158,0.39691956585050847,-2.313018097395714,1.1781769587609536,-0.7932072048918457,2.092873299988517,-0.3845811561469463,1.351711940824189,0.44546339679612335,0.5593463809396629,1.5418783904092528,2.4394319352570975,1
-1.1710932491192252,-1.3963290693884307,0.4414041445999351,-0.7387668030434215,0.038643721854079445,-0.8292580407256659,2.019878294480088,0.5081505723426968,1.7111601188622232,-1.7381322118243754,-1.1218652260919635,0.5656945291474725,2.4119063538295475,1.302627571976961,1.0548103578111347,1.4373489400903818,0.6833465130304143,1.6625468659550695,-1.1312155357972447,0.1190923987507011,0.3342929395435118,1.4328655658126326,0.9159106820052938,-1.108621289894435,-0.09301319890076129,2.260824243697435,-0.6821524286679238,0.5299288418923758,0.35673777696368497,-1.0648013016139644,0.660900670494608,-1.7764188662879097,0.9243430986380402,-0.10881489310282522,-1.4727756238914425,-0.6293184983728672,-0.2676797884347317,-1.835490021817615,0.16447891847075244,-1.908361622517727,-2.139157812395138,0.3585364714951607,1
-0.5722174953985133,-0.5847382465875167,-1.8926994580190926,0.463199121048815,1.150741915015733,-1.0413079045321927,1.1546950174210693,0.38940513394836995,-0.015487461549282268,0.18958592953815906,0.21731906004727983,1.0221572356315705,-1.3173534253753134,1.0155892800134565,-0.6820438145305353,-0.37098619042552583,0.9183953357170385,0.6261935893592572,0.5306836795169739,0.05455292897175878,0.6322226570617894,0.8602669536118923,-1.1510298066614437,-0.6309803999693508,-1.310102007207812,-1.0991252813697159,0.631402987807064,-0.5139096375825499,0.20415812488536514,0.08139303381719197,0.23257762248306105,1.5794337234035982,0.10553035829836731,-0.18985666603692808,1.597099674007673,0.06045303303791998,-0.8864794163185967,-0.19077966492651602,1.27965330539215,-0.6960623811519149,-0.24213466960871954,1.002424397475788,1
0.3911593689113144,-0.04514351750532146,0.4021596629443992,-0.6095539290215286,-0.12489182589314946,0.5823501267064474,-1.3735037716510223,0.464971852879431,1.5341225398699316,-0.5566299727954664,0.7384150044484584,-0.17345730978123744,0.15151404433830806,-0.7129730466537229,0.29813876113039633,0.8974478939199327,-0.2667520535407203,-0.5432733665805529,0.1100800573618758,1.3020285704000092,-0.05338218775447048,-0.10418758513902328,-0.900331617603481,-0.5137810552116898,-1.015800586130107,1.274716704067656,-1.5068584535285852,1.8537711393790355,1.011252928118269,-1.6642733191161279,0.030336803804665847,-0.6408502795262688,-1.5217586347501189,0.6498584476380864,-0.8223395378056928,1.3606429693422566,-0.06980063692173238,0.8065895857701888,-0.30978168786608457,0.5117209959758771,-0.5026651811096678,-0.06405164738946569,1
-0.635462954971442,1.4036369201697834,-1.061303827278599,1.1667352981361512,1.266137505426794,-1.936970211001077,-0.7793812725656495,0.7586659630484534,-0.6117545569572619,-1.2962603833002522,0.18908996795925404,1.2983436948146057,-2.401318886927673,-0.16958380437548048,0.10655696134388351,-1.58922581106626,0.7517634176000588,0.603037458714242,1.9422741994464918,0.9390782681129904,0.21304985833268159,0.6267060923639768,-2.0563617712062587,1.010587814057678,0.15611938771570535,-0.545379879192608,-0.5063927257645918,-1.5229611225675104,0.4557875217777816,-0.648522040372298,0.1578968867450091,0.475943459151483,1.6041126160478183,0.4204498645149194,1.1026760716565651,0.3632647604553899,1.014855070089072,-0.28705324195523574,-0.6475054067049382,-0.17955957810734088,1.8127964156599397,-0.03843395570843883,1
-1.13894394047437,-0.23557407227544847,0.7750824085537088,1.8684235977303802,-0.1445294778664304,1.388589303812246,0.0766200450211967,-0.07418661517248298,-2.4170006650423623,1.8335553139725937,1.1366753802198901,-3.1763164205554397,0.8773117755652502,1.1602644178232875,0.9666986431620573,0.25779530579170384,0.2766305556875009,-0.5092056394960858,-0.46921442831403554,-0.21718598776768275,0.22097240319542205,-0.22922835457392893,0.7702782372670123,-2.7766418332244576,0.5991996785520131,0.5021629533466934,0.9884788644354613,1.1679250572959146,-2.4471275470434883,0.47401596464891393,-0.18027454619137334,0.07898921451756041,-1.628276339641684,-0.2756085614970147,-0.6502824004130201,-0.06450390446711399,-1.9463096322896372,-0.09136772047600521,0.001512861915222877,0.7098861049873573,0.3846180427539472,-1.402497146263932,1
1.2375484377365065,0.6309365225631637,1.000933826742769,0.20289978236796843,1.4488150402891709,-0.0875066455727537,0.25454344610249036,1.5440883622310808,-1.0579536252600117,-1.0286115937150193,-0.255073126435197,-1.3020636743988385,0.2401676237859238,-1.7923728117431252,0.12773556826138277,0.7422172489730473,-0.17491086638832595,-0.5132442747805551,-1.78542291262658,1.9196302477198899,0.3860832313746771,0.2476156503870177,-1.215929717922132,-0.12631210780174282,-0.15410901666095458,1.0313171290611092,-0.37459594692218395,0.9065350005507431,-0.25536584911368704,-1.3014697400451476,1.0050610132077893,-0.9447194677438842,-0.8713438687023238,0.654892262406285,-1.2466063162092194,-0.8940055796243576,0.1737850582962674,-0.870140774006333,-0.4402292766740217,0.40616820056835656,0.8717329132077415,-1.7296464445612216,1
1.3303356392450651,0.8806567116318195,1.566284145788052,0.43876021584458474,0.37806733769082745,1.0325707493523322,2.074431903801376,-0.5706751123624487,0.7698707427971719,1.6050623332111027,-1.3904100785892797,-0.901825791599618,0.8931934370139483,0.4528165292816435,0.1369373346086902,0.4976127125924788,-1.6807291567820057,-0.6942578736135901,-1.2840819175450282,0.7440877324817102,-0.6896717301854725,0.3176802975958272,1.4903286214888614,1.5608295863145618,-0.2561386429982404,-0.06897944469168193,1.9964753207511032,0.9073028176227385,-0.9835064582100294,1.3573380127304973,-0.6567087907882582,0.39614170636242513,0.10972595236718426,0.6078921080024724,1.4582355234216153,-1.899623920103643,1.035437806154931,1.501297329920905,0.08330246309531755,0.11244961239417293,0.3816679031021285,-0.0557111977502392,1
0.9519291558700023,0.3829074833554911,-0.2027226280528289,-0.7781917195448993,0.08060743226854596,-1.3028180947932613,1.389271644735708,-1.8111949254987445,0.46367453148773724,0.25000572168586216,0.3096372257035606,0.5842337140029334,0.43993046580544454,0.44884487818550656,-0.9035665080427626,0.9898387592473623,0.45445073765702837,0.46493837032659824,0.9682794936790423,-0.04933403077531616,0.15364531919719931,0.8086331380990739,1.753628496859725,-0.11892468392066599,0.2934647703137866,0.24453565291472867,0.40589866805896296,0.48594515596511006,1.2165009323327116,0.6831719101364,-0.6705173997966563,0.027850704750492106,-2.2103385692890827,-0.3592097024089781,-0.6077402694746298,0.7555073000365793,-0.6499728334912594,-1.3850735510364005,-0.25957337180160805,0.41186703491433196,-0.10518345524782591,0.9124869836973817,1
2.3940908967645806,-1.493667227255674,2.487324152561458,-0.8141896498743204,0.5479864058094944,0.17397396625914044,0.719390502119808,-1.385105430992409,1.4058684290353496,1.5880942472603168,-1.1191714263803003,-0.5850569543641799,1.7943379309696135,0.8202300721223348,-0.4519890159991369,1.0719885799414839,-0.07994343485378405,-0.04101374773403169,-1.2747370831505702,-0.5879767934475859,-0.7628357257433049,1.316746286795658,-0.4020427822424855,1.2843224523737935,-0.15153794999816528,0.14215400376076,-1.1169897857910291,0.24456318459020074,-0.7036609482621526,-0.2553135072832034,-0.1307559434733995,-0.2373356637486185,0.5873349491546412,1.1633406247442104,-0.86718521148693,0.617030299565693,0.45036278875124847,-0.22812032828894976,-0.5628472420006457,1.1705753234120064,-0.6451345659685865,0.4671001173327749,1
0.1865742009504184,-0.45781266941791376,2.423190543751531,0.762659610930435,0.2686741298068229,-0.14638130756754147,3.806645624678729,1.25575171364446,0.22965778177942295,1.1320920183556844,-1.097463871773241,0.4505781027797326,1.7435345113354201,-0.6327626556139363,-0.685946487937216,0.3009021151984684,-1.3753315073752448,-1.6089049566330054,-1.6093829467835012,-0.5702065808749073,0.08106303235118044,-1.2859677361368567,-0.48469517431872516,1.4796043508480916,1.4431615392097636,0.07957461230646752,0.7870328293895551,-0.13606030400573035,-1.7835930746332258,2.513025080629278,1.1565034697733532,1.8863943162539663,0.6692036412119907,-0.09594887409980941,1.0810445487242664,-2.369053383469278,0.24059058939385353,0.5082685309276251,1.1215780331385707,0.8111821198637573,-0.914665747518767,0.4166898500307421,1
-0.17546954164091558,-1.1560028370599917,-0.7255640269405939,0.06362392437529543,-0.6307292273275551,-0.48841072794776474,-0.6353399731841491,-0.4698461271982212,0.09405310303812375,0.16876549573647348,0.00028063236252991896,-0.16745909667596082,-0.36141524719558626,-1.2565568931632671,0.635696189607322,-0.17169468588781478,0.7551142899957035,0.39552792509256846,0.8373487286812238,-1.262532792376053,0.8067741940371792,2.164645235365052,0.20204611514457937,0.963359160453495,-1.781913202496023,-0.816281960973696,-2.3392755339676037,-1.041174036023524,0.9295791092386053,-0.5452019099798935,-0.4901666614035844,-1.41430699797581,-0.6590515740604308,-0.14204328577697867,1.4573931905542048,0.7588380636572836,0.8554785965877556,-0.9466544443731743,-0.1087945523158256,1.1217949905783124,-2.1565939564954064,-0.43993313113187876,1
-0.9597880813033988,-0.6838280433715057,-0.7284751585352212,-1.6272831690748495,-0.748531537153009,0.7609618874209146,0.5999647523923853,0.6609841456321118,-0.2530394702349627,-1.22428293997829,1.0320585995462552,0.8869288103005347,1.3193999574412762,1.387324132023651,0.03181804206659222,0.35577686939867303,1.013068608503341,0.9613107994496495,1.1058223582607445,0.563116170666556,-1.2870407737425429,0.40758649628526106,0.9757235809393576,-0.4602657616186845,-0.3921750222357522,0.11064500413968976,0.3843922153310876,0.08357091636665713,0.38855419100531463,0.3798138516364526,0.20289279176982897,0.3582948353698823,-1.9637520222373934,-0.23748474096903774,-0.0774718827205284,-0.41347367741082347,-1.457325920915943,-1.2707300457311579,0.6869810369476516,-0.09680307810413351,0.18948073451747854,0.5629554291261931,1
-0.6239533162362705,0.8276367147250512,-0.5281105429107827,1.1807651713093374,-0.02487467553202407,1.2285902155424224,-2.004396549437255,-1.1394299296450108,-0.6913512508859899,0.43755360100850405,-1.0253031330135078,-1.8057529945069155,-1.1401798913700092,0.5746501264410016,0.3840961340632819,-1.001465563723048,-1.3137478837250816,-0.42766037876180285,0.7192474469188687,-1.019623692127345,-1.3481124598684748,0.25164458209994395,-0.3272715909706728,-0.9433336729191373,1.3114053124013345,0.8838477775193472,0.5718329175812301,1.0818911892770307,-0.3235430194532293,-1.8194743610981776,-1.4019806950875011,-0.874597652028691,-1.415616839544596,-0.4908262755464095,1.3452814600937126,0.10157870281313158,-2.2067014705911756,0.795832365132356,-1.0778383703188124,0.7739036257784785,0.236435564548836,-1.4033458761545436,1
0.005365150730786042,-0.692539521734706,-1.2619895376016552,0.5607362850381581,0.01210140449106569,-0.22724930138222718,0.4380599305812122,1.0526854569639923,-0.09416880762004452,0.276628054215675,0.8070565675054112,0.23544818162736167,-0.6070985371385252,0.8019897221135557,0.5434544853906665,-1.0294443174194803,0.1268694827374674,0.32059900018163207,1.1517191309823895,-0.01770017930210475,0.4469057647913659,-0.22112273378914132,-0.7958153873066195,-1.3719270125707836,-0.046242002123274305,-1.4174833088575776,0.41092044743195744,0.26358148014709865,-0.08986443184485407,0.1353259373199145,0.03144518647991449,1.505266301711492,-0.41731434533194717,-0.4721568962768395,-0.21224636352253606,0.46533378475198295,-1.0107804686080555,-0.526620752215084,1.383246821159286,-0.8160048139569559,0.8959773104910408,0.8738781643397658,1
-0.7191523813972446,0.15068292236077993,-0.26851888377121075,-0.26276091460157264,-0.22192015451480784,0.6840530403873646,-0.8671720165853923,-0.8998155745484357,0.3069454433867775,1.2981208675264695,0.576010346383022,-0.279383326243618,-0.02773048263754682,-0.5690994134676773,-0.13579634896438256,1.4054016076696565,-1.7912755555886948,-1.6384034306135051,-1.3288691072436931,-0.002373919700166862,-1.4775106810663645,-0.9427019290819375,-0.39457845287993965,-0.6497632797158162,0.6608859227975477,-0.6075769420078155,-0.7428130910154497,1.113264389559028,-0.1561093753333487,-0.2577756243084312,-0.2905422160521683,1.3277529397357204,1.223547368102564,1.7631306387160994,-0.5876716932984705,1.8711415171553072,0.3432233264100697,1.6633552543684282,-0.6775438343017576,0.00914168512022264,1.7204195662904764,0.4842797159319372,1
-0.30684896901175074,0.41610274485917165,0.4676219925707171,-0.2094108427343462,1.1217077881700783,0.385289641688925,0.20102485815262044,0.9661419129433976,-0.6073668562570671,-0.5749576514445444,-0.8004895669868343,-0.47796420282300744,0.37390112503911094,-1.6089451697270138,-1.7319585352565658,0.8123380847471061,-0.8257569983490136,-1.234054281569576,-0.9909126201708465,-1.4494285895754984,-1.623473677278275,-0.5249478791540266,0.9774289606620986,-0.09824520140671748,0.602601978553536,0.8913830586186241,-0.23450930650569024,-0.32317515975486316,0.028153039819781362,-0.359798527653802,0.1738882698490207,0.32465595569920247,1.380711830480557,1.287536674001432,-0.14635044637685016,0.28152417738786617,0.632388001638195,1.136200813982198,0.16265146764532343,0.20826144787072043,1.3754742431104285,0.547041572965711,1
0.9941742089025786,-1.2758651224681326,1.8783360727227965,0.7004656259920958,0.2751212805749857,0.661284650994643,-0.2442048658069803,0.2231117619384413,0.8662577556181658,2.2553186519614816,1.0891758481703357,-1.0534548942963011,1.130901668190274,0.3866302444650201,0.24757379236220786,0.832877842991774,-0.2846343120627141,-2.071017674519751,-0.42773915987037436,-0.06383573130797907,-0.26234898829483,-0.3578491036618811,-0.594151264833367,-1.0917503900460266,-0.9300813756405074,-0.061155757452027136,-0.0662723189940123,2.4845756894148048,-0.4246137368319192,0.8037695870395148,-0.005163563253871046,0.6624447099883313,-0.7529089445516568,0.8586595301683075,-0.5914951951454069,1.2617590290947167,0.19108958981329544,0.7836369897047863,1.1380384334009401,1.1755761262511164,-0.12778383721031222,-0.7011835645246792,1
0.34691410752880475,-0.7853626163727252,0.43051359765439395,0.0025540948641942893,0.48195198993198357,-2.451599273702368,-1.2441490809231595,-0.4213479689230343,0.6995501114632977,-1.0131575702914626,0.3514160938025653,0.8744954114632668,-0.5840550445843719,-0.8524253986726174,1.0482006175403782,-2.3314014006645047,1.384082165082715,0.6706938748576274,0.36683813154586214,0.30992578798989084,0.6088589887816666,0.26216714924875256,0.6107447960934443,0.2689703161880901,0.5979915157054118,0.4621410365427126,1.2814566456126766,-0.9045324104914422,1.2001780153406134,0.8053876909162979,0.3507588075147737,-0.7112350090416456,-0.18251783913348082,-0.9136264372185203,0.36219167989106454,0.8729152210521108,1.2640539619449813,-1.1700398568951953,0.7759443725085603,-2.236781990301872,-1.252196993917788,-0.21229074893240168,1
0.6556776231538923,-0.36992061963525974,-0.08232035213398915,-0.8008889887657643,-0.10826259521588792,-0.5395483627435118,0.869863361900512,0.8019357564200907,-0.30242735081450633,-0.9233976082886796,1.3623469800890076,1.364919070023938,0.2100161237094256,0.42452581172883547,1.0316229599963194,0.08114480221872188,0.873397255068921,1.8386286040993511,1.341840141209257,-1.323452371113747,0.3697277216261455,0.008039239651012517,-1.6401385174198624,0.6940409570004367,0.32682356605673973,0.4918727580317314,0.8090973487088627,-0.9424577579625603,1.1105285848299715,-0.34786676162766944,-0.4968661974354947,-1.0305399450069654,0.08964608689022237,-2.0257724549646423,0.5060158543315297,-2.28231963760086,-0.6628364626909727,0.2335715303740658,0.09036545507458449,0.8484398921216841,0.488249391079116,-0.9866788628206127,1
-0.8793589522248382,-0.7501146505332567,-0.3775977744548792,-0.6074592497989764,-0.8654097988924354,-0.2009306969094879,-0.30000754236906946,-0.666999993919222,1.0328291572128376,-1.8459473718563513,-1.430072962751758,-0.22970501320408324,0.4157032713036003,0.10937691012370201,0.9029392291889345,0.962756727276864,-0.40395582225533655,-0.02433824640603524,-1.178377533544493,0.6602542383869583,-0.4445110459639096,0.558183511226544,1.0320488430367596,-1.7534527842763319,-1.2608581849073213,1.3555071436701198,-0.27904450819955223,-0.21665817711098212,-0.3242588587744804,-2.9181232154837233,0.21067081501670393,-1.1923482799890346,1.201864828998061,1.4452359649768367,-0.8637748635886875,0.7020307750329366,-0.881917989776784,-1.1027180842850421,0.551691384457853,-0.5556120531253319,0.9665390588354865,-0.09613961469356586,1
0.146195063740881,0.27439429543918387,-0.18275070319940612,0.10657331544164601,0.9183612015543494,0.09482676576014644,0.19759768551768075,0.13766866308535392,0.14146945580142908,-0.8266604676159478,-1.6137477677013745,-0.7952791285231322,1.3281625663117063,-1.4787542227396373,1.163904451947706,1.1522894349262431,-0.7815479857715881,-0.7585530988459961,-0.7130954226558114,-2.3365175760049026,-2.338911286325232,-0.6316926162379971,0.7723811883036205,-1.692840794499468,1.5631383542068793,1.6734077436709134,1.6562385874022076,0.8015487859304963,-0.8520679730771686,0.12264240175868538,-1.629921254182658,-1.049560737679724,2.1958862155259857,0.3873106889586621,-0.6262941741221696,-0.24991776705527474,0.14524644236988862,1.6997405025418637,0.7931375878242695,-0.552730732690891,0.9195865806622787,0.42157358376731263,1
0.10911705002925155,1.6592035364610618,1.0608802456740583,0.36029256726242465,0.16122659343730836,-1.8889142182114367,0.4369409510457695,-0.10198943918341034,0.712544156825673,-1.1852429024612254,-1.375599032255313,0.8548799731363695,1.0420846411677975,0.764993738305957,1.4433392555109568,1.249549580903826,1.6548440836206293,0.6646452488875882,-0.19880078974430446,1.77186532790926,-0.9930952416686321,0.26189075681806895,-0.08842102971902867,0.87639197345526,-0.719718397799381,-1.0536368985931852,-0.15772621556966793,1.386199598020407,-0.10135512177919773,-0.30970573295092413,-1.7228878723546357,-0.4096632720140501,-1.2325288138965942,1.9091772847174389,-0.696375854969136,1.9533772711088129,0.6948572003367354,-2.562016902994643,0.023654643697268957,1.3835374637523294,-0.11380581141288526,1.1689209195235166,1
-3.167240146103575,-1.8869169871292375,1.2559195547168647,-0.021516463661542452,-1.9111142132517602,0.36582759512728985,-2.3585170115493095,1.7626435318039437,-2.27109730745698,-0.5091728522304969,-0.12040251286644174,-1.4170825219847083,0.04080654459888041,-5.208718577215828,-0.9954309751361126,0.1505904539851461,0.24497585565189997,-0.43598835300975525,0.6850149783228892,-1.88559612528484,1.409017045165878,-0.44945280114567215,1.3954000862633975,0.7891907184092858,-2.1703859628250965,-1.4385063666044462,-0.3394855443862094,0.7370805826180432,0.6155755419801993,0.7837314165144111,-1.059832584018505,-2.434601000358331,0.3586725570847367,-1.404106550402087,3.2040434955040094,0.6555994795348011,0.5464762959252795,0.5490332333360988,-2.6465233643487136,2.8032551033994997,-2.4283478339067455,-1.5351674721653654,0
-0.04380907718982411,0.39204289940463144,-0.9245497026679685,0.6044603123866734,0.7226586703416692,0.06295327220982226,2.198753266876281,-1.1524004609875653,-0.7183332427814555,0.4202809664251313,-0.07722393573035453,-0.32426889504973555,-0.9527316946282512,-0.03166966509558764,-2.09354046749827,0.11192711565790538,0.6031164757291235,0.44181449736571565,1.894301232484014,-0.7342468362831094,1.3895996233150487,1.0583950351615097,-1.1657212814030806,-0.7662223550832212,0.10626541140421672,-0.477274765415976,-0.5593490358723084,-0.23384669559810303,1.3017078792421006,-0.2732083365012689,-0.1833251162076268,0.4953768721576631,-0.17570328486353748,-0.7026992112431077,-0.5323099238954243,-0.5069467140838384,-1.121987023278637,-0.22726449403312282,-0.4378985783913132,0.47601757762650215,1.2822154519065454,0.12744943820443969,1
1.6956963247757608,1.29267045593751,0.417921592057694,-1.5534323360372972,-0.9314686127450762,0.22441851757884113,-1.0955110552690708,-0.5421308852484223,1.4846791804722463,-1.9110917971022574,-2.0633002233778117,0.5053990791177143,0.5925119080252226,1.5874162373878788,0.527942960831919,-0.6020539978603475,-0.7126339985851177,-0.47107730394062824,1.0066957710519762,-0.42976566280619594,-1.4581441108472177,0.9062339134449929,0.5662705623073242,1.1083549139455322,-0.5223742843132085,1.5543417187584898,-0.847873771667453,-0.7373486590191113,-0.5385973126103064,-1.6269074832872827,-0.42965619988422665,-1.5977845319500317,-1.363693402359151,0.606426077299819,-1.107759440084312,-0.3952178340769205,-0.8222311515919946,-1.0614050226411225,-0.8478873697254232,0.8083452204199364,-1.0747020236656404,0.5164095410438926,1
-2.099227464126819,2.6764482618343104,-0.0488708158546872,0.06238113799278929,1.7893600559775928,0.06073267013025309,0.42964366796889675,1.1627642325526015,0.4837957016805385,-0.1651509891415972,0.000644808908520481,-0.3274472169104831,-1.763030914746367,0.48713799243793016,1.660653134064821,0.6914314162238631,-0.3440403209567015,-0.5913649294880223,0.5274641807273807,2.012080421320686,2.4185497361292843,-0.02714416005864,0.6052286253352246,-1.1539243195781481,-0.9378150578336261,0.298771113661803,-0.9665734993380561,2.0989292084228155,0.46597490697104477,-0.4054616123542059,0.7676653717656506,0.9935109881097335,-4.378051164552561,0.7357882878030031,0.3271475919235153,0.7944374631713501,-1.7832297623088793,-0.03001316994630844,-1.1869179231556963,0.013798185438785578,-1.366044007841379,-0.7953184408988747,1
1.224365188921374,-0.3919987474162191,-0.944485262509893,1.1888965380377912,0.05354790856003883,-1.6634817038554381,0.820537645300587,-0.4003662695566275,-1.0039392452719333,0.7566564188346643,0.4767712914155285,0.04737970554947126,-0.5728626080747322,0.06282551541495332,0.2307583733779489,-0.3406278547877947,0.5348112922768478,0.08271781294122338,1.5871528278485802,-1.5449445347094448,1.3635398730684558,1.9787050306536977,-1.7770250741321392,-1.3365790818992749,1.9837830543750063,-0.3386384160810207,0.8232472968355743,-0.3045096939300443,0.3918912797725854,-1.5222048316505101,-0.6227498500000548,-0.2337116817314984,0.5184646492196618,-1.4310789630761518,-0.18619920998520378,-0.37255235970159967,-0.8648495324686082,-1.0983030616715512,-0.4046525684266719,0.51099911026527,2.1904070136669813,0.9484237687308659,1
0.5611785881314985,0.9007618219607104,0.10399140560869065,0.8730938940633336,1.355664326278628,-0.9770019907387373,-0.2340909741696743,1.1928923439152994,0.8159885719645615,-0.7422347081948697,-0.6981621663001044,1.1652341106899788,-0.6245364499428353,-0.26609278610434345,1.9297385055246543,-1.12741956338602,1.611759333130737,-0.09499680705016382,-0.09994502214093538,0.3833610151216609,-0.07896137267947358,0.13419748487768834,0.18130920805356823,0.769464462329423,-0.4296974612477315,-1.1168095208683926,-1.0220194264590055,-0.6859847062912112,0.12311682537230384,-0.49137242643692974,0.2710373864877358,0.8777117676719154,-0.1828089396706872,1.1148995195176001,0.7594813050762372,1.0754982120413152,1.084091799280534,-1.5067905628364204,1.0622631831929288,-0.8752294449440722,-0.9992240771946369,1.267688262985286,1
-0.5931590940307565,0.02890802201317097,-0.8857680906970448,0.18166245957377883,0.8232286704872176,-0.08955714973716652,0.42047102031835687,0.5083863801441575,-1.010601015111165,0.852586570567401,0.806223059201185,0.9049065250244264,-0.8814948700289422,-0.7244203775762648,1.404200094725752,-0.4640915702171601,-0.7932196759359745,-0.09952697690107025,0.7530872049653253,-0.16297908412562892,1.3391202807969433,1.323952353794752,0.7743738734377152,-0.6611628003353978,-0.33826925759323806,-0.9941196372745839,-0.9721347889054592,-0.5657472515188968,0.32336438241383186,1.088519090644145,0.562336865155688,0.3100911610078481,0.1307626820625506,0.11446269461268399,-0.24549452925761492,-0.704699084330537,-0.684436181378208,-1.3061062661287643,-0.1338521865452129,0.6927003481701466,1.3107350192509026,-0.3584874426860936,1
-1.0267979185324545,1.6002779785947991,1.2578236162542236,0.5984080213793914,0.11715517181118194,-0.37312290840471946,-1.1245186753638827,3.042408055449727,-1.5131728491957666,-1.395009842021707,0.42002896308141396,-1.7355434877473155,1.861496657152452,-1.3436414582476608,-0.4678144956464115,2.751767590007339,-0.0064963931273700395,-0.05772630025431911,-1.939070975394282,-1.0919238328589458,-0.2685787309220646,0.23349173016511846,-0.6658637916831979,-1.7044450056148706,-0.7182279607300699,1.234643040449884,-0.28250755368112457,0.8380174740869021,-0.7194476078726783,-1.90867382056921,-0.5832670841580495,-2.121700299344359,0.42983562420177784,1.4951688900094062,-1.661639682564757,1.3459668727035896,0.9355083100268258,-0.3722712525563907,0.35248127242686395,-0.2313443426189236,-0.22467540870819203,1.4885521100798997,1
0.8579367589663497,1.1097172418989232,-1.3686848006842947,1.086213121221226,1.5123716538814382,-0.9841825826811536,2.220058808021627,0.40336112134338026,0.44279121145914063,0.7491253527765829,-0.16106780605782312,0.15686898730008966,-2.45202792274516,0.15383187329480813,-1.9310211062323213,0.6551119540837163,0.4816801669195245,0.41888807800095623,0.608900257056739,1.1989254414680557,1.3072872191103242,0.7762239986206643,-0.7163318771084042,0.6870506210908515,0.018209346956984337,-0.11192569352496182,-0.6015165604734622,0.4168587852536149,2.858255059756595,0.28377160086028835,1.640477389142941,1.6873069724790755,0.03766787035787527,-0.48955628281976066,1.6445348525704553,1.5712948227827508,-1.2831612235900491,-0.4561771140631393,-0.5451823138214985,0.10952582699430846,-1.0208333446456395,-0.2126029620432335,1
-0.8326710313463802,-0.5471899995140119,-0.5852222830300916,0.2019347677631668,0.27631709972061386,0.08975569521314693,1.5651993068993273,-0.23421162930273012,-1.2036937329234396,0.57370086892648,0.5000719226223893,0.42237728089469606,-0.2814559494868691,-1.553226765890246,-1.466360494486679,-0.9405011763796028,2.2369252703266,0.21178097122175707,-0.7213043429131463,-0.6232475017710083,1.5090900491951287,0.3333709691544663,0.40798318917297466,0.15526833349667288,-0.751440716868871,0.6237024852402528,-1.3657757108198187,-0.6384011849303187,-0.25890396857621556,-0.6093024180951533,0.7995272738416807,0.7140271277080147,-1.1756917944222105,-1.0240477506090417,1.7056971371444094,-0.15811492467399596,-0.3242525389562416,0.43753440571895247,-0.9474732551324176,1.0412298021489497,-0.5495096981348147,0.9512713922924978,1
0.5575870719439086,-0.24579700364719076,-0.9284288036636921,-0.29249633244461287,0.8007495254644755,1.2153501055610478,-1.216267197803941,2.0461344854364385,-0.028941082340404774,-0.29227594673714913,-1.2249177482232443,1.7599312635884092,-1.5813840432082715,-0.251589465948299,-0.31753817346440144,-1.0169006709692738,0.7572625494814507,1.1074697159649365,-0.7196275536876436,0.41369867449110104,1.4355472599848333,-0.14122592791742003,-1.2008557944342328,1.5025901292923909,-0.5874996186724624,-0.6268317918986891,-1.4253986172849409,-0.576350634043366,-0.1798408845116089,-0.5093343449349664,1.7837348412163598,0.3055813336801337,0.27890302286779906,-0.12486274334362152,0.13589893914133783,0.4539577643893429,1.2752866717672278,0.4029050906899492,-0.04943077954179548,-1.2655211763748648,-0.4882269176560401,-1.21054037929086,1
0.13955815514993547,0.5310938025014265,-0.23065524524472433,-1.062335508911007,-0.16277771199162686,-0.8033863366854791,0.20865734032481767,-0.17655870604863358,0.47347029689323694,-0.47369918639152997,1.3744304975407187,1.617099621768597,-0.4311403870514932,0.27229209099198043,-0.13813778832176543,0.2849102492320006,0.20354463576867288,0.4552595308051206,1.3046142303170585,0.22208705305906143,0.5012373099858384,-1.4329437763720259,-1.0198868158842846,0.023407777951807304,-0.2311249082802089,-0.4391906564905204,0.5228871954189747,0.3136755704121745,1.7258630796213346,1.6158606150059929,0.03786758020841758,0.6879598038112698,-0.21987115953215638,-1.0073147256418429,-0.2932488780091796,-0.6729329765545199,-1.0047892019000817,-0.4160589800010852,-0.6486896234955511,-0.20635425844969155,0.4120586258272277,0.5384754915615221,1
2.297671670505693,-0.5815462521337899,1.8399852399392564,-1.5061155837464257,-0.1732845993000023,2.078750224965193,1.6411259419725537,-2.7965347735646877,2.2920367029087707,1.97187076298104,-1.4252923697794857,0.2848214357850071,1.2324548172253103,0.5751203613122446,-1.6476161594470933,0.5242210167241241,-0.21154623259372998,-1.6333617477125464,-0.9228368677984379,0.7871206071050771,-2.000402277156785,-0.1489211273033483,1.3368615329364057,2.757001786891192,-1.0075292440336971,-0.5899331358874697,-0.2906666451252297,-0.43943560955349215,-1.303079451526621,2.1986072503955123,0.7084636145461348,2.627264589792515,0.8669428252304524,1.8727916743581088,2.015616068934601,-1.3938086597600459,0.8350244162714098,2.1150596317784855,0.8285669481563664,0.23189957852191476,0.9852909156328793,1.5783267481470338,1
1.8526283234701872,1.4166110765997482,1.059041931997622,0.01196347215790493,0.3760585919594189,0.9232557610754303,0.6179169458125773,-0.28776114989535084,0.5796793223582153,0.3664203245470209,-0.8414229575161616,-1.3034533682592113,2.871021532937976,1.391711218601905,0.0894715322557299,2.660623760193696,-0.8943458540401642,-1.3002584250021758,-0.7743158842338296,-0.8405740327326195,-2.359554438742355,0.41972827948029573,-1.8589514122477382,-0.6036239018838396,0.337794133317248,1.31383488518203,1.1476258535134003,0.7039434617307861,-1.5039787236721662,0.37599970540155286,-1.687911187098853,-1.4666829146494007,2.246017188748117,1.8445977915962675,-3.0294229150652647,-0.4332775485701915,2.5648590149307835,0.9406852573188635,0.2712010549443623,0.18582303689605653,0.9266205189693899,1.440030522260981,1
1.1540688518482565,-0.18263609976431316,0.6693627683805491,0.43455186020440667,0.566382502591973,1.6813016826946536,-1.7277119645888108,0.09805817587443683,0.030121886617921687,1.2031999450194235,0.4087259285174442,-0.6032286458077945,1.0812806010926974,-1.031572481155353,0.759958869294687,0.6529063493106263,-0.80261491297987,-1.6144314951053715,-1.4830591074273647,0.5762978942039946,-0.5176077451369007,0.5710953819281958,0.16467773961696225,-0.8630428463087827,0.8221282537192607,1.8432110328445945,0.33536768350192514,0.8605267299708407,-1.5067895573909513,-0.11945259835232211,0.4006387703651473,-1.3215400000318067,-0.6686278165961587,0.5766334662374967,-1.0421632459664711,0.32739882085285965,1.0175607382004703,0.9595588007503003,1.6632426646774054,0.6624369790585863,-1.1835985493230436,-1.0291448098800637,1
-0.5838890623495907,1.1241125202510887,0.7855313008429953,-0.884300273929789,-1.0221752490914993,0.9987452190279796,0.5223423357486939,-2.5946251880147346,-0.14461238771132767,1.4933386685172243,-0.896579369174294,-0.03831259011393391,1.7689844974988622,2.3073421253025463,1.3362011279404162,0.014016296540648138,-0.297452188914221,-0.7508115342528732,0.4186195820719699,-2.942112225610552,-1.2949070131234839,0.6916276399073734,0.730874857125697,-0.20145928485853493,0.4229121617469283,1.2130970091100575,2.3349681408676717,-0.9856194312535889,-1.9519796670142822,1.7799554816251342,-2.0135176020914654,-0.8418654874190907,-0.08581620562713292,-0.026116672148980235,-0.1414514540452377,-0.43458865487052517,0.03254814269717217,1.1346944543383055,-2.198402429847082,0.6956386723170696,-0.8505891156190946,1.6019899447291017,1
0.338978512072281,-1.5224255875687536,0.6481239212038858,-0.1377704275583165,0.24534359828732732,2.148669884918255,0.7992597073205927,-1.5260140483316988,1.6114687851150837,2.824833146982405,0.031010510378905735,-1.261782208543388,0.7690879809785409,0.8415574013419624,-0.2968184618614588,1.02247087368757,-1.485188631599669,-0.16242336266467894,-1.0230910723640676,0.22074025740869854,-0.3617344995292203,-1.0086112901719506,1.7069410737103266,-1.5250745045544658,0.6852424703378492,-0.25306445019308854,-0.13701818790535786,1.7245737727169943,-0.9643722890569665,0.8050258980828587,0.3257496346045744,2.1552534411474387,0.15031635288846562,0.7118125450438082,0.04234232000645477,0.7987458863332696,-1.1911117532376776,1.5139286095032662,1.4658282972123737,-0.7976167373632058,1.0885515832210453,0.945175112494341,1
0.5722645739346941,-1.53635513550026,0.03204010402417712,0.2581012391660695,0.4679142239170288,1.2932108938311762,-1.1066662785091148,1.200842183954841,0.5658083226326738,0.4183710441185305,-0.2526416906508602,-0.9420344226305519,0.6307965696642661,-0.3153550323028562,-0.4620233962352805,-0.11514932249037124,-0.4381127052673156,-1.0392686753681253,-0.7709038163266317,0.14085755356658367,-0.4536334702957773,0.3386901162965279,2.052702871243114,-0.979993935483765,0.7524609440762455,1.2867795597582374,-0.15220018709460434,1.2520170079268982,-0.31191786054293946,-0.1258580661945855,1.6500524857380061,-0.49702785870267857,0.21623097733762747,-0.070309452720284,0.19008778478065372,0.06131912143880096,0.5732246214636784,0.22069936103864418,2.757270501560594,-1.0634035204274033,-0.4350895668188639,-1.7156327925322663,1
-0.3272162928755052,-3.1042398112026692,0.6918512141645695,1.1397379304053084,-0.6391086296744662,0.7657458781009219,-0.23923762146211916,-1.2044852821995513,1.5269321165597358,0.5942796258167287,-0.6074467090247211,0.01381006883168185,0.14962938050262256,-0.7406474078834179,0.7871619753398578,0.4945323887781225,-0.768606743323894,-0.08214592869602222,-2.355423096379014,0.6438382379692514,-0.8722716298604027,-1.1421457888738777,-0.8987536454911311,-1.4226422445548208,-0.3222585785045687,-0.19054578802697653,-0.6326000445611605,0.8177948439447846,-0.40096264885168403,-1.4682053069939665,0.755148567528437,1.4089379942666804,1.4245996925932163,1.3680796414622078,0.675368253411632,0.7940513637820025,-1.2720488100774732,0.21003412995630394,2.4720861491695976,-1.8260331839970263,1.682120865884208,-1.0467698183751513,1
-1.0207074354486385,1.5939901191526453,-0.028295316337383285,-0.1351746599611493,-0.6292215080235455,0.6008973428416465,0.1336421361278044,-0.7962079556488565,0.6683865850149795,0.05862794495097021,-0.7496565664762194,-1.0137636460255448,1.0239876116912323,1.6219125807885693,0.4565624791823748,2.125568998765369,-0.8550803974146856,-0.12097391897196899,-1.0629379301600512,-0.09356013562733292,-0.6553424466007378,-0.09531734640399452,0.23092201046854738,-1.3588011966824562,-1.3690316466125172,0.11117967111317063,0.7251047316216701,0.7175870447330078,-1.5120766240145294,-0.3747507974992466,-1.0082971570962402,-0.42608794599388833,0.966859695856223,1.688835298268334,-0.6084913604276285,0.3695774793527629,0.20159700313873288,0.7198036494266064,0.8124359020477001,-1.1420570526353888,0.3643390603142535,1.0373715921852669,1
-1.7684860377534182,-1.1378695827702237,-1.2772176025780584,1.0654956794088861,-0.06503095141344419,-0.10006987574660178,-0.2572717794573735,0.7927019483575314,-2.2571633073477027,1.741044625627626,1.7666533514474525,0.6241990042054488,0.2386650403501319,-0.3285146805141414,1.0182824475102241,-0.304163377224989,0.855523505405103,-0.03290102633239329,-0.9975127777362549,-0.47665108316975074,0.6292177045902464,1.932571635912715,0.23958597701829734,-1.011705907649781,-0.5214065271187148,-1.464954802491353,1.012040803762286,-0.8510694448374774,-0.24233689904320607,-0.36969138745272107,-0.808038920305818,-0.22910983208714591,0.20019895195284007,0.1998092825094401,0.5849595531506405,1.2638115741018208,1.5748597214800104,-1.1877190727507647,-0.22487412503007997,1.1966590674736561,0.2000578415894115,1.4200578255808718,1
-0.6202483539635952,0.9872826135467014,-0.2760811248363479,-1.0245148427230968,-0.228452998166435,0.01823641276835353,0.5707916358136986,1.1851658218670817,0.48452897115809557,-0.5561797762760775,0.7106739542787369,1.4601699023062158,-0.43612497998233457,0.36390039479806524,-0.32785422197183745,-0.725154106560742,0.20494485397979287,0.7436588711503848,1.8096150618797302,-0.14603702993717513,0.2673935284703797,-0.40666792332696367,-0.04392031826676415,1.336437968205129,-0.2143404785639002,-1.1612983109597765,-1.1458426677592772,0.02099770843859009,0.9814382788282369,0.35616094039310453,0.32457465185565143,0.3757808004680375,0.5639986744204112,-1.014790344383974,0.2739677540901521,0.5799587427868084,-1.1389154703571445,0.18793325789515727,-0.702734358636854,1.1173771860110295,-2.1601502765837735,0.02337234279486054,1
-0.7210385111890818,0.3406102924254086,0.2682592778415407,-1.4485836444788867,0.4243915259926153,0.1785085886398005,0.2970435905229186,0.252538569965801,-0.8090771882308975,-0.48440812629749147,0.7251916459201558,0.17368183515356492,1.3660369030852624,-1.2594548089720727,-0.3867118000411314,-0.6646994914661456,0.9148406369260697,1.6016369133625157,0.13863749664259176,-0.5775330462695792,-0.38641037461634625,1.147467349321857,0.44594397390017726,1.472997327170763,-0.4488236422506455,-0.07348156294376357,-1.9111278242770102,0.24733605885311635,0.2556489401913843,-0.45753436625305716,-0.42695788924434064,-1.507748830467093,-1.0616509038781714,-0.5567561111967003,0.2129647230803554,0.5675141339082633,1.4705146619261635,-0.8196901497418,-2.328510601644095,-0.012991909894692146,-1.3302054417000426,0.012346958166961807,1
-0.7253221141967534,-0.031320325658442005,0.7653933528058745,0.21598453183750757,0.6798351700863067,0.08958724394177334,1.1441747301076262,0.7293803397549622,0.04397150295779906,1.5166643193694602,1.1102155692570965,-1.0033356892085386,-0.5263470529472595,-1.3839488330954923,-0.32474151812529334,1.110207041200563,-1.393362486729094,-1.0266367266095844,-1.4480654582833021,0.630201354081561,0.3040211295009186,-1.5366478730463269,-0.7953072628962641,0.8389828993226023,-0.48957797654009416,-1.6736987704966584,-1.3852711071011288,0.9407407008124685,-0.34628874094577095,-0.4312274436419034,1.0133199109827846,1.7688190516323234,0.47848827867626276,0.8350826288017538,2.1768967052497272,0.8362516742974138,0.5705000930220808,0.9901913818512066,0.5698514554022928,1.1278567216278053,0.2703777523281526,-1.7240011751474869,1
-0.9592184239837589,0.5126099639544144,-0.4425723908863505,-0.3473082949406885,-0.2143993180392719,0.7203599490807561,-0.7991525842850195,1.6595815899521253,-0.6435294593850017,-0.2046132848670903,1.053465627280856,0.7786928040860799,-0.42030760572619585,1.1453647707843513,2.011812030059453,-0.45759458092082694,-0.33632214354488515,0.23537693027794926,-0.01218386283662248,1.7986894420814146,-0.34955128589493845,-0.27407041062457854,-0.40417910557379993,0.09669410747769562,0.8207645595230201,-0.7791494266260998,0.3073088030239267,-1.1490210940779935,-0.16770309759941204,-0.25978824656717675,1.0204968604147882,0.7215763323030109,0.6976790138649422,0.8219502474631047,-0.2114808494120668,0.47518778552240526,0.16306009692914505,-1.314964493205072,0.32750960090314063,0.7293100939403837,1.5033802089025528,0.06696652263591131,1
-1.0132609666520878,-1.3421599362412542,0.47081537646186483,1.2284275096850739,-1.492725886719834,0.07608396075298066,-0.9359536627978955,-1.5998614624588225,0.8749316541965164,1.0117318318050992,0.80640839694538,-1.0913384461589222,0.5892375547561606,0.7519528278397368,2.177608013142904,0.8089992017107518,-0.7870830806499277,0.1249929354277099,-1.0700852990641632,0.6622122414784599,0.2530025932803469,0.8507388691667013,1.6392783166601712,-2.771829504803433,0.23506265412155858,1.3671976103870316,0.19705224179756028,1.1826616224000979,-0.356489408041797,-1.9615837806067686,-0.554436354117606,-1.0966187044934967,-0.10282364758001,0.7199891433640964,-1.7450113332287485,2.619076343700238,-1.3109623669330217,0.11402337804297816,0.7113181762245742,-0.310060510296698,-0.28391705113187843,-0.8639067605688348,1
-0.4329713582888361,0.8759589265000748,-0.732576774389344,0.9106289314422877,-0.21605795770545316,-1.0541470985733499,-0.46048043477725703,-0.8980218455228592,-1.1463764548973978,-0.08345557543979495,0.018004650695417707,0.7881780818734926,-0.6890038370962881,-0.2029386402224048,-0.32517706952619035,0.7082898520696244,1.3473463147799654,0.6414704259920881,-0.2866015134531869,-0.5584032721049915,0.3012635765395852,1.0035537689105642,-0.07022472489648053,0.6425402822928301,-0.5997336989858982,0.08532796269137097,0.10607632613485572,-1.4624072558595331,0.6579249469165348,-0.78488779031505,-0.9923772863661531,-1.34803522179148,0.8743986021594786,0.43575258629367875,0.4007992402222973,0.7326937198811749,1.6245893435953285,-0.5033023012251073,-0.21784472299843408,1.3821812176387958,0.649682508214546,-0.07325778193612217,1
-0.49283557336419154,-0.19125214455797634,0.24797735048286432,-2.1919956209432976,2.1081061320742336,-0.21874043984096608,-1.180431003143434,0.3783464676199105,-0.03535303125595285,-1.1418790872957172,1.2772475434163062,2.57064907903328,-0.1481870257219788,1.3132098142655446,0.4194676661160661,-0.6338858001936992,2.048017055915114,0.7659591635627527,0.9085526801202761,-0.20678945966756357,-0.1496347707771165,-0.36329370462536187,-2.3232953926145714,-0.43366847990069496,-1.0608383021677321,-0.18902243630233334,0.2938612867141024,-1.4948761470887477,0.3878964895924917,-0.3904917551898419,0.6169287606714421,0.2616613065024069,0.5333265036068454,0.018653138055201083,-0.4086305550390189,-0.2776441601499724,-0.9695401470652552,-1.640228895986995,-0.7268821674301635,0.39267849848859154,-0.3630570038713409,1.0304968946878776,1
-0.09806404457509389,-0.5042620418848851,0.19395000711241,0.31053564047935855,-0.7570823895480796,-0.37224073052663476,0.44594483413990677,-0.5764660212077417,2.1261730050261147,-0.9465715509589324,-1.0765700160853005,-0.9010998510134112,0.03641277216676954,0.14600805425152064,0.36830401062783535,1.2756041185688616,-0.7506592582673917,-0.2719053996801904,-0.3740228685140722,0.7861815967708025,-0.9995768115703701,0.8850689311463188,0.6537027306178398,0.5131625138981973,-0.5969337916002526,0.9558111558158816,-1.8639753474746463,0.44750058524931735,1.159592767737983,-2.2564707814212754,-0.41086854974116993,-0.22006500434408266,0.9105745277234827,1.623104588226485,0.03706813084469436,0.6574340579880701,0.4440949166082018,1.1627032645334396,-0.3640193341511986,-0.18063042073305174,0.46176024872113447,0.08478515968521731,1
1.2529448470835853,0.6216616255571568,-0.7756967181292801,-0.8666051452925843,-0.539991721886668,0.9045709115539963,-2.0053821074834426,-1.1075014485272665,1.7688720885697062,-0.11974061076753638,-0.43727934138964486,-1.4228507737469183,-0.16267109247009112,0.13368609415705632,2.0391909022042105,1.6412169756413206,-0.8040107633216295,-1.0905535461114464,0.09756761955220612,-0.15089586236200214,-1.9469521789137523,-1.2150949942147764,0.5463593881831663,-0.47007866301185663,-0.23611769347012632,0.24748909115898773,-1.2521663241353116,1.1040100853470758,-1.0666063884609305,-2.4745119691521573,-1.4526619364217415,-0.3010067414652549,0.3990770499479097,1.2748728428770952,0.2946322699633769,1.3215798893067512,-0.07756882457992428,2.037380669371113,0.2352497453436802,1.6207639893096892,0.8692628038157741,-0.17537170089076512,1
0.6513476685051874,-1.8238186903759834,-2.344040771911089,-1.3071519283647133,-0.7700911869280299,0.27023814406374513,-0.4971121649361325,-0.3435163647734761,-0.15117805167433102,-0.4659591205116468,1.0558084875509397,1.483829773085819,-0.4746625607477443,1.7118562682666119,-0.29721106387081775,0.26609776389095097,1.9050470726046218,1.1752554893287377,0.3967722240454656,0.09301129721297559,0.6949417070756814,-0.2543233901932002,-0.6885578347620553,-0.5141205480421389,0.9072661148777899,0.5185866486640973,0.974404165403953,-1.3712713306967632,1.1588187430670058,-0.583415717780994,0.8648112453804303,-0.2077876794318631,-0.15747005882479614,-1.9504374243955471,-0.6654563110510319,-0.5331425856324539,-0.40714438298519573,-0.598586962389102,0.6521797834877606,0.10609801076398499,-0.32099412610550243,-0.4354464761356293,1
0.7330059138837273,-1.7391849267753916,1.2917991028714257,0.36034780706587666,0.3234822907165292,1.1294723785324474,0.061790877073784424,-0.549292466362177,0.9414576220110658,1.3783216225626083,-1.3685678112257609,0.06300422388067571,0.4007358280102179,-0.39398768290081715,0.5433215723185437,-0.3323932625294626,-0.6595650526785235,-0.9666046238394025,-1.8088230874255424,0.08874312876195997,-0.5957180394903157,0.9269258518835873,0.4972294760651362,-0.015788657337987778,-0.8458450481215518,-0.14926272240193156,-0.039297875066610886,0.7929527643192258,-0.2971633925965181,-0.29320618035704055,0.4733291520115222,0.7359189254353817,-0.45145252041052175,1.2307043054527447,1.227785380823321,-0.04259425828943753,-0.8294437598418647,-0.2500516007277481,1.1226730321081255,-0.018317834928034633,0.48056145528723304,-0.18862951188663168,1
1.0742786982499066,0.536241439593351,0.3641313697756157,0.9582197091079824,2.2105072374626484,0.8977654616412296,0.8777638073450847,-1.1203893690583286,0.22357801539272895,1.6475788417508421,-0.5326828628253113,-1.2351250965636458,-0.2596129536544256,-1.0337719889458994,0.7903192425864481,1.0578759380620075,-2.2817561213377586,-0.8204537181489046,-1.5928194156504372,0.72283939976676,-0.4169115979610478,-0.1082435335425168,-0.9797640994498866,-0.6273895879122224,0.9543548902778556,-0.18199037081822628,-0.6261735439378695,1.4053398926834395,-0.15782849492152917,-0.7422047445808723,-0.661311161722598,0.3758099419409883,0.21471974544451164,1.122091650936863,-1.0763156711986834,-0.3168192994248841,-0.16032093797933142,0.4565619813184706,-0.8735789623208348,0.5155523854551324,0.9660725945291481,-0.8076682924643915,1
0.057714345094609695,-0.12624767820663524,0.007602586293440181,-0.5523439581229088,0.017891484977498137,0.6928772012652098,-1.6423536100873877,2.0147639125503796,0.29673047272527814,-1.2115276270698043,-0.23325041680259004,1.5625820580758087,-0.4493226604395417,-0.011801880626549995,-0.2621734450831923,-0.496539884951361,0.6621876267834338,0.82437389565153,-0.06163916348163597,0.621769953660608,0.7786367290190093,0.07303023391441095,-0.9710289177861712,0.4982222511694654,-0.2314846914384083,0.6063598390218976,0.2938259646643908,-0.032501224364924926,0.0020777944201915855,-1.6028821651726815,1.3821519779352507,-1.2647656371806424,1.7564040545703339,-0.44651836900293324,-0.5793483973122283,0.9368819616114603,1.1712317991906696,0.6023343592319035,0.0835034046348387,-1.1702128656687265,-0.7147865379277625,-1.6159195931033492,1
0.09678832565508862,-1.9112856757908234,1.1098069284503007,0.669735074179228,-0.1792408078318654,1.894822936513046,-0.1420821602997943,-1.0356116631444494,2.296308217591419,2.0207325764216004,-0.7334682355515264,1.167342325782168,-0.4925144044390582,1.1210688911797053,0.4481477486109698,-0.029258055802853063,-1.3567054414977653,-0.4548959150065119,-0.9366226704139368,1.16882422750891,-0.01091879994730955,-0.29230331202263043,1.031374096714408,0.2551478221055964,-0.5361707435228252,0.7463348559718033,0.6060761904514268,0.3424329207155433,0.683756211351484,0.5930084642687706,0.8967727704514444,1.3752167288605968,-0.1543927919526061,0.7423653429858478,1.2226882998702269,0.7956490049749236,-0.7108131033722092,0.7125292358807265,0.22438872079081443,-0.19790787536233553,-1.0336966415698097,-0.1081929437405663,1
1.1587399391765478,-0.29480903266060926,1.2625648259482447,0.8346959955125933,-0.17850764564140928,0.18737774504553315,1.2467775929042901,-0.04230206854087009,2.7984252776712744,1.5344102724849542,-0.4137220195206737,-0.3142709831654042,1.4855330533062139,1.4681431161990939,0.9900614517727302,1.3854589564948785,-1.2614741187208827,-1.4766174546774473,-0.056032311966349405,0.9874372948585669,-0.5236355007731798,-0.7428351767467047,0.010776735383611576,-0.2735170566417219,0.0007093865232897424,-0.35089024453773593,1.012831971887087,3.282570215872627,-1.04143389536814,1.0979047186161683,-0.5488827803459132,0.32401598258612685,0.8956815755028766,0.543655730573693,-0.3980359817178258,0.2532005800344373,1.0533864125970407,1.6265888977776175,3.095572518147177,0.17577259004379547,-0.8489598479425611,-1.4162645181146918,1
0.7395501919314523,1.157503884808234,0.5750307145427949,0.5239325708603016,2.1723760440132605,-2.0044668413330298,0.09039351582381967,-0.6210304825933322,0.052849321383436246,0.017643098719636926,-0.047806767175448725,0.3413342908464496,-2.159599257885101,-0.7714914703989194,-0.7427355642657361,-1.030948144118515,1.0639345826295197,0.6730230680794695,-0.41541110893396616,1.108428216939265,1.8416303379006516,1.0603715957080084,-0.3587320642414778,1.124675983791454,0.35164328256271,1.0254177769482937,-0.6871456159967774,-1.690308258155223,1.4215910672229464,0.07167035768631956,2.3654580843341835,-0.12143877871459856,1.392051377461313,-0.11112282077328929,1.2294226620749127,0.6208432220391347,0.2609907692968544,-1.2170255107261352,-0.14121127995229385,-0.7015007152017825,-0.6550944195686982,-1.1805709571829184,1
-2.0565833786667547,0.6460556639460527,-0.11356184951022187,0.20332345105380836,-1.4381437359460325,-0.19782293723232625,0.5732189887083045,2.4988736507319973,-0.4438268898476413,-2.9091132610594066,-0.7448188090054236,-0.7036896504997818,1.309282211162297,-0.472455181896673,0.3076895635275299,0.2696857532572594,0.923581634023704,-0.9710635000681609,-0.19759146315060322,0.13014966928277755,-0.7182518717122222,0.46588212670630635,0.44760705296122527,-0.23021674798099853,-0.8490912650668966,1.4135193276402889,-0.4008706711699263,0.8874693178183631,0.27348129851237996,-0.5903661352831198,0.22089775075985404,-1.3266530290597536,-0.48465488538366647,0.14800672140195817,0.20345680777470948,-1.5997209168941748,0.08440525809686987,0.16912158227472676,0.6966919762562459,-0.31739387441208283,-0.5769192319221416,-0.5779043569777554,1
0.6014754837561318,0.6018892060827427,-0.6826502506180694,1.0448560670861389,0.5693876017162517,0.5403059244930449,-0.469832986287173,-1.6752083947729821,0.190565167681988,0.8760226912610632,0.1636491768026934,-0.9988410318314099,-0.2809944562551622,-0.3161313501721603,2.7607149469802406,0.4126539800907336,-1.1720813874340883,-0.6398991052155741,-0.0806156725678825,1.0010426212079788,-0.7844567396013793,-0.12033565938245178,-0.44103967583531034,-1.1756215741963068,0.6030584209913001,0.006701615995074181,0.6050598752737857,2.033990808588741,-1.3343572397948078,-1.2478522681563204,-1.6991503600875977,-0.45372488686966966,-1.7435732691941817,0.38035474111717094,-0.14667767398943837,0.10132490647552574,0.037885334232905354,0.9556416104464557,0.14323346591799832,0.1640144869343205,1.2096148958724589,-2.3035672005042973,1
0.23923023526841206,0.11893156396101781,1.1038182391694458,-1.4446719785496125,-0.18427757264925831,0.0681121425395576,-0.05933698419840561,1.483783678245409,0.5322408443154193,0.4620372921105462,0.07651851519374078,0.4507402778660682,1.2553058493701001,0.042775560735705834,-1.3609658467842065,0.7310663164974969,-0.37674916638088773,-1.1951632406146984,-0.24121061762440738,-1.7121810734307374,-1.1668449085546126,-0.6602238077489236,-1.5199498140148515,0.9338534151209401,-0.2966605592240632,-0.03286911818861465,0.28384708663701796,1.130637621371944,-0.061008689347589275,0.5443506836075267,-0.2311372616173504,0.4113552105699698,-0.6304198206309782,0.4234206991115841,0.681436148857726,1.2973705046934214,1.0099216062452072,1.1866379357481274,0.39082738422578644,1.2126097715865167,-0.38149636686017635,0.907327682716517,1
-0.31694698628207213,0.20674524438108954,-0.08672840435419839,0.08151809625266788,0.20490075372622157,-1.206981347660358,-2.8305509850732844,0.5198777297037905,-0.6010390513488075,-0.7047300593084519,0.32504189632621633,2.279622637405086,-0.30035421846951166,0.19139817992800848,1.3904000922672277,-1.175085329345515,0.48719467936434036,0.5652317911749735,-0.6241914547233459,-0.1888545222866723,-0.21790179846454705,-0.5875234068628984,1.34429161837786,0.5180734000443775,-0.7827058795875269,-1.0658200271155502,0.6962452283453985,-0.8940406519775043,-0.20459669165697816,0.3753861084981241,-0.9449443189393112,-1.2993845506282105,1.1374218774851566,0.0506508655706623,-0.5608058805281052,-0.04825040683529903,1.2141001208282243,-1.673107356426258,-0.13479078623355878,0.13303327847454044,-0.7433380532650176,0.27186471306860527,1
-0.031585905680085284,0.5779120917336871,0.3485691910004815,-0.36006202891514744,1.5239955723077618,0.094601843487492,-1.8096649642227343,2.317852884540637,0.0017409281348693196,-1.44888522350279,0.22078525153365855,0.8090599039110288,-1.5028344667869087,-0.49745534769485067,1.7717969925790065,-2.186589621121308,0.09218887350029824,1.1036750341782142,0.13116243623033205,0.17026081483474706,0.8594864420145397,-0.26165523466741025,0.19511985039421864,0.27162754612556933,-0.4130237469326244,-0.023924802705951147,-0.18601589886602043,-1.7230945434412468,0.3119906252398378,-0.9354867817887322,1.5444400109416747,-0.34282070706878676,1.7855128929134634,-0.011428487916020979,0.6200753864176796,-0.9060828620204677,0.4108142303357298,-0.43014333673770866,0.6407452007145804,-1.9636674657281126,0.9067747018110223,-0.6402135952094349,1
0.4307386294116624,0.10981310686010592,-0.10320255536315216,2.6733254023791573,0.17840110334384193,0.6451461804221443,-1.1018787900701479,1.159606313466907,-1.0843057536368137,-0.5707293271534891,-0.6587780572391773,-3.235099858151338,0.18861557763546385,-1.434190541568165,-0.011804914410393212,0.6946551273909688,-1.2399877850179288,-1.0730081123413053,-1.3804339415894797,0.1968575271792703,-0.5263782528639507,1.0420025149298096,0.05874250561738553,-1.6445600109394707,0.335627022107579,1.603453487437228,-0.699346086278176,0.6960240113769756,-0.843328727186811,-2.40948487456929,-0.12126451318688579,-2.1636280995290655,0.4795406236765786,0.6674971776581468,-0.8393869152781022,-0.7199082334640645,0.0925093150103232,0.20027210678587315,2.109129957111214,0.12839247691067973,-0.027103452075438607,-1.9838834224138893,1
0.014621687572259606,-0.17100797405827128,1.041844807092917,-0.5120256676671056,-0.28988929299538113,0.201251209609854,1.1737128679671236,-0.6642160243217466,0.12643046353209395,-0.2410299948487914,-2.0372658764174605,0.10432632135985523,0.71893784497474,0.3290472556582323,-0.7700574514823572,-0.5192570623151135,-0.04727415881343627,-0.7924524570214009,-0.7608142894694807,-0.8964591678912915,-1.2788235213542278,0.31519488979135907,-0.6820351551097741,1.244642332380228,-0.5005996311346926,0.27074749997437036,0.5580284067403231,-0.46520258158892985,-0.8514695954723773,0.9273793621479098,-0.17236828067251167,0.4648038365542363,-0.2367131807963725,0.42568136473012425,1.1179611437736043,-1.4060549564360376,-1.1575088797333797,0.5124197007349152,-0.09365100351211939,0.7255254916027358,-0.6181785229008767,0.27878167705540313,1
-2.2073003291010815,0.5534550604413284,-1.8983956952893772,-1.6457396545357899,-1.6725784006871685,0.6518448102935962,-1.856494082769844,-1.0885198943570813,2.0396946150187096,-2.822972119628626,-1.3069900753916288,-0.1610937096632052,-0.4689119464859406,0.8850938739791522,1.1923056116084705,0.6141829383596368,0.23607330162029658,0.2741682268320839,1.5998951310962128,-0.5132187976257118,-0.8407897094838064,-1.067951762108726,-0.11592920351818507,-1.9273148771551618,-0.4247617841698547,2.2930983523865427,-0.9161798594291738,-0.4062769830249265,-0.3984583248445651,-2.0639924023321705,-0.02890979331036477,-0.7127997920847201,1.0199346857800105,0.4122931561657722,0.5416029072662016,0.6221650544568749,-1.2047107937934103,1.308447574620539,0.09059426372196522,-1.6969779841437227,0.6684906778932443,0.7722057018753673,1
3.30646166851306,2.801951554740036,0.8674632505668296,0.39027588619546993,-0.3054214867735302,-0.9612236113572656,-0.7655553048972414,-1.2803814365577015,-0.3508543309254113,0.6399835007922339,0.6419421705849373,0.07936806968276355,-1.3644477367041026,-3.2143326305596016,-0.04833308604859379,1.5161877006601747,-0.7750662278359228,-1.7551150050402198,0.3083425852868899,-0.625435603004639,0.7841008748117068,0.12172545474574917,0.4092029645037496,0.4736505826128918,-0.059538745787468296,0.4144325839511916,0.1974444636036556,-0.22197014359643244,-1.0491903138911118,-0.9049110996894874,0.6394078156998352,-0.4642544542311729,0.7476999370498513,0.02736476017317861,0.9309056557442965,1.4002578302416862,-1.3837400538334645,1.3408316246585776,-0.06065632386959026,1.0988723964890337,0.11819591573083851,-1.4588124422351503,0
-0.19716055511682745,-0.4535596171325345,-0.06631764721502843,0.4483175776639276,-0.7422988652721487,-0.725968363524476,-1.770933520536815,1.6262510750595272,-1.2797064532571445,-1.0816380378762243,0.3147925309194291,1.1927943251046513,-0.253041730167636,-0.2646557662943716,0.3888347329665469,-0.8912735566924127,0.4038672546528267,0.18974967429378842,0.9229234116362338,-0.14247007664780195,-0.3654722503692836,1.6292536053618332,-1.1857568709411854,0.5972475357023119,0.17382535949130876,-1.5940353612300833,1.4431758480290515,-1.0278961592834894,0.6715026602338549,-0.8552264077624409,-0.9156254521997341,-0.8862084183010528,0.23199725453844472,0.036553502050194614,-0.35493316230079397,0.3745327406252732,0.49050068197195085,-1.0666621690844427,-0.016680478080593156,0.24897647747193968,0.10783190139972358,0.4513361481052662,1
-1.1586520669994487,-0.3398996259738331,1.299640577372601,0.4123593906452805,-1.0260715883052747,0.0998743821237925,-0.07763002474788085,0.1732197819501159,-0.6650928709967098,0.09940129000161366,0.23419676301948705,-1.3883416546488005,0.6540050116521949,0.35723357863141103,0.22374631001915715,0.5290207627497013,-0.28630157982829374,0.23699656266547292,-1.2368106021456975,-0.01875972214034591,-0.41515604452792404,0.7047185665543051,-0.2688810964226092,-0.4429569561179404,0.4032405854362449,1.351214479482153,-0.4461941209117796,-0.448866259015884,-0.14670017184896614,-0.8722478558861579,-0.002206971782982922,-0.2284697685612805,-0.6287201471713667,0.7059050276795656,-0.7063925273123327,1.2384238911585446,-1.8145729484429791,0.2293063705113767,-1.3409342111707074,1.0434911766423225,-0.8449504612969004,0.7590679092847171,1
-0.24793877139400705,-0.5620799372486203,0.37917080149755567,-0.749639885605799,0.09169213239456589,1.278933908464602,-0.44835816364097403,-0.37833797179364637,1.3810635603345491,0.12964234607228275,-0.9391836428283228,-1.596291986569378,0.7688900215573575,1.5259805379305798,1.2407111090405394,0.9373938011776716,-0.2930684955715769,0.2644415075028619,0.053548471136448755,0.20585733675593698,0.14490595748090723,0.37690711816191236,-0.4872147421264036,-1.9720019206149308,-0.5296736062604587,1.3134722636590679,-0.45168697522149154,0.8179347634677406,-0.6638491760744623,-1.5418964076298423,-0.049793174725757214,-0.9245430302150376,0.31662433598261447,0.8898866859426503,-0.9393142592349776,0.7068840036323465,-0.6179764388714765,-0.29759366231757584,0.48657286963828394,0.47833860063797506,0.7303642144265818,0.2634464862615946,1
0.4745129981922736,-0.900509832190349,0.17038191767942082,-0.9526651290839541,0.9107490724822258,-0.34884978068110956,-0.42751564028917644,0.4808417372042002,-0.31090441360215876,-0.3783120350813241,0.2626087409951714,0.3723979852623121,-0.5934244330253879,-1.2423224051617319,0.1352112634881685,-2.037411191738641,0.6100775439699843,1.7711079157804164,0.49674602333059226,-1.3558294401928805,1.272729419473523,0.9815023909906264,-0.3981035225735862,0.7499662591300115,-0.6568034091913956,-0.6179200714262483,0.05166186448446187,-0.6461847754896254,1.3085049078633828,-0.531855640404725,-0.4576461470997673,-1.382040306109753,-0.2661238366684156,-1.718370875339531,0.26803286049533054,-0.6119705070950763,0.0009883836930183348,0.11942885725895862,-0.6846097997871685,-0.3965809502895655,-1.268114900090768,-0.6705883492057156,1
-0.458075269089774,-0.11709206977985513,0.6221224391072767,-0.36958033453653,-0.5375639286247282,0.6688685611342835,-0.6147261249167626,-0.41630036798648473,0.3861632846556998,0.45864768212058143,-0.08266223395153875,-0.8029247459273818,1.2037274777110394,0.21575431845136026,0.9076777027881588,1.6698158752986023,-0.32273961387965727,0.04809105444583765,-1.4582270093362966,0.36943197005137435,-0.6675863254920453,0.22764104776590982,-1.166420596376784,-1.017370669972397,-0.4572975250167469,0.5449140048780822,0.47196633656966774,0.9875405215699532,-0.7007442629334322,0.42246802157165375,-0.38740912607899297,0.13725022802858075,0.39219047145380315,1.4069634786507599,-0.5113567791295205,0.6113490212198984,0.43131931189453915,0.8137574471741073,-1.016145566005869,-1.9242645655075867,1.2524721737993163,1.623179115077262,1
0.4709110334859799,-0.44490330961531094,-0.47960717685690263,-0.20166432996245548,-0.21938964949380715,-0.33423483301497275,-0.5153232113663022,-0.6204460104232238,-1.308544757114983,-0.33730855812047733,0.4716159668069281,-0.15298004861137018,-1.1326680639566746,-1.5802451813595586,-1.1605312563263899,-0.3474428010492064,0.2408276514555227,0.9129827179599923,1.1901519716424407,-0.6666401854355576,1.2635248487103543,0.6694106751957929,-1.0165321946047867,1.5582491808281616,0.2054278314498013,-1.1961968953447135,-1.4767785016091204,-1.4928729622060368,0.6604469295729076,-0.936996164647836,-0.16985419909728716,-0.9370078495830315,0.18190469526714578,-1.1046749016134274,-0.015672084975497297,-0.7309300619137972,0.9154775207886225,0.04768654843045515,-1.8675779607714225,0.49909312478190165,0.1731947855991907,-1.5669146433817756,1
-0.5823293222852283,0.3173140603954384,0.5733185274541267,-0.910498093775006,-0.09989345437430198,-0.09873439596522061,0.8800871494615696,0.5635173368285425,-0.681145978995294,-0.5860142466803361,-0.6841081662472873,0.20080668619009123,1.46899198777989,-1.559895349844329,-0.2722416958524556,0.39710720284203155,-0.1212249753802168,-1.339375593237022,-1.0164135220915007,-0.8367799774176068,-1.409089159577327,-0.879493363866338,0.542209030601597,0.6129792362159812,0.9178197337172841,0.05743222475129232,-0.17770545094691417,-0.15478692419995743,-2.3544883147726328,1.4368146207052952,0.3796906757594425,1.238337665534489,-0.39716963701362784,0.6332929423143056,0.9659232418509569,-1.169512446112212,-0.02905112168804071,0.8455289370879592,0.6103810411481188,-0.11667781290336061,0.42151917634435987,1.022477790956275,1
-0.4437385083576448,1.0117529351431767,0.9256183913901261,-0.37737785499068965,-0.250365372552945,0.35672125413149774,1.1443836113019719,-1.0112883798213343,2.27729016580433,0.07755812748955292,-0.3700803820141723,-0.21713925258985012,-0.2258266805217203,-0.5237512033040903,-0.04201603533375503,0.6484721476202135,-1.2088583956852337,-1.1435472905258008,-0.1987011215972781,0.6803378801738036,-0.36824778656068846,-1.305494506823835,-0.8070375778114801,-0.14523139336883284,-1.1527961026064695,-0.31812872097618666,-0.8756509192538714,0.9020491184877113,-0.36045642472960043,-0.6676599186423621,0.07450004877728308,1.943740151946541,-0.5251095768621485,1.8316016050268893,1.2232112164530047,0.57512773209333,-0.692801910913831,1.912820744474897,2.4042997390023966,-0.2675045784366739,1.400522774621957,0.6231548510515156,1
0.12809260739663794,-0.4879640721214719,0.9017367171729718,1.8532933531946094,-0.06405937656324381,-0.7634563934360887,-0.1380705283951487,-0.09536225127867552,-0.8658837184866203,1.366418717931406,0.0983676624808325,0.9262318110614403,-0.13311610128994011,-0.4972490338996458,-2.2441875860414386,-1.067160047264096,1.570093473811304,1.4410990640324148,0.0790907825648946,-1.9881465862190848,1.4628601888341237,0.5276255380510331,-1.1026532073731976,-0.2547083858689946,0.12984687617330154,1.0962418642322371,1.2852071536474279,0.8723074373420895,2.362175092131575,1.620691274974972,-0.10849886661842566,-1.0054174832330116,-1.4098947301615765,-1.5764633427192036,0.44889851772631845,1.9475240422843192,0.8588873633495757,-1.249705201975354,0.10567478972395548,-1.316245672133264,-0.32203363871666957,-0.055591452174830844,1
0.6763318217900046,-1.505628482765491,-0.5522926776466245,-0.1417425099256406,-1.9606578872115958,-0.20353965041443045,-0.7088273670207736,-1.3809047574643207,-0.4531350378540888,-0.3074341395785869,0.9932228229533268,1.1241770817547347,0.6352769511706438,0.5860352773037028,-2.3401901758670896,-0.9386715571166923,2.0349844147506886,0.9211610291628829,0.8489221071726566,-1.3112887021225441,0.19918649326787172,-1.5024216075955996,-0.12018418008780744,0.4827363717384194,0.5835847483843574,0.3790071599994345,0.4195649123019829,-0.02458338069164966,0.849294995977261,0.4146561505135894,-0.39917490032958336,-0.5790470569614771,-1.9861584216390618,-2.6119971272386753,-0.6575761620634357,-0.0046252484655963065,0.8890203830301906,-0.5356889273280023,-0.8621237459867628,-1.2848411346341946,-1.2520751532800938,-0.345489153716257,1
0.5561516028093262,-0.5890250637812344,-0.9628184672724559,-0.6238609991748585,-0.06783854900564625,0.6510572807920234,0.2684113074074107,-2.0091123785817198,-1.2485027066303147,1.043676062679661,0.659998279628801,-0.2023091074372865,-0.7098395095312056,-1.1961627499628793,-2.597007488263991,0.39064946617159535,0.7416405004314498,1.04752649758458,0.21334889142952354,-1.2305547357316784,1.5717836841789108,1.2499066216647625,0.14473086142740285,0.7913466995834091,-0.23854874831242007,-0.16784689854017873,-1.1540342106368315,-1.4276638442248004,2.0738003787930137,1.1460526661336556,0.30834887332171657,-1.029893725345447,-0.5468141430943768,-1.4668368441519897,-0.3595821491647623,-0.689684095306347,-0.019008538007358983,-0.07712366466718676,-0.7360126070169895,0.5490826147610313,-1.2521508832227772,-0.9070822575269719,1
1.9170432266750277,1.1996891260598825,1.6076790450833007,1.5536022484967913,0.33859821736079054,0.12275911948621662,0.4525958530147782,0.25688808330027674,0.8713778247567582,0.046506269378590995,-1.6427424082966235,0.09847510245943515,0.7983240048480841,-0.3798915647647921,0.31563202059665985,0.7226652582908869,-1.564729070404813,-0.4682330717311891,0.20440199384776223,-0.5156012817702125,-0.1757126648314145,-0.3718772538588174,1.4371349437214949,1.2458583965178995,1.3818361887945712,1.4205640553242582,0.9071310139929893,0.5216467373962118,-0.5366611249317425,0.6791039813958678,-0.945575719909668,-1.2459830655606539,0.5114090032476191,0.022307559963925472,-0.824884675402401,-1.4968359111192726,2.6652173069317655,0.8582432349642328,-0.7378366282849327,-0.9342059766431573,0.21607592328945802,-0.38150207075534875,1
0.3538758766527381,1.168729966689826,-0.10570017103701013,-1.8112514620491833,0.5181315362473825,0.258728939644144,0.8423400653575754,-0.3580829378544815,0.6251706125393827,-0.7126073944429396,0.12933499691359188,-0.7367044370823752,0.21104857681768088,-0.9177134975680815,0.02470523111363608,0.1880720518595229,-0.8783562974744602,-0.9889947354677453,-0.5085224175678158,1.1652379480963222,-0.7687353103117701,0.23517258351421833,0.620036674795973,-0.05868317393212925,-0.6797816462008859,0.33145342373749087,-1.0136253071344137,0.8780225939156606,-0.130341124785784,-1.726988467620396,0.3401414515669898,0.2787322204871927,-1.1455658760689573,1.0002778322287407,0.11644599034913693,-0.1332764236331985,-0.7482577815471168,0.4188279996422377,0.24980463441612738,0.8455766741417328,1.3284128531198258,-0.15469075034688448,1
-0.503033294984279,0.7257692645954209,-1.311568315075191,0.8632658029817954,-1.2688276677193016,-1.1265278994576862,-0.15983354256281315,-0.09970148962034675,-0.5421459583445905,-0.40593486898544623,0.8107089508490307,1.594247325181693,-0.13741593612356834,0.254096967429628,0.5359146777208335,0.2764362113161425,-0.16123448846280933,0.9260978740006929,2.9557383143126694,-2.3621904835159064,-0.07801087928056312,-0.9126566054964392,0.056901819704641435,-0.3731649046208228,-0.19757835123542553,-1.6115708919181724,-0.25406436733338644,0.5379628986481897,1.5072444891582601,1.5080225051130585,-2.5746608381202583,-0.32177104132683426,-1.183521481372226,-1.0117466133722928,-0.3537648911060944,-0.6111470800467395,0.055853642745425244,-1.4037871711761234,-0.10530991528129928,0.22056118825276488,1.765935171565634,0.8377632505448764,1
-0.9111009168237705,2.199994141861704,-0.07930769499325066,-0.09672698484131291,1.4427421661017292,0.268669709398774,-0.4078034058663795,0.5534792178670118,-1.9216303594779973,-0.3778914481926119,-0.30542152404949446,-2.5120089383176247,0.43033858348908677,-0.34495426065253865,-0.7517418924698168,1.4287981846593663,0.09740246449608377,-1.1678065372129354,-0.7319153621239334,1.0507648203304627,-0.3569948346898083,0.9396929546761559,1.199863330619136,-1.1483801848348287,0.6591228455109066,1.0630017177212252,-0.4037979925832583,0.6073231665515796,-1.7542572308960152,1.1794426146372117,0.7507114792008622,-0.5434213794068249,0.10416036413707652,1.170266111676026,-1.5983524803001772,-0.11095942938997055,-0.5449938142956708,0.41143598424541517,-0.6503345340373261,0.2160213597174802,-0.5496927780577306,-0.3819548583933158,1
0.44554214692452454,-0.3347278558676281,0.2751662337228974,0.800479337754556,0.36136167171246686,0.9681123934317194,-0.037772678023467635,-0.6144242425584789,1.4456504394396363,1.9926701077723294,-0.2439826349483994,-0.0033923045079480045,0.2831283589108565,0.10609172963588553,1.1553121406102946,0.9495921504786429,-1.6846551245249122,-0.40517212618689097,-0.8449284190692313,-0.007172037656729872,-0.49512016188656965,0.15102215489021548,-0.3941426779626702,-0.9792485027901251,-0.9506216083508986,-0.6632084950223235,0.4472602922316429,2.328276839141063,-0.5970995968912486,0.6111961946789526,-0.9387337215434345,1.1899691237756356,-1.0496486392846618,1.0996491058698161,0.7303497422656936,0.857714264250706,-0.37760393226548195,1.1708642186686744,0.5296773378914559,-1.778703602908269,0.2511702931667442,0.8716034325420174,1
2.1895137228556463,-0.8820414103888522,-1.0499327375933163,0.649170109378294,-0.8426100967377487,-0.146342785427796,-0.5857074138500998,0.5257888415919929,-0.4168091951111832,0.026421426015554153,0.45015272562823644,0.6608049408247164,-0.659731774355332,-0.626819802612359,0.4636022484969313,-1.2646235427841532,2.220446606155087,0.29510305842405554,0.10807951998647003,-1.471678086812166,0.49978248882723275,1.0571951726954216,0.682992560930729,1.1568020328025448,0.7209380211005455,-0.1937481642575758,-0.23861529237869336,-1.3696336501997495,1.7561579156183744,-0.5869099013876193,0.3532372752477565,-0.2806478248428554,-0.6941653520754275,-1.635332872645733,0.5322418558033982,0.10409211227912951,0.8142791380765845,-0.08422961142377945,-0.16048096020195424,-1.0051796451307948,-1.3351556038278816,0.24458045307598703,1
-0.133590520828695,0.24396015116179967,-2.3338495742709418,-0.22929219841317353,0.6592177510062518,1.6452068828336959,-1.9096110976169003,1.8899009157979187,0.16593990204080342,0.2536746419361376,1.6331056022356703,0.5287643284760741,-1.4552662458786767,-0.3319447572019469,0.774048594931988,-1.414955454388439,1.9827440184332374,0.1905680454062978,0.05553041819539061,-0.7636979516088243,0.3694202125089108,0.5450006337641936,0.8888158119258857,0.13256363239962793,0.18130568555887502,0.20908558379087105,-2.8048655355412175,-1.9906065490601332,1.5741401289531192,-1.164318431447462,3.011571504935023,0.5201795447761534,2.7224423068891648,-0.4018924138362532,1.767245268493189,1.7743485290670082,1.7077919324085085,-0.10978690430838639,0.06059441726369752,-2.403209914485311,-1.3569933149343154,0.8404132075899391,1
-0.6923623469836712,-0.7582584360722906,-0.5444822741988107,-1.4561065514824891,-1.1064129761163572,0.7973073816827143,-0.02213873089430054,1.4668266356741657,-0.2759054514567824,0.21821948337201338,0.5589165651881766,0.222903857789459,0.8879414360694414,-0.3328887064968422,1.1538651091861198,0.7773106553336739,-0.972788559965835,0.2903145097603648,0.2929623099335328,0.26581992466879867,0.5021108780813163,1.2981079093516557,-0.16100759421445462,-0.6577867774853473,-0.15669853502599668,-1.2705185117424873,-0.46789710240735105,0.808683208277963,-0.023982119012484055,0.3774836535214693,0.49077939099454837,-0.10571860366983327,-0.985335584742575,0.2439992899218684,-0.753399749354539,0.8739701476817928,-0.6616443506153742,-1.1082710552302768,0.5145679559084437,0.07783122101975325,0.3701636520521886,0.0985751218479684,1
-0.00278919771361616,1.8521471209221574,0.9120753936300096,-0.19725936305649272,-1.2579559809837622,-0.061535957221630286,0.13246871448032105,0.3560466584013123,-0.2910394322423217,-0.3773049065999978,-1.2124235368016334,-0.7408346470989654,0.5145211561031386,0.8508139655906033,0.9447031293702225,-0.14908537439750538,-0.22087570398864026,-0.12959533765114845,0.06334594453807428,0.4458224047772229,0.15005831828297736,0.9670394776204138,-0.4074323362857475,1.0949291341210836,-1.1748749191776908,0.25041919474276175,1.3758167424204084,0.679215206126883,-1.0445744802267312,0.886640550090594,-0.8036096941660221,-1.3201465044688292,-1.3140956720965038,-0.032815745277947575,0.4689715656771239,-0.6684119855042605,-0.29024858696490413,0.3798994307634192,-1.0122002778403325,0.7240875808058841,-1.184407079338776,-0.5328080150450344,1
0.4391539040205276,-0.09923654540547026,1.6322057735116176,0.9302045001031346,-0.14698229296856186,0.592443265934797,0.9921142699555244,-0.8218079227267552,1.1000381745268284,0.8698266494668734,-0.5306518584259322,-0.5323009868617302,0.28175628517424034,0.5768612574842567,0.3740207190072643,0.2831550222180784,-0.9256410948492844,-0.43930181209563257,-0.39488487566422115,1.6363470655659302,0.3711856928555017,0.24179246609206712,-0.5135827609948742,0.2606407046889563,-0.26619729451781315,0.5954616423923655,-1.0016054337698,0.6831908521156423,-0.9042042209891044,0.6722677316729324,0.6251775225783819,1.1276690464832664,-1.67958711589398,0.8955629094483075,-0.26152636030144183,-0.4672572187980876,-1.4452910613006416,0.2101058109085498,-0.16953091632541284,-0.17615035100086782,-0.7664533834146258,0.029192739182575592,1
0.9957936150282355,1.1203222722624988,0.8181625565476481,1.3125799046466766,0.9892799765724803,0.9003610101529601,0.9635892058467593,-0.9562807418651078,-0.21535472020841087,1.6972677148025972,-0.2837503954891582,-3.317077637813238,0.10089367580130054,0.4847612428083123,-0.7101687015705715,1.323431543245026,-1.0429884144493975,-0.7749556856823501,-1.2115675705357676,2.230885756682241,-0.03349841122591453,0.344965074822331,-0.33658331755705595,-0.3299289427730573,-0.5247454829041781,-0.8226111571401497,-0.5966409275357173,1.8601448624475008,-1.2729359186861886,0.8010776264629192,0.4394977748123696,0.6071522722290372,0.5832686725497652,1.5353500646704796,-0.5153303471700188,-0.700079785128794,0.27994342848181886,0.6417488836102597,1.0966961402480293,-0.46819905880086077,1.4790178634992146,-1.7607072702481725,1
-0.1170370640271833,0.9497314346933687,1.5065443485355061,1.0551036277257515,-2.0435322565195824,0.9154726263555335,0.2612306802303509,0.234419905470334,-1.1422585302669332,0.0890803205605601,-0.8647524709373373,-1.059916517089064,2.3851404744138307,1.3985392773520748,-0.29666574577560767,-0.1795806285544673,-0.5320040145745332,-0.47129285913679747,-0.6170497080937163,-1.5101504473296232,-0.26014619383858373,1.3285361076443987,1.7651914006577998,0.13983315237788493,-0.3245699153362535,2.010322724624276,2.329692780398781,-0.6346826687966679,-1.3993958207143238,0.6533491531826997,-0.959844501861388,-3.2562759394835266,0.7440083793471811,-0.5924699000101646,-1.013085646818268,-1.959828947479231,1.5264430179026187,-0.13697280080675803,0.05395872009245852,0.4046040690491663,-1.298038820000138,-0.3174205012599593,1
-1.4727118935502268,0.2151939449339528,-1.051931511502936,-0.4953457698124296,0.9202679075569633,0.22661170793112345,-0.0050693917357853965,0.41538655720681406,-0.46614464602304034,0.3603329142540654,1.340192853093473,0.7807933102826311,0.3570103847937751,1.5327264752582521,1.8340990016506247,0.48131352417389744,0.7321614527815098,0.2432690233996876,-0.7817766094979173,1.560926466534417,-0.5184248878438763,-1.4064445469012625,0.3674050205979669,-1.3969543939385678,-0.2187677372933373,-1.7856614232851065,0.43236456889166747,-0.1719785342203841,-1.3461757071462868,-1.128633653212766,-0.37175338405873387,1.287951029857508,-0.1064819617800903,1.112754995043283,-0.659671365946972,1.9517054787203394,0.35614536287547927,-2.1243982021538477,0.02543134812689895,1.1291526438529877,0.048177784921678755,1.514742270286596,1
0.6542849938127182,0.4958169802773778,-0.8095783183729117,0.8161332607226438,-0.003876705402948108,-0.5970890066364438,0.15949553004524206,0.2401122742837955,-1.0631597384274036,0.03353718844207482,0.3540623331247183,0.3716190786129265,-0.780988649427403,0.012040123783373673,-0.25224447375013453,-1.00961537588007,-0.1558737206835938,1.2221909959999477,-1.3121936215958876,1.158909765093544,0.49317984540696974,0.24216938799496884,0.4874332069558921,1.4584285025341268,0.713699221170498,0.5350007930342524,0.8578605481074436,-0.8839082284169547,0.14126891774999126,-0.008029134936529424,0.5680008877325976,-0.5882072952631557,0.2788166872135464,-1.1520980028708985,0.7540235380418621,-1.2868264281630275,1.2494780631321636,-0.1729371006907335,-0.7902203729724919,-1.0312269584834526,0.06019979183363087,-0.9855489060624545,1
0.12098916791398825,-0.10885378668118664,0.13964677060622593,-0.9792944454811863,-0.21036766970654522,-0.5593627232416172,-1.835830154290304,-0.601998290783207,-0.46531931626623474,-1.5527638919938767,-0.8838702895913926,1.5565849641223763,0.5765226292241801,1.346866321464762,-1.597195377977711,-1.0071608363643634,-0.11269498661492262,2.0071641712535975,-0.24186735830829792,0.4568245548161012,-0.8807686089736767,-0.9520536096257172,0.6383087417694577,1.739986650532834,-0.07918175364008917,-1.068789281918729,1.4021723366126368,-0.8207725323364102,-1.1012366091655479,0.2335111602905073,-1.440187637127933,-1.3654523392368731,-1.4728001730293614,-0.6258858682134694,-1.2715706276276382,-0.7915674418386743,1.188851401030026,-1.504030463439829,-0.10846009609080061,-0.9951083532663565,-1.9328431908687989,-0.23914078592156784,1
-0.09016157362892059,1.068887780778317,1.256357995388792,0.3617504722093192,0.6572773794468518,0.848810827816052,-0.3543214186930072,2.1848005073981662,-1.9130007983239903,0.7593470530667991,1.0086240463168648,-2.4063326087566166,1.643690928892403,-1.9128854682671554,-0.9775944500647482,2.2052923879103834,0.11219356909554404,-0.8104256047187595,-2.200352901238151,-0.10826696225185131,-0.09228531142500236,0.5797959564533108,0.12585988509539242,-1.1303547272246606,-0.5920479272483125,0.35223339466128845,-0.7238371545189562,1.3849374543861845,-1.3458093133141467,0.6588884667449868,0.16922311296444256,-0.030348902278823617,-0.5778979375662946,1.4902798701498539,-1.0889158135331285,0.6574396898293077,0.32931498916292123,1.1118776341787175,0.001867920315537487,-0.054363949237448216,0.25799092394783496,1.8595035801768338,1
0.21194617852759173,1.8268184700066226,-0.46578573873926993,-1.4343076521736948,-0.10738276708330297,0.10435098924959216,1.5659533143294446,0.3605274845688643,0.9383397841286727,-1.580599338196762,-0.8498171251686315,-0.5732002200467382,1.041896330803672,1.1274127444500914,-0.5127641735855477,0.2869467094667655,-1.009192110135936,-1.3407807986413882,0.3199086645902085,0.4906506764847133,-1.3912187153621343,0.08834625775311132,0.219740278704166,1.0294296133578247,0.7101601701576195,0.9030777790469109,-1.3693062318322358,-0.34863772071309634,-0.724114866701446,-0.6713881483511732,1.0384773305196893,-0.07605630140894343,0.7734664819186393,0.4517094239200719,-0.09725558963910517,-2.064531791550119,0.4629588329569988,-0.2884223215573479,0.2619287533605918,0.06194095439380527,-0.17816147838526744,0.11103292047452487,1
0.3591548219238477,1.9917963909284133,0.2504085734921098,1.609464508742201,0.4539628149526482,-2.0601698323994984,0.5611650348393282,-0.1840486020365105,-0.6729865472750781,-0.5888211275475423,-1.5648070437802855,0.9906672787953318,-1.5854612801717987,-0.7945429078461933,-0.8322702308001336,-0.21324379717681935,0.24571145003193198,0.9204605624216351,1.522426273238629,-0.9121977228094587,1.4408630838085428,1.079332435248509,-1.1663413134715812,0.8268393734349846,0.07440952495655723,-0.7898278477017917,-0.022046066650905895,-0.3110707123394803,1.6213714013817018,0.49461694623592517,-1.4184819180646244,-0.8570995660162075,0.2480032522214574,0.021966943266757594,-0.49441660519060976,-0.22099402610602442,-0.28346277280446475,-0.8254860089507196,0.16806812723113762,1.2429719361697062,1.591393994585473,0.06409494898136542,1
-2.218394309750469,1.1458299996976773,-0.7721749977930021,-1.6228295674483209,0.021422466752570382,-0.16960973118736,-0.30064054839889287,1.908776110099703,-1.0481958191518004,-1.9008211063970364,-0.6721350683267101,-1.2207714565331238,0.09765533957594633,-0.24471559520780894,0.2958536266347068,0.3513206953050661,-0.7295500356608687,-0.010051383841676366,-0.3264720864371991,-0.7942113555592878,-1.455249848672194,-0.8965160884873061,-0.49001201602894157,-0.8178548957229691,0.8428539389531388,0.4019890034358593,0.25085186084721744,0.7876460018770909,-0.16031598799987765,-1.5991826743353865,-0.4989185863703014,-0.4611040433001719,0.25042374264398154,0.35394269016393287,0.04756195993256481,0.8369904847979314,-1.081234927615721,0.6091141456534566,-0.743060235783593,1.1839058657862973,1.483468700811676,-0.3805730245620653,1
-0.10691135093338194,0.27479144141642864,-0.13437423069828403,-0.3650825708590839,-1.5274997046968242,0.5710879741312523,0.8725851938816195,0.5654259050217632,-0.6586564919967101,-0.7506912604138686,-1.0770266045082377,-1.6814760929864043,0.7590348417806849,1.6617407009479073,0.05152293507624124,-0.40102093850942927,-1.1295509271995754,-0.1670509351062902,-0.18154232452577057,0.7366804158758473,-1.628150367593832,0.5859024177262078,0.23950060692668365,1.3241449297413024,-0.01385566203764609,0.36271492501135855,0.028573152800623176,-0.32259583125461516,-1.0125620446888692,0.2542982802412566,-0.0643689736645964,-0.2957875113050846,0.14152563696879294,-0.013288775564470192,0.2781768112616696,-1.919095617096972,-0.9684331795833825,0.042704568813854815,-1.5633773183980983,1.0772821350509914,-0.03393895932691719,-0.44501060930564124,1
1.605339433402635,-0.13399155004873659,-0.4812266496998517,-0.5462298216204202,-0.3939803941828104,-1.1342662560249996,1.2104279672309153,0.10282842883534772,0.6164004668511482,-0.27070698131157417,0.9705435272798821,1.251090281199498,0.8687792911480567,0.9414344265324702,0.5006298907330202,-0.07163736272310654,0.4242782902402064,-0.6740034428099346,1.342829950344689,-0.3778376835381505,0.04283151270907559,0.8554515312819002,0.15622637576525397,-0.9005832002223845,0.4456013929197832,-0.7396916508892979,0.8077035176245728,1.0019018320413828,1.0528110003218678,1.1449822722397915,-0.05372334067501905,0.19793713477584415,-0.044478223761824975,-1.2012560405519488,-2.234886899448597,-0.6652065940587115,-1.7852262626169433,-1.0181093236061047,0.5080273945585269,-0.687111418787913,-1.1669689213872652,0.5681852770663133,1
-0.05583309332869911,0.723386631616503,-0.15087374169880724,-0.6436156087045842,0.45604652788021466,-0.32400383052714266,0.3338322823051442,-0.9868926986225721,-0.2596395144382494,-0.9736528353213039,0.07309096589222266,0.37569905030201944,-0.2448933525081325,-0.7322055018197606,0.11516489187356671,-1.0605319737758943,1.1335146119311075,1.7280951451570623,1.2081959259449861,-0.6192624002729107,0.26991172822282017,-1.1727014881906328,0.20660468306760055,1.882603079684618,0.2593773892679959,-1.2249742074619028,-1.6175903627646346,-1.2134524437418888,0.05716837035349213,-0.682682711809818,-1.3613095502958303,-0.5356829733049909,-0.9375740711624126,-1.20337953603186,0.31603560647513035,-0.8413391692715363,0.8438381320209195,-0.43657213456140237,-1.648314259415944,0.8857160866303708,-1.411609482547875,0.00565045415737988,1
-0.0843731171579492,-0.20472809949056112,-1.3243878853673505,-0.4704254167656879,-0.9970180293987934,-0.7345191915849819,-0.7596495008397859,0.4086253023162414,-0.865540570960671,-0.6871711957921606,0.9668237722868301,0.44801522158726415,-0.02126376933883094,-1.4944535487449029,0.9513397881938902,0.4107006166442103,-0.09665115342752077,1.5882964953744114,1.5719382300920455,-1.2028259941910873,0.3558982565303686,0.6384429075257801,0.6610495281015805,0.23892583155527705,1.3751444553838421,-1.305261958807991,1.0705083126800152,-0.8649133375387398,1.2464910859314848,-0.8585877399219561,-2.3323531589223356,-1.6926233664888672,0.2880123788955848,-1.5744810376167286,-0.19352472655687733,0.13522282973704047,0.7250556009176732,-0.034056273905334056,-0.6796635265634409,1.1759302476880198,-0.17437314009116,1.178313022828808,1
0.46086174842833727,-0.4208150475059806,-0.33958661992533307,-0.610004253228611,0.21901486367451034,-0.04626900534424274,-0.6078412267178535,-1.818005040849886,1.3952006408128428,-0.10515252157128102,-0.765957874076533,-0.5448378073980189,0.40868691786032735,1.3144086505816368,1.1713731555593752,0.5826287706693379,-0.26233348362960823,-0.23161991525966832,0.6881636895658156,0.08177305339491742,-0.6864976763103333,-0.06207879807385379,1.627418653490155,-0.6659014434782686,0.9961720546005958,1.2844728675569852,0.3534947964094496,0.287438015005304,-1.2468528052859142,-0.9984217290490243,-0.06882621872848996,-1.2849611906513538,1.4560355324035021,0.10783931445000958,-0.44758805041688343,0.4597533537643133,1.3653124375199575,0.19548709733502131,0.4604332484504683,-0.38606595904670654,0.4489346190521812,-2.1757502333327854,1
0.7105122432406581,-0.3778830900483533,-1.861010165887728,0.5370360781720412,-0.5795103628328897,-0.7943071668826488,0.2836311513575782,0.15791726892635052,-0.6444917560129751,0.3330396210439501,1.6744438386255545,0.15693021823906514,-0.48183353902484,0.4103052102010957,1.0280838704561286,-0.5492869962560099,0.34168542777128996,0.28897403344850386,-0.25892784504064253,0.2548170389776495,0.7684828020405964,-1.479792715606703,0.39937981319128246,-0.3169465370388843,0.792908236028229,-1.44844914758115,-0.3231155165230672,-0.7001090065045545,-0.8152758646250646,0.004804197946782135,0.27770761752604434,0.8227963412705119,1.4659011646256381,-1.3399679442919719,-0.7438984024385388,-0.8853640538514207,0.7308879133538806,-0.1945440030128444,0.005376742932473735,-0.8904662524062477,0.31629751100989145,-0.07049776907022225,1
0.7372859851717376,-0.20663178030324406,1.405110003248684,0.349669624806349,0.9156829408359916,1.4061903321533025,1.6579780496100203,-0.6205212830106771,0.7067539497919996,1.3136782391772412,-0.9509690523954588,0.17557147320511904,0.8878306824447677,0.42014780605053215,-0.8219426611886873,0.36196601799797634,-1.3543407721588,-1.0554853600802925,-1.5032191593264492,0.17246902384316928,-0.39700417679499067,0.531350393773074,-2.4720571795305393,0.3960771948326934,0.04283468963342056,0.7285385043477297,-0.43681114542868765,-0.8371405245033664,-1.0632077584970778,0.2777515489196051,1.2879412859241788,1.3028014722358459,-0.2682519569254858,1.4026880253306866,0.3993604310890464,-1.1852159835389182,0.025978672452587004,-0.5590341830287033,0.7212167601153872,-0.5496777420961035,0.07589517048674867,1.0818044946210246,1
-0.4796880312355625,-0.6438596910387197,-0.626006178031547,-0.2599143648356836,-0.1250080882087198,0.8191612505926433,0.8601963329202842,0.02813021872501866,1.4361134116062566,-0.5927228308331722,-0.3937106966902433,-0.23995451592776604,0.36378326624241897,-0.16049073209500267,-0.9807186902529419,1.5541903365266596,0.10641253394865594,-0.42259060355268285,-0.704450430750961,1.3311451067149154,-1.0786313101219198,-0.3652118518158212,-0.2939052717693329,0.21662712912558452,-1.2979769910610204,0.7521273325894113,-1.5604726940206104,0.8186639116488177,0.062176679948432435,0.6531174988341214,1.1258616266583024,1.3625930030375768,0.77569375549433,0.9285082502626095,1.2029581893695287,-0.6748965595851087,-0.416713138094231,1.5068310030502723,0.40633387345740296,-1.464153033123217,-0.6180310186891143,0.5085999417546271,1
1.2675628808697081,-1.3474250124296427,-1.2149832002986447,0.9926978977776346,-1.324112451734213,-0.3587065846944917,-1.218054752700822,-0.3702601489199773,-0.2499062525954291,0.7859838484809569,-0.31818821109462786,-0.4148204956684166,-0.651900630838455,-0.45480136586306713,-0.6740033862367882,-1.0379975423248744,-0.10181285547284528,0.5099669608577752,0.6622034020782165,-0.1422962806650331,1.189168152030365,0.7685856210003241,1.2332463703717382,-0.13046137231820362,1.3892570778957216,-1.1052568054866274,-0.32090828813368827,0.3059122227038006,0.7690709006756772,0.8694249848210247,0.10046911308649924,-0.26812381108552213,-0.5856546791350691,-1.1522208168012393,-1.0020301166606311,0.7978234036348089,0.8275873510471958,-0.9821663558737095,0.740290299604608,-1.6385561002589768,0.25381192602309877,-0.13258321113607968,1
-0.13463407696153884,-0.4744512077875219,0.4697795766648359,-1.4664891311810528,1.0937895385376497,1.5418844491256098,-1.3402490940778913,0.22740562338054357,0.4266112592073681,0.031233225655745964,-1.102386653492808,-0.8537779032900629,1.1805815825726014,1.4237701720356348,-0.09160628873890939,1.0940463718421556,0.165014198171688,0.05258324463177736,-0.8795753265512058,-0.04249141315836367,-1.4931187413072349,-0.026633353460450145,-2.4793298917305955,-1.9924304805177142,1.3224900012770142,1.893127855908077,1.7237380759209788,1.4838961710999603,0.09657541109151667,0.2467445085750572,0.07211158681250353,-0.5879350412812996,1.0731874826899013,0.7436645293180026,-1.8949711683779777,1.1177195963271904,-0.6171094888326355,0.5197989838588797,-0.3351322446093114,-0.5358603252710107,1.0729908437384341,0.7373845928357078,1
-0.26903532633721555,0.33613649017990843,-0.1180012169252659,0.056621394431773754,0.3423626613279112,0.5078229857165544,0.8757841295026852,-0.6130494089307255,0.7048758166202438,0.34189855314087353,0.05724080134138484,-0.5520868753039282,0.8165130070115152,-0.3688109011267576,0.4783594812944143,3.1043565849290555,0.07008784270591606,-0.5137912546530898,-0.9068970265873953,-0.5995170176155679,-1.5664869762837719,-1.2829300830428148,-0.9916669351823547,-0.32104915995234024,-0.7368692560695728,0.20148692753422962,-1.2170214328730962,0.7950905559382077,-1.1049002200311413,-0.39518646481935066,-1.2541055145875597,1.314051134909355,0.484834433484723,1.287279162112559,0.7875181677126726,0.362202685537189,-0.566705831038344,2.144819385780603,-1.4948389477754227,0.6418457997346237,-0.49929624243340315,1.9402609969694224,1
1.2549469818866563,-0.8635403358073921,0.7818692771980101,-0.3239701850734117,0.6472444418655184,0.30285580654986805,-0.059145286219816295,-1.1090532298713394,1.5512233640467246,1.1511699524891863,-1.5117723480685037,-0.11394387257627556,0.07963627577263702,1.1186108248646907,0.8613905387922023,-0.2034358626471581,-1.2550356269863348,-0.4950214602768635,0.2765063150018237,-0.44783309973283403,-0.9705844331865918,0.5224262710525651,0.22385779108424858,0.437800974290883,1.5616996024339684,1.037342876882884,0.5097975811424623,0.12364042626490371,-0.5921507353762993,0.009334496600019318,-0.4572555764305674,0.37130689537597256,-0.7715199424325122,0.26853500868609614,0.26643630589562106,0.6812383223257663,-0.7484494896980228,0.6110210638712216,-0.5563909893885849,1.1797624390428043,-0.7709311313668292,0.26594780663123324,1
-0.0820573470746182,-1.7712720347126836,-1.4424164399910673,0.9083346739684808,-0.7252480059763823,-2.1384451926951007,0.2266154693445622,-1.4653202133848653,-0.9698872519550845,0.3543300537700508,1.4863521914548994,-0.08870003661411899,-0.33010190789231814,-0.8157387375437235,-0.7023965124320928,-0.8633756072223145,1.3139659316056367,0.2884728162796906,0.8221306889068064,-0.3479900985179441,0.7369646924531053,0.120377505077048,0.9020068236523858,-0.5009782802723897,1.3250225841064573,-0.8007665366011092,0.36420334297265133,-1.0852431133581828,0.5389879356296413,0.6324219381244678,-0.5375489434465471,0.3162801925811913,-0.7234627596445257,-1.5369024386349137,0.16988166543408875,0.4147974657669789,0.7355362643546608,-1.158652194070958,0.6091525831148176,-0.12635950693610926,-0.2906836996394791,0.5986997401937179,1
-0.5409399879468203,-0.7843766066907516,-0.32298455071471355,-1.1931152270327117,-0.6898635780529296,0.5515945302513161,0.1773622585892049,1.8090363256051498,1.5709676781702313,-0.2125547287655161,0.7386625322688618,0.01892792054654934,0.813935397114193,-0.5360859863448935,0.0866805420981882,1.713848144448907,-0.668611289674811,-1.5591668408606676,-1.5677958079485181,0.9427917870816708,-0.9176372243175315,-2.303986527673336,0.8911287537567117,-0.5718497746283377,-0.78582717545725,-0.27254487872438043,-0.012755512997953614,2.1991233179710425,-0.12101579492971566,0.24375054120702355,1.1747488238934312,1.879708989520182,0.8482638823382074,0.9203897156855008,1.1993989418291169,0.21322137194542912,0.9807143573993733,1.9117176654403587,1.887968682632911,-1.4223154063768346,1.510065419409738,0.30439495549554446,1
-0.007982113753630239,-0.9920971671329558,-0.7909966446532717,-0.5118954916537852,-0.7222447565486023,0.43246026688801026,0.7587337484662384,0.14072801175824984,0.2513847692872737,0.6240405232566235,1.6077758275001885,-0.40206297524356216,-0.2419299715971425,0.09398981390077028,0.6218343136966143,0.15367828687508836,0.4140104572702022,-0.1877544491410704,0.7076896000101862,-0.06409032305350602,1.3356866483126082,-0.20746412898510103,0.803564648167253,-1.3934394259028682,0.23376045693542216,-0.6955123332850526,-0.045907301365517336,-0.36533077360523314,1.1883880130606415,-0.15690814387841834,1.0059254858389723,0.8117300488256729,-0.23928693097367973,-0.8972946768542404,-0.29880616273229255,0.6464298423913885,-1.0440020020277831,-0.6153312956919488,1.0210226899028692,0.04518004225308599,-0.32202074318933005,0.20756852848710217,1
1.147862751519128,1.582152567152784,1.4979317896360245,0.45244791055257644,-0.041571918831370715,0.610320810275724,0.3918383571678076,-0.589496754576697,0.4818234606395488,0.6872633017174694,-1.1074444555993637,-1.0114520925010073,0.31647284488824623,0.39297205290521986,-1.1773597358209087,0.4579624774157834,-1.1465277446146933,-0.1824453748414462,0.1501576964890704,0.23234358026316598,-0.00524571121908815,-0.11845427181124962,0.44711844340310275,0.9959735060264089,-0.5422875380160064,0.018377002667411456,-0.1261782913923059,1.142503784695799,-0.6985408382649382,1.2067811500896721,-0.4668154425488735,-0.11040258319147725,-0.26639225229272595,0.5317084315155592,-0.45244522129404924,-0.6287103902401638,0.2643490635203714,1.0234850268486406,-0.5796639804379393,-0.3798991421795357,0.1689389809575626,-0.1458485508111059,1
-0.03212494203821676,-1.4765293162017146,1.6426528731378964,2.0175069318706966,1.0981344529457973,1.4988323775733483,0.7751860454328677,-1.6013543462815618,0.01513134721181113,1.8498183705484743,-1.080994481783283,-1.398340443498526,-0.1937865762064435,-0.4948945080281878,-0.8020874791484611,0.661766548220026,-0.46008157445372405,-0.9475058545692173,-1.1316528979108222,0.21706264294424166,-0.05313723472202307,0.4788483395168343,-0.4799072853935554,-0.7509254650560605,-0.43312056669838156,0.8332742637156034,-1.0029779555318243,-0.24365270824806046,-0.39778646641351817,0.8536043515805593,0.7237421276329588,1.359101191845881,0.30030742749296635,1.5724850405140627,0.1352615068432649,-0.14940379727851563,-1.2982001194779311,0.39600852818473725,-0.5292152381814635,-0.01926363881581516,0.2082248330971107,-0.07775224301153104,1
-1.6857688913204467,1.884887531980127,-0.49529099967690987,-0.7883330312195492,0.09557874521186392,-0.5953470969494831,0.021574658200889947,0.45720261858296846,0.3517619996069283,-2.088534776573178,-0.5174678071704287,-1.040250841642924,0.44843498999719933,-1.002133935995282,1.3421374113444238,1.0149310973393302,-0.27586531392833713,-1.003500683972582,0.2701073881581038,-0.6753755428032275,-1.5322758709323538,0.5586852144295601,0.22493888690603708,-0.8655924275806142,-0.8402020634987062,0.6590983719423227,-1.848800887642403,0.6776081986058994,-0.2724000000392153,-2.254171870269934,-1.1420098093029505,-0.4902899785752931,-0.8212887127840028,1.6025918513987252,0.5318079722577118,0.3666099358801132,-1.0939994596564253,0.4848377525234419,-0.30372245165971473,0.802691115602648,0.29532539967350235,1.1317047736168135,1
-0.033389864951872586,-2.846880682157655,0.27157092987475334,-1.1776330316927042,-0.1708038025656375,-0.3793590504634854,-2.032133147112919,0.8524000195924535,-0.8080705196852518,-0.4000464781691505,1.555266870208762,1.2594635277818056,0.36303474532718605,-1.024941280105336,0.8612714575130891,-1.5204458612136875,1.233089340560377,3.215794594959368,0.7247917665511546,-1.8465511781438317,1.0954780644402518,-0.48780327879730234,-0.8856442367020477,0.3056261767801505,-0.37561850815330267,0.0503874148956442,0.8496785784143921,-0.20082152527485478,1.4859816440726537,1.0885068294475542,-0.7952815576144199,-2.0839623624174712,-1.051339185708136,-3.035517583549652,0.7876893916983266,-1.2729939448036707,0.32651457594565114,-0.8657804595079217,-0.7709429485125873,-0.7350227717015163,-0.5126742782225154,-0.9909725193171047,1
-1.6666925660109282,0.4416534351667266,0.24655673647337473,-0.5547449757654753,-0.06342952280541451,1.0174454115484426,-0.3487737544242345,1.4728269696186693,-0.6033534488125853,-0.8576932030410128,1.5516071168591137,1.1301053159286538,-0.10091567304553443,1.454786161580748,-0.26282808241464223,-0.7360333194845456,0.39967973973660154,-0.08705084424422754,1.610512055286593,0.809752292528445,-0.35795893932490996,0.3137513015185127,2.216661160467278,-0.3702436027240238,0.5815523639705842,-0.21927022173394886,1.260055759424444,-1.2058811993393406,0.733089313530447,-1.4324200184228342,0.8714017032832057,0.3570090598291722,1.1885853639021644,0.2255094464975367,-0.20109206859917153,0.19705788707968597,-0.046414737569106655,-0.5389225912378829,0.009827863847945033,0.31764671064086153,1.3693161696409233,0.3276212084344663,1
0.28206994933562546,-0.2428131083117461,0.47648409709150574,-1.0747309395807456,0.0335507664674605,1.6044384568200896,1.1891448644896085,-0.058125916621130126,1.364172999776711,1.8487076092234895,-0.8322959836429458,-1.0270938234380895,0.9298143608808828,1.2927510969909888,-0.27789524513475977,0.5157701966973505,-2.0256232984012024,0.5316566955179136,0.32058038507108694,-0.38095215628030743,-0.08116846256848503,-1.0576326751842944,-0.7294527352990251,0.5975126185087865,2.1100665818091264,0.3043304380114474,-0.1438520922834557,0.4588309460784883,-1.7680832292518847,1.723175896120989,0.5374405360582657,1.1324279068490914,1.14935830899799,-0.5217922935744977,0.6747387926761551,-0.47878554294916736,0.24393884194128623,1.6697446908091063,-0.061688767431945006,0.032620375556054494,-0.023014552178363623,0.9827542970089563,1
-0.691697610194613,-0.9355788339946748,0.43974160323850064,0.8698303394127751,-0.016103035128841616,0.6006322399094915,0.6568302201112016,-0.12248257009397756,0.7985893920473515,-0.011977894742333399,-1.0100887797312168,0.3430206275357921,-0.1035711288242986,0.6028396329444785,-0.1890108218660919,0.601931708258138,-0.15848401112761465,-1.119445951266079,-0.6473663984380384,0.5998839463085411,-0.6026743142183772,-1.489972633940888,1.2547478256367681,-0.527214088120797,-0.8290039361046173,0.04567131569486066,0.3422820225860849,0.76544035694774,-1.041495791048332,0.12059473131336784,0.8876533738298704,1.8551881965078683,-0.04254179641928559,0.6804515440837345,1.7861700050279452,-0.7995593532930669,-1.3375182746274112,0.1170937101835604,0.7698948706601267,-0.8572830114805258,0.2130101672208192,-0.5696784908128703,1
-2.1621251648824846,0.09143719695527298,-0.510466205052391,-0.07057336703085701,0.06703555603630637,0.14808034592091623,1.4355144711814631,0.04987639642071744,1.2625755555818672,0.07871648807401144,0.6171269846659904,-1.4586263946225375,-0.9072390372206645,1.0673717424127294,0.16044351590253084,1.811741854869099,-0.05982767332387463,-0.9939725188540225,-0.10969470936777001,0.9362183301812808,-0.04001246802889431,-2.2072882451559996,-0.33217836572376513,-0.7243484246662354,-1.5964054186518606,-0.7531752386666075,-1.5029525371557328,1.2430797040737114,-0.06056494953105098,-1.6044386422814911,0.9014155879047894,2.1983885180792315,0.5090770815850739,0.8649431701399054,2.830074058826969,0.5532112379365637,-1.1608490991254456,1.0575348026289733,0.49779383287857015,0.834237038328117,0.2688577594461285,-1.2813149485136683,1
-0.3420135216780485,1.0058231327231444,-1.7253901670662721,-0.5983717992111719,0.6916117486977434,0.09880618979031658,0.1401229800842125,-0.5831501296090257,-0.7390311311677285,0.7572286629387852,1.121062620432125,1.4329554900983952,0.2956227924239685,1.762887051786839,0.4147635687863693,0.7064035187020745,1.3285180794405784,0.7818080750240102,-0.23770436732428807,-0.07115437790155218,-0.5852142748727135,0.005177703471527508,0.9658534717764657,-1.0387484176767596,-0.6786150103008085,-1.1628081603937424,0.08833129356570278,0.11832304463924002,0.23030191885091306,0.21881172069093516,-1.1266072892583474,0.3735770947262047,-0.12294764224082902,0.2786018775215072,-1.0305832749109964,0.876511251715615,-0.7683885806771753,-1.6594598139884345,-0.15352327737056193,1.5550808976968857,0.08373304483617906,2.1570087448115034,1
-1.3992216040508265,0.41144168320540775,-0.566993947662264,-0.03214546567899464,-0.6905815413046033,-0.7571089389955891,0.21583552189996627,0.4588353885494012,-1.9565408688108408,-0.4788557479467301,0.22549805891181177,1.231126742244019,-0.17678492046188932,-1.4682992014559837,-1.2427168476231867,0.10299565379899225,-0.26644138888529395,2.1522671912219886,-0.18329976090011615,-1.6258580272603136,0.8534285679739911,0.18514547771544468,0.3631649460237076,1.4051266156005087,-1.2601206143945987,-0.5382061740216396,0.6630251572709485,-0.7665649070963324,0.7087353006275926,0.30750846283519745,-2.097593107115874,-1.6963232073166623,-1.3047274651803966,-1.2916256948524605,1.2565593468812009,-1.3005303256525167,0.6542673978202888,0.13154588847081997,-1.0459452895806036,1.460159761428589,-0.10654388204077882,0.24525247601771308,1
-0.7777315478983313,1.1224887928352103,-0.2689811752250698,-1.4548820498774953,2.7015518995717085,1.0813860269815203,0.7229492386991138,0.33948532477068766,0.6079799552961008,0.4454911066779005,0.3638742520829173,1.689379197527241,-0.046092507816663304,2.05329876402997,-0.8147313675536363,-1.1851259312173186,0.5965036015774705,0.31543071321142774,-0.48522215482085523,1.4645288825752445,-0.12405393952113457,-0.26641982444921236,1.336019408204473,0.09853766738810513,-0.548071421718686,-0.24175807005038422,-0.834113917386511,-0.028203323235682976,-0.27762348748679777,0.242344800436181,2.1056912077765184,1.6660726507386454,-0.4688976776349543,0.40834145938214306,0.17089718967369757,0.7230561871018726,-0.4987736145825665,-2.0423795363499195,-0.9900172774045505,-1.2414315657444828,-2.281410619739552,1.207780129644195,1
-2.0300353105460207,1.3514534361025476,-0.6405284875930628,0.5516376667407641,-0.25180148392774504,0.07239358127090706,-1.0431951290369246,0.8686782109728474,-0.7475450418859458,-1.1299249804050568,-0.5164779456435782,-0.9561703107086015,-0.15425632726468563,-0.21263001892624814,0.46806172267490703,0.5043058104797832,-0.5623985105950176,-0.13167858641162802,-0.5918549891046825,-0.359842087017509,-0.5907802610776363,1.4497906543612622,-0.9801611128433405,-0.8498721591936379,-0.0417008505294087,1.816613756140297,0.6905859332340427,0.25648378946311845,0.7139574753322866,-1.1312462432224937,-0.40531001732199995,-1.9056661514452493,0.1312448956149926,0.4276277488724493,0.2842464139193938,0.6736718893193074,0.022999236990239737,0.5475685964029494,-0.9708108547261857,-0.8066807259963982,-0.9141110133404972,-0.4357086770140818,1
0.10788923670651242,-0.05295376974746518,1.4294756221004683,-0.20078506397577797,0.45497013530763286,-0.3383894978637161,-2.323801398837237,1.4625178368973926,-1.2291846761818026,-0.9235174830657982,0.05142559736504335,1.4209548444290059,-0.665624299142806,-1.1351788227900972,-0.4377826456541859,-1.91648665374974,0.8554314033128119,1.1643990794479449,-0.6113257633589338,-0.35142064709401055,0.7740643415311275,-0.17653001796830622,-0.13486489729105994,0.9254511012304936,-1.1567170832880274,-1.0262687049279022,1.041605359340737,-0.47169716378457033,0.5699991303084361,-0.11343958809651382,-0.057511939847875164,-1.2390688480062433,-0.014995729773831493,-0.4884846293622229,-0.7652576846116433,0.6311359664024803,0.14967781548459225,-0.577949876871752,-0.5592066255220394,-0.6700699680234,-1.0655155302704569,-1.0050424714374886,1
0.8788505148155669,-0.5335499887843199,0.6164457142819678,0.07290717492881384,1.2953386780850864,-2.400732711259963,2.099304311908575,-0.2459913465990357,0.5751446757927274,-0.8497074652519658,-0.577444142047999,-0.42607432699935366,-0.34578206105988735,-0.5391290966292654,1.3764345366769923,0.2758127983156646,0.4302465291499992,1.4596547655888437,0.7378222864380154,0.487376351339903,1.246856986099362,1.0272579959377768,-0.4060571498105953,0.47302927970561837,0.9300555936019465,-0.5094519173180344,0.9845826529644532,-0.9321955149149853,-0.32276312181847144,-1.7121238571755308,-0.7804694920439853,-0.6310631580987621,-0.0483131748089388,-0.5250572605003964,0.3342402217835785,-0.19419394734013606,-0.08665115086947826,-0.3928881715342585,1.3538666694320447,1.2031341067367678,-0.4760952923177742,-1.1858018753342219,1
-0.5612934456194438,-0.8141013080383658,-0.6684341329691191,-0.25086836787997857,-1.3670605052982951,-0.5543862824089217,-0.4370669843400132,1.3063014533846438,-0.8642584625451496,-0.27929653018998135,1.2603009576199593,1.3016168015823424,0.33565309096152324,1.13739941134977,1.125789913496797,-0.10353429222775604,-0.14686364048205852,2.2862520418197296,0.22476455726813813,-0.7826134179312629,0.1433084618986362,-0.4148765305367327,-1.5971809286287988,0.7046239641412652,0.553136329757062,-0.356786887358389,2.323827402911204,-1.0938186808750088,0.07170211393163159,-0.5156111956832709,-1.3402171438404185,-1.0704966262245486,-0.6383960619249845,-1.5500689817357278,0.9740572161921435,-0.5903018211517408,1.2006279075205453,-0.3213681171688385,0.4187333451533508,0.48983958538123346,0.5919997612726915,0.009357852396209607,1
1.2273226392134453,-0.14592435075035626,0.5193864786941135,-0.22326501437635304,0.40547165903649796,0.1282019220023676,-0.08464728914010265,-0.45932745955984144,0.5432990875349168,0.19381307639947232,0.1015084355517151,-0.08473460352637008,0.24571374487290568,-0.4304089520666457,0.20584791042381065,1.2444327058684874,-0.12419111048849861,-1.3405314502807035,-1.5395170669808067,0.824804054362212,-1.4044385354751128,0.16987467592831285,1.010553750787054,0.5117800829276847,-2.074887949952703,-0.4518860944304873,-1.057284906198179,0.9490076433495507,-0.13392001880599871,-1.1634285742625452,0.06212423475668283,0.6654855077288395,-0.5935261759681285,1.7300583407966361,0.5563703952360425,0.4232181190237406,-0.22097563272908688,-0.03147129902076878,-0.48670541809991674,0.40784463508657764,0.22603121740214746,-0.4768535486360691,1
-2.9353119325840598,-0.7316185444176382,0.707046815433336,-1.0861968803496453,-0.273510235493664,0.514140034104703,1.474931145625491,0.023728664615028698,-0.7223144792067421,-0.8205418247548877,-0.024261950828655007,0.26132443203995326,0.2040748227232843,-3.3509449732011767,-0.5514962512344028,-1.3524759950729488,1.3232229155526403,-1.4988507312984098,0.7295224514223526,-1.6275530728319454,0.03298964636094856,-0.4175843856553874,0.7728819665713109,-0.15200565142033648,-1.7941109951972594,-1.819384505972924,-0.06754604289529807,1.1624806869579534,2.0864177910792336,1.2828764610783259,-0.2476630919944486,0.699936393805373,-0.4881565319412803,-0.9496372875100467,1.9806652959636786,-0.3107935712832754,-2.3006493365556238,0.5116949357435616,-1.660684220532143,0.4793796593026169,-2.050095988526826,-0.49713619226959477,0
0.023234879689973682,2.850293223506051,1.6557534489889096,-0.5052472950412773,-1.305324613756806,0.5409462325188203,-2.7830057912848423,-2.0133256865035767,0.3661639323964963,0.7987909903882817,0.5573141625616265,0.11641078086364641,-0.43378889703831774,-0.9962194365268836,-3.2312395773644953,0.7318416086982987,-0.3770821562439313,-1.2553322616195768,1.5519513390896404,-0.4397493751629092,-0.19832966202066005,-1.0612293323147919,0.03873506118390222,0.8803264737106546,0.7579440945632708,-0.08318776404339578,-1.5976256476201762,1.9834258078714606,-0.8529686686204309,0.5237388879378571,0.68161655604256,0.06114447361219096,0.07599506494271135,0.45510994726981924,-0.0210637751936322,3.1023483570339856,-0.2660898995113326,2.2550655257060517,-0.4896368142460538,-0.7049711925737094,-0.11617668055005935,-1.383059495124772,0
-0.36502521227467577,0.7143332127913556,0.7490873649846874,-1.9378050473987332,0.5010744458342362,0.3479887974836199,-0.6145930592553438,0.8914970214635622,0.2508510579825123,-0.6423364348632109,-0.28702085057326227,-1.0645243164932698,0.580218035636376,-0.8818471383915553,0.23687604668609477,0.8189819931063882,-1.0199514953107898,-0.5530758400326009,-0.6448961634444874,-1.5162827652977882,-0.9002248045120763,-0.1309930397971219,0.18366804287433797,-0.3701022145339123,0.3699777184592222,1.6903064731437532,-0.9936313904136135,-0.4690594388915235,0.05486419868267401,-1.7710338714165308,-0.18129244630762276,-0.3388676177583149,-0.5626143594829627,0.942611714266345,0.087601228675532,1.022102854080147,-0.6819049675636275,0.6298117984078943,-1.6788821567303305,1.5307886202879826,0.2742904166747488,2.2306254555968854,1
-0.15179378100926022,0.1147374613867829,0.4642664519682084,0.20912448094558667,1.3632760646661333,-1.297824091011969,0.70970417898943,-1.4813199910818622,0.27548622560165903,0.5823316348511879,1.439253230113159,0.10099954076452473,-0.5171776463346349,1.4479665128365433,1.3946909350905974,-0.1819378639917975,0.25763934681048906,0.1021469060745265,0.7255045962566127,0.6790971950787178,0.979099125700501,-0.5545618807434066,1.9038809386138498,-1.5600625107483603,0.8788094093380288,-1.0968183308012718,1.9799681177954591,-1.4168128896343128,1.420679225172195,0.5977766917328785,-0.18943232342690755,0.3242846984481246,0.8243321094536382,-0.2858295050649531,-1.0871384890999192,-0.18942598677879752,-0.9611862087458907,-2.70881033418249,1.3815655544735403,0.8300645932324289,-0.5028210510912916,0.3684878027604012,1
0.6337596323721033,-0.19310147540446967,0.1930235925021597,0.3699716899153388,1.237809667610007,1.5880018941509757,-0.4281780730808079,0.5767326413020164,0.8528084168816817,0.3476036139953161,-1.451881222760325,-0.46621542988254355,0.02838062242797083,0.16968102566234536,-0.18545730953477219,0.6439980815415425,-1.572792899780704,-1.0326879726474811,-0.767812779449012,1.2197928242362457,-0.7027848704211301,-0.47810414682957636,2.1733258423765918,-1.167924389849339,0.7527058187992264,0.8738015230920751,0.9976739174382904,1.2204963494091694,0.35696362149142696,1.9580954593770157,1.0474151310712605,0.32741999568659064,2.2542747209638496,1.5407748416196945,-2.449247858005216,0.12102190138350301,1.4277082821802733,0.8408282295605342,1.1453287345400593,-2.2571423578561443,2.1757065266818008,-1.0587729573447031,1
-1.4746273580795153,0.08171763571297865,-0.6409521455392171,0.5053885849308066,0.5216795767896006,-0.465572838307702,-0.12220978410558,1.2407629639976425,0.05341247479837436,0.5993041352219084,0.7004552280306696,1.7277377135845642,-1.163207304014579,0.9892440427475037,1.0132048277968715,-1.7037458758724118,-0.42171573767623366,-0.4627107942498035,-0.050692999521414005,2.23841684294153,0.7212592532874059,-0.2349412168736784,1.199711578468231,-0.03284987826587738,-0.656563033322768,-1.1143770226754233,-0.6152572040318715,-0.4211367809489078,-0.1740443910795771,2.858869543007308,2.120364622915165,2.387377948196417,-0.055855516142856686,0.9247177826806727,0.8076560402122337,-0.26740361016856096,-0.3979943757335377,-1.829630982306561,1.4632503222352207,-0.8465862648643827,0.775065422061138,0.604727130137124,1
1.0490118200765226,-0.1809331892392949,1.7276522824022473,1.9084350081135384,-0.9402505136382913,0.6717441575441432,0.7063799225281625,0.14220915211421994,1.3172097030110015,2.0112018097493607,-0.23499746057934306,-1.3187263222603696,1.8216393787803862,0.8486662040383517,0.8147291823724188,2.198454963333885,-1.7935827574345895,-0.6432069511494051,-0.9762031051933249,-0.06478609340942991,-0.3663871020913383,-0.7014062395605823,0.02286240638859179,-0.6321468729859421,-0.21053335965887401,-0.4211338946471461,0.05257226575767669,2.1412295195776383,-1.3993965037427318,1.386105549962776,-1.32122400944372,0.4002394392797094,1.1535447872908118,1.3366103465323704,-1.6302313079383794,0.2777945055106761,1.1773102323950857,1.4298525627961485,0.8573902506657887,-0.6203636208325134,0.44211224270650273,1.0880311666661635,1
1.1832531038608383,1.5679026645016338,0.9835653773044554,0.25467030681817193,-0.4061598613976887,1.0964806228837547,-0.23729339355931223,-0.5854348490999175,0.9216945550455788,1.034526329536337,-1.165704756929124,-0.9658107006975444,0.5098702055260577,1.3449380690409118,0.511289482101442,0.4520932691805102,-1.7672824622612857,-0.43767837041185315,0.3320440120234029,-0.30853780246252843,-0.254688459681899,0.7699821442550682,-0.232091538304638,0.8186612843961347,-0.4331145835734524,0.7333053855070014,1.0055106608991253,0.4683013245712781,-0.31324884341885795,-0.0005796762425615234,-1.4525820717782583,-1.7520086128851313,-0.04411029309764945,0.5290899727717535,-0.5874368185481138,-0.03918103432367164,1.626161483145449,0.8401010405883045,-0.618175480170584,1.140901223271092,-0.4324219123275673,-0.24413185317816002,1
-0.062285220496275794,-2.0574804320807445,1.2454915588115874,0.8528615765309692,-1.0107158177236506,0.2535677582713861,-2.4467358373326165,-0.5034570211295923,-1.1954414074698836,1.116093305682381,0.11265795044438236,-0.546325688120454,1.440799475172411,-0.6772585065531781,0.024186689886356052,0.011354095020660043,-0.3327979126642871,0.19189652102761048,-2.0384706269429174,-0.8070630287668896,-0.3621596986520183,1.3982208672741154,1.879155039926022,-1.882223801806606,0.6609844988399551,2.222244769630608,3.256593515170168,1.2960895917673625,0.09388399944548609,1.1128723408240133,-1.258007130768213,-2.30640703039454,-0.390164819649661,-0.2659068155571945,-2.2650340997785223,1.4274608094838557,0.5372173295762153,0.9228378505154048,-1.0895943741435417,-1.5544754345398173,0.09114453820992802,0.02252254916143838,1
-0.04303860248355533,-1.9056974660919228,-0.23360437275793489,-0.0652855131440068,-0.6922756535112661,-0.48439482635163345,0.07586018130671816,-0.5181065484909104,-0.8506594092582892,0.46661603745156116,1.0010665153317528,0.6277671043475836,-0.23098194067142222,0.06587433873963507,-1.3795819237921305,-2.3101400675678962,0.6585308088343781,0.7754239758858259,0.31107924106917473,-0.7558097068004188,1.3984750365397751,-0.6994774852733401,1.9075131960173193,-0.17031993262465409,-0.721311296348373,-0.4234401720806777,0.2806096219239961,-0.00951539198042256,0.17675371186325356,1.1085996985852566,0.19946766823695852,0.28944442682497484,-2.024521764178576,-2.190484939797331,-0.06793045939917085,-0.9901813336336077,-0.7209818230253691,-0.6318878588447175,-0.42657524432368893,-0.8010701441741344,-0.5559699938782444,-0.5380623356294748,1
-0.19054143002184332,-1.0832533629608172,0.7425925842980339,-0.9725392120542595,0.8020594476420074,0.5597143884862682,0.05075383740959523,-1.2023785230052308,1.2150593654269413,0.6380520815876244,-0.11347058241100436,-0.8234110395563676,-0.21478202992564713,0.16322416231769665,1.3609082848228664,-0.6628814939313766,-0.6627426421659456,-0.46752225981509155,0.4322679961298752,0.5339896856771793,0.4764649293898962,0.4245733326214159,-0.16617080235391063,-1.6440830772846136,0.08338896370918467,1.2125849082896407,-1.1320882093572617,0.8881440150095431,0.6066600131257394,-0.7910393772605211,0.5829437069697873,-0.04631871803264666,-1.043190135569034,0.24710912742911625,-1.1183179628394797,1.259458358776704,-2.5046297855278667,-0.6502843593812733,-0.748227549579145,1.6273976873843146,-0.2202959408649961,-0.8464476278317896,1
1.2929369777330857,-1.3372528345158692,2.3224869293365606,-0.05111698870801139,1.063114707869189,0.5838480026111731,0.5581375664136754,-0.5587165593890743,0.01804569462758978,1.9615775736005903,-0.9539649943770817,-0.28175125190400047,2.280692330158793,-0.13635681477219413,-0.5885125667267717,0.659690874050786,-1.188524238550883,0.2587946576136384,-1.7716469510966477,-1.204965009609967,-1.3326018197923264,2.095695590602828,-0.7230802256673674,0.08958338288627431,1.097847872782663,1.2851476765065057,1.347422216370592,0.5683623498857642,-0.023660755093976877,1.395309905466848,-1.1692078730745161,-0.6741571266894334,0.32882178468346385,0.7524418997235915,-1.6182927583205817,0.5135327378208795,0.15368930718207016,0.2000707723614633,-1.979350089244896,0.09354944714215126,-0.5418076206494943,2.4389154153876005,1
0.29594075838332007,-0.2942827527693056,0.10643294499834867,-0.18906777302834898,-0.6253211195460153,-0.3871689016523188,2.102131649973469,-1.141276730622239,0.5692430989833365,0.08293593224947987,-0.6836683189484571,-0.2545853718888154,0.6981210139617768,0.48493837134350576,-0.1951742205447541,0.7923027761527281,-0.9058510720375786,-0.4480377839903892,-0.8531477532806716,0.8926591199358309,-1.2237993474808435,-0.5890365695143006,1.5153508912568323,1.1991349842349501,0.33816787288666256,-0.618070650390087,0.31483512941913155,0.6359174466659513,-0.4525743831261877,0.7233311949462181,-0.3290976652255833,1.0980681997714747,1.1308831537287707,0.4554835505614669,0.07747073495472034,-1.3032805364835474,0.6668949637947629,1.0055771166587282,-1.1219597169821838,-0.7285051469363875,1.3374343641951685,-0.5439507510004171,1
0.755554398626498,0.19462548159045007,1.1207046711023823,0.44539378330810075,0.9707278145419387,1.3511157791429802,-1.1982895799297082,0.28599552037435577,-0.8657627066468581,1.415070372030772,-1.092454623626099,-0.5518052025061994,0.6666180642319278,-0.5654511838242895,0.03413473265572253,0.7629091709764841,-1.214568013538994,-1.1325277491942747,-1.234379272166065,-1.3605584876631884,-0.9077066344519249,-0.6813296801066563,2.38032119314154,-1.0464409090212623,1.9262960882652211,1.176422986584589,1.5608647087447527,0.5282188565746888,-2.356154013430947,0.17875777380236374,-0.9473639050130884,0.21239202882530175,-1.3564085566095516,0.3854739389663595,-0.4626725547708221,0.4860519664048392,-1.360472667625387,1.1824060586224092,-0.2356968995524729,1.7996066405359123,-0.44568221200698616,1.4466569777560028,1
-1.2368678439102014,0.501755424787841,1.0301279247086683,0.32132306396017607,0.46625530653728614,-1.3729610501571738,0.19559738859169368,1.959574829504069,-0.9932106249761169,0.0399226127940046,0.43316857846744244,1.428323330075934,-0.5441205594899164,-1.3410360733684428,1.0262416553986808,-0.3779574561436385,-0.23529213612941824,0.02537156173860995,-1.140161803760522,0.7675127158808843,1.2201172780924454,0.9258177404819032,0.12766248077323605,0.8016367637618512,-0.665499136510292,-1.11379856582367,0.7344579805861867,-1.2412955527534628,1.1342069057628839,2.466022136860496,0.9463096279347691,0.05610503628854345,0.4893208345405242,0.5280764381178611,0.47258011024161356,0.10466366988012048,-0.9393558156584033,-1.6556477181241622,1.3779865578422241,1.4384439473353225,-1.7967978034250585,0.2344992075758635,1
-0.4509710354376675,2.131275361946216,0.07745651500604589,-0.5975979963285302,1.105794590799221,0.3552255644156183,0.5907896967869565,0.5819449037154586,0.21779299760898388,-1.1986321365563513,-0.5715215437243308,-0.40179638789518707,0.8025475375259573,-0.14393766343723677,0.38913879922954947,0.41262269932475426,-0.6433633363172881,-0.6469830121976331,0.9047420906507389,0.007009551744912138,-0.3579902012798972,0.7455404156340614,0.0643275399225377,-0.11957545326602105,0.15506200175726817,1.7659775475243569,-0.7485806495186349,0.4683739423511458,-0.011607349267567133,0.7189593013432256,0.022135890284953757,-1.2327744878738771,-0.524322758671761,0.2994658309674309,-1.1902708801438397,-1.1382909306855218,0.5802033498305581,-0.004065437016957461,-1.3904960166592493,-0.5118433585135654,-1.0782681471666906,0.1077749573522808,1
0.09414844479070167,-1.1810191462291084,-0.48604576399271976,0.10069185703673152,0.18937572370241082,-1.132754279163214,-0.47380872666646,-0.3293609977698707,-0.49979040054921037,0.5325557396232659,1.492713531213452,-0.36792088850614174,-0.14762765496510188,-0.0486571823813611,2.345844112201161,-2.342347082195852,1.1442302666279915,0.7896390687104345,-0.2072566251341949,0.18125424438647805,0.48508190609292257,0.7484911280034263,0.18146206248539104,-0.3280639715836935,0.7326968230238132,-0.8672910331530415,0.22384478043109995,-1.5562056940366409,0.32644052623718073,0.8194632966141845,0.20165155027757717,0.05980690953023889,-0.04117180613281964,-0.6990127344331496,0.15645653199173648,0.007631266306068694,0.6111194318501345,-1.5981703466856516,1.0798696062078925,-0.7532815396855077,-0.14717362738697667,0.5313244114112824,1
-0.5477645448039516,0.6274657360494214,0.2797156906350228,-0.5529307650931903,0.16686547535812957,-1.495440404791612,-0.1524391599742706,0.4085568741278603,0.47087445400439293,-1.6341651183274764,0.37701143122997954,0.8505456363067954,-0.16160900863864913,0.1209330878063585,0.8023476516924195,-1.7961565570323768,0.48775203527466165,-0.23822122573947116,0.3664346399137723,1.6477646750008215,-0.29372316507572827,0.24470946194320545,1.1744642603386721,0.27816290780524944,-0.31270470256363303,-0.5310790296073576,0.9136579877250718,-0.4529747646293929,0.4091504695109981,0.16172539488742668,0.47262169204743976,0.36424079539553883,-0.28691436794663916,0.2767584690522274,-0.12535670522004722,0.16621809847639185,-0.04498096407720949,-1.2218607132911785,0.3164795214340872,-1.4975667120978187,-0.7815728479188403,0.569147427233436,1
1.0731624158196704,0.25078146886706554,0.8693917283613252,0.6005473072363411,0.17079105972133293,1.5989885402897592,-0.45693771795718874,-0.10547762135481997,2.442052894862666,-0.13331039973656908,-1.340488291411941,-0.40963849601033686,0.16883932139174246,-0.9431285198868445,0.03646431462699728,0.5929788090175246,-1.9266213103388177,-1.3096692208569098,-0.7298928434087294,1.0580646597238361,-0.6633261232550987,0.5068191628413675,-0.8252086661328346,-0.43929119800330674,-0.7819635061010045,1.6072226768493518,-0.9094348707825112,1.036922822311171,0.4793104325305183,-1.4260327795950465,0.08592663911200309,-0.15921351963587452,-0.24503643289250934,1.8909684446500437,-0.2890439426977225,-0.16029329551611704,0.20240274677513279,1.3240538254312755,1.9750211464870326,-0.6230048618004953,0.6678591764161796,0.8376304878799979,1
0.6940588118990559,-0.062416731571349846,0.059352318950604915,-0.606595644858578,0.45376435736820775,-0.3423660725533784,0.34854405155355567,-0.6721855352406806,-1.1773195023277205,0.5789931265014857,0.6642437193334132,0.17964045250654662,-0.15644666059396853,-0.2530031052959628,-0.08733412591867284,-1.0215332705633093,-0.2586791593396077,1.3205877469762635,-0.39178984024354846,-0.24731251909074967,0.9522283028473507,-0.0036976319149982285,-0.8017395167755682,0.3138984159004834,0.40705294734006975,-0.4556788646291261,0.1693092849975856,-0.28590719812084925,0.05270366593752684,0.39587145766514154,-0.15596961260544637,-0.5240372842290968,-1.144142832451358,-1.3291805863484987,-0.758446669993272,-0.8957199449746198,-0.73839698986872,-1.0431428068848403,-1.023469047018426,0.3487707878136555,0.14379580336286396,-0.8106220335151614,1
1.4415587839678161,0.4285149867134173,-1.8278845315934704,0.8848127045337332,1.0306543806528066,-2.265747039496415,2.0091998478982678,0.013371077784304786,0.08964421609184396,0.9599617819777483,-0.22039551081349135,1.6358436771081197,-1.094985441438474,1.9472582247278387,-1.6803057450015588,0.45245294088491206,0.48094145021130424,0.8754928023614121,0.46280981823570555,0.40941219035187176,0.02141622501961023,2.532363491595769,0.04808345910570773,1.0918075243028154,-1.280176071979749,0.05924368472749887,-0.16883069657348374,0.6718549349648407,0.8833379695754241,1.691714955352168,0.2646438246304066,1.2550958543285782,-0.6638332922025136,-0.13805022797759178,1.5643726777731812,-0.2920124746865241,-1.0332987607448147,-0.57636205747181,-0.0036093590284001437,-0.02321957546975108,0.3500005834521295,0.8121331844594903,1
-0.3728937351245947,-0.897273629808832,0.9718097150594189,-0.5946876665337126,-1.7432318932755677,0.18035573217798198,-0.15059864265907244,0.15462129578294026,0.3060786382586928,-0.7405851294977664,-0.08936217728894673,0.1484835849791875,2.08853288137054,0.5801239057315513,1.04689582083515,1.2590578362427116,0.5726373018355735,-0.2593274401956572,-1.6234621603957509,0.09603051674706092,-1.0206819654050134,-0.9269104740954014,-0.20647095018235367,-1.27101039204957,0.19685581166158153,0.7889294390043927,0.2636942724399727,0.9488095043954828,-2.0583448284531753,-1.0503650749087587,-0.4738253168268745,0.5443343823182976,-1.6362662158868992,0.6254581500756017,-1.0282341214641568,0.1552509036296786,-2.068477630852559,0.2555564278589762,0.47983140933440316,0.09951304235415503,-0.011724270140560666,1.800955451027934,1
-0.5689704186418215,1.117158584204252,1.5737577253188333,0.519315132260934,1.2115646743860389,0.17299153956306512,1.5008572279213241,1.6685588832445628,0.4462704604865115,0.709688691094258,-0.46733940382390043,-1.1146930099644918,0.5283059368972021,0.08452829107260125,-0.8995626352400832,0.9467169162269652,-1.0847910773805303,-0.2635324506128825,-0.49066624544183796,-0.2602316644433413,0.8490905088654515,-0.6032864928346809,-0.023615367952048036,-0.2399826398755114,-0.8344564210703168,-0.48266404806412166,-0.05744604718637326,1.3342920957314452,-0.8089462931544082,1.1641063654089006,0.9814258265137711,1.1152936673546077,-0.39112691638717295,0.836006240451283,1.4056273698875146,-0.4488700642019883,0.5317651983529937,-0.054298760063038555,1.677812296556397,-1.7499844968103244,0.2989129880756051,0.2179836458060847,0
-2.0963363171169647,-0.6689685892925021,-0.2684063351351308,-0.09013942497505249,-0.6806941137304795,0.241482315528496,-0.6123620804059096,-0.3398749724342286,-0.4777644207924974,-0.28717152716356553,-0.8976399287794538,-0.607416629081321,-0.3146426515840739,0.4504044103217528,-0.23929047303893974,1.314648964969044,0.9181968403339075,-0.6088133606901687,-2.1658627891536724,-0.22850228741865225,-1.0893840059439175,-0.3056715188850412,-0.5613716904210158,-0.5656119087371884,-2.1557287849947815,-0.26976893301279364,0.10140615262582575,-0.07942252237536321,-0.17985843006679053,0.010333361260761977,0.8010940775960564,0.74314063813205,1.950248371800465,1.6188749902866497,1.8380953587416216,0.8042442947457827,-0.8846807187417712,0.4127437994162786,-0.2049239327953288,-0.9674086883128276,0.4896225307817007,-0.7385648442528234,1
0.628857061976844,-1.0093190184872822,-0.9210684559150019,0.28205038726616233,-0.5214544186646891,-1.1658434788211165,-0.5102117112121588,-1.081923060900501,-0.9398274266185401,-0.5414069090816265,1.0923408395952472,0.3551682110910842,-0.6659217127223067,-0.6907124886413153,-0.6948932287744715,-0.1379700398177364,2.2333569041148666,1.1079594686613339,0.9052812969068221,-1.3535073628604437,1.013968838744565,-0.648238803530045,2.249780213120352,-0.40047399995874783,0.511513959899589,-0.7024341627564119,1.174444883721773,-1.1714703152115247,1.3157497371295743,-0.5939740807690461,-1.173124447725065,-0.7246463792334931,0.6385727588181659,-2.000353329493579,-0.402421000218154,-0.38955883063213087,0.2624740883931687,0.16656242816811828,-0.2063970056329229,-0.078047623846046,0.017502834433224392,0.11758046547012588,1
0.61628256897265,-0.3246435844888752,-1.2964832817971756,0.7213594724331891,-0.6922144716191571,-1.801203944457956,0.3188123952428252,-1.4645302890924101,-0.6109290858253725,-1.0137145535876178,0.5805716003700202,0.3894349721471184,-0.3406395687430938,-0.13172872560953755,-0.9384094262337643,-1.6911128896511565,0.702167158325336,1.8335953033215775,1.8270651317870412,-1.4007997942461483,-0.06997564179187078,-2.4798780510134115,0.2178718058255634,1.0279921231723919,1.6481834751190236,-0.830070582187662,0.10855729060200812,-0.9644217734688684,-0.9020273392464432,-0.034263540886949266,-2.0421340058850133,-0.012903647607371666,-0.9551532919238578,-2.7876424237037574,0.1825296236365895,-1.5475761100487846,0.9957508160187593,0.27835427114139855,-0.7017045970358321,-0.8688011774964194,-0.3371714482953405,0.0010851086857414842,1
2.3389842650537034,-1.2070096508978472,-0.1583786043995489,1.0694324897049832,0.9516573952461882,-0.2709278592057175,-0.18406351808291643,-1.5428161213461413,1.9857387452068265,0.16843259473543398,-1.0326892991704513,-0.4024419113210165,0.4103814051467266,-0.020382446238350102,1.9568441740708737,0.871173601214209,-1.7894135327860676,0.1677406302900224,-0.5206884065164962,0.85683382970935,-1.179503812586832,1.8898713823695228,-0.5559831796867979,-1.0401414175915413,0.9841685461317577,1.515667121994913,-0.739327615174524,1.6446785946509006,0.6177850745390133,-2.0993946598485422,-1.1681239145605908,-1.1126736954652245,-0.14941089732255208,0.7713026160270561,-2.118325077310243,0.3800265788277428,-0.3810126337572957,-0.3673756132561034,-1.1679967695408113,-1.446917350903896,0.13610312889045148,-0.26631405483417814,1
-1.4511172591533972,1.9053364801460695,0.6007210951475834,0.2693619570751151,-1.4081445819399576,-1.1671054981675932,-2.4297380579290477,-0.07067726335002834,-1.892984114081373,-0.42188216958418207,-0.4059132827119454,-0.3742583858420492,-0.3960988336488473,-2.12675475260961,-3.0456446427074257,-0.2229683372990839,-1.2159705329625827,-0.1689732921930628,-0.2839071643691845,-0.4107275673411088,0.28116319876187457,-0.13903436176250067,0.5734012405118348,1.498056595578014,0.4067452926698137,-0.3908898198870914,-1.3540877740200905,1.4951126809359316,0.2252215623347047,2.00691058380081,-0.44608953704265286,-1.4927770237133555,-0.6202017111622384,-0.07816675854116614,-1.030686063830742,1.0060885036329772,0.811895424039908,0.6665465917658472,-1.9234383763247287,-0.49407014518181436,-0.303193852246827,-1.3485260261849803,0
-0.19280064625840623,-0.24105887774986987,0.9143606734734915,-0.9138838852701994,0.4002888000153297,0.17971777961938373,2.198825321501567,0.1693519870567752,0.18972164180164497,0.07782747349164891,-0.8115114301291976,-0.42521371273568426,2.502218227341025,0.9621564265175927,0.40936350505154906,1.1430383304930516,-0.1283682791378791,-1.4188965343267406,-1.1881380368960544,-0.6728027062100793,-2.183091420923052,0.026804097054602447,0.383278302474409,-0.37637531419404036,1.5827575703135168,0.7767785917515809,1.0818766286815968,0.7245865731594926,-0.8182023725574629,0.569772933946095,-0.4490561386911275,0.16063413101466606,1.3642318541451197,0.7248300066286872,-1.3221347646855668,-0.5646096712516112,-0.1369333420361449,0.36525672424014616,0.16775471208903925,1.557997208761347,0.06382180297404746,0.588760555922677,1
-0.4052589759660301,0.43772244080480266,-1.580476848606809,0.3298269509168307,0.683321074685178,-0.08724523455205063,0.5431698693269488,0.6741042778373759,-0.24235676988970137,-0.356650021342425,1.2071591396770947,0.7740254956640531,-1.7718495954811182,0.8919364111943872,-0.7101679560003437,-1.6156836198090387,0.6491228241679587,-0.34781301488556315,1.2522421177513874,0.7029622460519807,1.324391174492549,-0.6832399352049828,-0.8739371354231241,-1.5003280782611295,0.6524578574218753,-0.47657459218924103,0.9272251303239739,-0.6709709385261733,0.2708485191038526,-1.8868279874928453,1.162677619379781,1.327383715112785,1.8072180345889082,-1.001262174370647,-0.749019267156149,0.37147785608827705,-0.6523554558460185,0.54134150352726,0.06825322616128654,-0.7797032499167277,0.9590357942900476,0.16734890929195229,1
0.7391256856808051,-1.5697265554870798,-1.202771768040573,0.6248664742648647,-1.1353277529810566,-0.7589770459394707,-0.5213379612364811,-0.6900183875303806,-0.8058376108707767,-1.096527521308686,-0.7698181969116056,-0.2515076108613339,-0.032275818127609344,-0.7766949686151142,-1.1045640791705804,0.6663013118836846,1.8348091115848466,1.7264835343196479,0.44366879240614926,-1.2246602720772124,0.22217078179872055,1.2807367400534133,-0.7706632717913903,0.6512165601460742,-0.16375911810414928,-0.3413105837788777,0.35517186753304963,-0.8135694723999631,0.6380700723403631,-1.9134242084833064,-1.6684457091601916,-2.0250452800842607,-1.0709532295905033,-0.969241074138466,0.11049335101598898,0.5225437260499709,1.6290941034653437,-0.11246240190910277,0.7568670956057237,-0.12599831095242997,-0.4869411249820339,-1.1361426409548019,1
-0.49081559367289235,0.6459497317222723,0.4504767787111295,-0.6805588106775173,0.39749671757008154,-1.7607204203506337,-0.16606184182057193,-1.2256513320469538,-0.06910407090958534,-1.5038882134716363,0.3630893457070922,0.7318775020772592,-0.16964267928190113,0.16176255424266883,0.18384890423208147,-0.282454407459116,1.0000675149640539,0.6610015741452878,1.171342699581173,0.5234321370770771,-0.044434613170579895,0.13438333105652508,-0.8694839960513808,0.11983757039885663,-0.2911958919652021,-0.29120633443419497,0.8628651234950462,-1.1086722000319087,0.11981024205108447,-0.6819865977411426,-1.0778054188491446,-0.5359259603927584,0.05013382449095739,0.4318272477489681,-0.4234393824606469,-0.3390006475196144,0.49911005075030984,-0.7176615213133869,0.08004265600497143,0.36072708969460254,1.5203616072186659,0.3325089825108684,1
-1.8128231513086412,-1.0292839705982215,0.11551645594191005,-0.18821737216598666,0.5145370885904506,-0.4309988634956941,-1.0709098071495164,0.8218121445562191,-0.4194862641270301,-0.8653054186091588,-0.7689499185317776,-1.9542430270603646,1.5472899570116985,0.8773427557679085,0.0041639850428241655,2.1552341062270437,0.9357464788820655,1.8012757335878917,-0.5819238525747198,-1.5065488670648082,-1.0103965306830907,1.5894990217059581,0.1656009520431524,-2.5929668790938445,0.966380139479687,2.9220768652809364,0.8941323657619042,1.2799084536109402,0.9165578792351502,0.562077640972008,-1.1884186321420285,-2.0215672775672524,1.3759832187038956,0.2669247381462164,-2.4666915740528945,2.077375091101876,-0.7396511251543515,1.0211021533104871,-2.3293823103755065,-1.7158274494277297,-0.9192782443383589,1.609847270372055,1
0.05711675325962271,1.3082954910361573,-0.41525094126565604,0.1074704752975021,0.2132214581248387,-0.7421928196254542,-0.8067370574792218,0.4574801374577705,-0.6325518373567856,-0.9771797179971716,0.2579010447969694,1.7300584071821326,-0.6682581597894476,0.714142713100653,-0.9272969938021314,0.7431754151382863,1.131105747924378,1.1742288636401788,1.1592314003538047,-0.12036664652895322,-0.14782543314894311,-1.437786281790725,-1.1724069677975106,1.2453276652377645,-0.758582278881084,-1.1717880407323544,-1.238874578346309,0.07771544079657516,0.9434230733446161,0.6631245823548559,-0.5602718975015276,-0.3907360005578744,1.2445453230768653,-0.07775900762363318,-1.3600991636029187,0.6423962887580265,0.8105033341389067,-0.9718798023586585,-1.8223319139584122,0.6092324501284238,0.10096171610025863,-0.8056513435925491,1
-0.8021877704277961,0.4865615608384647,-0.18633615188975622,-0.4200707190735523,-0.06552593645875529,0.10928520434180357,0.45275882956255126,1.2119484841896506,-0.2031932349243651,-0.13394782983343964,1.5792396654318495,1.483667804959531,0.48610052987960073,1.3944529313674077,2.3426443859840744,-0.7528476663763466,0.9880134836294725,0.9801793028987698,0.6756986095293903,1.0387429265941164,-0.36459582029105164,-1.2561006552187617,-0.5161434386641004,-0.31381935971220726,1.3130208790799434,-0.4888630607054253,0.9199772094811997,-0.04383056030715531,0.3831268614609379,-0.03832768437718963,-0.36630155751633603,0.7150270037024642,-0.3247807697524671,-0.5427358976086472,-0.3626228390791165,0.4207003985215907,-0.4310405456218232,-1.4313692221752174,-0.15896134770780654,1.6513797517806459,0.898277725630733,1.3411482673800135,1
-0.5293163459432707,-0.5274934664319582,-0.07893671878881267,-0.017934285170978264,-1.0933246358397186,-0.702093011373188,-1.9038699058458977,0.34466893905750234,-0.35024024382653507,-0.27822663093250927,0.807426244223271,0.5181109037562064,-0.3180463989011069,0.21261481177486258,1.093695445375606,-1.3861290183867647,0.9444112137173348,0.8281558996874835,-0.09711047753730653,0.5600523710632249,0.30526751539130903,-0.3302168958008181,-0.5057070034139789,-0.12852751682480332,-0.6221870348800896,-1.1572446593857997,0.4774743138054225,-0.28843999700055667,0.8674266251650701,1.0073113449190267,-0.14111099138695102,-0.2620591826020793,-0.4809816527045802,-0.14087070089066533,-0.18155564103584618,0.9137249447657306,0.12466881525449315,-1.5644523973144584,1.0689444120185938,-0.4638882497459854,0.14492452017086524,0.29050119828537907,1
0.14364688639340223,-0.6320720846015262,0.6692583648940954,0.6478164110986566,2.391437043778038,1.544213185452334,0.028875668154170024,0.5057450316697867,0.767325245165974,0.3578196338863097,-1.4416439277016706,0.05405327115843784,-0.5829440546528228,-1.9710244384406779,-0.27285026240527227,0.15904438309375882,-0.5597713274726925,-1.6206928493562351,-1.4725976380404315,0.29010072466180953,-0.12983727983683263,1.610175314623592,0.6090715180402588,-0.4134866163183967,-0.5160987771858505,0.7268834768485226,-2.2781558515308418,0.029760403782847826,1.0201451158412673,-1.3547989108413243,1.6015892626707837,1.063952646134203,-0.9129539363598848,2.145066224311603,0.8913261775583752,-0.09041863061486231,-0.6362536265750186,-0.6187042842688263,0.7065372227217622,-0.515470053636306,0.12157095058660232,0.684513536182606,1
0.5118682358013346,-0.2154173827734678,0.8000922702084243,0.09678142403978687,-1.47718555429852,0.17873781913460557,0.5933944174463247,-0.253869687175296,0.47826902849120034,0.10876604750366779,-1.2413234701210958,-0.27263655155679906,0.8094213428998165,1.2259096227965185,-0.12591089558744228,-0.6206481963194765,-1.4336587071636357,-0.7392693084784548,0.038383557282803224,-0.0926326720279298,-1.3139618888540052,-0.41174012657783193,-0.029836470181293828,1.2888836992587906,2.2147277116305317,0.9954153749241226,1.3647219848174819,-0.5632879647944316,-1.269737151011116,0.211716218342006,-0.017049882869143846,0.09103550410955473,0.5231102412174452,-0.22161253321261265,0.35784238086753783,-0.7714617027356323,0.5963966590327139,0.7586937477708933,0.15580811070653214,0.6629053683528484,0.6511865442285296,-0.3110123915951133,1
-1.4384047151742183,-0.612383535825418,-0.816230601994967,-0.306830190289904,0.1991473635384492,-0.39235750468843317,1.6523722631217859,-2.2353209756713075,-1.686937004102655,0.6631107431692289,2.06291100232693,0.8236099792548593,0.6239888501468452,-0.17874715110505066,-1.4395102666644086,0.06127769277963412,2.2776787984362077,0.13107515255914318,-0.08037412861358532,-1.1587645662086106,0.9949306588272677,-0.0712743708982502,0.7350844145781543,-0.7204430540755759,-0.5011752220359862,-0.1520969307414186,0.00908682284971779,-1.5213758786800555,0.8734334052910311,0.9971010536405182,-0.4454448125705281,0.015698232090170648,-0.17518942923633132,-1.0861381101976806,-0.36607911307322716,-1.7053529558809721,0.7577724777098003,-0.7997768327370748,-0.7317968410782622,0.7300023799613106,0.33990174723793265,0.9189573859465195,1
-2.520926374835029,0.10239021385873216,0.9557963131845197,-1.223137333301698,0.8616752643641974,0.8046631708845047,0.7410975024059404,-0.3502806175901582,1.550128309113066,0.049077334922273376,-0.47895224289664845,-0.49541655337027696,0.08387872916441504,-1.2636710216497316,0.8016162208899427,-0.47184729262786745,-0.8894637895677289,-2.3963887857859234,-0.4496618960154058,0.4687130149598242,1.2347563381281392,-0.8967378776889305,-2.928404633633073,-0.6508369508065439,-2.724310488434868,-1.1458051552907471,-2.880346256840964,1.1200542466100396,0.6428683542184284,-0.3273329039752159,0.3343520397009612,0.2999127020204601,0.5497602899536806,1.1165229965415602,-0.3828370779585337,-0.048807862593691145,-0.4742617342953986,-0.4453481193086762,-2.0741049038384674,1.678538066027662,-2.699874503197013,0.3559155883482496,0
1.2840658443142665,0.4696824597908035,1.3693081201018822,0.6419687297654665,0.8469110412872375,0.1313293772095405,2.3105646023293143,-1.194844036240263,0.8254341422322624,1.7987371702076596,0.1634503472626816,0.5358622568867166,1.162609038307844,-1.366200217639039,-0.3707071831834802,0.20498732527637661,-1.644539924919204,-2.3262609027535412,-1.3882652084217446,-1.3356529249691058,-1.0210826601000007,1.4832789595144387,1.7200805050285544,1.2446335207069648,-1.2218167890255844,-0.35643042163546595,-0.3505113000910606,0.3652052123702284,0.40782223946157203,-0.4439601118776611,-0.8261547485822629,0.20804540007879266,-0.42844811281009304,1.2730828152508524,1.0925381875077464,-0.9157611705781695,1.791739061258965,0.5611396004920722,0.4944246160911157,0.477002945299815,-0.1659184765729443,0.30979311893702727,1
1.2298635988264275,-0.9362583055510952,-2.5257222680932916,0.8638881411907259,-1.047147025057008,1.021238833112528,0.15390096191283975,0.0535947273865403,-2.1836712572775667,1.4908683023000844,1.297501179676365,0.9114919228631497,1.1643574942214343,1.3996966371654558,-1.1443961082158427,0.32384334149828836,0.7590295742330502,1.3157198166024846,0.4628383549168364,-2.7692126337362297,-0.9189272874942731,0.9649508520541181,0.24074193627001833,0.050510098882999836,0.7869878013017962,-1.0278913006888801,-0.0711499028255512,0.1315518097951452,-1.1193546460577914,-0.8874382395527803,-1.9995720429714943,-0.9959292846825104,0.12485866029155412,-2.31499807746667,-0.6955104259409148,-0.8801828198722601,0.1376426320376873,0.182316210378875,-1.070447658309461,1.0997504234024875,-0.7465406103711714,0.5600094752352653,1
0.35152405860157915,-0.23789143429524715,-0.4532165462558644,-1.9379787131660442,1.606917637731472,2.1535280039266813,-1.5981536495594133,0.1562459978662543,1.7428558733500534,-0.2336363784987917,-1.1245492362190586,0.35431941532345695,-0.3441327476303539,0.024168183216429936,-1.1419110996026798,0.8054572568386492,-0.3971511305503374,-1.0258684712285635,-0.571649369160954,-0.6506081553194286,-1.8907464781089882,-0.611465200111849,0.36405144350259566,-0.3627825432215652,-0.07980051438983103,1.7862169398614522,-0.20097274192403197,0.0031595213255798597,1.0386084269405065,-0.3840882711581743,0.9655390453818996,0.4941498169278073,0.8767959642508444,1.2361268356453625,0.5638495980242212,1.0101078240419323,-0.07895259345516965,1.786109713761793,0.9750569447499547,-0.16435611326477262,-0.18010545181509688,0.7210222801850599,1
0.7453695503652317,-0.0576951229380793,1.0623494372643267,-0.6792528811881245,-0.36988981939437177,0.12887068364573437,1.301310449315833,0.23588361612406689,0.6294003329307536,-0.5538025567988345,-1.1661424015423352,0.7514118677602805,0.49720179933956254,-1.6031711310401182,-1.4265835800190216,-0.054250445041994236,-1.0875835430200436,-1.2445338900221674,-1.168476090478508,-0.27318323364448394,-1.4502894914106281,-1.2965051607486435,0.15512021984456967,2.300133594390227,1.1686052932976245,0.655546452347184,-0.10529075438848978,-0.5405175064290414,-0.5493209590340964,0.230251035283503,0.6295078698499929,1.5323529397691664,0.035738467247572715,0.27700539662641444,1.7966752386991052,-1.6591424183170125,0.26542643278607625,1.8056408385868197,0.013880715955432185,0.2434790299924704,0.7853091213345809,0.7603590290345547,1
0.2684823329864066,1.5286474001655563,-1.395501464488012,-0.5960570493362972,0.5890445009489378,-1.3060361926371202,1.1545840844223871,-0.17243924680836212,-0.5184253934624427,-2.187119054644079,-0.17181624086329966,1.1052386582299851,-0.7670741283375647,1.2152415647795307,-0.7893252644891343,0.35547639767904626,0.8915844841757851,1.949090155857226,1.2913556774371826,0.2086416294472073,-0.7927186126392914,-0.14742105384660026,-0.6334926976797164,1.388665385473314,-0.28072425580190014,-0.7251970946012128,0.7569511867970536,-1.3991930653964058,0.4372042666125942,-0.9357170836238998,-1.4946611231256561,0.23650772048432092,-0.323335964246629,-0.3047459747860829,0.4990557119993492,-2.2083989210081603,-0.0004324191733958369,0.11810479632274604,-0.3850086796674385,-0.12229040251413584,1.7625818806213067,0.7823752034858377,1
-2.885425337397506,1.392967193297998,-0.7632916170330374,1.4114548415519907,-1.1961989612762614,0.22580955048540474,0.7723485110132706,1.1540024434918077,-0.7809601068409687,-1.0170806783075388,-0.19124928368154073,-1.0379869455814712,0.6442572597090964,-0.6926681385174901,1.3986673624646355,0.2997229340659097,-1.2984031466741817,-0.7264862127119391,0.162629652073309,0.06054060310164168,-0.20099115018542707,-0.19388094433924544,-0.877145472835033,-1.6009352486808293,0.3664968800951407,0.876668846486689,0.1522551405064907,1.087420974156555,-1.1338394421729356,1.133060286550495,-0.5637870681015974,-0.2675242027819113,-0.39116191532543976,0.0528220316051196,-0.17750712917052536,-1.179809863546772,-0.8742578704065944,1.027989792360231,0.12693639150796762,-1.255404630184434,-0.3875146749255926,0.11963423112830088,1
2.104474383862955,0.22205568585016502,1.1151528136213846,0.7404643852148589,0.17937804386165884,0.5385893117713417,-0.24258798484727406,-0.8707022737764002,0.5625418881115186,1.9575472677058812,0.21908518673065977,-0.44762377070763526,1.2069878719635634,0.42428866319192665,1.3547160899575936,1.4482716316461015,-1.867365310938603,-1.4649047362348984,-1.360239622191513,-0.48110400282841853,-1.5046225140462968,0.2214716624747021,0.5391076863019003,0.6768916732781447,0.9943835872257478,-0.2177033589987812,-1.1387499738326985,0.21503226219505342,-1.6356916876440803,-0.7357642172513773,-0.6455340897821186,0.09863997753011387,0.21101946950296163,1.5376054821376723,-1.0443284914557132,0.5801954604623895,1.3189108095646367,0.04225323103287779,-0.45391624742960185,0.8744561044313687,-0.11496551055202119,0.03479340072034261,1
-1.2049670902595995,-1.4319913832075308,-0.5723199239000989,1.0796148371799654,0.06153396825675768,-0.42278249833123377,-0.30038360938134245,1.0014423754358965,-1.4605593637424994,0.9479484504539056,0.9623583483788111,0.1779044449561995,-0.9578540298311208,-0.8405141477276822,1.7303095614216935,-0.4218141164901996,0.13342680052612396,-0.24954256467566013,-1.078920162063099,-0.16035940868355686,2.2066831051217966,1.056595529540397,-0.13424628505757452,-0.9955593676854514,-1.6136123836339362,-1.714389087572083,0.7233406521781679,-1.4099999530162883,-0.39458586433532467,-1.2111930344321558,-0.2361318093852286,-0.5198873655491132,1.6430345332171055,0.2094373097103726,0.21632766933293354,-0.1593431152450847,1.0589601094828502,-0.36935209125756197,0.43796798324145264,1.3161499007700126,0.6278291716566079,-0.48014666512412446,1
0.21367642468005474,-1.2264223556953695,-0.9815877176118502,0.27064973498618744,0.14421356081477593,-1.114857195725005,-0.6980737434541314,-0.2565106986467311,-0.6123542849569946,-0.4797045078278039,0.9911071731121465,1.3772701111235965,-0.5652016999199878,1.2741114792807622,0.5827106206133096,-2.9670136270781615,0.28618889603628306,1.4031936424194384,0.8411274541745165,-0.913863042054245,-0.5940518535852835,-0.19172458134528048,-0.24297982168315477,0.41620699134894257,0.1445893350224949,0.09839294042315919,1.5141557209903573,-2.2639642239261293,-0.7415610262345537,1.1624881951370245,-0.35375578355014853,0.47014615271975385,-1.436403816141573,-1.5738788954364464,1.5704269571319107,-2.459327034719509,-0.322077491621188,-0.6644592005629885,1.5264723773020847,-1.6328739670303798,0.14192307490871606,0.3530846160827246,1
0.0776562175583925,0.4032604373324127,0.4960084864861255,0.12073733982920844,-0.00985276898320743,1.2051478547634686,0.059005732429386455,0.029672037334224497,1.9432908349241895,1.1909809952901051,-0.5174271607718839,0.007219768660154902,-0.1211048039921195,0.8718993854901632,-1.2389393404822224,1.6205128819362624,-1.6492030238211233,-1.5159729255540597,-0.3833727602833304,1.070179877677507,-0.6340289199667388,-1.5530589818971428,0.47442309357158335,0.2643180525267887,-0.7643821089207339,-0.7613264252442042,-0.3263966520732141,1.47500744102014,-0.3224291462285383,1.15032660656582,0.689365967836042,2.22121411560625,1.1431656348460595,1.800746991896092,0.6902839496889014,0.5359967635831756,0.9541364917535063,1.6328529969106722,0.9560013813374023,-1.0960072603634126,1.0494140936198637,0.8061382094943126,1
-0.038682783876413294,-0.1711193716631289,-0.0706490010904068,-0.525323980103623,0.7741371867286058,0.9447594487323171,-1.1103942033794125,-1.0560476077180765,0.7450278160571587,0.8566160187803584,-1.0630516507459302,-0.21864701282640867,-1.3226809202507401,-0.31157890568458,0.8332505850292821,0.1803248259434002,-1.9619729935516066,0.06322360441360782,0.008781819188383713,-0.3136104532025051,-0.2896420234228771,-1.2009941751768154,0.054773683782801064,-0.14991442392502646,1.3281036732863964,0.9130900732780424,-1.0049550992137355,-0.41299580420821547,-0.2531437666055306,0.2928266879632177,0.15174265483202737,0.895254744923922,0.15942970609894688,0.42227385389061783,-0.057019398987052695,1.2388978435779179,-1.5525284901001462,0.9125911090384107,-2.4720270839127116,0.712561988944548,-0.05182220444943432,0.2905590546936595,1
0.8993276638024119,0.175512721244983,1.262825670132722,-0.25788619101451304,-0.9743609140217584,1.3592549088313821,1.0190898534492832,-0.48150953025470944,0.3314707079668311,0.9772777218143133,-1.65444844778448,-0.5678494244356176,0.7447682298473761,0.3146743239940242,-0.9520738396974547,-0.7974805217986232,-1.2299750199777326,-1.148263707020871,-0.40871284845564543,-0.7513866209000319,-0.7791534791846553,-0.9449599610468131,-1.010926898468663,1.401492712703189,0.7233646312949322,0.018723693312262205,0.5722541686790358,0.012370080111935253,-2.1086059758465394,1.390522305505628,0.19568378055289415,1.4602150125587137,-0.9270776116903561,-0.23698807244416034,1.89841151004107,-2.302842470407234,-0.9929826892120022,1.4143688653349824,0.5606538431107875,0.527498408859001,0.48515164397029303,0.8671139332397397,1
-0.7529226373657779,-0.13856177840983588,0.9092460944485573,0.5578282081157785,0.9595654339337353,0.43704808194052874,0.48580361029172264,-0.037549391398822504,0.10058525341209865,-0.7517319411461159,-1.796419858185518,-0.2270994203475307,0.4808758507507727,-0.49935250201372466,0.44144458561651756,0.1636717643681192,0.02448051511857428,0.1746876357849632,-0.5597403599607927,-1.008562936529772,-0.5446027205575826,-0.12634379521913858,-0.014222572850490283,-1.346277549658983,1.2328906578347267,2.0457672463052843,1.190770436826204,0.1742920860408227,-0.7032439777879189,-0.4842138810023135,-0.6137144005018326,0.1706758694749819,-1.5402762420957912,0.17782448700550632,0.306254667394073,-0.6777514093739984,-1.949468966195455,0.6383793694143569,0.07877923797196013,-0.6930011087780048,-0.05218226724996655,1.2372992232773403,1
-0.25525503189678805,0.9298099094788924,-0.770562572391059,0.9990192056470146,-0.4613660169283788,1.2630542223849341,0.8021541433320886,-1.63367216709624,0.8062948097267402,1.100479411410999,-0.792918108873364,-0.8471053803820328,-0.17679912420239868,0.33646892448338733,-1.055378166346264,0.5837117863004612,-2.543865313778133,-1.234018524435684,0.13503573456017778,0.6129588049933778,-1.3229074165772938,-0.6067063952326048,-1.130119325493695,-0.251413838192846,0.4087299186843896,-0.06317662679074533,-0.3567992872849004,0.5823714064354767,-1.492996318599725,1.5975900957984959,-0.09065530646525817,1.5378780532104386,1.2798317920683147,0.9201367465285278,0.23582904336760643,-0.6411072307760761,-0.7614471218424235,2.001388144873296,0.6840133086673397,-1.007811234517726,0.24008139768678377,0.39497801493916573,1
0.2874130281055594,-0.5536348241675761,0.9441459562199376,0.3678543111718845,0.01675840207778779,0.23343293687826408,-0.3782337282783878,0.609010764730953,0.478106168741722,0.5191551726300063,0.19192078280302335,-0.18649288238600634,1.0949233992080036,-1.468159167657227,0.5967079499073111,0.7753003479701412,-0.7973525842521942,-0.8540224714584784,-1.4208883999486168,0.8158599703736232,-0.2843974018010915,0.8714640286962327,-1.7742120862068007,-0.26513650340557965,0.7249562272652962,1.1597925271505665,-0.2839870987659496,1.15169606442582,-0.38767852943203807,-0.020183051647737434,0.17346770330127975,-0.47515028348630234,-0.46110862246236045,0.8131457458799174,-0.8638598338626842,0.8455642834420954,0.6019475272005603,0.9034930291925632,0.6649196239096749,0.1148771476771997,-0.7015581135919152,0.21567202839208874,1
0.9182763161194514,-1.0339770096763903,-1.0767969414735248,-2.251583176330379,2.456775395185903,0.311205183797071,0.29668843324983746,0.12881011560907718,0.26351136623896304,1.2298431914038395,1.3295979710381425,0.27814217061584584,-0.2894959945597858,0.4419179536698304,0.9294338708863056,-0.370083564819181,0.13422795455147815,-0.2109672259226305,-1.0534946955392792,0.29769555085143096,1.6654281862972236,2.39615558995835,1.1047600481100117,-1.7842463529394477,0.061909642120072696,-0.45377787799201097,-0.02704775256135003,-1.1626058679174702,-0.44245135185219964,-1.4537919061009745,2.3427673769011617,0.11732481609970817,1.859438640893265,-0.019893347519530646,-1.5520617496194031,0.8920011827622949,-0.5877965647169376,-0.7030250107026119,0.885075168943996,-0.7672969868080202,-1.2916141460334492,-0.04691978138733682,1
0.23191142936245132,0.8822715245509833,-0.21479310359019058,0.6219986274094316,-1.392967237648194,-0.9885919028597391,0.5732664068037282,0.4639623970171174,0.7552902720851526,-1.7521945827834988,-1.403547792654837,0.049856081661037485,1.00958669145403,0.24002686712736235,0.5519636212317595,1.0919261590951395,-0.5762489179174125,-0.8634783823155635,0.021738833071133605,0.2946317694150951,-1.2773305777982367,-0.19662353290693368,0.9573309730222392,1.283404010547429,0.6614745269096339,1.2220517613297905,0.3181367015895774,0.9265462498399152,-0.721763348102761,-0.004276298345332803,-0.9190164768928969,-1.5648995936215422,1.080227422621243,-0.34406745275282663,-0.40376296406733403,-1.4129156923022164,1.0606660054614288,1.2949694520065052,-0.44431983965243305,0.23645048375212238,-1.6672460629204533,-1.3992246578923728,1
-0.0882560057245345,0.40727880925155624,-0.11301152016776764,-1.0039520339244443,-1.4715187706258333,0.6688688012240271,-0.5276344167776584,-0.8187556111981811,1.6310374397578693,-0.19437310141679923,0.22544211779751128,0.09293493962390346,0.23170034523769104,-0.464834557280407,1.3331386064487383,1.3809118973190346,-0.9555488053731604,-1.3016251940821155,0.018563854397053946,-1.224811478867529,-0.7955727329296478,-2.987991059682103,-0.6978442926428078,-0.708829243578646,-0.227750768483766,0.15227150441419782,-1.4560512407594397,0.16249213351387443,-1.4465101164478833,-1.9598914763391757,-0.6160320393646549,1.0280415892252728,0.38002710457536043,0.9063411985698929,0.4949146630165113,0.8665657546433794,-0.08878783688093422,1.7754510867470994,0.3857617186330804,1.0086289925755612,1.6988955797674692,0.9293900879251591,1
-1.4283291277973689,2.1079018894703863,-1.0128939179237941,-0.5884814246411749,1.7056187467612833,0.7456863402816076,-0.766953745976748,0.7831040966873023,0.7188383287645495,-0.8551276510142691,-1.109127241447088,-1.3478936885541106,-1.4993143252612928,-0.09270893202318294,1.272545211387865,0.06603999651512125,-1.770369830635834,-0.5669859792867902,1.124109655201518,-0.44563257411353513,-0.3171253939919158,0.0912713380420683,0.28116549269814506,-1.0624059119229747,0.5036759866910603,1.1498616829496922,-0.9498156461030013,0.47592271144886183,1.0501692710302626,-1.172352917126444,-0.043935026972007796,-0.5912712286208794,0.18351006525831143,0.9162555109465438,0.10172649691229299,0.8792932805261757,-0.26943681065914227,0.7940054209564751,-0.7170682233660421,0.11421560457397718,0.5240080673983729,-0.7780374431691479,1
-0.39430493593276944,-0.18115400916671623,-0.13332993136260443,2.1100667460756615,-2.2316959299711505,-1.4332810678550592,-1.4863861736852884,-0.45394683472756153,-0.2829308976278151,-0.5552216978226876,0.22429970469423086,0.09525210828117948,-1.5696332362557515,-1.3954193151863337,0.17158595692118014,-1.7618064028605283,0.42833239249626326,-0.05554053015389223,0.9305732941738815,-0.41199774532109545,1.725500166233856,-0.3690627439802637,-1.0275372117102062,0.8257813977198775,0.3639589954021285,-0.3091378515724155,-0.018315247530083675,-1.86626315672737,1.8729904699015238,1.1908756461782208,0.3184060940281534,-0.615802605662274,-0.20461890774815725,-0.8933370668837703,1.1463957218606582,-0.479355354911052,1.9764446934019766,-0.9302172630211217,1.43808254968589,-1.7730482066669306,0.49779950486572305,-0.6728011183050123,1
0.545202037895189,0.21981625780869327,1.3380093004325264,-0.9717551785746844,0.6958150511650038,1.117969531650544,1.2205832379603097,-1.1805351318215356,1.6430617935548006,1.055586518291321,-0.872763919549864,-0.9046514389026362,1.5793065754493458,-0.5601133751047347,-0.39387076093576334,1.130148458157738,-1.0273626207314408,-0.6800492607552919,-0.3753067808403199,-1.7240105177659064,-1.1871420539480915,0.8230214250478054,0.6173405558889502,-0.08522979287583358,0.04795558565392274,1.2311755916792442,-0.537820244497995,-0.1638408689631809,-0.45469867857663343,-0.7185657736013947,-0.942558092716795,0.03485313277920773,0.6657786798629353,1.3562196036473066,0.7291565673069256,0.16418004109094977,0.4954743364038025,1.5897916961192986,0.49040296001601524,0.9843513554719883,0.5036842717622191,2.8304625877867666,1
0.9922948351555205,0.6095579893392524,-1.77661150475084,0.15445154965749672,1.146731445008354,-1.3818912872250844,1.6769691514261835,-0.710534840256673,1.1474851809396118,0.2404114079238943,0.47761627777699084,0.7688664353349265,-0.5277001140703756,1.223650611243302,-0.899834850834878,-0.010493701147197745,0.12259569695669771,0.796690038979732,1.7158401551733184,-1.727950843295639,-0.04417207401083755,0.10789602923129996,0.20294637367253252,-0.5361405495557202,-0.47732601837363525,0.11334456571893828,-0.5163557452838394,0.2874137605920861,0.6929886226491114,0.5869676472055858,-0.18394584879221193,1.0727268451397391,-0.4248737238694399,-1.0523332650937527,1.2850838106597633,-0.39924949754026173,-0.5307448493533555,-0.32923124219372296,0.6505225724161005,-2.1854894790636488,-0.2464711794355198,1.2627183094727699,1
0.23221152447952964,-0.5829167145682796,-1.654282963606169,0.25070285351776844,-0.35165261451391494,-0.6638741903678514,-1.2679213914961447,-0.31955166971914906,-0.36523158187161714,-0.14389754122545956,0.7118920009540602,0.38690978985014174,-0.5869168416348248,0.12263559435793871,0.7284863852160678,-1.0137583442927827,-0.516125522871227,0.5274382163986497,-0.310028955376345,0.5162483981433486,-0.3672195403712504,0.7778115210085598,-0.19587309074600917,0.14136365442084012,-0.6361566413091253,-0.3158446286973602,0.8251876541742542,-1.1069903239844485,0.22120711270652318,0.8431295175633061,-0.4211836177484187,-0.5942343452691007,0.034626190271202284,-0.2618104891845284,0.26360150984077596,-0.7911897410638766,1.0228325944631689,-0.4402988571948338,0.8715051004016339,-1.2864094763741638,-0.12351969110912688,0.019991610080481382,1
-1.6105012898141369,-0.6845945011007637,0.5576186935544575,-0.4353737633420044,-0.007759881738044978,-0.23948464088993152,-0.4525295908048387,1.9780875779851845,-0.6229130093819282,-1.313564064304502,0.24105068488916395,-1.4361157923245522,1.037843488811952,-0.7533146063710695,0.6624039254525795,1.326619786233381,0.4752921043249358,0.21648139926372037,-1.6981664409147785,-0.5835897044775908,-0.31194317890186446,-0.552649290489476,-0.6014024898534679,-2.3241251410771513,-1.2443397741632862,0.647555494102294,-0.12095706609924832,1.122692610972153,-0.1263747810608723,-2.1015856862695217,0.6021345037166106,-0.6126628097925246,0.9352319230449616,0.9943580627371881,0.25241428582430836,0.99420598759453,-0.3839268154998164,-1.0459732415523204,0.448971173389126,-1.1739987668535476,2.058186892688003,-0.10768527901657396,1
-0.20938745154263055,1.4340254520515778,1.5340143474299912,-0.6078358033234604,-0.049269543159447246,-0.5648400156832388,0.3056412402588626,0.0452125915567892,0.4416107018987603,0.11080281778393077,-0.957984634335218,-0.5138735831714591,1.2985557675700903,0.5315408031741963,-0.01618865735738778,0.8144298653783566,0.16515543718858436,-0.4381464394820016,0.4001688162152922,-0.3617352038513288,-0.24717171283709186,1.0247703014102698,-0.28992258252660047,0.209146872862579,-0.9066694956547935,0.30344608394749795,0.9401075643253036,1.0928304332300647,-1.2262083597749986,2.0763832492416707,-0.7737413638437342,-0.26651277141715457,-0.648992900848581,0.9746964733844172,-0.046022901836765995,0.4757511813015233,0.23672906615244396,0.814217019466909,-0.3086825983619963,-0.3738871214909132,-0.6977646212365786,1.4390909021155742,1
1.4109296174686583,-0.1953834946621935,0.684795228230169,0.33156092879984794,1.743165579316354,2.442632061384666,-0.407872247573492,-1.9772656063004481,1.008837029252401,2.9807618070027715,-1.102802756217002,0.06886847632309824,-0.1956090418042315,-0.012958256853143899,-0.8514060387504755,1.0637869682632268,-1.489793962549017,-1.7529310052371923,-0.5367418885933173,0.4364851543060663,-0.9292506556618163,0.2799891286057422,-0.9445576493137582,-0.0644473547952894,0.003433978370549674,-0.11258605622448771,-0.8908584524550949,0.42187490037232,-1.2333302019114154,2.394825282028455,0.42466907798686615,2.3470566114356832,0.04864190650915917,2.248170029915053,-0.3534017207273153,0.6772795941610257,-0.2029850367831426,1.3327427691815112,-0.6689366038476521,-0.15904059706756163,0.39514183639223055,1.6969307693358953,1
-0.7287569015981389,-1.1897228560811302,0.9831520144473342,-0.522751076803418,-2.1386987343841235,0.2397772255129716,-0.18578685855884855,0.06120108388646799,1.6997827198765447,0.0746195023023422,0.18639288641657614,-0.5195580361630866,1.4735646272981988,0.028493518026668215,-0.07488682570176261,1.4375581088163982,0.08885820354689652,-0.8960467444602079,-1.0595358618710236,-1.121015783137838,-0.9512430048840538,-0.7539740488386897,-0.2309054664415783,-0.41679989758521035,-0.9388595536612597,0.6950680429206193,-0.38026441440294984,1.021914092646819,-0.05505305937117402,-1.4850513993721486,-0.7244016181954674,0.2560879758371371,0.45227391236810766,0.8542360347821172,1.01039142384985,1.0928084021392113,0.18312688005276723,2.200316737532125,1.1343913618551542,0.570248612299871,0.3348909811239395,1.697195304936244,1
0.0781881785503837,1.3502202399379686,-0.1632686604876225,0.0871617406462158,-0.28277833152544085,-0.3551888414201307,-0.2329474049299735,1.658952729235936,-0.4489519947380821,-1.8995925440591364,-0.12757477393362343,0.6617030291765852,-2.263971194737321,-0.6808853779165472,1.3833924923590484,-1.2127926158742077,0.7551484952603817,0.2855855981068608,1.1911410036919758,0.5614159228406154,1.4534948126024887,-0.17027332956537378,-2.687640116923457,0.7851951086374566,0.7484782875778102,-1.1609630598050482,0.47051022620557376,-2.1510384796079736,1.0812029105542005,-2.0584617415393103,0.6680720319279686,0.17049139043659386,1.7411570716063454,-0.30389185325234963,-0.15682258256218543,-0.5145329131654126,-0.7492879702156903,0.7257473656370933,0.493381111138425,0.6916566575997124,1.3148862645012076,-0.8975904463701595,1
0.020802398813889643,-0.824903750524447,0.9528656268333915,-0.8401330820544619,-0.1898308862792597,0.17817727823430007,0.9072488654035579,0.6154712293541064,-0.13479087872221665,0.16801474948932732,1.1135201187946866,0.14741529887521862,0.9549255685847767,-0.8924849003747889,-1.3305988955283607,0.2349246998676825,1.1823943979240443,-0.03989722479703384,-0.49888862856795646,-0.09574724418914099,0.6529367437414706,1.4228442165226933,0.5785099472093922,0.004049777768566667,-1.1869106954900575,0.28730217163852345,0.272657965837554,0.4984650821133433,1.1266838468225404,-0.02487888452622658,1.1829593456688832,-0.2804138151635677,-0.4223394401786392,-0.23578284160286012,-0.1172581119701092,1.2025325220773733,0.2685053049636035,0.18015212019996987,-0.04729270997514471,-1.0966216844649415,-1.2246201581266254,-0.35285989069590584,1
1.2398170325490863,-2.5036782655151164,1.0557688504779656,1.6015755404318148,1.447147630619922,1.1521233388070802,0.8191136883572985,-0.5090190678133139,1.3891736616815014,1.8773125703096905,-1.3458931736134374,-0.8321054032654408,1.079451074662081,0.5643577336788074,0.20292110390940146,1.1379504389837556,-1.7281399298985216,0.38192737169106816,-1.552074750488007,-0.2311962311549839,-1.612956659461389,1.592549630271106,0.46059225244328583,0.3567719151668697,1.2370814076644712,1.2370941960063366,-0.2309133172708553,0.5583129773880008,0.9479072271586606,0.7368596133202631,-0.48764788298074824,-0.6364838610187682,2.420388401390808,0.9813028991533118,-1.4190804232928569,0.2631148844659569,1.2087693798438877,0.9702973284997993,-0.13294327009558896,-0.4244864600382034,-1.138957388716021,-0.862759036811489,1
0.3352668816698343,1.4149382761543767,0.5210747910519447,-2.232546389327502,0.6400828224257251,-0.22086655078734488,1.032431145283915,0.5431732696633236,1.1548807138109565,-1.4131040400765624,-2.16324626140477,1.8430464417774937,-0.2755955851018543,-1.0382762828425873,-2.068157868776693,0.412914428628784,-1.316592774015193,-1.3427063796512253,-0.5001982638695293,-0.10984451664209195,-1.9263695294271617,-1.9705915928436517,0.15097356027777578,1.8337790912531573,-0.77907051998615,-0.9435199504315693,-0.06124267090139888,-0.575130864563886,-0.4353333741311917,2.014922603910292,1.0627973806781243,3.1998409041301747,1.013149684830874,2.322335067778826,1.0609956641728329,-0.24548779056982264,0.15880837402855094,1.0081983187008456,0.12450051391079649,-1.678516564734031,2.695091463683773,2.321385818001232,1
-0.3112146264009933,-1.4395346135296447,0.9555120489585722,-0.2512598494729308,0.6124718165083637,-0.45874074175796886,-0.5984601621400143,0.17615246872438514,-0.9903432603914528,0.8373092418948518,0.8609810733452854,0.45097946807288447,-0.6513529468211662,-0.12236368042389455,-1.290449858036584,-1.9787915934216211,0.4074029654434368,0.14229881185145402,-1.03303172435183,0.8424667813879073,2.001123197641288,0.7355485379345975,1.0762152400472114,-0.19853867992213647,-0.6814020431481012,-0.2117166903052208,0.8619028807019841,-0.39649604987259446,0.49555309075274323,0.036003862918325566,1.682613814478529,-0.3858359564442252,-0.502156171381967,-0.7970205434797253,-0.8006023444191092,1.143192673988854,-0.17063326753301117,-1.4647584513420162,-0.5798322688208234,-0.1880784494547461,-1.5230187385813754,-1.5647862434602993,1
0.08047917734474118,0.8643650699756448,0.6549852089794456,0.4215735909628538,-0.6460242232124913,0.01723263715256412,0.9914582248251042,0.04569771305849729,-1.846439913262519,0.3305546952774206,0.2895541366564854,-1.5124499720563116,1.9882247284959667,-0.03404739426463593,-1.4321983327582868,1.4930677054594828,0.6673198361139107,-0.5592820763290978,-1.1184295769465282,0.715490408549441,-1.1399315455694656,1.2198161753292074,0.161570472718092,0.7791582946596761,-1.0152458173011196,-0.4599097222984618,0.5275769828198409,1.489363461246217,-1.7149708603572873,1.193597127194647,-0.9639119332640497,-0.5922598920930738,-0.5909070079787948,0.40258923769710453,-0.23429163050557233,-1.035292802028039,0.4749277640884886,0.6685718754210161,-1.1949981023279073,0.4944038614616078,-0.6923284333133954,-0.004124635495430358,1
-1.3896997420538602,1.009163441189618,0.12737418779109094,0.8322202863999716,0.47335515271152107,0.9715073069958844,-0.540071848149682,-0.3699758421932658,0.13960467921715544,-0.09589690845209134,-0.7865587739779969,-1.6962512965611112,-1.60553248964477,-0.07839649270552242,2.2016593229612402,-0.9461474355009586,1.444084407954667,0.08019219895952154,1.1827356843174393,-1.701922739703955,1.34258041199722,-2.598229809111729,0.42299849220881997,-0.28602354346701536,-1.6137845776540416,-0.10991772104152245,0.7582749076204418,0.336393338135509,0.5889618792654324,-0.8185672285502025,-2.082880519980313,-1.5748098847019016,-0.045344143323911894,-1.2981955086764496,1.8234815092352359,-0.5197009294805063,0.9278298105966424,2.0654632190143714,-0.42574096687838636,2.4380805303089312,-0.9823869695917835,-2.881352517033803,0
-0.7014856071922978,-0.35126169152311143,1.0056576722669988,-1.5806455138720135,0.5249642876629352,0.7123792013956459,-0.5580997343246928,0.6277730764078182,2.029837902780424,0.7577386510362352,-0.6002361270599832,0.6268028079630587,0.49196474077157804,1.4457450659042597,0.5691071800969444,1.242769503950092,-0.2692424961089825,-0.7286630761575917,0.054825718893030846,-1.8257925274573328,-0.34121526733851065,-0.39647001050260444,1.3217192613297244,-0.2556346365640355,-0.6688681408798844,0.3515769193583229,-0.4757039331702102,-0.10837812716613714,0.14686215809730174,-0.7972365479141057,0.3857047120251055,1.1926182352788703,-0.02016321921489769,1.5830450199506934,1.6586266809526071,1.7910037425201175,0.9698245848577675,0.06745106938065469,-0.5320006007375198,-0.2828285540450922,0.526319897150035,2.589052600630678,1
-0.3650899779697748,-1.0039870716300336,-0.748333398008718,-0.46215188644760785,0.15189054908765284,-0.8063904290369002,1.4687804539423361,-0.5349589025116589,-0.9294346065430086,0.8435081786021417,2.4308775678715855,-0.3715607130995961,-0.41861016816112,0.16600541087872883,-0.18146141119466985,-0.7655780924960669,1.0033429160703278,-0.3210429518354298,0.8518153792779649,-0.3081885350486852,1.2243211283087982,1.8909910160139596,-0.43368362120405873,-0.7904163012005833,-0.17106953739831454,0.06665317022102178,-0.2311487346050063,-0.9806912874188013,1.6557723635191812,-0.43685509407283035,1.3129194535151227,0.49855064454613035,0.1623773318076606,-0.9953761425603123,0.6775826983198489,-0.28133900729774836,-0.3656227147133187,-0.9532352937118067,-1.3642264866828653,-0.16712532796579194,1.0901100281822516,-0.08067058140360804,1
-0.7613316155633089,0.3640999532982949,-0.1774503682116518,0.3268803035498785,-1.6810551486478407,-1.3393033139214081,-1.4130241556745315,-1.0480910206543133,0.15184091072014952,0.11945600390353851,1.1203275611071875,-0.8056615868792735,-0.9146503012849713,0.09860403851072877,-1.3978283070045239,0.23710940996555638,-1.1772672222404708,-0.3729850090800485,2.1320881701730503,-0.5581002030014728,0.5394599920155622,-1.3025851116881926,-0.9447852688665525,-0.2718766605022611,1.449871342096704,-0.7710237907970484,0.9983337950822456,0.16152458803857495,0.13997592063600925,0.28201885076266275,-0.8677935572330842,-0.3050495250260714,0.48118771248579373,-1.2680205028777058,-0.17147322222650385,1.6146848338318687,-0.28836546968085186,1.26123478849289,0.2999466649759992,0.39808705240851167,-1.3785288539571516,-0.8497911319346118,0
-0.6138538473250255,0.4160724370368919,0.24949932668005426,-0.26436655104020895,1.9241152808533812,-0.7611499820228194,0.06411156056556379,0.33858879949234927,0.13660403793311168,1.2203608614419168,0.7645926806788531,1.1722208375496392,0.07004246069060709,0.920334237806306,1.459299830654271,-0.8493283175522964,0.4797267635521194,0.09181528027443908,-1.1414147054686103,1.3811578842039791,0.4284226568395164,0.45521065697040997,-1.9569986965223327,-1.1444565882072995,-0.6676319092481194,-0.3060768636570766,-0.11835638749016847,0.4331486519324813,0.08297037005946295,1.6912783269512364,1.440932707356579,1.2256721111409183,-0.9693256251561216,1.1760607958268272,-0.10061188815782085,1.9570925518737572,-0.37800942371589097,-3.375017731110757,0.3923004982075094,-0.7428319772961824,-0.3133647808793898,1.4169667910841723,1
-0.7772278440050653,-0.9271598236047965,-0.20266576158196933,-0.3090107772392798,0.2664102352375261,-0.043309619517272094,-0.046667744827411026,0.4081851415130581,0.2789320130249467,-0.8807042722028919,0.9582458301993935,0.5346981020116535,-0.7345794931649712,-0.43140761231804414,1.4454821741029893,-1.252660418185216,2.230270575852539,1.4012757191242156,2.025222420919493,-1.1469975496018765,1.8330669573190579,0.7502647921111133,-0.5055812567877146,-0.6807914806447507,-0.39114007723451255,0.415937121287277,0.01798275743212644,-1.3365218099527494,2.1058590757033375,-0.8865175716759631,0.11898043040674672,-1.0133126456733865,0.8345396025119051,-1.1845055182940902,0.6526195549549569,-0.8298510014055456,0.8674865727641494,0.1776413551973891,0.8576409843136331,-0.5235668501386914,1.5638642617846148,-0.4512029474907554,1
1.5644096156354805,0.9040976832406569,1.8427683307097389,-0.2188572488493696,-0.8565390260893135,0.8567800297197803,1.2593784668966854,-0.897787389595657,1.3395488230515138,0.4771937987618565,-1.493325655676111,0.08977655216903398,0.7617328911276323,-0.7257757323082055,-0.48168243352947865,-0.6097488782826478,-1.6511172506474554,-1.6130989607891613,-0.1208328494479337,0.24344386418072553,-0.7846483596472102,-0.015932133131118506,-0.8320480864614661,1.7643130766396435,0.011555434819676762,-0.0003834418835934618,-0.5519028290499512,0.085748491904882,-1.051033674828826,0.30493649350460106,-0.13795440188081606,0.7971799596030157,-0.6084510183535838,1.036005774651582,0.3610249985517515,-1.1190669505797581,-0.1556218047198136,1.0584221719449063,0.7900890798962673,1.2372323382827775,0.7570206140974862,0.8553437577670406,1
-1.3422627115107004,-0.4136991159598313,-1.046922100058615,0.8600114191298017,-0.3406368518089272,0.21073301392123836,-0.08171875105365985,3.552208419248403,-2.047942671322549,0.21855463375883427,1.006770850641519,0.5892735766342208,-2.1508523492255316,-0.8481428846327714,0.35407250199485674,-1.7153098070445392,-0.03748110468274079,-0.20009006546048416,-1.7757268703879383,1.4779183733198258,2.0047002943301053,1.5791013146874935,-0.3631679286790431,0.4774766425498735,-1.7839035143418385,-0.07350925219211224,0.20302173215534108,-1.2491846568290672,0.5010223322925448,-0.5918245201773006,2.625322454135783,0.045570258728249324,2.0273584762293737,-0.04834330363032882,0.6815531951963075,0.7134703246794952,-0.0366453438178589,1.0334510799620746,-0.18524296402271248,0.7883447127411713,0.04194245313822612,-2.290772772195603,1
0.10294460910082774,0.38001009339072384,0.026570657070331564,-2.125849853634993,0.7863152179924282,0.8992825529632767,-0.682080644378989,1.3780592280828425,0.656249621539768,-0.3725181493166544,-1.8318567483103538,0.04629837314308461,0.26051141835590974,0.3976380580735477,0.5812937222641691,-0.7422977698676991,-1.504645994873522,0.1088852162730962,0.37682273303401054,-1.4550922900579504,-1.5610550424863336,0.23794332226920278,-0.4442001120063931,0.5470468645821386,1.5551116671687295,0.966842835406124,0.8900908903502416,0.1143837598029802,0.19827900416047248,0.3609282339420694,-0.10639661512810147,-0.02667549570250464,-0.30096320624313744,0.15920100701716572,0.7651397567105644,0.40925500623859634,-0.0868880936516897,0.4745324417248225,-1.0524781804422545,-0.060732786826772,0.8123178981589442,1.2954579582988746,1
0.23870169091855797,0.5161499960742345,0.9530956485095036,0.8180579713465457,0.04788150381495375,0.8175896490391706,-1.2285378455647509,-0.5497054561533411,-0.11182598930501549,-0.39349313225892274,-1.3902331004087598,-1.189058161227241,1.3125958070861856,-0.23666477803238545,1.77613929491801,1.001731033420853,-1.088962723189245,0.5937266431104365,-1.1434750997373875,-0.5571499637263105,-0.3329198788206552,1.1005405420326426,0.9336792370660854,-2.3099644189689776,1.0861962694860716,1.9926376893369222,0.31219089726552207,1.0687924005420006,-0.8441460845039276,-2.520917533441739,-1.9109186739707584,-2.511171236136978,-0.9412002710639218,0.8948631050466654,-2.990212383284485,0.4534303396163442,-0.8491690586322882,-0.5753365427779217,-0.7013463729862416,-0.0942922840979024,0.7943804477870605,0.8522765712777969,1
-0.7832814698072993,2.1421233696008883,-0.6362424265834534,-0.07254943289048259,1.8706124487121105,-1.1706987723131939,1.71953096041867,-0.6247098427134233,0.4679933201083053,-1.8373829093401226,-0.8978412997611979,0.6372042035937132,-1.3419514209933205,0.35482102008453076,-1.0953422182769579,-0.20806738405420563,1.6223409461494271,1.2825344603307196,1.852864568803729,0.5651681670801821,0.36869713065282844,-0.6818683795640972,-1.352214058681056,0.11555718228911506,-1.4572469247560713,-0.5140774106592398,-1.132636132918318,0.31853227668178485,1.0369113137202388,-0.5710277011225999,-0.6758019828561238,0.6552038845303789,0.17299566943868813,0.48808079569546914,-0.10103393355625151,-0.06547052618437905,-0.32187189883432066,-0.19497302097472402,-0.5787735571896996,-0.2745151609126079,1.4857645747114134,0.10928189048387399,1
1.1987363382667862,-0.4737271143423001,-1.1299647070336682,0.8694484403433619,0.26115930463599557,-1.1736208084523339,0.9481856369700398,-0.2619599355340106,-0.09911167334977644,0.9245726308844795,0.5583588901444295,0.7288574770886496,-1.6675588659834826,0.8884153997307698,-0.5303671196312861,-1.0227725034706454,-0.061992013276871524,-0.4027236132932729,-0.07194359751217994,0.898003318134544,1.5010519707654812,0.3955829804760626,0.797621199292159,0.44943101390922857,0.764534233787771,-0.645898104813898,1.0414651250640874,-1.7197028345628205,-0.08477513943524398,-0.011376689478490387,1.0500686777386359,1.0281201578811485,0.4361070845624336,-0.847661105145343,-0.5309532843096002,0.477831292073233,0.05512802738742293,0.1345739060258471,0.9483389762814552,0.40938110712316206,-1.618377207856007,-0.7229595169671575,1
-0.9752252792993685,0.1535222203342811,-0.05081592273938902,-1.0346519001188919,2.202331826301441,-1.255621208323984,0.24725386218608142,1.4899005886185193,-0.11436861382154777,-1.1112416972235113,0.11800544186722946,1.9346683764111803,-1.7457368377833058,-0.2513581920236418,0.3433627666625741,-0.5252686882569662,-0.5614787516624707,1.7318203664488157,1.3593448611054004,0.24005294262434868,1.8511370371312452,-0.40263222475736077,-0.6402167816888313,-0.7674374585973327,-0.18114578707462664,-0.28299788662806175,1.852055895665319,-0.7242151551649175,0.9609823999761498,0.2788239187636126,0.2964971898466666,0.312248941005627,0.36990764901642154,-0.5992943923786399,0.14932927355965162,-0.640422991336329,-1.3791307329189741,-0.5284476551537105,0.3512962737250085,0.018765088313320293,1.571088027873491,-0.13981181142168597,0
0.2409389791412461,-0.026569133241448835,-0.8954766818821641,-0.25124526298857636,0.0625688063485992,0.11583315071481118,0.21212284456664007,0.20019221325623515,-0.524246056510581,0.5173153465570389,0.5122182889511647,1.023481152610076,-1.812260533323729,-0.13478109895666557,-0.9818178338816688,-0.42675921337366196,0.4899785720334599,0.5689454489907942,0.2163856797869315,1.4815453144458102,1.5111941301399945,1.1065023162503138,-1.022911473821793,1.153556938146468,1.1272085608184046,1.272002152430943,-0.5209731437469612,-1.6738309130546305,1.3168457743613613,1.235093309612288,2.7259326006534335,0.5448044134701259,0.6374601067899537,-0.7763666917129765,0.8037000506407096,-0.09327475516925043,-0.8461527408304134,0.21392550859965306,0.16894406378097737,0.9477505072923367,0.22307135630669064,-1.1348977921255639,1
0.44528922330248166,1.1200329308206771,-0.6748685971828962,-0.5148292463175245,1.1832434146484732,-1.1497719722478308,-1.8631108205858966,-0.11592127231581918,1.125282435007174,-0.18675599654154312,0.6140273973188778,1.8907287243390014,-2.5079014126683026,1.1637227923396083,3.068623611049661,-2.276012156418403,-1.1591414246875702,1.404570976326986,1.4691229743470846,0.6549099394994204,0.8194232172534834,-2.362735109518549,1.3856796791269774,1.1074619951534825,0.28399511316880166,-1.6133784637737698,-0.34688911177596,-1.849061799910175,0.7261369404968067,2.137032138178292,-0.010618505262732237,0.6055158113131074,1.0851555989622403,-0.6712785036123031,-0.013966637628265048,-0.9305857082000069,-0.23220443367384755,-1.2391787555566487,0.3358865642305511,0.142341139468127,-0.30897379692595794,-0.48607059185467394,1
0.4065508335071097,0.7964903886483778,0.07289247743591135,-1.675066227791408,1.3344809387819234,0.2501407606671284,0.2611940184722741,-0.7646252179321865,1.5948446799215183,-0.45250207782708235,0.23525718163426065,0.7719027211673032,-0.774038645162503,0.44588611999247263,-2.3811981589246876,-0.7142413601671865,0.17098355477207386,0.6240731363799678,1.5437085455597055,0.5226922296412357,0.9098731172679706,-0.7259397127589688,-0.16898195975819807,0.03676598219358666,-0.9649852566358127,0.6372642935274371,-1.478044337175423,1.3876974943517737,1.9897619894190381,1.1299223279864898,1.7525890794672263,0.09503914748848231,0.7099366396711418,-1.1765163008651487,-0.7968227686872786,0.11397003731944315,-1.4500890252116172,-0.13480841456738482,-1.1780413682140753,-1.656622785412725,-1.595360520148808,-1.0845615341468522,1
-1.221222304289328,-0.1636623417088651,-0.21186942681606521,0.6540505811538899,-0.712383626266985,-0.3119706135055991,-0.09002765917398914,0.5295562373242195,-1.0988984610656714,-0.570913550185255,1.1838881730822959,1.1011608608895507,-1.143708263283496,-1.0526866105177564,-1.021629627223128,-0.8950049785162971,2.3387808597603663,1.4224726282743378,1.6017798135174481,-0.3759624845478556,1.3218433848977056,-0.15427674551098716,-0.8188687042536724,1.5350948097447559,0.05233563801785972,0.04767354332594821,-0.5339070299818407,-1.2030239630334616,2.82674294375447,0.2717110136440538,-0.07624706143367392,-0.8684303939661664,0.3461351184379374,-1.6132562373098014,0.8974338677025164,0.340340995934082,1.1581328786442564,0.23630697335053627,-1.1104009801634491,1.6125668874011758,-0.28231290157609673,-0.938243195013659,1
-0.1629759144652164,0.4692317941697269,0.06553901628108243,-1.9452314539265272,0.6681493769931378,0.3997753483364655,-0.8652414781785197,-0.024486011336836432,0.9045328371994285,-1.8562302779268147,0.8158780196957993,1.1409734288840938,-0.5678474427614679,1.3693040873890017,0.436639232015023,-1.4905889809826436,1.42587836796008,-0.16355310333560372,2.2279930089276534,0.8426173664252875,0.20258783157595056,-0.17278135710814643,-0.9940395440327972,-0.4614817734402358,0.1553395194024127,-1.2924715651470557,-0.024745035586302536,-1.5693374774009887,0.8035034041730954,-1.0376481857157023,1.0469316765390018,0.5009785509710272,1.2985500728366581,0.17461899499696126,-2.105133002549627,-0.06729803187535599,-0.6608041233765903,-0.6983914541166849,0.8875268940347918,-0.9919838612955938,-0.17747437203520244,0.06835978075665862,1
-0.5764414373714745,-0.1993216565633535,-0.4171222208190764,-0.8394293826847788,-0.5221334801003504,0.1503286062179357,0.9991149438729374,-0.2061350640719695,0.28309529321183263,-1.4721629719244211,-1.3437684154662672,-0.06484146690501415,0.9573680551880678,1.0111655274865083,-0.901330132228895,1.151694626140615,0.5877206330636267,0.04149538821928371,-0.3140320850666875,1.6671747711362208,-1.137116133690555,0.36143223073887515,0.36365485158835165,0.5675412110209324,0.1606459771768457,1.143847158260939,-0.506586579452562,0.17099375132013514,-0.3267288874087759,1.645577679207256,0.3768120909785869,0.42856642546192564,0.3254182355927992,0.5623248037677538,-1.6379002417699053,-1.0181771021347106,-0.8289919175281111,0.7076675227602707,-1.8396140223806698,-0.5121629334084873,-1.0706758163661643,0.8793437260917681,1
-0.10485970784139824,1.065779729514479,0.07817069496019902,-0.05279148228775506,-1.5557107578994116,0.4217492511230582,0.19708526179875419,-0.2934970177409694,-0.665604530927012,-0.9114097750034911,-1.029954327063144,-2.228367909855387,0.27355904060571584,1.318048137686652,-0.38711044836554614,0.12723112768017916,0.3653183861641759,-0.6964353414284441,-0.05637633680679483,0.8052033206194301,-1.0835729091530946,-0.14674586451816066,1.6765397371177955,0.46938316725782914,-0.32643397444635935,0.3142774374575041,0.11275625639069092,0.3351534497091055,-1.890370769897761,-0.6113000833223998,-0.55604255217766,0.5789622904762356,-2.4032187612061096,0.2900089011070742,1.01695753561682,-1.5784269698715137,-1.9766246877010871,1.0888357197348661,-0.29271907107731077,1.0710878279765723,0.3480566829863554,0.2996735641090244,1
0.8756204529309175,-0.15646174558344902,1.1600053141463929,-0.23480951802231234,1.5795960449481716,-1.385732501095473,-0.8769747536181619,0.555009012202061,1.0957576935141171,-1.149852954463388,-0.5151980947871917,1.4765133416769018,-2.321435694111979,0.09650761722600262,-0.33065141339608783,-1.6412916319961113,1.239113168951151,1.345953140101563,0.42737054401166064,1.4492485092926266,2.495670594175173,-1.9642897070299654,0.3383425968953425,0.2955690754748986,0.9669026046765832,0.2983570465241765,1.8294306671974028,-0.5426128129926402,1.7185673299053925,-0.6928520629122054,1.6998686199122384,0.25764689133961216,0.4267211107850961,-1.1432645416941893,-0.593740428428863,1.3042717170619673,0.4055114500863382,-0.6396463666262844,0.20701817450129947,-1.676494608542173,-0.027303130233252614,-1.8229851931286352,1
-0.07714926592931826,-0.8573787715804652,0.5531847703179346,1.642604036572876,-0.9158220123617257,0.11373830514410231,0.39996860782088145,-0.5565363386062605,-0.20553585116483766,0.34214456486500416,-1.1767787335898467,-0.9224748986282487,0.44066031700529423,-0.7725447316239789,0.180038180556352,-0.4407903005958811,-0.9688707967982035,0.11999331193407634,-0.573892600963707,0.14683208211051635,-1.2239207727081707,1.526317758217103,0.038110302551005885,0.5171853231906797,0.5110040724653858,0.9172212911118769,1.299693889887193,0.7693645555723215,-0.478502937390059,0.4098803674935419,-1.4292427398768683,-0.02180335457778062,-1.6944693193972238,0.0058043150559215695,1.4710938237053413,-0.7727363933272496,-0.8800746981802058,1.5745098814560996,-0.6733337099613771,-0.7235357644805487,-0.16088143536664049,0.5243514568320612,1
-0.10301383635240392,1.5170566783675892,0.765745203470827,-0.31822600985606087,-0.886544770371543,-0.3231738351909127,-0.45075521868240276,-0.2236696432065962,0.8281305573089237,-0.9934894563323868,0.2723508106371053,0.19488899794590653,0.22301936057921198,0.0793650412320113,0.7012315088024781,-0.13370294094028515,-0.10723961996559235,-0.42307747262512,1.6562352561166445,0.24982181932644532,-0.019793472630043357,-1.3929225148682867,-0.011844535848906134,-0.515233642935851,0.9129347276327873,-1.7722511795408638,-0.09481879511707841,-0.049912742605864036,0.806709537026578,0.1616443047238671,-0.3490112896506148,0.3697711358107357,-0.5538047149236809,0.5830966900186486,-2.1391117666982216,1.9392565942472766,-0.16581716766284257,-1.8475049027051527,1.253233236002538,-0.613018937723032,-0.5334346638293385,0.7357017806918401,1
0.03958179119248485,-0.4983436006677077,0.7873141275272185,0.143664915373701,0.5653796537795496,-0.23333795487132056,-1.1653492193171426,0.24843494921185794,-0.7033038598389844,-0.42661865854656555,-1.5984925935679255,-0.5898976867623872,-0.21663935954184935,-0.34743671339805415,-1.6193538962785252,-0.7795546486178101,-0.14772148207564104,-0.2939997655609896,-0.053770589651580034,-0.5494468011393716,-0.4679150386111053,0.5035474568280056,-0.7046477999402188,-0.10431141072816437,1.125818655285802,1.6170246562685853,1.931380346059774,0.4481892356767841,-0.20620343016137127,0.41231159764591535,0.4758881054056467,-1.1095352823056934,0.32657618754980733,-0.5116197613732343,0.43384575588668384,0.178644481204479,-0.20155066203960964,0.33853274148032875,0.010083333818877844,-0.37052917326687435,0.2042368643971422,-1.710658545032819,1
-0.5768987912490227,-0.4105939164468289,0.1003873637181261,1.1719892729299,1.3930910651183364,0.44893876383440573,0.416801900323494,0.20013025928957992,-0.27290623667629443,-0.31973361073090184,-1.3791985932216166,-1.8980931785103563,-0.611608066468183,0.8851483912354238,-0.45552975086924336,0.518352253496366,0.028273253143984226,0.9718006713067584,-0.6206153887631907,2.4103691920754606,0.5574588501316516,2.0639914926100404,0.2767771620040061,-0.667937190073666,-0.7965272297657862,1.624342622824481,-0.6312230008216251,0.7063229621448146,0.8433189269365159,1.2589813568443007,1.427138603724343,-0.757973789495634,0.41219372456939257,0.4477160989513622,-1.1705021975810137,-0.358636041320268,-1.9195151955348502,-0.7517202642004415,-1.5098760315215902,-1.2124859193529745,-2.0692823241567377,-1.7864539540765585,1
0.2903114919765953,-0.08342852287865372,-0.016078502215527427,-0.4936482408584825,-1.394937165967217,-0.10028936008062331,-0.88165685873713,0.27958161729592573,-0.6756687344880175,-0.5660966477592356,0.2767285526720393,1.2082645882943774,0.17701322618475732,0.6586101760132277,-1.4237704145791732,-0.15009184101271483,0.1669588225194258,0.9470241850595625,-0.1445091543797542,-0.06327745309492977,-0.19100895963938713,-0.3949467624804474,-0.2767489446029889,0.4750156750401705,-1.0383446380864993,-0.27745875483874377,1.2103766987901374,0.3122486387235298,0.5425895576785315,0.35792918913652344,-0.6478778841858839,-0.6152341432193642,-1.6551117450714095,-0.6917970703539894,-0.6391858421843496,0.0937893331169869,-0.9087538931025023,-0.512804445930558,0.21390764857799088,0.33121312929788244,-0.30779419535315705,-0.0803883879109571,1
0.7903074481915306,0.34335936227805514,1.8178124697051088,0.2500704792565818,-2.0011091332432613,0.6445329483756841,-0.08697538844655672,-0.19643113891891115,1.6197171552595224,0.8523169620933553,-0.9692926847478507,1.1383164786152298,0.7801817763836821,0.16192061308888628,0.5333974429448457,0.046708841109941196,-1.4777746945661645,-1.2927876722960356,0.11072052182240534,-0.16257692288851838,-0.7322674714288049,-2.2187845879717734,-0.1440616771694473,1.6782830275468996,-0.01029793210954868,-0.578839153273578,0.7364825511107037,1.102014668799334,-1.7588303016755584,2.1752540764032626,-0.801589552140606,1.3676447957710953,-0.8852780984834286,0.3414116829948126,0.821827173297313,-0.3971628542639504,0.20205888848056158,2.0987398468474456,0.6216809386426656,0.408665523334571,-0.27366733595730336,0.5868289735020386,1
-1.112909907950065,0.5698895177910581,-0.7010576347099802,-1.7474013608356385,-0.6194765059717537,0.43223639235050165,-0.6706248750255215,2.203261535045024,0.47544914693597395,-2.6757511638754417,0.4999151781398724,1.2675312492206279,0.054666028556925685,0.8928445304894601,0.9175190553407306,-0.7571753759442321,0.11286575598450799,1.0572302063422845,0.34584124829748136,1.9282293797876675,-0.7846725784331038,-1.23391253957706,-3.2272278419903797,1.2991039492277847,-0.6080890544548817,-0.8342987478519251,-0.03431182143517785,-0.805792773376881,-0.26375986809183527,-0.6262234334847312,0.720672287794812,0.26601151091509123,0.6411842095429103,0.04401188171287501,0.16607527631148558,-1.325855241319151,0.6358544979432661,0.11898155349807116,0.37506957234881816,-1.3267693678177022,-0.08401934042294423,-0.03660010085434046,1
-0.18371972288305,0.1905901211027776,0.2859397427287398,-0.6413721746263953,-1.4856736151941805,1.9133158581198795,-0.9351819010037673,-0.22539494496352355,1.2456332327062216,0.20814117654062908,-1.872923251435462,0.09560525276075486,-0.16809949626162865,1.6233089492091293,-0.17913636987002252,-1.305544753038953,-1.1529092284655753,-0.26676708455917647,0.39808638358147813,0.03572466988428708,-0.22318058335395807,-1.1379440648443901,-0.12202288924459123,0.21165387232521968,-0.0957477431027327,-0.05988312275401028,0.2849764996506841,0.5433589993427331,-1.7134572477791103,1.2029699805953886,1.0041664546623967,1.215220488035581,-1.0033588148153694,-0.12013218342319372,1.556001609520997,-1.151278126434767,-1.811910221541653,0.6013085388355636,1.5596104096433645,-1.48609488353016,0.2963784963146049,0.13124356081125818,1
-0.9776731063189165,-0.6379060408129359,0.7103255960955299,-1.3412386688421671,-0.30525148603481844,0.18861594731105888,-0.6445844425716013,0.6383800939957729,-1.74478475951135,-0.2970779497876247,0.824899626378597,0.8443251660710833,-0.30158290317695663,-1.9029357673788958,-1.0061444887307986,-1.1623460637033638,0.4373211136085165,1.4049210649503383,-0.18918280953766003,-0.004549724094450562,1.3052917063422729,0.5921410705668322,1.456866420822357,1.6466134612272223,-0.45396526343992094,-0.6406700135312313,-0.5096387901367543,-0.9870822987399595,0.7231154013656048,0.7423300975323888,0.5901465639191259,-0.9546024357631965,-0.6088840589896408,-1.1771461301134807,0.33494975153988854,-0.6451096121068973,-0.44371625499705475,-0.0937681588495013,-1.394272813804928,1.1681868268447844,-0.7759959315933563,-1.1680118678718834,1
-0.715133711662285,1.4268820739904577,0.5831414066881897,-0.08407977399237387,0.8300356860885447,1.9664302813153332,-0.44911858182602704,-0.5480841365398227,1.7996319617231704,1.177110927330613,-0.5791160795551612,-0.11857783391924318,-0.6008311767470155,-0.053552273781966274,-1.3406709492676905,0.4215997783929352,-1.6270741575540864,-1.2230444666199523,0.7052851258698581,-0.2519426119374704,0.23783202086998906,-1.3763740572510599,-0.17952274575315777,-0.4569007094011757,-0.07510890337111689,0.3827323079704734,-1.2526634365364913,0.7596529130485177,-0.6125558069215734,0.9516907471200027,1.1121266825227543,1.6873928704911907,-0.1689583246058082,1.0797957905979052,1.4369575169634916,0.29386831032838234,-0.17147456240842684,1.5770878648061408,1.6946235011913822,-1.1588647317559813,0.13627025355507522,0.9142281918923838,1
-1.0417894876349436,-0.5291210878130196,0.9827353827764267,2.7878612887527257,-0.05541325906206536,-0.18322182928307995,0.23652872242485484,-0.0043721804750817906,-1.6173061254192365,0.4975578898869502,-0.18549296112559785,-1.2475820124696895,-0.02926323314181047,-1.7276790818962613,0.14617194969664635,0.653431803068198,-0.5926067800469493,-0.00039198007848477716,-1.9726658885459152,0.1255357609239535,-0.22955329955091439,1.43638942907083,1.0679709247111926,0.19978817202448262,-0.6223430117861963,0.2720382809365724,-0.6017009357704287,0.7888478072942654,0.5786016090728706,-0.8603681556408542,-1.0932398455121015,-0.7819280603048449,-0.6997690319518923,0.7380427720229508,0.32278790141800306,-0.1678903426608976,-0.256614679960773,0.33841396854805483,-2.2789805601458664,-0.06571868273071525,-0.3954929648919683,-1.0954157995387428,1
-0.3712997708009103,-0.18257331773030638,-1.38659179935568,0.448169934570088,-0.8044720391215276,3.5589042883057745e-06,0.25033208862212475,0.08729676499837419,-0.8245286783084833,-0.20902607038057158,-0.38994034530462235,0.6389918066354203,0.31158059301042246,1.3159768130245875,0.11068278882439543,-0.04064124117887594,0.2311214466847053,0.40969159657471416,0.6235756049846763,-0.33175334334442746,-0.3801579859564644,0.36811876910600844,-0.059075791468131994,-0.7610431083856379,-0.029945405612116737,-2.1973085073879295,0.5670198683735516,0.002463868956020304,-0.31400436059958464,-0.4311311266304682,-1.5462451719314958,0.35039795680679864,-1.7155628607727944,-0.31246056458637944,-0.4576373266017607,-0.4690828201228938,-1.8836594905469242,-2.2827499193213994,1.123145905864891,1.194771289115173,-0.6533119470251905,1.6436729928491312,1
1.389917959154922,-1.111599812987366,0.20558478965589788,-0.6108841475444711,-0.8047357118940889,1.316872237466637,-0.3127457988273644,0.07523557502371536,2.214685348023834,0.18428076429496099,-0.9145238995941712,0.12204235442935256,0.4661046015721574,0.18654481168257514,0.24280742136069391,0.35985593637612806,-1.8156728982302726,-0.9770910465358698,-0.6737503331309871,1.737981980907437,-1.5795197767553815,-0.572907294843142,-1.297399874872924,1.2015497087714744,0.984846397513638,0.7230154354787047,-0.5601520985488818,0.5527279358095432,-0.26665675430991476,0.188604991738416,0.87230411479519,0.8899166487500723,0.9709241831897649,0.8572779208526294,0.03454528348826166,-0.26289677069323014,0.5606776622293386,1.4802873693847678,0.8334308740933031,-0.06026895161789796,0.38072964728237496,0.024498959746686654,1
1.6241266054743482,-1.976058546242759,1.5438936277353794,2.8951368956652646,-0.19079546949500129,2.0532986851793376,-1.0329859598252369,-0.4000001290327181,-1.226468802144779,1.5398351865781927,-0.16800286654965482,-2.036407210984987,1.585901649736273,-0.916800204815542,-1.7095462716331926,0.386148326761336,0.07985255684937613,-1.486457974293748,-2.072021412490017,0.5457674705209627,-1.223903763241625,1.8191257658699167,-0.12416306717182024,-0.44579840695899126,-0.37915040667548433,1.5704513039289363,0.9667879010094043,1.4048273996795118,-0.3518392352994032,-0.42063018992177903,-0.5635567224590378,-1.6419274960139594,-0.2549320436603979,0.66287404848224,-0.593720300364748,-1.5775480997414382,1.7714339653202515,0.8813396670047868,1.0391415708129441,-0.08980898486781319,1.0218853590140329,-1.3599347180843637,1
0.05252901438542812,1.7010208413073482,0.6067090188857004,0.9696393457946875,-1.4353678517041089,0.31972389925081807,1.690743986344508,1.4895064776563363,-1.0273479087416306,-0.8526466213900563,-0.31813059882519007,-0.9663259069974366,2.899514134465768,0.9908239422274523,0.5816256546039709,1.5937481314488884,0.2756449224408185,-0.9770941726959567,-1.0614008662917211,0.3000810254620633,-0.7392515815122881,1.9312398260885848,0.7443094267327699,0.628443707317031,-1.0328637353469583,1.4031396119142834,0.8108537600962242,0.9975867248834109,-0.8275886815534049,0.3872354055319654,-1.3182879781607706,-2.3487338683758514,-0.4093545439265353,0.11733216654079562,-1.429926646599609,-2.8575826111291662,1.6257792695137725,0.12261631005480611,-1.8655657192533819,0.3072135550384058,-1.6508902076787688,0.8602171479711683,1
-0.4252722125710533,-0.6379246147189661,-1.0812909098788162,1.477024466024028,0.3496323260552456,-1.0911802029387268,0.21748309684432593,-1.410713509573978,-1.173876530921819,0.40874809094591374,-0.24857372716931475,0.39980683842485015,-1.331210959902236,0.09154539159960955,-1.3071974702251083,-0.5666918569965895,0.9256820597954808,0.5185339102871286,-0.08964788227950214,-1.1199586372446013,1.2473251826867056,-0.3768003962070247,-1.0301882125771429,-0.37472332519517876,-1.4133709025167913,-0.9956230471096382,0.30948032952580046,-1.316065848229574,-0.20803873970814868,-0.39000932705053004,-1.264797454356037,-0.002130476106178313,-0.36992256290762027,-0.5694552670573028,0.5435203280400621,-0.7455598403439877,0.09281978625561212,-0.5748659085974328,0.39422345649221374,0.9636788609547824,0.030079026722741816,0.04480381019048532,1
-1.8264406574459653,0.5315169041612383,-0.469746967704768,1.2702608481798678,0.32216054159869356,-0.7894559521538616,0.7242944706251352,0.12433883285185236,0.547459551191458,-0.27898976685869387,-0.41798104215987464,-0.23654047355724492,-0.2375344028970363,-0.5847847932787977,0.42598565891688656,0.9144407982902165,-0.9065860495787503,-0.5855769010011157,0.7768472714550061,-0.6827624402948382,-0.24787206428200362,-0.4684662790677396,-1.873921269981154,-0.48129254745354977,0.33121071861845586,0.508090138934231,0.3292927401515633,1.03769605228172,-0.295148891951376,0.12779069492049885,-0.7703444102026107,-0.25603354588588223,0.7089137215188136,-0.06438482807119372,1.3977267929022053,0.38114582299927197,0.7192137485492831,1.388798160496455,0.2756689345389628,-0.500015102006711,-1.0632424705458303,-1.2849739087749474,1
0.5498400428965781,-0.10896615954319336,-0.533277822668621,1.4468524730276295,0.2758062690023873,-1.4523950703794197,0.18722077884441568,1.149208502615085,-0.732206446992057,0.04229887423216758,-0.16699587936778343,0.7904457277072792,-0.9828524953378952,-1.2006948280131,0.1087812391108821,-0.6793398580367593,0.05294545922129993,0.8486992632669718,0.6868612289282733,-0.876368294909242,1.40339900695574,1.2977317917630606,0.15327044606515167,0.31315150994254076,0.4836749001391925,-0.48045264449598235,0.26520720697909755,0.027955446413142515,1.331175410708681,0.7414871851047555,0.13406769529961668,-0.4822112238238579,-0.14074981892734084,-0.8206545385727498,0.2685442354039859,0.23503951928131323,1.1164819095906156,-0.8657309344797673,0.18594101989365786,-1.7561254653383453,0.7927448915630648,-0.7911959253459743,1
-0.33278550382385425,2.9395847669838253,0.11056009108363214,-0.870526524312979,-1.046466063275814,-1.09539240074159,-1.3628606970238148,-1.4659582581580854,-0.863934583073977,0.72164608829899,1.3571340759335058,-0.9054146413318643,-0.8332186543204132,-0.9147438120253435,-1.7377070207223009,0.603931991617904,0.2202949706008398,-1.6549903275891567,0.0421891663901858,-1.435333561828733,1.7285697517338787,-1.72284920867529,-0.02174182139007435,-0.8356625320552978,-0.4687490675654941,-0.4412906738026833,0.8798562497638757,0.5841918675924632,-0.8621674237417947,0.07508976455040127,0.5529108400257069,-0.37256155457651924,-0.13296712330588692,-0.727318461232427,0.8725545706131245,1.7677534807038018,0.43929468729238463,0.8208131767141104,0.16474253267643504,-0.5412506519656916,-0.125764192148094,-0.893008625355019,0
-0.14785315531667997,-2.145312608413277,-0.3911602172324323,0.4746216453294392,0.37976392022489097,0.2637449283244994,-1.6785460293911592,-1.1744198300868645,-0.33228815049377136,-0.9670338888878871,-1.6325507990139425,-0.7513910812696932,0.4729455443765174,0.4986710489750052,-0.05926690281879335,-0.08104219148431702,1.1439004045347938,-0.11178191411547439,-0.3271208379649757,-0.09686986388299217,-1.2875462277463035,2.410194153055436,-0.0939516299045045,-0.929948878122961,1.2843876663988432,2.7233616414188746,-0.17741519051942584,-0.31344319114029984,0.5677793745625093,-0.8823597013873574,0.5511366810934412,-2.4606152238536567,1.5226686636548483,0.10879029782639575,-1.562597965283746,0.19818961710339547,0.17441893932261174,-0.8914590541669899,-1.0847425944540883,-0.7512987928407301,-0.6704687765917985,-2.2528991265416325,1
2.5544664418132554,-1.8645056869474221,1.5862887180586578,0.5193661780525907,1.1384275530337369,2.007342950983253,-1.8364423372575847,0.38381420849988274,0.6151860936375196,1.632397984448298,-0.582771745176103,-0.9916769736658461,0.42855952498525945,0.40522046518363364,-0.5594149487554815,0.6653397846989904,-1.238467533193422,0.031335010564932694,-2.3616786650020423,1.7330328877378869,0.4857351080564585,1.1911708686911977,0.5010755597201616,-0.584683736893189,0.5523303464210944,1.114420176536549,-1.1670805535832725,0.6412796006701499,0.44578174079423977,-0.6404809606904598,1.8763042250140902,-0.5077928902827399,-0.014631405760336098,1.5259985717726399,-3.010564433817313,0.8431914286543248,0.8943635868566376,-1.4078458322497134,0.309171416464931,-1.277100744509626,0.89341135704986,-0.5522467366049513,1
-1.2128696719540584,-0.0801611984122752,-0.5494551653105013,-0.4011272907913701,-1.1024451419860826,1.3725007019158624,0.036440124372104477,-2.1405593695712613,0.7346534888040774,-0.29658677292753793,-1.3917246069982319,0.03985658426425272,-0.2586691075240343,1.3989292072526516,1.0828831620516346,-0.416985324331707,0.09763547542868097,-0.38229353867719784,-0.04247642921170997,0.5749564409797248,-1.4517885776212303,0.9032166591745866,-0.022379800987863994,-0.4761003428249653,-2.077851779538001,0.2663234241746385,0.11004684916264877,-0.2624544713869005,-0.3366269058952775,-0.19408817946816384,-0.4403783139725319,0.8401005347370539,-1.0400521565318857,1.4178314259732305,1.2066617773128856,-0.21106011316025575,-2.289368878993575,0.1984127544194379,-0.8130701507517962,-0.5644493657575843,0.5199819973805612,0.6320043545447404,1
1.3387774148202496,-0.6900449385446951,-1.679128728083656,0.775864715582551,0.02244144518143753,-0.2880190729047426,1.287583193865741,0.1455736327876527,-0.6497113356860974,1.2839746010922894,0.4032969409961473,0.16720019259814034,0.12720459845133933,1.8267877956593355,-1.2472517353856158,0.8106798713836613,0.7508158478706773,1.4594628281559303,-0.48995364642419215,-0.22536732299779375,0.3072854032037561,-0.41633864749967453,0.7498885164210521,-0.06367237765834166,0.45059825982433,0.11817677457919584,-1.0109094457914838,1.3208500500374234,-0.26974092779325315,-0.2991145470411221,0.5301474713189623,0.4304919465255191,-0.8105358580597642,-1.44056173950639,-0.044099194729299705,0.6745321407336808,-0.11599789467202762,-1.476317832910959,-0.9389037776454872,-0.07704935846799846,0.04084643527357818,-0.7941832320397453,1
-0.5393285923971821,0.6029164060985007,-0.928886507898978,-0.7184286505402899,0.3834930073900136,-0.4026964305980617,-0.25771976859501355,-0.9641178119226195,-0.4505488756523611,-1.64419171368622,-0.36995818176628975,0.9400461351455255,-1.5420797957260957,-0.1048608153270245,-1.4863245323338978,-0.4135688534352616,1.978424626557683,1.1690689967104153,1.9137639116785825,-0.7926500828863269,0.2997540935538587,1.0451046861609676,-1.0422523679610163,1.742821358341961,-1.677621585050747,-0.9251156657497378,-1.6973993091126003,-2.30915844467435,1.5385322614576722,-0.4414701707330365,-0.3990883113160228,-0.21425231682144105,0.19243112356336065,0.1745773604879057,1.082734978890515,-1.439491230997835,0.3730273625786429,0.21882874927073687,-0.3796478977954832,0.25909840726739336,0.8824847439304814,-0.09081888437850749,1
-0.132143351671988,-0.6035546433370054,-0.46061053766876026,0.4079974974755131,0.16802142349812318,-1.0423270609051472,-0.6204842204237069,0.4851460771224696,-1.014984982477,-0.4199758316019877,0.751053389550503,-0.39071619620646764,-1.3726444441297252,-1.4954953021378823,-0.049038932558880706,-0.5184124908538865,0.3328973990739734,1.3777028031732097,1.3235021846642834,-0.8540569568387981,1.8394506159141641,0.9259397557988834,-1.0237757050579621,-1.0603269749548414,-1.2686622440208917,0.10238216836619805,-0.31615311284900405,0.3869066624998144,1.355434759474195,-1.046305934298065,-0.26805074320017525,-1.5509720413363814,0.8060395468824829,-1.0248593786122175,-0.14761754116982026,0.47320281542943043,-0.38703255989599594,-0.021284614122822995,-0.812095689348425,0.0342206417348842,2.1131460343675035,-1.8686405392710765,1
0.8751313388202235,-0.8832356753915275,1.21821810847403,0.3191660963799398,1.3854837961551596,-0.4088827292685759,1.4546621741338084,-1.1854120110379274,1.836037322438481,0.9555709897482725,-1.2703380875406696,0.07008436599074387,0.25265002048170787,-0.20840220225937,0.8096869944443608,-0.23738695451760963,-0.9889464401322494,-1.0305038628283514,-0.20007798411573513,1.2031158909607287,0.8727305367424796,1.4169873694737165,-0.47087381533881173,-0.029837301487635935,1.404741596971812,0.9124694460746846,-0.7575419593098613,0.6269187093875138,-0.953301558631995,-0.3997815776281785,0.9425591093436477,0.5181101071271214,-1.6677962210816548,0.4550071029037987,0.032658648467347964,-0.23470006168023563,-0.7373800348684466,-0.5388176860410486,1.3089606947365544,0.5034226546229298,-1.3570190724745497,-0.6817559163839076,1
2.0491720962778928,-0.5393889642074534,-0.9946217310350293,0.7777733558454687,-0.15190983221379095,-2.354420423486443,1.1573814383945127,-0.41372728170131456,-0.999429463915778,0.032827030146180575,0.1464515458771466,0.3472222169308276,-0.8128128697695172,-0.2572953080392756,0.7175347349262031,0.06699177673454307,0.572890811125183,1.0000026305183418,0.012347020328061672,-0.1994451208797234,1.0364436879686205,0.667492679075354,-1.8148195531700182,1.4983301516666925,0.7790417258428738,-0.8293781531151537,0.15062770238736553,-0.8437541905670598,-0.2748499647109616,-1.0129849774669024,-1.1057877852809856,-0.3470355515214342,-0.10071582222720724,-1.480680629663688,0.361666251140013,-1.7575127464899607,0.5832876004211945,-0.11427839624684673,-1.58080671987437,1.2318034477643924,1.0534256154763515,-0.6516496336373252,1
0.2778265849251209,-0.5001166714387202,-1.003240694436535,0.9981897323729018,0.9154779383041987,-0.550188234749226,0.744474360161036,0.7186792550623711,-1.2185041520112563,0.05705547511159601,0.6547456057044452,0.29796433147613127,-0.8332562439840778,0.9571880294481985,-1.024502417226175,-0.5257800385488718,0.7134134298665928,1.1858017273028312,0.014298288416631574,-0.29812747669631845,0.5240900695797147,-0.5343556154054796,-0.9786758552660768,-0.9748272489955531,0.6561230218882875,-0.16111398814708458,2.0774013073888606,-0.26336454527972836,0.19810243154174142,-1.763142376007682,-0.3469461852589684,0.48370972516022226,0.23465084572381284,-1.6469383320037243,0.7563050510355568,-0.7153743246902465,-1.0687739510405776,-0.5733656590441022,-0.4537473974993307,-0.0018421838732821493,0.7870479575161532,0.6007602131576137,1
-1.7701447595842144,0.9626196959651092,-0.6175694115649579,-1.1028820842417253,-0.30753408371277213,-0.8088105883345921,1.5326225118724293,-0.5801938372464428,0.8138383637252161,-2.030508406564653,-0.5594664342572349,-1.1552245934797098,-0.17996145601042915,-0.302812207999391,0.5149737924417112,0.5362866300482234,-0.08929692865886513,-0.5153798581769616,0.5215333797088945,1.4272190258239819,-0.40133321594905336,-1.1300445737052167,0.00846098188922881,-1.0508771652543674,0.32237220975227027,-0.14907889986421155,-2.1416202435447107,0.6856883790278131,-1.4713624371166591,-1.6342043136211066,0.6324589949519336,1.7175399642338065,-1.1208683765361416,1.0889413022169983,0.2970201449574785,-0.04930525032732548,-2.5957544923391294,0.33718160187091173,1.411758939756391,0.19535458561195135,1.4652087613663767,-0.23041063491948408,1
-0.11578060672901463,0.057931203027892425,-0.045923703633597705,-0.8095622725808864,0.8191610129030577,-0.730839727034604,0.310186312460682,1.4734129180736701,-0.6135523311576097,-1.6820750448473785,-0.3291475102509766,-1.351058997297058,1.098674395628236,-0.521607824116699,-2.042692082695496,1.3014796627134253,-0.08056454267293699,0.5681122125251882,-0.408527694666138,-0.008144171002017555,-1.1781816773070946,-0.5785772910287557,0.7932589690568388,-0.3564210604966414,0.9376895748784528,1.2335318989958368,-0.04645792529248746,1.2275484670865922,-0.16456374232945836,-0.16306090142076507,0.3584345306850635,-0.949089780216718,1.4044529832024533,-0.36312009501495995,-0.9929206636368391,-0.1610895020249606,0.11112753187960066,0.2712329384432324,-0.2851718031761334,-0.5829740832337091,0.12088539181211651,-0.7468239194705651,1
-0.0010524398510077934,0.9924857486522551,0.330821449340637,-0.5028839662268517,-0.31763894633323553,-0.6473447840657818,0.8104847014688982,1.0927651408262165,-0.4850203779949282,-2.23510537857569,-1.4054663487964836,-0.31630736127340775,1.1755673818607255,0.039732079391820774,-0.5726536030693982,0.5043865240361207,0.7898168230933974,-0.15519737372125902,0.07716591514904986,-0.1974866970285708,-1.4486918927761467,1.7508279944869465,-0.8890625859102023,1.7438371394383858,-0.8842125753043958,1.360169642270719,-0.24900342205289305,-0.6990721294336613,-0.13938984655109643,0.015775757842344945,-0.4719648308187329,-1.140191181401615,-0.9996254320178234,0.46378296888491,0.4594121310677518,-1.4599282841834438,0.28896401059588817,-0.07333203058180021,-1.74585334069966,0.2542294782577523,-1.567608512869323,0.9696619751950432,1
0.4049514646760282,0.21717502394437646,-1.1349595095121296,0.9066182674461042,-0.24899518567533185,-1.0094443577569294,0.33987063257173056,1.2667673659567884,-0.241460412094511,-0.7811063671081586,0.11920322995022845,-0.09969470383036495,-2.0294587213380444,0.026756498133664278,-1.126161634088966,-1.0634814651894597,0.4804720961570803,0.5416260817649586,1.252645145616523,0.6613296251458886,1.0899154957303356,0.38840685232103606,0.2714334667702276,0.48827239541002837,0.38127144537138236,-0.95286057450906,0.43102671300805856,-0.5944393809265435,0.9459422143687197,-1.6285107177795866,0.7054942843385916,0.650308713143511,1.0796806671584744,-0.8585554262710215,0.37927748640719716,1.1972499792928175,-0.10521113882737408,0.7272149215178891,0.02244391685714571,-0.7696571313126834,0.06468202506377044,-0.6927669119104166,1
0.04237470171562848,-0.32589782601589895,-0.24068156853695907,0.5077557034767023,0.33727235941695155,0.8413351930586728,1.9132594151435027,-1.6142417558305904,0.9724277421354912,-0.31806590419329756,-1.8496865763333703,-0.24096527953603097,-1.1555148586695896,0.4274743193786314,-0.5719089676345926,0.7192607872706044,-0.4166738319929519,0.0005384869879441331,-0.5016876752460431,3.287163864135378,-0.14969456964018787,-0.6167927836766128,-0.026835003543647595,1.7818844435774555,-0.215691253365168,0.0005219874216855232,-1.5611860951297558,-0.35427051217195643,-0.867087440338083,0.8295627884324183,1.0496183244559059,2.5732753216294624,-1.1037211649255245,0.8904360886997277,1.1468415665968996,-2.2509659568268012,-1.601682375144992,1.0644845437691024,-1.5356399374759562,-0.35324409333282814,-0.3794828098652167,-0.4760937851364735,1
0.9443865254619414,-1.1558323743639904,0.1370026664510712,-0.43658781146681563,0.02456011190400626,-0.5352169311947992,-3.34649091467781,0.7431249378684919,-0.8778365871034476,-0.45835165391996957,1.8134564232041865,1.9003999650309733,-0.04188455332204294,1.1658598580483572,0.2737901704251169,-1.6824371372151363,1.14756601961197,0.6057802506149453,0.6571528312357054,-2.1835574974347334,-0.35160979552617533,0.2373465505618614,-0.18504636653058082,-0.3588803152531645,-1.411667234801862,-0.3653392697755436,0.7636522488622346,-0.5226684165573644,0.5833601953989935,-0.6532597275082042,-0.24833188342617504,-1.9339079567940636,1.9209128951187402,-1.598343385183871,-0.7769028501807136,-0.6714744704362972,-0.45652588502341573,-1.1014179316729784,-1.0297869454533504,-0.7619344411725244,-0.8979146792145973,-1.017220280872357,1
-0.7312335715079625,1.0437414090482926,-0.8481847228077312,1.585318865575127,-0.1921220417556997,-1.5318054077470358,1.5422253786313735,0.20377024084114856,-0.436135725531352,0.04256710648568937,0.35891266558671203,0.4759441099620973,-1.992515580767163,-0.017201203063452675,0.18527345530363984,0.2956655963027393,1.1483717691345665,1.027769621070165,1.6105238579126604,-0.08951054293279709,1.53994283144593,-0.5506506992495153,0.782923073963243,0.8049554857438165,0.582587967949583,-0.897199864750262,-0.6414553313683566,-0.9849921713001979,2.4294178958559507,-0.07227876270732253,-0.24746572641797052,0.8398213915848326,-0.33735049427000446,-0.7353791952001411,1.918905232390444,0.5291941183005874,-0.3344655348717776,-1.2787223096471427,-0.06741655891297305,2.1404823516312415,0.8888964005304657,0.12112997620270174,1
1.0533084803984885,-0.8378785964192836,0.8937147260282003,-0.43221776499506803,0.5539821406854362,2.734265527706882,-2.256788470169193,-1.2454651885235921,1.2400094472001064,1.8313052973430677,-0.20970741594056466,-0.2479705795489424,0.21432083323429224,-0.15406909027451798,0.25807889668925016,0.433802013892564,-1.1084872932111194,-0.6261418821265583,-1.4817263679910555,0.5938985677048085,-0.7035555173106666,1.5214046375553552,1.0676093394875463,-0.9228741827382636,-0.8287505049035879,1.2847482529452967,-1.3274734083736797,0.5196795338508702,0.4033410454811795,-0.7007751042333017,0.34281536684429564,0.2500489662448539,-1.2691200636529347,2.0507460478251325,-0.8709546733938537,1.465707506857861,-0.8677565077143545,0.43834508406581213,-0.6979159262702864,-0.40926916988979467,0.27187055808248844,2.0452203979275074,1
-0.2791353363592256,-0.5853987345145415,0.05644445241764597,-0.8195280541019264,0.5694615829198976,-0.76421950627819,0.03906832598500927,0.34552121493349197,-1.2923528833427902,-0.7341565286252821,0.7114467553984211,1.0912604861229447,0.09475639778467174,0.5400648097526527,-1.6229205554705093,-1.6377412871291308,1.5014509377204033,1.6154163307502678,0.5658684340459461,-0.2526914662555541,-0.38983994608468225,0.9995360397923339,-1.602436366278329,1.0877366630819953,-0.004022401023986512,0.2564413003476361,0.9684952759003989,-1.1990478847085564,-0.3233609138008308,-1.002384496676027,-0.46996025939445824,-0.5489622248197824,-0.8622886574563562,-1.292887962388445,0.5762755467276339,-0.03466727932054493,-0.8312961859008606,-0.09618948713006331,-0.886594278688933,1.4769895798748622,-1.3353802182925816,0.3849601521759084,1
0.14328192561662756,1.221197699594975,0.01387280021810496,0.6964693423289064,0.8079587340625801,-0.45335025966074166,0.08764228810383301,0.3770620739377428,0.6653618907601032,0.19556646921090257,0.4967737038850432,0.6219223464920377,-1.3788151403608548,0.21075234416853436,-0.4245458920319287,-1.3781161083108067,0.7866813486745184,-0.3736359771121585,0.8049664720561573,1.0916488002106657,0.4869244190300269,0.6663254934598459,1.4989797221080938,1.1888001487864308,-0.9014196390127165,0.2705304184180981,-2.2046957982205537,-0.14366918589615654,1.9156083794120677,1.4163901394774303,2.2397659410286774,1.0011836862033154,0.6450862330479415,0.5835892574350143,0.9063576277381891,0.8191101074676649,0.9158470481723171,-0.9173203806047143,-0.6295705453261757,-1.676873353527094,0.08003082187092704,-0.512378338546252,1
-0.2362149915238896,0.6799239295082694,0.07541471886166169,0.7485282918886892,0.6025120954172672,-1.9375209717308817,0.1573574082250768,0.6500019478795118,-0.706616581925066,-0.49915448159157494,0.07009649183687984,0.020003956507056973,-1.2902873882996575,-1.4984757821590646,1.242087465365963,-1.289029859804308,-0.08290917469971192,0.8262721761112175,0.3204560092114047,0.07191153528815289,1.1201997384625193,1.154761127482104,0.13233880053021754,0.5148103095186489,-0.05026800731122195,-1.0843161769141103,0.5121391520814416,-1.507484737577699,-0.012594580296408068,-0.45147027237547666,-0.5796938829538113,-0.5594668496923758,0.4657268811584907,-0.10504663870853194,0.6062579115731547,0.5438310855771777,-0.37214880363316777,-0.2391449658919032,1.1423502725940264,1.0666452847973846,-0.76779892223402,-0.21781596448413845,1
-0.10771421937487977,-0.8152246598883465,0.9464038689769307,-1.2379828725108388,-0.38159139858663166,1.467903101847386,0.7914647897151553,1.0064508130665064,1.4819894896872725,1.2624010486147168,0.2589893554852349,-0.5160289610853646,1.4456863275998868,-0.023119995651861052,0.2885255081827783,0.8569598675310345,-0.41233726026549705,-1.7178581346130928,-1.1147961666962374,0.16184368366930782,-0.5860880135600527,-1.8003355852375469,-0.5503070436876754,-0.6239975185398402,-1.0086059895482526,-0.43451181461752286,1.4957527796916752,1.7704728133955396,-1.2546418675028106,1.6383296518513457,0.8321867640558994,1.6606241116469533,0.5268915183168453,0.7317829182636277,1.7524151959428753,0.016332868523249583,0.8608706152833661,1.9690003064910844,3.2851801512028214,-0.16749677099222163,0.9892906949414307,0.2681143901402408,1
1.1440557637964792,0.14141886301767886,0.7265147528695717,-1.466671480005743,1.9808048267866987,0.15484044032623986,1.2332041929215425,0.6602101076618602,0.5502781989572448,-0.22057003044454795,-1.58073063751015,-0.22271508770575682,0.7943313305823743,-0.12813183109881796,-2.143107705867332,0.793195824656177,0.701889355138783,-0.6437069748849213,0.24234796270733835,-0.6630987769648985,-1.2773946565153758,1.1193331934237163,0.35616002840273103,2.144812357048474,0.7052295843575241,0.7893401962379604,-1.4461609182403379,-0.12252248562919694,0.027604152713529305,0.7899626239160853,0.7864151491566755,0.5669451950095772,-0.03881952589083579,0.41050385646984416,0.9967346438532717,-0.5805514139311585,0.2949289644548507,0.6182976935810242,-1.0746425630068528,1.2908676973226125,-1.701631594757895,1.0081142836634644,1
-0.9308307562129824,0.313137338211988,0.6731334371824956,1.1806411701508892,-0.531864642066384,0.022102366472792758,-0.5363334536336338,0.5342395633228927,-0.5897632965501945,1.0403787313570318,-0.2669526771149288,-0.8768346681962005,0.8980558386754371,0.257669734126038,-0.17734541312486457,1.2021516403516124,-1.375044721439169,0.05746502548532437,-0.5545830932448732,-1.3327997000772798,-1.1188950505950679,0.5526580773506274,-0.2923411546688041,0.05707769714699947,0.6092133597408653,0.4065346227687325,0.9838161890887469,0.9390011877451213,-0.6201135579784448,1.185966072001703,-1.4485086915324614,-0.5915260631552183,0.6177790655061168,0.31504165420291314,0.2249269144916086,0.9582505328896509,0.38419141877309815,1.4243255478607082,-1.4915317970226596,-0.36452525747244613,-1.1773984815695973,0.8265385278757112,1
0.6226983764343116,0.9003661833167477,0.08071492005602493,0.3367178494936244,0.6180463378395312,0.3843639874138016,-0.626261449647373,1.646312050385006,0.33098762462789655,-0.33144938161115434,-0.1988824255116651,1.1015142887739917,-2.572460368432932,-0.7298234254253675,1.021753648737356,-2.0369997893765985,1.289179115169591,-0.24576679616248562,2.3841109482331837,0.07477745799346887,2.218494063436442,0.9282345523581177,1.800530657221647,0.5452977265195053,1.4294498688802113,-0.40174602005365184,-1.5821147464995233,-1.1758802856116268,1.8447374722775571,-1.915873460105551,1.938302970691307,0.5010551493605897,1.3908286006217272,-0.45658358599883786,-0.06102146478923438,1.4841315702499844,-0.6986111992042301,0.007048819887250056,-0.4895762251413077,1.0858388569494837,0.8614187552577064,-0.6683157723803397,1
0.34501145766197855,0.31422839698048005,-2.287548043032688,1.7145691497493796,-1.7943943167614869,-0.5414062216812733,0.8284374612030231,-0.3018916786607505,-1.6620476293813147,-0.1382326226028833,1.3112896988038003,-0.061023003580626664,-0.6513332212898618,0.5620837816546478,-1.3757451408495165,0.09942305456989758,1.5591129915047348,0.8138923182632138,1.6155944906520119,-1.2010039830681545,-0.3879000462587994,0.3394709678913201,-0.7749473237920689,0.20484866684798056,-0.060252591497689044,-0.6995476545010251,0.25602851562456214,-0.4946815942547369,1.8559841116435347,0.02765712198342036,-1.7160308653856748,-0.009267828154088492,0.1235299687665714,-1.322515227473688,0.017485188686471188,-0.6997843052855127,0.4036146398009987,0.6790133509621779,-0.3972222605886489,0.4013125145994916,1.9703632527440471,0.6048696504204848,1
0.8900215202029558,1.833360782046678,0.9831959508426092,-0.7274247934229454,-0.7286588800936835,1.9552216412115015,-0.5836240989412634,0.504591727315052,-0.4417576430507894,0.15939884288591008,-0.9939468673910137,-1.3088713449367366,0.7057386526603258,0.4671492025493071,-0.2310228892248856,0.3482880037485659,-1.5245411389546715,-0.961636066978395,-0.6060630877131638,-0.8340047452589212,-1.6916812152079685,-1.218247495982781,0.9942126325737414,0.7679285997531042,0.4362694908876787,0.4045363168128306,-0.045146292215175396,-0.19297106118978205,-0.8636742198875037,0.5278096456709426,-0.43324676810736756,0.1403289263215839,0.548217308849546,1.0444177859137456,-0.8310212416642672,-0.7758509704535581,0.06405946688530198,1.1589320540583614,-1.2606059311000166,0.9400809858616425,1.8507875936199658,1.1442170211727627,1
-1.3766045943649934,0.903645838703301,-1.374107038225688,-0.5641279181763156,0.6968819174894811,-0.09372549801393273,1.3160902890354427,0.4927613840269876,0.4423404808323419,-0.7043847037174427,0.5747998090292035,0.9817922586621063,-0.5427223876960181,0.6947424417615682,0.1968194724722411,-1.6268357794816921,0.7352205321489158,-0.36011732106733324,1.6372869770286085,0.972512879422567,0.0863206113662689,0.31978435422068285,0.09592366962454305,-0.9601036544205265,0.6223048273546682,0.13591162853644992,-0.16936320301962574,-0.24427937234216746,0.3849060152798003,-0.6006433645297959,0.8768043635342954,1.5407831491183743,-0.3855914604283543,-0.07620435700022106,0.16311895852480637,0.8451624140044042,-0.7747627547837054,-0.5813483642692502,-0.02850115090723041,-0.34550590440233714,0.314785023805585,1.7648761925921348,1
1.2191733583094297,-0.13287003589682544,-0.04962168546946788,1.0085149614671924,0.06147325002141451,-2.0825531422137042,-0.26705526033651217,-0.3698831538854357,-1.5320686068873237,-0.5251216802656807,0.6734330069361667,-0.06968949357049423,-1.1741083707700377,-1.0412757472430147,-2.0369047400824365,-0.06460356972101051,1.063826702638818,0.19451189051037776,0.46905220249863844,-0.1034149003676583,1.5063892303476332,0.8181124448528955,1.6120798503970417,-1.185206126328731,-0.9114537202978863,-0.16215722717210787,0.8925355443892656,0.9700029591003194,2.099132843862489,0.17324250525713672,0.01043558703901275,-0.8488501565470923,0.7329683306412902,-0.8468548521779139,-1.9581116900543305,-0.03421935450152236,-0.924744927107727,-0.7208824491366257,-0.8769393791123284,-1.0178791504109637,2.378308504184409,-1.4088569758945968,1
-0.955872759198289,2.090459457740174,1.4237596110254815,-1.1033190987246484,0.7688186533787515,0.6360537817391608,-1.2944084744765214,1.5181530102886578,-1.1833693755345815,-0.1834506788290312,-0.06040559642754112,-1.340002602490341,0.3120514825620006,0.09390127172462702,-0.9577135802403591,1.1551291143472042,1.0785826666817147,-1.1984281982360179,-1.1388581879593331,0.869385398257826,-0.2436031385393285,0.2622042926920407,-0.5711005598626275,-1.2301098879760768,-1.4658855193277436,0.09484054362244919,0.06524217612959472,1.8411022396813472,-0.5849528160058381,1.2911673826777705,0.7351905920477527,1.2297258497421637,-2.705265227585815,2.177503267290793,-0.7686219724697526,1.523645397368529,-2.1426427866055437,0.46379539317252927,-0.17469443025812176,-0.05068680789043779,0.6728427652627054,1.6971446351568464,1
-1.1788362384780795,0.6032348564074097,0.46564313343868946,-1.0555118832209578,0.15737915338129627,0.8923870869353928,-0.06930313462725153,1.7167937075497146,0.2903488886993279,-0.18950712726660285,-0.46765375053691505,-0.39770177161960013,1.0522578457135332,0.9572583865140322,-0.4600991936341973,1.479149453342131,-0.7875562941101203,0.37300136346796875,-0.8995667232247652,-1.1918245432830021,-0.2674589692715067,-1.4183075435634964,-0.3473323115211523,-1.468313600181239,-0.015265649299244458,1.3355904875519309,1.4190585475893909,0.8787874271486961,-0.02749257943177622,1.1005289375638243,0.09225817179837018,-0.45671739479568796,1.3364449431859788,0.2041655838966949,-1.3168192052779184,0.9974430608090278,-0.21996489031309896,1.0285318649356177,0.23248696472874342,-0.5741840167877452,-0.5090123265481654,0.9215582965983765,1
0.7124907082624626,-0.9332747938309546,0.9231646301261176,1.8949960307096059,1.0196359143702713,0.7803337597417062,-0.3533262636524179,-0.7950180886839904,0.04018841636409509,2.1704653338127016,-0.2480280610592836,-1.073747835507021,-0.43290589579758554,-1.1581827917020566,-1.0976442410151979,-0.007033131337413693,-1.848411251846664,-0.6073876765272909,-1.3584228765575133,0.2844006139118508,-0.2367364990718761,0.8192872110743584,0.05933135024254227,-0.8710359200309199,0.5117529499537625,0.6423179892590719,0.2846178516936157,1.7570192270518468,0.4794137795029524,0.8421734147200014,0.19515995832893476,0.35457020784882304,0.08173494997032679,0.6605441045441813,-0.5015900019355258,1.0464292763345107,-0.5505969335867282,1.257982612989863,0.4448382969819873,-1.1990131172929295,0.450154704982984,-1.2055581341815746,1
1.4681144919335476,-1.608220009793252,-1.13782408246064,0.8093180025480088,-0.5653029537845836,-1.9697746736823585,0.8345038948122471,-0.14825259988845033,-0.6518676863057992,0.7203631288233885,0.8831467545996508,1.383547499152015,-0.07340263174730219,1.24129313893473,-0.7733362604974143,0.11413712865685342,0.8223337810617605,1.64864628037177,1.6577185729058923,-2.555752350816521,1.089204742096084,0.6706058980242171,-1.3350036038281894,-0.49026644654567497,1.303466667303319,-0.3465278673375982,2.0833393492910326,-0.0922621791271101,1.4288557771587866,0.33659235476333266,-1.4127878549556319,-0.6543757306102955,-1.091216721023242,-2.8164831308269322,-0.2099051820530952,-0.3048075181561124,-0.4766426896770854,-1.1273570422022634,0.5222339364591605,0.2001954567905642,-0.06570159775367006,0.12884445328128083,1
0.6029260340441465,-0.5847896407083726,0.5822150234719121,-0.5921522185963267,0.9308810010989423,0.5785391768373936,-0.6013729973827379,-1.3852479974979768,1.921137306800815,1.1823866966326873,-1.038758068891134,1.4597741925774224,0.4542080888318147,0.8915180538483821,0.5094833468286988,0.7095876304813936,-1.0178460603637711,0.09702638633040066,0.2931962097836866,-1.1592122934495137,-0.963562055906209,0.726627154131843,1.3671468611178395,1.3066201713245549,1.2435203035700608,1.4416270177390538,-0.2795805949319284,-0.38874540788113826,0.09570364957499619,0.34517035162518517,-0.4523963318707391,-0.6322160861976295,0.6062548880445484,0.1476251368576809,0.37431431833019274,0.9865099234744721,1.1878034448588846,0.6905253157460945,-1.9683380511301434,0.2206131610751343,-2.5464041255597856,0.4106877090129364,1
0.6324879924639458,-0.35423083867363697,0.964994474732925,0.40016368542722885,1.4087572359440232,1.5420661411381555,-0.5565873762813902,-0.7293893807574177,1.2454935860353988,1.7074479345583333,-1.5844688267558324,-1.7928768690303387,-0.616262541294008,-0.449552544549338,0.6394065179959693,-0.2259471714489,-2.220296758757686,-1.157313570477289,-0.23674889794008408,0.4222399017092036,0.08944614038542151,-0.34960247027395536,0.6708588472722882,-1.01249989665594,2.3763351707106355,1.2504104157162919,0.22793710896197983,1.0009321345120972,-0.452821579836509,0.7966927850283496,0.3570228246521844,0.5155515195527289,0.4366028640211602,0.6117249527229983,-0.6901513625407872,0.3346617823953746,-0.6980353107602827,1.7987275296281708,0.7596060430570345,0.6706773541791539,0.7367867418826181,-0.5594011803905441,1
0.7478794395652916,0.24709553272455706,-0.0437993802893735,-1.1534508801189949,0.4411727249816197,-0.8809167886821861,0.4736533281303063,0.20756594556418875,0.7498955338916145,0.4755382525735736,1.1563117977559416,0.7170031249031006,-0.04587317013938021,0.20620012581507474,1.4887863959709415,0.11629016814190951,-1.5158940567335248,-0.011086697056990133,1.0259028234384802,0.05948214275314842,0.6646494888285651,1.0025868706165706,1.649767595356657,-0.5206746672108034,-0.7595311578969648,-0.7053815945296906,-0.17015151386117514,0.598732766898142,1.161113166598275,1.731883889584314,0.37819480795484783,-0.00475563647687753,0.02858464197149819,-0.28502511800893754,-0.7129981637696383,-0.5446698788768938,-1.650154273225013,-1.3225046210232096,-0.046982653954516465,-0.11593778427049989,-0.2202697567131295,0.004725190395283385,1
-0.1453508153940046,1.6941493393557807,0.5926615942371352,-1.5456126619067803,0.7690537068016994,-0.01937683946882347,-0.741367065570192,0.9043161557979351,0.6499524725211334,-1.4369569161629274,-0.9082987280858952,1.1461961346228389,-0.37437093977693453,-1.200322954090401,0.8928212629984309,-0.28933256170534233,0.28767832511114444,1.0015439675616842,-0.35966965480719837,1.1349228842822694,0.5114329751366987,0.21709881564173275,-0.18663030849532383,1.7781211583799974,-0.9545914385023617,-0.8703430207291568,-0.8000590482842679,-0.41557487736110105,0.4085969147331197,-0.9208893263770979,-0.1668043168982764,-0.9738183380385844,0.04398851797604498,0.8573243016327755,-0.4471462132218962,1.1355805467516322,1.165981537657151,-0.1905645304869375,-0.9019447277757477,0.2951896447702765,-1.5014591607372958,0.2701588440833641,0
0.7832508116263602,-1.89003743085783,0.5852327928462295,0.7233657401627019,0.6177152044465024,1.301772260274728,-1.1542321350960774,-0.8434985350483829,-0.09877240554294162,0.4594310595453847,-1.1359781652833083,0.16135340085947777,-0.30379845633235747,-1.3093377604192245,0.18181085405700978,-0.8319901831121704,-0.600684310479366,0.14796557657928708,-1.7351082773676634,1.285643935436662,-0.2512478921292403,1.013752572919042,-0.6028516184699622,-0.3712335265887819,0.9059656513537757,1.9702227728426431,1.3296172911065782,0.2870398987637747,-0.050413143408527004,-0.7791388435050071,0.5673891897660693,-0.8526810202047506,-1.1622530203915378,-0.2932272020502952,0.2985718411921052,-0.24662494640770738,-1.3644844895460821,0.07691508931248339,0.07803182565521515,-0.11266515167113436,-0.6471871839841279,-1.5331421309910793,1
-0.0777246079445462,-1.3102014221577674,-0.45397260640862863,0.32820186984479444,-1.3119426886058891,-0.1634137775438508,0.3120588054200003,-0.44167959152601893,2.1565119789663547,-0.5296786777140411,-0.03153749077445105,-0.061235928550617165,0.7235059579253051,-0.11564249564774222,0.9382788039605457,1.7714774688194848,-0.647268866303179,-0.9335807916037605,-0.4661579283774855,0.7827934979418916,-1.1395019424578205,-0.5137580764874503,-0.5530991560532608,0.16854394505724316,0.08378631705078987,1.0122244405150573,-1.6594541465254198,1.3102480421858498,0.25997250825822965,-1.6310221114287973,-0.4772432541596285,-0.3485916735148023,1.259579327835284,0.4336095900527541,-0.3151985213124036,0.4257072347224444,0.5191654239717474,1.797643177199627,-0.021389172475602673,0.8078527958727514,-1.161142775821637,-0.8968940311891543,1
0.06039652266150923,1.336383208739899,-0.11826260091108635,0.14447696245266214,0.31189207857219925,0.5863514787210735,0.1176974530961775,1.999994960890788,-0.19108048969965957,-1.0371122717411643,-0.29915359960535437,-0.11116248391113652,0.5584968817538017,-0.6498748430607124,-0.48250204995880885,1.0484191161870233,-0.4793092802083339,-0.6728597260703462,-0.720312903491718,0.13684335997617128,-0.030087718474089985,-0.4133328910054214,-0.004834437128668465,0.17780704846062584,-0.1485184326004592,1.4575106930543473,-0.02114288880330269,0.6501678678303815,-0.1931201965541799,0.08160203960056929,0.4469757503683453,-0.7426327764339046,-0.8648633656464377,-0.24636464892220872,-0.1458540248892637,-1.1771133970262033,0.4471224248434782,0.6165973988614084,-0.23522998622404465,-0.44073694654142304,-1.868215847490659,0.10676907721772387,1
-0.6423237957737981,0.3577765830822661,-0.2128569580413398,-0.2616868207368076,-1.0733668264929768,-0.036448280920827775,-0.6667040904533375,-0.2129415323615952,0.2065772696150979,-1.0616214442863003,0.31639967494245486,0.27340416794224914,-0.6087989621979951,-0.5905469279875781,0.5504214260185223,-0.7799618645666481,-0.17831996596365998,1.1458979139415661,1.33561558082739,1.5023462428642493,1.2390649179853412,-2.4871190203465905,1.4851049099644191,0.2309852483127702,1.7242871428780757,-0.6582963966498733,-0.8043904844951906,-0.5998628662792936,-0.3102768929226687,0.13589482274112402,0.035590775225588345,-0.4392913183641543,0.49939907800156685,-1.23384804717943,-1.4819580326464514,-0.02024515256492758,-0.4109959114659607,-0.4885628922464168,0.9202560464626947,1.631325997314408,-0.5237894364263063,-0.9727303532190985,1
0.5621176479124809,-0.35141958885462987,0.2295868159500674,-1.0460760748817761,0.8026286835500851,-1.0503042267112428,-0.5126836148468042,-1.1192577715039302,-1.4581855843398788,-0.47453266340594785,0.5623992706642226,0.8592895471950024,0.20062091954873174,0.07608586086504693,-0.6079780969401105,0.5896731989551219,0.650813947841058,1.2713572258052592,-0.7941403589591653,-0.005353628047734424,0.37126424117596046,-0.9473024812396761,1.865129723215933,0.06128743153433076,-0.06269409704735943,-1.761790041949684,1.295782140991245,-0.892619375368304,-0.5586260910228249,-0.5681317983463442,-1.4304716407282732,-1.0789262017899341,0.2105505837392698,-0.968418778484697,-1.99035945424968,-0.7875386409070482,-1.2830814484566428,-1.5577462969548908,-0.7662632093778692,2.08304923672142,-1.6849222213194353,-0.41676887869888085,1
0.8631900467328082,0.08134700000325501,-0.7906049807567711,0.0982792719586922,0.5898618448666744,-1.1311428488584938,1.8357711879500755,-0.8325841731860317,0.5808027158773026,0.7983454810296666,0.5019248985160445,1.527668198514623,-0.5784586685297108,0.7603152989862637,-1.5921739486200792,0.314590312031463,0.861751541712473,-0.41879096972464186,0.23495465907784513,0.02027943845802956,1.2897314679220724,-0.6853189694104243,0.41173401362107603,-0.514503392227218,-0.40690333248855376,0.419510943732308,-0.2158059872364147,0.4692213644463794,1.3636846444518187,1.9136177595308907,1.2695926861486369,1.6698700167432516,-1.4572955632215636,-0.8062965300127781,-0.36468051836416543,0.3883072303824489,-0.8898893946659994,-1.3305977909959783,-0.23355022994949576,-0.7801299353221504,-0.8539305189166557,0.782756912097038,1
-0.5087144805508108,-2.3739339887095197,0.581790745461977,1.0340372935399123,1.764496700665072,-0.45898949472347994,0.6411403550584609,1.2701746629092223,-0.6028216777066117,0.534977892477272,-0.2222191204354873,-0.25705783075814775,0.42952754588738706,0.0041874685936408385,0.6264837261777692,1.3703075683955166,0.23683818267628512,0.4899235174588266,-1.7484680803658241,-0.8849483525524636,-0.08485490046097863,-0.10970808815208571,0.3334051058895325,-0.6029534331421489,1.358420519761505,1.0035539578764556,-0.5058907556654338,0.27474748873737037,0.5178871309218004,-0.5301787575661017,0.5821627467001196,-0.021196619565124707,0.7328889361319038,-0.08779508932479624,-0.47882161274671015,0.6421916037908235,0.08249789770014486,-0.8726181031102598,-1.826123151436237,0.07329803345314079,-1.0622131834582256,-1.242210096280033,1
0.538828936919053,-0.0492596075665411,-0.7785573766882928,-0.1858212481021963,-1.4244556250331981,-0.8996809120384462,0.15435245166968675,0.8381658111859321,0.6696576909997031,-1.2272970317597856,0.5136238267592003,2.009110150845037,-0.3088286795249113,1.010496296209359,0.024361969802842366,0.7695987865331184,1.5497197662766449,-0.10718866056039442,1.1928421584144218,1.3074844548055726,0.24484281203710587,-1.0013958025005814,-0.7270848236000782,-0.15552590820428203,0.18474772067401718,-0.3560556302162698,0.8599962896233432,0.45611129605991074,0.9665094813158895,0.7219018624077503,0.4188888963320024,1.0514631610750156,-0.07381196085597225,-0.4832246735493084,-0.9628283923608462,0.31126384720744354,-1.2518613705238737,-0.14083417628285835,1.2403200305281588,0.4789921554773962,0.34859782987842686,0.5188431141364647,1
-1.155930140255557,1.743426881371186,1.5535695325347512,-0.7296601107337066,-2.242343145252115,-1.0114306093708698,0.08539800498196083,0.5709816898455983,0.26245629414159993,-0.5658995186678171,0.9352218270690473,0.03771952472321037,0.9983810872031924,-0.2604264913016902,0.3424287052943148,1.7614916007192878,-0.6568411917132007,-0.9840983572822012,-1.6137254013585516,0.3754135771815456,-0.4497115269843939,-1.3792868948841375,-1.1196126430131224,-0.04954204693763816,-2.0685087799443425,-0.9926678833187671,-0.3322121394929843,1.1350266896748926,-0.6634039951057003,-0.34003717476362044,-0.7878709859526307,1.4442281701013395,-1.4594222924081073,2.2090481253355865,-0.3463830895307367,1.4620178383258906,-0.5596902795522747,0.8717167247434428,-0.6229609082358998,-0.34442756400973135,1.5183282732525762,2.5934896958894984,1
0.7624986365881664,-0.3568697359143725,0.4460258579186669,-1.0370116250386892,0.0999369737419791,0.7844932691693145,-0.7069144353314916,0.8964920704716169,1.1646941062591654,0.02625048327742469,0.016358833434084397,-0.10911904679635333,0.5142061175804952,0.11180270809469851,0.7593838544234425,-0.12154037888186105,-0.08095247783929951,-2.1705453306043734,-0.2290003212773736,-0.21623558957147443,-1.0014529299133261,-0.38221335074695484,0.4073692964085496,-0.9241825709264746,0.08407751916177546,1.2732854107266074,0.6255269179395245,1.2129537524732532,0.40265534200343794,-0.09290368868452019,0.9598549415676051,0.10570633122759102,-0.381048153414209,0.5177091653346316,-0.3230471683193354,1.0540574402875278,-0.1222935169266424,0.7162635795505836,1.701068971266241,0.5679134107176694,0.16299878991471425,-0.863790083277233,1
0.7251052749147312,-0.08007008392747132,0.7119924658520089,-0.6179750198166496,0.8994449651571392,0.761789336636017,1.407247165241231,-0.4177140207317327,0.8090484550935099,0.7027025853449875,0.18048268207851842,-1.5534735424060342,0.39390406183161963,0.4408974972997461,-0.159091201204147,1.860305697364483,-0.36416441925952675,-1.2128484607458816,-1.5916672291777394,1.126681488478986,-0.6364407190888682,-0.30624835546366935,1.6324074968502527,-0.9102267602895866,-1.236534087341285,-0.3766954786263936,-1.5065303224739992,0.24238019427004703,-0.5962767382510544,-1.6623464520839288,1.1011445494996823,1.926770332124024,0.4072782492470193,2.461146210457834,-0.23932964743713697,0.7350018010165293,-0.7271224057427942,-0.23214511607964994,0.7483488248596091,0.5554398021555399,2.0245624788019865,0.7668095912700558,1
0.2358530307675895,-1.2681629789400004,-0.7761585556601373,0.7346491280615166,-8.926744402418123e-05,-1.6241518506693398,0.8106049115750406,0.09343831294110443,0.7194883518538818,0.1757307423146244,1.5819337630322245,-0.6241728687671364,-0.044037495448952725,0.2833278697030989,0.6756444395175013,-1.0683879574803392,0.5536475845837168,-0.9313017550844084,0.9125198681542077,0.24668850723516209,0.5211963634538409,0.6983273771203581,0.2991823732898106,-2.258138574104931,-0.3844201669601736,-0.4955562478163544,0.8686077613667754,0.9788843880484489,0.8055737394850776,-0.9159336107109285,0.44427928365123337,1.0292977027766683,-0.16428209600826163,-0.4986078977477557,0.2801573152475897,1.0682186259951898,0.008593921991641697,-1.2198152315569586,0.6165572013051954,-2.53631619624363,0.6454219931609231,0.9135691730329357,1
1.4867255034429705,0.09238746427003587,-1.450580357081764,-0.8607201844471931,1.8644063147493102,-1.5448360348325922,2.272236948722183,0.4130187056620623,0.7174307997374514,-0.33228543084623247,-0.372661600691105,1.6109850425790175,-0.261782790970118,2.237520909916192,-0.40387631040305083,1.6248271704158253,0.725475318903388,2.5046999897460918,-0.2936849619251219,1.5565650516918983,0.7406485338844098,-0.8696804213056583,2.612287831449012,-0.13126962434517964,1.6082948143336115,0.9962123745751739,1.8387615028161455,0.8008471364218539,-0.7309914658515919,-1.4411741795737347,0.15211313861651102,0.5160386648127512,-0.40773847166385246,-1.106195266277918,-0.7365414194805159,0.7994904300802694,0.23234858098797606,-0.33842425673785664,-0.09920570885941705,0.142914453863076,0.7301749936145452,-0.2861758740896749,1
0.789287317066753,-0.20223237521255308,0.9254567278313223,-0.04259925973928905,-2.16292074536053,1.3601871114294035,0.8441644630263414,-1.5240486909304118,0.5238924534978303,0.44531140874899555,-1.0402553621967627,-1.1481356330634573,1.3348124810742168,1.9784563949254528,0.7408848319228067,-0.09209041615565644,-1.082309462750142,-0.2802861665377022,-0.42077272623710904,0.4716235803447939,-1.5554446250402523,0.3117240675436932,0.14201084163183303,1.117056235446385,0.5226516288570571,1.1144385251952678,1.056579962896466,-0.7651730768788215,-0.6237629472491736,0.680657401273541,-0.9497328890816504,-0.418175815601639,0.3429657373960871,0.3799191660497289,-0.9957920367826357,-1.393930832453241,0.2228962803400734,1.0292010523159163,-1.4784486672816965,0.7434255594230458,0.560613462622213,0.445846610640014,1
0.09472532911447089,-0.20471651301959862,0.3150929396277965,0.5117401449861152,0.33161319546586876,0.06614744222674225,-1.3363056759254164,0.15590718889697522,1.302552339686542,0.6717522124374856,0.7191744100195692,-0.9420972866821334,0.24060315595733966,-1.6369971321407366,0.8000535732612201,2.4346797235430824,-1.5536221019199945,-0.8381958485876044,-0.756683369077165,0.5534812911668595,-0.4476425544274057,-1.2523387908751278,0.8389095900928338,-2.228192781388469,0.24981346031168655,0.9869355413324354,0.2828988885940788,2.1528680635341946,-0.3550952881578458,-0.819590000915399,-1.0587001096317752,0.01813381563917181,0.8693019141461567,1.427723279531916,-1.3170162289415848,2.8937249903229656,0.5022214293223529,2.3226219318332046,0.7047386457620872,0.17347643437290958,0.8605235457358593,0.8620635780256499,1
1.9940631511224998,0.5297887065447524,1.6819999787885662,-0.8509073292001661,1.1856454200991102,1.3267760549193746,-0.36939211325699556,-0.4757815711570022,0.7527189527732803,1.0564294393287148,-0.44102607844802194,-0.8140088095081334,0.9187271730058566,-0.34952933480214005,0.9580389809935126,0.2577581693903825,-1.0781499757692665,-1.7543438478242486,-0.8760486798327565,0.21843424204120857,-0.12950824136540232,0.574566874011614,-0.15249457639125702,-0.4842785044784691,0.8670009531198984,1.1956486147743914,0.2978038910623956,-0.0682398636258504,-0.7659540113598761,-1.336525183306182,0.45717124784091423,-0.8616935091498378,-0.21307756117406704,1.4421442915146534,-1.5502576661426029,0.46624810374149767,1.5732456761603035,-0.3546320715235011,1.0168593697073145,1.4159366828189572,1.5174881050041522,-0.2583919871599064,1
-0.8595011015090321,0.290826607889421,0.17285186062503513,-0.5088448574551987,-0.012278886151518292,-0.42222390154564365,-1.2450301674336541,-0.7147899110715482,-0.7230306140092239,-1.2344730465367413,-0.24424667406535266,1.5926540867996815,-0.21659670517815116,0.7562784040401607,-0.7688310969653331,-0.6836268897504733,1.3753491624656156,0.9767884329342768,0.6638633576709481,-0.3001580053270091,-0.30961533448385015,-0.20186295644250005,0.7445902686437853,0.672914537268489,-1.5438041144396857,-1.9656345620872901,0.3892605935231933,-1.2111597597797084,0.9109464451236842,0.8461960788824645,-1.3040255251190342,-0.37163890222638,-1.104450794811364,0.37246109236100705,-0.665233543206333,-0.6690673574586646,-0.3573759540341784,-1.9392466923132479,0.6935433261770703,0.3367539519976828,-0.553984726963783,0.6076082055808282,1
0.09246930821666705,-1.1849261769354449,-0.29269976122147606,-1.4432949866034606,0.7009511513997901,-0.904995701030053,0.35934150943434634,-0.12695767357698395,0.546943575795115,-1.2757343947217668,-0.0023553009472480043,0.2687732920214139,-0.607267957199307,0.4285164824572816,-0.720928376391531,-1.9975314050480366,0.07021964125673236,0.9823394570201188,-0.2292069928385439,2.1944882670045254,1.0439439743908272,-0.13949556897667925,0.1987837437148348,0.3767232200080928,0.7838254975558809,-0.0487002129024318,1.743970579132685,-1.1121886153002696,0.07236312556268305,-0.3548500412559878,1.294134952054563,0.2457730533990546,-0.7267210718514345,-1.1671540853027416,-0.6164037336575626,-0.5478230297662693,0.26351764445789094,-0.4953324736916384,0.6016941626946005,-2.002420169420271,-1.4652096371048386,-0.7602035071857313,1
1.2830073140683027,0.08497696862648375,-1.3823494583614042,-0.3628568426257651,1.6710036935427812,-1.6822691738934827,1.4014946702904,-2.2139965740313583,0.32925305493688456,0.03414513123897062,0.8950440283317429,-0.015438278474221427,-0.9027648559964961,-0.7887072720461823,0.20421149419681267,0.5937892957065458,1.7177940642274288,1.9176022145076135,1.380310022482743,-1.3315189314725369,1.0111012557746881,-1.3664813445259991,-0.6195516578221587,-0.2291442046317155,0.7257111180862522,0.09016712207272654,-0.7131098152575381,-0.7194863686314121,1.067247629074689,-0.15348551580486272,-1.4781454734371913,-0.21008830554496272,0.2790035985010144,-2.108488604894057,0.27478918801895047,-0.5461237579073641,-0.4141793608516548,0.2050240573791018,-0.9244829911697444,1.2972702401627993,-0.6304547478456759,0.45215790765524483,1
-1.4224738603977907,2.287998137773811,-0.5087959420416827,0.8224975261160855,0.04347548949981119,-0.6414173411301959,1.4982126521543835,0.7125788419316311,0.5126777020847407,-1.6068291672630008,-0.1862068556148312,-1.3739251178702883,-0.7305189534886212,-0.711522509967279,-0.7222495278123519,2.024709562306752,-0.9077818142081203,-0.6222391140712039,0.15602392989883507,2.295750872588256,0.3079045966848682,-1.5637222360247645,0.5344273733028692,-0.7422446795163749,-1.451425071575037,-0.6160230959907279,-1.965682099012009,1.9535299432628745,-0.667554237225107,-0.6881796709420065,0.2574132941829498,1.6448524623357774,-0.46119137249029324,1.4823244206888195,0.1377232491980361,-0.3765236210590543,-1.2162855615721369,0.9933868773806583,0.2817611080610617,-0.9983384792430869,1.0673157788958303,-0.02011640317870823,1
-1.1312633905492373,1.6111809361243101,-0.07659315809288401,0.08138220359565362,-0.5847672966859966,-0.025319772897117416,-0.3707926511210766,1.105214217249429,-0.31148538180323065,-1.1537660896371689,0.17136990886302989,0.8484175748339844,-1.9825716393229729,-0.8614846395344283,-0.20225672749134369,-0.4896848091711027,0.9392709884928464,1.0381453462219725,1.420159517590038,0.66192885255942,1.3429131987766216,-1.103248944510881,-1.0012023337876976,1.7900679551078,-0.5986141503241142,-1.6557220857042398,-1.2379160204728203,-1.139953119215403,2.348851940932518,1.0999159742203508,0.4949403684559536,0.39865901928604364,0.9831986522510526,-0.014862574592695361,0.20449423221239268,0.4082042551493922,0.39903867801579446,0.3194462476443081,-0.1877208100233156,0.4591215087238933,0.3175009234489239,-0.7653045579449542,1
1.439751049815446,-0.38942509042976303,0.3602713407839029,-0.995029155390622,1.907656897117784,-1.0667631982397405,1.2433451314579336,1.18659838430848,-0.016167448035531433,0.6469574614168934,0.9017150806951245,1.3650562631298786,-0.28164727356151104,-0.1109720406371952,0.26860118673562794,0.3244942253415536,1.303496762159555,1.3313878634865346,1.3762409244751277,-0.9696541638230202,1.6580479277391225,2.976320204203835,1.5034750733848017,-0.004376206445160255,1.8530265040837852,1.1957160413002337,0.5416996799070659,-0.4732769248254142,1.8174720151955202,-1.101177487827739,1.1914801623121387,-0.7842411507361063,0.8748029531060831,-1.5835633326627012,0.38901763595783106,0.8194173620255973,-1.403103110211594,-0.7136943593306558,-0.6884564341794472,1.6709648983659793,-0.3589489348911304,0.23491559419142813,1
0.08531191795458343,-0.0027973356051036284,-1.2817083290078002,0.47764249598975345,0.6668872498963933,-1.3322019820426965,1.5325125822923928,-1.7229231693019096,-0.40548263398453743,1.2733919514070888,0.49289052637528213,0.5108905358912942,-0.05491125769968143,1.011032980935689,-0.8677623744086577,-0.09916547672564052,0.15572529604361385,-0.3247239778805607,-0.6175879803206433,0.28431909608352246,0.3868636090243245,0.09510290589994728,2.0370456344985013,-0.7914438271399199,-1.073048311567859,-1.252700857735469,-0.2831309260142903,0.39729958612664684,-0.05849601710700882,1.9440269814204518,-0.315299870993443,1.1719339947689273,-1.0137473895466138,-0.07092437555218135,-0.6671133827132237,-0.41340499932817576,-0.8685145210831725,-1.9740756331781388,0.21204520172326635,0.03928720852718997,-0.777590222255922,1.0355932480968728,1
0.821971091944932,0.00944906774438909,-0.4071153713758702,1.5299304818206334,-0.14930436371627406,-1.9486705028966502,0.029036889741421212,0.3902127746154144,-0.8283246562189676,-0.5401189421773538,1.0845847132488418,0.02023358321204634,-0.7536687640044062,0.03154846686830099,-0.5446855706421441,-1.2247397165565448,2.1115284610493283,0.5798439733705977,0.45523585370212044,0.06948574777051397,-0.0778533318772032,0.24069689141362677,-0.7345200219051568,0.5955105196232193,1.313765921064739,-0.15631688853528838,0.7864838056538249,-1.2361157483423812,0.7675186107468669,-0.303179184051178,0.44989734338495735,0.3136914846357639,1.1054355804260538,-1.0463607879901922,0.5792303237338011,0.7920050829315795,0.6007496594985291,-0.31673314460289337,0.6549879432023896,-1.046284239521705,-0.39218938453566227,0.0003064549839134591,1
-1.4434110822827961,-2.0036562502135205,0.6231311430838822,0.4306360967806982,-0.7203261144266747,0.712650754210585,0.3308726660817929,1.2968157176352642,-0.7265821050096368,-1.0305681708115608,-0.7446500485489538,-1.1873101222740279,0.7676867342102215,-0.5900666194438092,-1.184002203034272,0.15549595182981413,0.7288794647080687,-0.6721902023758286,-1.6594955473349946,0.6041848194821924,-0.14965759086972868,-1.1285367994917128,0.5249361277701401,-1.0460311455940225,-1.0269811475125532,0.4041280884247987,-0.3037406265555404,0.12118538710488826,-1.341849414195989,-0.6379021559344491,2.0309920750559796,0.2527885263597174,1.360728410416001,0.3936955173046041,1.1311876860794992,-1.088134440517796,-0.8408658938011017,-0.7691477774596184,2.7306696507495065,-0.026666234268964507,0.9150176168108899,-1.9092856696669982,1
0.4752972286335879,0.9346940690094164,-0.7321465202110167,-1.586755370347905,-0.45088822621524394,-0.4925221193903377,-0.048952109421477555,0.15354789552638545,-0.01938815616185192,-1.4647934699858083,0.5238860942885242,0.9807177540807339,0.42449625938803703,0.277450195278997,1.965778117662975,-0.4218877049560948,-0.5283910109453436,1.020660395631851,0.980305980138216,0.40092007849661926,-0.06561098091954394,-1.0787613705104087,0.4813066005425295,0.015040938343802164,1.9609037846604431,-1.4070410064841903,0.821192021554035,-0.9284907894091045,-0.2649391864060713,0.27496160378739715,-1.0234098059468602,-0.3508998151350725,-0.2538932775753578,-0.8380893171380971,-2.474489421120839,-1.2247992420698823,-0.48956669236597977,-0.8933696097369852,0.9264990465502418,0.26386061068732297,0.1992029600905843,0.6330058867680115,1
0.02578120666319714,-1.970389053634431,0.8553849869277929,0.4545468483525863,0.7311144840290588,1.42387850865855,-0.2399072671303039,0.39110421443533516,1.273858496196957,1.80281030612152,-0.4729654661983871,0.15780574599515662,0.33543058728125486,0.7581653591504206,-1.0007021466872499,1.2940473946678694,-0.3668204008195458,-0.2029956545447235,-0.6936548441537413,-0.461990200833912,-0.29857093005628443,-1.2391211976373673,-1.1897931287077241,0.30326923834113834,0.6151808767028928,0.6392912776468053,0.6159574390996742,0.8769882327614615,0.1739401803591614,1.5988076742460686,0.6491996884134988,1.133284858490249,0.9125081373979754,0.014759665160302393,1.2004559508942205,0.5041648461279467,1.2778969259511828,1.6233742077103097,0.0032180714833665593,-0.8091117435851857,-0.9816955817702476,-0.025695118155158327,1
0.8009602454325031,0.4759413408249053,-0.9510369218713046,-0.7365185429704838,0.23950631352009213,-0.6823311488680045,0.08260518310005016,0.22179371732469153,-0.8020073908818677,-1.2886940986582156,0.7007806568310363,0.8197831613944064,-1.348382258360114,1.339526282920844,-1.811798790411461,0.011741203123559843,0.0562571606092375,0.9691741823418734,1.1610185151403696,1.6765834087766525,-0.016775724820152646,0.07953451291500013,-0.6762111986401071,0.9499130665172076,-0.008328990008381686,-0.07256666090290358,0.550367318540493,-0.4971229045507557,1.2407671329888086,-0.3807316403216417,0.6825746441666513,0.04962786496784277,0.5385310950491146,-0.7895522082102091,-1.046445276896239,-1.0129062396063873,-1.0619351990983423,-0.2785522668873544,-1.60248608401709,0.30849745968956677,1.1684258094152773,-1.5666727005829082,1
-2.2986299577066425,0.34331913985793694,0.3799309094835531,-0.615344611148834,-0.07519213634184015,0.1118069981197435,0.7167897580401028,0.5764997990509991,-0.7527237315697571,-0.5086064639226604,1.4134166632576455,0.26903957002046563,-0.5840742910840543,-1.4411566530359468,-0.49218492172266437,0.27439977657506937,0.9852078585191547,-0.3495915041372902,0.9429095844492558,0.6491107463842842,1.590299475521647,-0.6066205045180635,0.5336081990446166,-0.7966522151499412,-0.9507726061475373,-0.2534666771328506,-1.2924821425783317,-0.25941490800823225,1.1755915515318511,-0.432865516774215,1.1405975104541546,0.4381018520954783,0.8571819049701123,0.10648015352038961,0.046553520101571606,0.8272629414243325,-1.0225992035508866,-0.4568905691325267,-1.0699335260388332,1.963688898919507,0.8210629273075354,-0.11978984869979854,1
-1.5051202745009649,-0.25998124399961475,-0.5865751324382595,0.19393041931337002,0.09987139067974639,-1.3235872498709358,0.013268057809906796,0.02541299534409384,-0.16128419334371538,-1.795453278728898,-0.8434590828399017,-0.4385109742700161,0.01234045424236334,-0.4267767592944019,0.5763305186930126,0.8238670053955054,0.08932847786842119,0.936791829250747,-0.26451160667419016,0.1558121497078941,0.13454555040589014,0.629602022785605,1.194476988652944,-1.5551844958332455,-0.10632735555148053,1.3107432467014473,-0.18910220341876088,0.7251352125590884,0.2775237112811653,-0.9683653016832058,-0.012176140571945987,-1.1413307872439586,0.4384271044693172,0.12899655395457613,-0.8160289905335258,0.6087038051768537,-0.8767228954606502,-0.8058291745478013,-1.3879416539908243,-1.9821527727751747,0.09481042088957337,-0.7830414848216939,1
-0.5280462273321892,-0.7122845549230685,0.4943267463984273,0.21572078456889626,-1.1498441552665124,0.8103085409245748,-0.6112353795229203,0.7571443759034343,-0.8629719228735393,0.44763526414757865,0.23302200428816056,-1.1979644122668662,1.8233201005262152,0.9314079523745226,0.4141479802345798,0.8756639803854159,0.28111152926008376,0.10983065629108844,-1.7040127214554883,-0.25874597890732204,-1.3054406351773278,1.1229074328427977,-1.1143920763838597,-0.7608537429941822,0.2872041661840289,1.4185068480501593,1.7593330397383347,1.2567220429952208,-0.5339743579245897,-0.42683677161575356,-0.8568778053091739,-1.4146040918898704,-0.5718962186596048,-0.14498519098107543,-0.31392877915833906,0.5604034502819069,-0.4549157244031053,0.817836161297217,-0.4224935336873592,0.4710558150292372,-1.1105391320009934,0.15349827409793634,1
-0.07693275993720801,-0.7622420096980007,1.1869260716452519,-0.17815617761335598,0.5715073539671118,-0.7533320470181141,-0.055934970577072564,2.233443502562366,-0.860919052587186,-1.4267849688448933,-0.07007666743380744,1.1934499880146523,-0.6551504921175462,-0.6685819658207411,0.5653764697887304,-1.2562850886157992,1.598404116202576,1.1753847141812268,0.22671805324728594,0.017668462472304566,1.7512702572790728,0.18741669635297412,-1.6443189660521074,0.3206034242651221,-0.6248445171638087,-0.41802704980030964,0.6856123421752017,-0.13072407617899875,0.9312961183568147,-1.2424926251128547,0.8355099505606077,-0.7566153536783664,-0.30856871537358194,-1.0693291315528035,-0.3240150627623642,0.039917071198513183,-0.8166961789210475,-1.106734142364362,-0.7458648395215697,0.06982773561300584,-0.29965719420803943,-1.9197485275323805,1
-0.6273239904034015,-0.17694480512289512,-1.2259172674317866,-0.0412899728237166,0.7030047673503736,-0.5362686208813117,-2.710482495325946,0.40734162380380845,-0.6557287904328515,-0.7753663749107412,0.31940916664860847,0.9281558544643872,-0.5418555017782564,0.9047075318669239,0.9179823225813435,-1.6055323024778339,-0.13444687973840935,0.42996461340897235,-0.05387362048850571,0.2982520788714619,-0.943342849176699,-0.7036479348927587,0.4833347350917508,-0.34345710449646016,-1.682256198625745,-2.701259397572096,-0.15791195998324573,-0.5332739729646337,-0.8634850865359842,0.19050627771706521,-1.1972309532996435,-0.06215908067985882,0.6636728327739919,0.5499499272626197,-0.765534955652044,-0.37504929080163074,0.27397379927089516,-2.041919639028253,0.04965654552026572,-0.8365144732956731,-0.674165459511039,0.8954117926671592,1
0.6053617821080743,-1.7817547843502566,-0.5861221102244192,0.41731487719504634,-0.239556777403538,-0.7016034454719264,-1.1632320584310298,-0.5343570909841981,0.024251962846156907,-0.294139424058436,-0.05711954031461944,0.47299752692849895,-1.7221930519852082,-1.1216842894138048,-1.117274804949986,-1.6731416295855477,0.9167011323540041,0.5845639646219787,1.0017874972834577,-0.9474259700191533,2.148059967527179,-0.0491399942855244,-0.22677945527922438,0.18580151034758335,0.09266758302990405,-0.3599909539751513,-0.09518034260932998,-1.4245510099054943,1.5483907737849953,0.02319728930184562,0.8935956897326134,-0.1603201325004046,-0.9742947099809512,-1.7115692575660808,0.7219711798412796,-0.23826618023056503,0.5208916740217802,-0.6949385720819784,0.6503759392070687,-1.9052281329925518,-0.7807463231324652,-0.9503196262242392,1
0.11870028139092834,-0.4164562884341226,-1.5766515596669701,1.375836459533206,0.7692141453644831,-2.197813860108223,0.5914049128619304,-0.4240812690977441,-0.22685143984430714,1.0452227586362322,1.0741440166124092,0.006693500936278447,-1.2917639858633523,0.47411041779386537,0.7107060439267041,-1.1374586934771127,0.2656616691169709,0.6456369930555625,-0.38799253726803046,0.8557542438760241,0.9275690400870054,1.6926720598008675,-0.24163584531689616,-0.13979134142177385,0.4004822304690382,-0.20113401746637324,1.408996537427884,-1.20361377450034,1.2690199643074904,0.5588627378777283,0.09890158300160765,-0.08701115772308068,0.9965453184961138,-0.5917109390557167,0.9704460847011085,0.6046256605463829,1.334597893003126,-0.9480409458463215,1.0856052181728109,-0.5422296362854794,-0.45708202149135535,0.2174310302042549,1
1.2110276577921149,-0.651571135793762,-0.2949283111016126,1.611752672386214,0.047422139528880955,1.197101563179706,0.03145390449709388,-1.671136882641361,-0.11164081814484911,1.0736985911434676,-2.34105035969152,-1.6761844991507953,-0.49444286911502794,0.45522216038365765,-0.5932516909683465,-0.8969899157783039,-1.8269430459474723,-0.03447621408110552,-0.29536928033690835,0.8662510997761538,-1.012814996496708,1.5485113743925,0.7971453619626339,0.7802373067828224,0.3226369284170541,-0.033560398158451264,0.41208776834951716,0.3672754887823804,-0.793887579202339,1.1799235120479798,0.1297613173481388,-0.42937734488254764,1.5169770862757435,0.3410367821504781,0.5932545809449755,-1.7039589318044717,0.47773084737731614,0.1992195101710707,-0.11170857896385405,-1.785119989208211,1.3765587327804671,-2.363496670987977,1
0.8855276695548281,-0.3025068374508991,-1.562245072295761,-0.5734089140507831,-0.5433721494805112,-0.5848794896007226,1.2750567477529835,-0.023037894672534368,-0.522843830283288,-0.12939109674912255,0.8938557461589397,-0.48298546580224055,-0.33612564536679623,0.09887772152398915,-0.5963814965569864,0.546795010647451,0.7156225152554385,1.5663437218929217,-0.25878436794048076,0.9251437932356622,0.2194197285443942,-0.14701263057617545,1.0176786160545486,1.3354382397360107,0.784241675891791,-0.884556167022702,0.1590850667302031,0.07094650366491151,1.2858273251254737,-0.9240795213986538,-0.2813964332425375,-0.01745515169615718,-0.46045015059719613,-1.6430357123721517,0.3064608328748204,0.293277619530998,0.49051578865309337,0.03722013766924992,-1.7414366343450174,0.2579998179586687,-0.8841981682490584,-0.5393360447998499,1
-0.1211145282438976,-2.04420469981679,-0.15837315807356594,0.9449040644328088,-0.871667812614236,0.9577844013526094,1.0516583884594997,-0.27652667020478217,0.6307149806916059,-0.4751612181173741,-1.8082265212905666,-1.5564525060914318,0.8414796738564362,1.5394159957924751,-0.971769496342746,0.9521444987979177,-0.623616771189211,0.613178557219127,-1.385087312756289,1.2123607991443044,-1.6307247071776159,0.13077455310639224,0.3967447284670725,0.3305991700383153,1.413129108333971,1.7644022211877632,-0.2718795182836897,-0.07565146019118826,-0.3545831944532315,-0.18848871766307418,0.6559318576778534,0.3145992614629581,1.89763242981258,-0.1304309629792065,0.21157140448506595,-1.922690725436567,-1.4206430072394318,0.6900380501844781,-0.8094421113181465,-0.6982639191465034,-0.7442579969083574,0.09727256294096683,1
-0.3643872361951179,-1.2779846933246102,0.4466013393402834,-0.0968958614115936,0.44050925789037604,1.8340049506144822,-0.8452920892860573,-0.5755448963675365,1.8690656394852565,0.46669252194717264,-1.851402097683379,-0.7363050259114718,0.5436741040766068,0.5513197888502946,1.9457669326452651,0.5089867948018855,-0.4997057579877059,0.15005117449566074,-0.6511167127087013,-0.7405101697987009,-0.3887676227872132,0.009701257111075322,-0.6570074835562433,-2.27625310277773,-0.26726434892782386,0.9886739744564622,-0.09105323034261663,1.183632870942589,-0.8529699390415737,-1.4130240565543721,-0.18253599908346826,0.1396032836005764,-0.271466778184209,1.0322281697031948,0.9614683679683563,0.1992187014903316,-1.4352292701596903,-0.018409147392148068,1.438317556846134,-1.2618418009875607,1.1081438340436343,0.9852854413612901,1
0.8512666547212426,-1.9402422008142013,0.6195659881844281,0.19754220352447802,1.2783193022884647,0.715351388782303,0.1584552291198592,-0.23268530893846057,0.4504466270814019,0.5737039906122773,-1.187517744653104,-0.7786337720200674,1.0673992946639708,-0.8392828681515581,0.17362179146593212,0.33947425247759694,-0.9878851912362654,0.027503489513879473,-1.4995114628750041,0.6580487028194619,-1.3185659792919966,1.0674166844357076,0.7826843672131107,-0.8383950844375893,1.9239363636000824,1.4114084949100105,0.1453652034597099,0.8751567809156809,-0.03699779075817034,0.7273217281022284,0.37904205349806525,-0.24539976373112057,0.8835029049558614,0.6988375866079,-1.8055071017838746,0.471380240774161,-0.5268338056093547,0.15282113701672892,0.5790736784042472,-0.5137681657254091,-0.007490489839510111,-0.3572098183224742,1
0.8947177063330628,-0.775956344771131,-1.333375400110185,1.8151462520163595,-1.0639103296383223,-0.9509951967283106,0.20250836846560305,-0.8187326088841401,-0.22550111507176898,0.31132042172045316,-0.28139094110798124,-0.07392358929572442,-1.0514837600942897,0.377373183868738,-0.08143206169809952,-0.9397278447690417,0.1069817529970702,0.5701164649756574,1.251041834058911,-1.1520247092204372,1.4863699921544533,0.03567373317129973,-0.8493608150408839,-0.8213896802356204,2.7732230921770675,-0.7380698459562882,2.4699812257576137,-1.8717545983538173,0.4178084740790559,-0.9905473693758808,-0.9975302718918049,-0.09307367549708961,-0.9052415069403805,-1.8311143368983132,-0.20833700166160402,0.2596859444171301,0.4677653215087296,-0.7315397537186693,2.4640024465802024,-0.6375628629019425,-0.4687347967532445,0.71673029945274,1
-0.009733020801054976,-0.47888383900520076,-0.2067458069662288,-0.37663166433243256,-1.071248854224136,-0.09736425933798684,0.058985841085428696,0.7168563470211629,0.17546008153802684,-1.3360757666129703,-1.6446725516977232,0.4169231383463715,1.167276014257295,0.027759531074130105,-0.42356703127228507,0.8049222448789417,-0.41826732404762096,0.41424352343735216,-1.0402000316799924,-1.002739266145477,-2.3092493215884278,0.23605090716660912,-2.138125743233609,1.042229067362601,0.6480443269751089,1.0759321862080438,1.0157317419963519,0.3819550663794654,0.49827407496261844,-0.0707971728402177,-1.1972962675085428,-0.9923139802029762,1.4894588838620608,-0.04326365568843284,-0.20244430728185167,-0.32140859046917947,0.2524859732502238,1.3281133161809808,-1.4387098687112798,-0.40515406487949285,-0.3992340508260444,0.6524525522030454,1
0.9701617217305244,-0.3608183020382662,0.3733560297301035,1.221503336970672,1.957945979440836,1.2867746205011041,0.11890215111020165,-0.8928002773041143,-0.5352802099719898,2.1223465904866647,-0.8896433023414526,-1.667020065423091,-0.22191695004244183,-0.6816252751722811,-0.2924892731413947,0.012585159238102713,-1.7456994806958435,-1.597124594909002,-0.8626336795086048,-0.4781218142817806,-1.3548540140770238,0.6760519849541482,-1.6516104164907326,-0.4631052307497342,2.7372111264226846,1.2869932734663072,1.2204180269266915,0.2877193224476398,-0.39309074447328013,0.5178009605528782,-0.31139341279869137,0.21898491369795298,0.5214830366859505,0.4344048016372201,-0.21080759711356342,0.10510914931574272,0.09916432941045673,1.6783316533365513,-0.12129343259338715,1.2237892883782238,0.4095220705803463,-0.8895908153361939,1
-0.5279225332647048,-1.2308966514047872,1.0326261899010967,-1.7745603154205103,-1.0188810911837314,0.4569192128895517,-0.43295316703118164,0.7124854051634171,-0.029164863381624107,0.2856310418895527,0.8443846559779016,-0.7754870639455675,2.263242145042235,0.3793589327350181,-1.0384255956931367,1.5210777972054867,0.3548191275543876,-0.4438067582591288,-1.4008875986476548,-1.9517002101075587,-1.1559424085613612,-0.4396947986986629,0.6523179006217578,-0.3137599369411203,0.6468869244640761,1.154477899088401,-0.1663547397501868,-0.6522422461109142,-0.42725864699508315,-1.2311115190213728,0.3915364986079047,-0.7207656643868585,2.1209661263291433,0.620687588524602,-0.5252025621793425,1.6069188707784283,1.9184725387831119,0.5858110043123259,0.12559160450304674,0.9721880801940923,0.7666118165562136,1.2692381272384208,1
0.37542962058692,2.1300842485797102,2.6109179666618814,-0.40537273943048513,-1.1198080516620255,0.9479569625257861,1.3545680512963107,1.4750504482095803,-1.9273937403379626,1.2578138508199113,0.5002353811947661,-1.9553694699122313,3.1305114877119786,0.2922834279765961,-0.9965864207505015,0.07234055758586788,-0.8341241593012657,-1.9576270792508028,-0.9939489153463769,-1.4918732528476866,-1.284446241585952,-0.05620486728830148,0.6197445910839275,0.22922941420853873,0.8052984381628876,0.5449779220887853,2.7883916067097263,0.17889101991062709,-3.2302051928150477,1.8278700069361165,-0.8293017440573741,-0.07654084925461394,-1.396657059774718,0.2762479373925012,0.023388531169625533,-1.211397852287583,0.24499087750063858,1.2967323617182873,1.5346227513977153,2.355630392092412,0.349772695853086,2.2413472826012484,1
2.235968865183708,-0.2846332384309051,0.9002409486448572,0.6127372117688816,2.018311442286786,0.9019248655112501,-1.8187243222544176,-0.6354950432338402,0.9473788275718872,1.1081954436817048,-0.29428492641227594,-1.710020359184493,-0.3999020775581903,-2.5361811303441537,-0.1712027174067402,2.154519768836399,-1.6231632377856846,-1.5553656402728555,-1.4524169238326199,0.36305179151866784,-0.4692874652911126,-1.7718405309898824,-1.2635378723905384,-1.8252847068840736,0.6773739166922588,0.3239944740503063,-0.6765004146530669,1.3798372176005531,-1.5326007730044389,-1.8492535913559585,0.029851331971494432,0.7054748953911468,1.113177756945056,2.304386625913625,-0.9546499302392966,1.6074543827468437,1.5073787048509788,1.735596023225335,2.1854745690755117,-0.46734921428662546,3.6306279785824396,-0.4568016081804916,1
0.6934510033690713,-1.0898029758131855,1.0281873114750248,2.197055870944182,1.1508477825202519,0.41712567795179606,0.27502336921181886,-1.0356366208860943,0.4883777269969321,0.14801635417744294,-0.9699049686843343,-1.7124198604892753,-0.2515358166171256,-0.8211127684486115,0.06453900665252556,0.9471895957361732,-0.43168888856565035,-0.16276814070157672,-1.016209591101541,1.2226543171864757,0.5586949232694782,1.5417549820078789,-0.6088100501595906,-1.0981582653003776,-0.6399309530305058,1.7350076235775334,-1.598905639475377,-0.025661703809205443,0.1247847047827897,-1.2234957448640624,0.667464526063759,-0.39111726695750887,-0.13945677892417413,1.4743527978588105,-1.0142206576991821,-0.39120946406824925,-0.30158707064070917,-0.4114713861651679,-0.3313429337901285,-1.488826487794174,0.1877967685009045,-0.7865511007769155,1
0.1760165063314103,0.20316779026849385,-0.962755574087821,-1.5524874453180106,-0.5620791276209862,0.686745458669807,0.16956372057329888,-0.6447248139503626,0.179670512368522,-1.6477855079646477,-0.6061182977229036,0.0028462347497830802,0.15460405340386946,-0.786574588340776,-0.8339970346613012,0.4266178860073668,0.6053668048821292,-2.158158088325786,-0.47364865213354573,-0.09445926203915676,-2.277756723024562,-1.4973045969608811,-1.4814488976642775,0.7500880633205249,-0.7790665431473233,0.9130625729239513,0.07089892638580698,-0.3896459713694078,-0.5789595835832084,-0.7933328809613278,0.3906859788770601,0.7619156508544311,0.6671467822341592,0.39923543105287024,1.9092171252483823,-1.9022287840854977,0.256185372356002,1.8074204036332695,-0.4181084896857611,0.4209391576277009,1.492330803852296,-0.3407634414226064,1
0.3741369175471218,-0.00608088535227632,-1.1190322494699203,1.7963673974311543,0.33441494678138683,-0.8038514460909373,0.06689874324573578,0.868396121342409,-0.4213024472385706,0.36786990770844236,0.3457154713369093,-0.4107513162830277,-1.3148036973075454,-0.3480069443630536,0.15030513947287966,-1.065511087063982,0.15965010219727044,0.0547175129468708,1.0806676436702107,-0.02153531916560883,0.8416342160895683,1.522764190905942,-0.21503568654450975,-0.8017744488048925,-0.2943984771500287,-0.3161293938783114,-0.19036193089168396,0.3342676399230376,0.4361225536677519,-0.7476104519743757,0.23358713111348214,0.17011385483725017,1.1621393584106585,-0.27346101139664797,0.5610167330579782,0.6692933064925723,0.18885562989021068,0.07621738410135438,0.005418474053026759,-1.101082425359905,1.3765783330575467,-0.0745982637854934,1
2.0309321406503082,0.490458101229135,1.8628437960634747,-0.19928598873732664,-0.2940309693481506,0.4465719713160356,-0.4436491359199383,1.148770747006158,1.2504905782250186,0.4810683406307862,-0.6561453918216882,-0.34495504888538525,0.9039517977652155,-0.35126207626967265,-0.7523992929133321,0.737743193501898,-1.6657846127916243,-0.6618772157725133,-0.7415267741456744,0.7958212345777869,1.0084374947195984,-0.583902321593671,-0.3358870948523219,-0.26141178950230215,0.16750103892014914,1.234375224533234,0.22209472472158662,1.3737918722448226,-0.9602425317390346,0.8358045940815758,0.8904009952721436,-0.14078525060103697,-0.4802893437757188,0.32160643329415156,-1.6954045943769522,0.09317594492680135,-0.031758622902619146,0.41472052986990304,0.7266742182034366,-0.5160558372512296,-0.1776313563941232,1.233805348712632,1
-0.34581173097737006,-2.8848127445099427,0.8460288591162048,1.8011404546780434,-0.4158903179120063,2.3282654000123646,-1.945693467169546,0.381725747141301,1.1117324843588445,2.5752317417097097,-0.6167952646677115,-0.14016260379577494,0.9804406424166547,0.8811706508900754,1.2281926592029497,0.012632197595717978,-1.7481443250148465,0.4730071696225669,-0.8335088620871676,-0.9734404653936471,-0.8940851552602906,0.7255080693043754,-0.1821227592422318,-1.0849297797489998,0.922492211387093,1.1003513639721794,1.6845231250780195,1.4094926285229352,-0.1491017172652366,1.1704792187573623,-0.6597078362874006,-0.5276141635841869,0.16536463496500592,0.13434302939024,0.7078984578799469,1.252755571310333,0.9253644225035305,1.0115795813742885,1.0596472335217906,-1.7633385494737863,-0.758588828723659,0.07061554224127817,1
0.178124882912693,-0.722703826797658,-1.1151871773552766,-0.5885758347002131,0.5975595939820015,-1.1071191837656897,-1.5197941124483805,-0.04238091278862478,-0.3609234199616945,-0.5904276137089919,-0.21227668381356593,-0.09606304393795359,-1.8197201059646957,-1.7555328940857753,-0.13181721293686702,-0.9953770462629634,-1.6209306859390378,0.6120961761765575,0.3257832691520672,-0.6135045712549136,1.2302852687383807,1.6667041599551182,0.01573586408907681,0.8220480164429936,-1.8155327972661146,-1.942707640933662,-0.7382593817830837,-2.1868524074833573,-0.3276686764301197,0.6867003610219916,0.05897464696244379,-1.0193038205901523,1.8193950780334172,-0.223330176088098,0.39166858603364846,-1.5059014294443636,-0.3699720293560152,0.6750904516507017,1.3617787248641464,-0.7579461264791455,-1.8534872868066576,-1.33591937619286,1
1.308838094997724,-0.2501033113729659,-0.11607394752322112,-2.562599676639717,1.8198929804565742,-0.8733640309243331,0.16664990427196918,-0.8670100537015321,0.8353612151975446,-0.6005805606595394,0.356071239874741,1.7632191676962954,-0.22722075350579973,0.5142054013292722,0.4608264243033338,0.351638300511907,1.6570741852181357,1.3042336566847559,1.0227673887308688,0.0011506989608228127,0.8742511195886158,-0.057078097300860345,1.2857760641484728,1.071102172442079,0.35622048575281257,0.03329636523427614,-1.7176636215935988,-0.9009010708941554,0.039440659328579215,-1.407408375018644,0.5761222505916322,-0.23165330975415097,-0.587218372866305,-0.6667153457424647,-0.5929388454585528,0.3470135172419587,0.17613733250489635,-1.244951429314919,-1.8344554111618327,1.2960034500908644,-0.7809150415958318,-0.4141990831162447,1
-0.21404005236980134,0.4884794599188809,1.2521601622502048,0.887140139980502,-2.0929216697345123,-0.4533819973064231,0.8584405502960922,2.137543388941976,-0.621675209388094,0.4078663058382293,1.846533414503181,-2.0103556807188956,3.3765396604986826,-0.24105309766734856,-0.4913652361691567,2.263674530146408,-0.8519291227258889,-1.426267993856392,-1.9011183054391485,-0.1784332325050269,-0.8701111740062013,0.5188390996748202,-0.007042205930491486,-0.7657360427922353,-1.102838488669999,0.1301427631449607,0.6101977530587162,2.1082510980924907,-1.0669776100041937,-0.10053329834163642,-0.9453637941789231,-2.0015013314118564,1.7130436667416664,0.6677225429223842,-1.8159429641287506,0.54537729951769,2.120796286070946,0.8725187906628784,2.103855051783214,0.9832816995610053,-1.0125599949240733,0.08873147094685944,1
-0.3833843780930059,0.3007635801933136,0.08202411023238325,-1.8761814849623473,0.09372227716478765,-1.096719795806395,-0.7741191412026481,0.925689619205656,-0.308078313643415,-1.278816297388928,1.5326026398861903,2.3740694074068376,0.9279749094135965,0.9073891588990144,0.9121602637069155,-1.1104645807601783,0.806258589888769,0.8586104670740075,-0.24145816277938564,1.1082072884428391,-1.423461565626681,-0.9698542504127253,-0.10806185651030144,1.126484856619854,-0.4414054066967356,-1.1856593386566556,0.9859645194917869,0.1601934899885838,0.2099087032956536,1.488857768848214,-0.34386217007134917,0.34015623920385113,-0.9107604467121332,-0.4137781306059558,-0.5613048467251496,-0.34567344322478016,-0.1625654556753711,-1.510913811452028,-1.0706162532405739,-0.5218533767123168,-1.159238937877801,0.9389186111653692,1
0.6768699546345889,-1.3733739750345524,0.9902223974466291,0.181843411984071,0.9712953991157335,1.5443193421628294,1.3684240216988772,-1.0896900467806594,1.5748132139904318,3.197663604731358,-0.2095052741175643,-0.787758872280985,-0.2996800471478016,1.5516604586543732,0.01416766793054514,0.3119239980986914,-1.682893182685395,-0.7356953344598564,-0.4465390535711078,2.4336072497159185,0.3994847566134768,-1.3944291029411828,0.050907939216184986,0.26201546272096454,0.5818016246793288,-1.2127675943653602,-0.6109507022962366,1.7852697656269156,-1.576279958615619,2.2887609274990695,1.363626848278141,3.1233515538925594,-0.8673842652623489,0.3890552042944603,0.808550551166461,0.008634722504036187,-1.8373750472883599,0.6135553603432466,0.7799365490712098,1.2933250289650702,-0.7400509697266403,-0.9811831225148342,1
0.025713185126593475,0.37595255797605587,-0.709997073321174,-0.36466491113695815,-1.400115399441178,-0.9621551655341865,-0.8801331528453553,-0.8365608169530024,-0.4911679963951172,-2.3724606948893747,0.40241869215973697,1.2519101560035333,0.04374796814070989,0.9422666571582172,-0.8937046567363092,1.2619205026638165,2.0248098015616733,1.7099872562966159,0.961217198564526,-0.447152903997625,-0.13030835249784314,-1.5410603756306922,0.686418720171984,1.0496165931562735,-0.4706436151946095,-0.2199377170636504,0.6237939269971455,-1.0997963261118562,0.8776782992164398,-1.5985372271267524,-1.9106295413547707,-2.1525577663298625,1.3619542111993717,-1.0792559739521599,-1.1744688918961126,-1.4702568908549754,1.7199867034315874,0.2080308450715772,-0.3821795483062684,0.9298818298588731,0.8247646563395192,-1.1803247279896572,1
0.9018090220120044,-0.606439835854065,-0.6509810684704661,0.15550018951113512,-1.8082924964136953,-0.35783509289819065,-2.2909116742058786,1.3175904873838538,0.5820644281655628,-0.5652463381456974,0.5362274151622942,1.0156208095372479,-0.6508740387594234,0.297415355020415,1.2655390637024706,-1.6891863546519015,-0.04390122215375736,-0.5857563304972558,0.7425837239525122,0.9699270814234475,0.13508428801977157,-0.4982663686445971,-0.14374896359858155,0.8834852628767617,0.6574065843240477,-1.5942918691762922,-0.5610834985340719,-0.01872147684917977,0.047232746531998895,0.28194216527921895,0.9796145009137626,-0.03866822698069309,1.3727792349624857,-0.7608215428132088,-1.1771784924964668,1.0842101872443985,0.4444173016798022,-0.3951475490433228,0.3476321079651,-0.9549557075784338,-1.8133860089159453,-1.1237683824447118,1
0.8317846940932908,0.23209117572378818,0.5973845882994862,-0.19928460050459262,0.2701225155554361,-1.1234536208182815,1.3191290733244756,0.2504517252192926,0.2105834679040083,0.3854065964895747,1.0507813672515725,-0.19726497290949765,1.8303076053381107,-0.6775727981855324,0.6975049505037609,1.967432617842629,0.05411816076345006,-1.862468891438821,-0.69759071589102,1.1632771846529741,-0.9411483851321768,0.8788927365026196,-0.6215903994821187,0.14701781887442386,0.005843242355371189,0.3271699814551816,0.06685925490865804,1.7186821895079325,-0.609466640203366,0.9128203129185855,-0.4022843347736097,-0.35365748518899254,0.10157103566465361,0.9477418983931895,-1.7908319674905993,0.986767744547155,1.4606331453801507,0.7228050467804779,-0.41859371159923403,1.3502585871677888,-1.1699838558363906,-0.526432353752635,1
-0.14611564255985296,0.3299107983144916,-0.46145484627432837,-0.2756739189912273,0.7773410714558889,-0.17956025773217119,0.8164571132378943,-2.304990236117602,-0.47251619150385354,-0.16684208253070346,0.08871424147017562,0.46165172246210706,-0.4562551066447554,-0.3119718948954252,-1.436164068253792,-0.36059710333127887,2.3849805895648104,1.1751290513470156,-0.05361637651134406,-0.702365098721282,0.9484203599859333,-1.8633291738574733,0.34210537301052263,0.9353968120407845,-0.5022698112417943,0.11260589618644576,-2.372635924619245,-1.4084213205761977,0.004378345602438569,0.05022025517134657,0.13700813837532946,0.553295958662384,-1.5305307995552155,-1.0263262610633879,1.1710255248537416,-1.45529829929799,0.2959507651101485,-1.2064883662008652,-1.3372782412705013,0.3227407209634271,-0.5331289759599099,0.5403696857690141,1
-1.031870944643385,-0.3850217101212973,-1.2447542640478173,0.007884234691863199,0.06316092220596395,1.01176160206663,0.8850039202104777,0.30907305150470876,-1.0289010329982455,1.5473558593732841,1.8594335725924434,-0.25886538532012876,-1.2008715273667134,0.3814854157412738,0.1464079424351819,-1.2908890895333907,-0.5146037147161688,-0.8305909784103681,-0.11227629147766092,0.8966144394685696,1.5491621554541437,2.199659050977702,-2.1548052559679864,-0.7478011694947889,0.07205512583261799,-0.24111869508875117,-0.067331702494475,-1.9164947746916399,1.2571825273194537,0.5254125680163242,2.6200334097866422,0.8677735324445588,0.8218757275931408,-0.20603324279341043,0.3978604453740932,-0.19932761527405343,-0.7304632343934132,-0.7618271481114967,0.6623508640933952,-0.11669581757153001,-0.06423073899001298,-0.5092853772532069,1
0.4639683700148004,-1.6821458811232717,-2.4060296757634743,-0.5539899038336262,-0.02740843426419777,-0.6175560406452502,-0.04914930807163068,-0.9799816417768537,0.25056293414254616,-0.27561497499268317,1.41143317076772,0.5761824539850342,0.442099655852912,1.4540591000567336,0.9953252625994594,-1.2619743606991762,0.9144515786885338,1.450449190655129,0.8244785922355576,-1.5046575557902062,-0.8292799630813783,-1.7343790191837551,-1.6348744789094471,-1.1471985956497186,0.14163631318339392,-1.3544789927195056,1.3112418003990938,-0.7475603782657587,-0.7731531967871689,-0.12915613686422164,-2.145556231390715,0.2767856676770309,-0.5487412934290059,-2.1718843028258275,-0.30454258014713537,-1.0926952100004828,-0.1162524871433605,-0.08567949491688676,1.2678009877656926,-0.8775172442204391,-1.5716286863037618,1.3621076008741606,1
-0.3955790845486198,-0.5143340520804364,0.5459319392225265,0.8416653993276737,-0.36219511712762426,0.9122511491194775,1.0791858417511215,1.5143439444335742,-0.46263005734652574,0.007626324140742507,0.29874359212097146,-0.24928032314246246,1.5228168696256998,-1.4816063716653627,-1.3682233235240249,1.5150463021522578,-0.6178768841814019,-1.8289609372924722,-2.0249563966001993,0.06293373707884742,-0.9163665682327912,-1.067024564556304,-0.03260582887273844,0.14080054346886503,-0.6099509495694775,0.4586643088213343,-0.02098465143260442,0.45623157961546795,-0.6220988560819276,0.6880808783215779,0.7996287355953806,0.38126016335195345,1.6614932474150246,0.850829576480668,0.23838028238659256,-1.389781079984281,2.069522985605892,1.0823875571154045,1.1451096591648364,-0.5048699521711647,0.4780810190338488,-0.16536547722777004,1
1.282373859020663,-0.2020003344701992,1.1680068932783754,0.29034180144571214,0.36404605478160756,0.3594509130689959,-1.0718416042198031,0.8195382466931417,-0.28637557541410436,2.0903452683740205,0.35093091619178063,-1.6792905550941417,0.39145486494459997,-0.9066916272019535,0.20427777095622957,1.4231778391205039,-1.6764293700339026,-0.6683276273437597,-1.8597822525965606,0.7631196154471412,0.3532891056914378,-0.35627890247747257,0.2980204747362884,-0.33815550208206385,1.5316050040760334,-0.22245859225887774,1.2152713198726424,1.451036736347366,-1.1244582853458573,0.1362993955353681,0.277198438110341,-0.3440387468270823,1.215561834431474,0.818249490773622,-1.0221714407192533,2.091452831418162,2.1308351234666425,1.1966080193224928,0.8595492965974533,0.4455857869213533,1.4313361462328356,-1.180745640993489,1
-0.24758194180579055,0.12990285134684787,-2.0664079427587203,0.3746458002341251,0.23048608881796104,-0.23109386267845086,0.6159123718863649,-0.47045975393615486,-0.5369169260068998,1.4501245852795275,0.9161823786577711,0.04778899004527999,-1.8669340934305785,0.5937758867860934,1.663988812269091,-0.45593764815270404,0.6936225393493604,0.578831616653928,-0.10938762171081595,0.6908795752983002,1.3138154134200892,-0.19107162183267073,-1.070055361994442,0.5217755195814583,-0.6166976876301583,-2.825416530360096,-1.5596782319314817,-1.5093009857289033,0.8748566662238004,1.1713216858876225,0.1095296942260643,1.6379055751693208,0.25505817626698524,0.005604911605220608,0.641823689221389,0.07041373658195271,-0.2709675197862354,-1.075846636617593,0.2267709495517769,1.5386791244572475,-0.2635170391992287,0.516372618261923,1
0.7427211089386169,-0.9895514428246688,0.44104250431437136,0.8808871053734189,0.44941740264247027,1.1586552782618513,-0.05937158730088251,-2.137642991521873,2.5571817299918473,2.213347315103734,0.8689322228198799,0.11956959928857869,0.4203475005913144,0.8544231747197764,0.18830710812330168,1.9503048487006793,-1.2905531637984242,-1.2352928949842379,-0.1919679978674055,0.4786226748266068,-0.3975172852895444,-0.6199114125452205,-0.17847574191357107,-0.3720397428430104,0.532547587748361,0.653804383430822,-1.8523853247096744,0.2520792907270226,-0.9258568511601106,-1.5896250878153075,0.4335161887510929,0.8110018632732335,0.6613332167439719,1.2013470060267792,0.37676364423477576,1.389998895331606,1.376893798260183,0.6528854639734344,1.290398516247864,0.4086575473958008,-1.1255470711328173,-0.23786652952327103,1
0.17388353641433987,-0.09514968375069541,-0.343676965272615,-0.09376727981487516,2.070265122332994,-0.8972576264610821,1.7902894421744977,-0.6792872711680233,-0.03657011361804821,0.6830368165457648,1.1865046278071978,0.5050355884947626,-1.464505122244324,1.6880609851868167,-0.5902539570601151,-0.4904232617990458,1.2483484846860464,-0.8652693874321082,0.7364795459881854,0.5960887579306534,1.8692577245712516,1.170142519445914,-1.792677941272351,-1.940592941383182,-0.07316785129211417,0.1751587547246994,0.7049779222613161,-0.8365845194199515,1.5825234275322921,-1.1092475369150419,2.225831471149787,1.480516150401361,0.8234843738509935,-0.1229391832601661,-0.4048312048758312,0.0800324633318351,-1.5643701168215831,-1.8508561521328744,-0.1527749284449105,-0.37545599606482194,1.433369684142612,-0.21228019404459642,1
2.067118469332692,-0.37494939256857385,0.9179104758319271,1.0413867431728014,1.2082661181307486,1.1836217235934612,-0.5301131989860576,-0.5904476760138692,0.9102021144043828,2.850966620846074,0.104446734750151,-0.8252292434940335,0.5224043148324679,-1.2966826697280367,1.5153507995769346,0.9265101289494605,-2.117413154018284,-1.722284855228056,-1.3450085287438918,0.026608434356521424,-0.6803592989203017,-0.17348741004715,0.26867966883989425,-0.1828825108863012,2.1341855334498097,0.035841355609126865,-0.007505433746281222,1.2375020874566542,-1.9439399257708538,-0.10808521319336567,-0.3184544277881878,0.925215411326459,-0.8167050482753475,0.9563914925413234,0.5444032151551592,0.6298826932514047,1.176752562288069,1.5213153542056495,1.447538431976306,0.4489407019764212,0.3218611416818405,0.07823895142155175,1
-0.3665171150429457,-0.8081382407438231,0.11879780038022507,-0.5857370465272412,-0.9800193278486699,-5.189226268708269e-05,0.382396336211878,0.5649752747439012,0.6529060498383952,-0.8446284697573624,-0.3317195015598011,-0.7219698646851975,1.8184251812798,0.889655662045931,-0.9710883479416252,2.2136258108329283,0.4205074769242528,0.8230804523821531,-1.3055437147846483,-0.8473834349981255,-1.8555477950351371,-0.3915635129086387,0.1722712875625363,0.07505771188897936,0.43960726899034747,1.3350267471895698,-0.4111854116092906,0.5412360264409418,-0.3612555445933062,-0.7062800180296177,-0.4605002471311313,-0.02112681498230442,0.8721978221569724,0.28815315530939406,0.04135043861655393,0.21739805565973983,-0.22388690542640258,1.511841877023781,-0.2738604886055626,-0.7812899347550178,-0.7215452934461868,1.6566308537982002,1
0.16492217945859658,-0.02867980249279853,0.9701991522006376,-0.22757888773127713,0.640235772264102,-0.33046048956168395,0.6071690634560084,0.14627517773876847,0.05258670093668818,0.37636767587885717,-0.6553414865685379,-0.6128655428950145,1.6145359918712214,0.2361022193555829,-1.124697479345062,1.3722137367412723,-0.46422244018500897,-0.8461032308281485,-0.5225660636355753,-1.6180608666195655,-1.4155825938901778,0.8632620279545675,-0.6609677608003046,0.17974372023440877,0.544263415788844,1.0960875181206422,0.5310327835302917,0.2073703742140176,-0.6410829421833604,-0.06531610267213171,-0.7881460401569873,-0.928371873423409,1.019742748014556,0.6176883283755038,-0.3462739971124807,0.6461478661034583,0.9917004825746153,0.6608919118392396,-0.2734662499243697,1.219760919965806,-1.161344520879179,0.6149672110590013,1
0.5076643180062259,0.024349875911788738,-1.4002893071063676,-1.0522979531307446,-1.2010946670156715,0.3178390284155012,-0.25614087794207,-0.058598094984124445,0.9861383225260509,-0.08971097413194334,1.4962918789454782,1.8160217299292942,0.507526005758984,0.7802966274550663,0.3388801115367333,-0.18780696799564991,1.4366864274165247,-0.242653409623725,0.7033109904592953,-0.535496700145365,-0.2523044788922657,-0.94489443781208,0.8469477172627792,0.11787861276990472,-1.226985982173679,-1.1761850022887745,-0.9740943797308199,0.7185039535573308,1.638345654607613,2.0926064578104864,0.24198755661029206,0.8760414957383343,-0.6083701012770723,-0.839557568540386,-0.6368120783194853,-0.12730094504396422,0.23182024490747355,-0.38372347391761735,0.11893653421291339,-1.9671421538494662,-1.4414674906036837,1.2119257558574887,0
1.325062927526992,0.7440920440398369,-1.152698490262322,-0.02747709958339154,-1.5065928884868558,0.025471175426795632,-0.9467383546379514,0.05399234729745048,-1.4434998778596901,-0.21913056100697023,0.7280936982337832,1.2560464550359705,-0.3291090721088495,0.40524512498120113,-0.5760119883682756,0.05010518797834965,-0.19968163255992,-0.04399659621397093,0.8788632005707409,-0.8142272834837284,-0.7950120343071035,0.5838278428677138,-1.7719263515975108,0.9118084035150855,0.3830166027367204,-1.4210527637546821,0.2571962065007151,-1.0852465497838197,0.2214410293145781,1.1396512439476045,-0.6514789414129142,0.14357460450982482,0.3067867919122714,-0.36004421157143063,-1.3288180929582396,-1.2509934863681995,-0.7937728479223221,0.21459159875938247,-0.09098440380423567,0.11571230371691156,1.1078762823305142,0.5014294856194467,1
0.24363364442478933,-1.9195509676392937,-0.30727708782268615,1.096967958129893,-0.45242787433471227,1.9887822672868196,-0.6836379296748961,-0.36789230109703247,0.9708531208876108,1.0975101056416896,-0.35191166108510746,-0.7587752084572459,1.0470305578592345,0.40949881415710093,0.049865978846606325,2.2473957298848806,-0.10714833874048926,0.016960824400620952,-1.3143356185482382,0.23731291767083412,-1.3196019616716979,-1.3879816566921714,-0.3406184446686687,-0.6499385457390472,0.6379974338062996,1.0078422580054587,0.4613436426349958,1.1576219662087572,-1.7910499225186973,0.16443522927929344,-0.17797361613792634,0.6208488968738333,1.3281115926881457,0.10727396643464497,1.3186293761649899,-0.604533807923105,0.7455179987648222,2.4335872018449765,0.8939513609082369,-1.3343586013828717,-0.2237200658385717,0.15702364910223243,1
-2.254621382588307,0.28754524094823075,-0.31657751355949526,1.7053278858753507,1.022239598851085,0.3485032228884844,1.199958476587896,-0.7570015797047045,-0.007487178362921107,-1.2291135915735913,-1.0365509565652686,0.42453060107189766,-2.226901610015053,-1.610937828660068,0.5423229720169451,-1.5475309891506548,1.465800394814524,-1.2732354686664515,0.3868782689394368,1.288645631497059,1.06493348079357,-2.81119563189191,1.5247440985065102,0.06704332627530663,-2.200397658410848,-1.1117087682915099,-1.7745478848837577,-0.2979138612117611,1.1585630106964757,-0.7905860558661375,-0.013423670740161148,0.6833443684205146,-0.027837449246277964,0.4199711559537416,0.05751917252212721,0.38361559844366155,0.09796399962434876,-0.5083347790170275,-0.7238378500361323,2.1698418767085204,-1.4777498051610614,-3.17063125964443,0
1.2257477684173668,0.4852527431508441,1.5267757618184519,0.5774874536048674,1.034859433850903,0.20556104374202305,0.8126691190921735,0.11252811733072078,1.8562975002213027,0.867830075419515,-0.7163919703960887,0.02854039982877336,-0.6315100933579932,-1.2102102776645687,-0.050341015238889474,0.5117643341025522,-2.3026486852482524,-1.2190894364373972,-0.7897636392838405,0.9103038369969519,-0.5625732938212733,-0.7046044025508019,1.2844529441328383,1.6236568374085534,-0.18493171039205414,-0.589505984052863,-1.0030656439004038,1.102828959119995,0.5690111648413927,-0.625584030757284,-0.07245456396065468,1.4091326421744332,-0.5222050846797804,1.7185357274456137,0.9450063873030474,0.44553897081641064,0.9695406785449521,1.4412800663283685,0.7541896143693853,0.5256657964330826,0.9461713215228469,-0.5976918902213898,1
-0.25093187973845826,0.6138596282592037,0.4962581295918928,0.6527031313648884,0.7574264661665066,-0.11052557983133193,0.6849588189483564,-0.2600143412852268,-0.05559533446454836,0.8697062315414645,0.003604169397548037,0.10354132768486345,0.08695701717237335,-1.133560199760679,0.21121154862376354,0.2547539242262816,-0.9227089738723487,-1.7788683445723519,-0.8821651122963268,0.2285479436870756,-0.02765632715428637,0.8460539514037777,-0.3620907752454092,-0.36323346503233933,-0.24750051251225863,0.13982291180424003,0.31296013777492604,0.7836087395456752,-0.8749901742366015,-0.39678435082817815,0.19327925604534227,0.3997164372613337,-1.5643026892947924,0.7698892586101154,1.0835032567944802,0.37366017677483176,-0.5021694186993011,0.093685542738701,0.9208022232537397,0.5916718650794539,-0.9923606480298689,-0.4835677241868159,1
0.45104675975732517,-0.4055309712039803,0.013162991774326888,0.01331937009768167,-0.3955754707550316,-0.3177913780897716,-1.576704939449989,0.7321329620291911,-0.6732883982164637,-0.32011671604516523,-0.24340383147281103,0.09758362029911373,0.06126936681853456,0.2678601546059967,0.3846550213409011,-1.5929472346350777,-0.9349790973816879,0.0838576742499399,-0.703388875043037,0.8026152749665564,-0.36956102469480745,1.8542706222891439,-2.912432742692422,0.7256502964460658,0.44123616203676813,-1.5978909007372741,1.2091909184274663,-1.4853663083471427,-1.4203279836364802,-0.8033981741396207,-0.14180465402151332,-0.8224579036575201,0.9580147723382184,0.24632940341770548,-0.6391876655786088,-0.3357389854605276,0.058512997723419696,-0.6584493766258608,1.5119207880177767,-0.21565402707223488,-1.5108722137428077,0.26809336945201345,1
0.9454726201795518,-0.2799987938025864,0.6602892754728367,-1.858344571440171,0.4971816115070119,1.7386901033916282,-0.7909901300817469,-1.757870618459773,1.4039007510083676,1.2892862987043334,-1.5166317327293437,0.43214165912239,0.09334333768414577,0.2943109490066356,-0.8379406549256977,-0.13124113798320786,-1.7672277422246832,-1.7193495528212819,-0.5825437711734185,-1.0163033151637275,-2.606191599142964,0.9493724905015697,0.35870381026420817,1.449935362547046,0.056782385403011754,0.4183608481977771,-1.0495038181218197,-1.9433709379438897,-0.344724723541553,0.16409029398124167,0.16402525566587633,1.5072607141642924,0.36262690039948114,2.498397258791558,0.8119108836859967,1.1130712128306257,-0.2432712078848353,0.925610861770011,-0.6761434458260146,1.5469768261813288,0.31297303908989504,2.735155362993157,1
1.7506664213429348,0.8973859727445631,-0.24020782541066146,1.2077013323515453,0.7804011783620305,-1.097025151663347,0.19116038225464047,0.2749660003895519,-0.15208264126671206,-0.6358903765900026,-0.8902511836163918,1.0495203122506016,-1.2007265481418632,1.6430287349749721,-1.1765395001458143,-0.6641199540388373,0.9581963969407952,-0.09686969917364355,0.048462181252095296,1.7280063673032542,-0.24401825555333734,0.6957207579378413,1.7089789498694221,1.2010983700092037,1.2337812776829145,-0.5722438143388529,1.0608604273631967,-0.8666170617842014,0.2757489747875564,-0.9452831237744674,0.6913073214819824,0.8787376857212817,0.3130300856818586,0.26994973134925,-0.6183592677741123,0.042616354282773355,-0.06025199942381697,-1.0927938459923225,0.4951580731739069,-0.3342877669845254,-0.021181029938949204,0.017829602226983057,1
0.020042034992659115,-0.4054044560983843,1.1877087268626751,-1.3124897647389473,-0.36811443607612615,-0.6519510241551156,-0.6662067029753976,1.312914720694735,0.371116228498457,-0.1758387877298058,-0.30572895299230396,0.19882341588628313,1.7249793885966997,1.7425383102114633,0.7108304486619493,0.14363285424674008,0.614222174813077,0.24707151204316535,0.450388092680643,-0.6721231023759717,-0.6775400348773618,0.9197427357298176,-0.2367815258096854,-0.743089451862917,0.18944536814862756,0.3720633610252736,1.0637953022621822,1.768659848613993,-0.7489889116486973,0.504183699183109,-0.4806845992656032,-0.48766304794767446,-1.9966514754341842,0.15664507104170608,-1.2429776237470733,2.078076461113041,-1.082484401681041,-0.8216035117268896,0.1185885543656176,0.3067910393108718,-1.0040217399525107,0.8096201293974052,1
-0.04397123981708871,-0.6514758836524556,-0.4068998404758117,-1.7991918534900129,-0.4517103003665243,-0.41341087313349567,0.5779610424487392,-0.43580601549715015,1.5443690355659614,-0.5709744383028906,-0.8115178781705285,1.5055731371465657,-0.27762827113000055,0.154929686227378,-0.37301922767357415,0.74455742583312,0.004652725174731465,-0.8549572224693335,-0.5164972158891878,0.8440420586688646,-1.6048490761259808,-1.4456750442975494,-0.244885561248864,1.7618576244755513,0.18509957010926942,-0.44978969011375963,-0.1264891829719428,0.7336078887813869,-0.41175896263748873,-0.29768110450239554,0.4154957325168949,2.546214220496535,-0.9845135999534725,0.5319289975211711,2.5264032984803717,0.2255267699812895,-0.6308182039495499,1.6298848949364564,-0.7914575164061695,0.15702289919374537,0.47536147047080163,0.43622835463830645,1
-0.7509591022250911,0.3784410693101048,-0.13479363650194645,1.0539852754758041,-1.3651171970512617,0.49927618265736984,-1.3331822767065316,-0.4757507440908299,-0.9887911461917591,-1.5942911735698055,-1.672899841955895,-0.5885862219420975,-0.27790135510629654,0.39636274034094066,-1.317787945212323,0.920051202953253,0.915018696060267,-0.8453401248368685,-1.2118337132623564,0.27921950089940517,-1.4753943234421358,-0.12631873221577644,1.7066358082114634,0.34904447216248385,-1.7759456588373157,0.47041633564325425,0.2964857377005654,-0.2588662923157051,-0.4768522743752154,-0.47692866520447186,-0.17631807597614468,-0.26087430256418814,0.41695013623008165,1.346479847200505,0.5620573764080394,-0.9964916297538342,-0.11309684098626949,0.6393349789580014,-0.8542321993702378,-1.3522022635725102,0.7989855983485749,-0.7348065843569271,1
0.493011185223231,-0.36875645957914416,-0.6430797964789732,0.8848125552403193,-0.7835692526542982,-1.921200523613541,-0.1864872812054743,-1.6149427401647984,-0.2444826924242741,-0.6467140577744612,-0.4347017618923731,0.6954889420889655,-1.0859711647014632,-0.0317248511959132,-1.0192893409772081,-0.5483942963852446,0.6175150469029983,1.3513011296065318,0.5931189227170192,-0.03202909540573874,0.6581064699354191,-1.323346921848648,-0.822684847072899,1.13586496689863,0.46436664236705777,-0.7466134268181989,0.554923020003309,-1.1276395738278682,0.5935234588025415,0.9596282505690077,-1.0820703522797321,0.0194071822850968,-1.7553570633876754,-1.2886737892600486,0.7142104327105371,-0.98590968643066,0.10460609073696106,-1.1246565661639796,0.9692404755418838,0.06710225183569157,-0.3310951875330284,-0.2660817837400254,1
-1.0571478409998383,-0.8709313958350254,-1.470535678178628,1.0299939980588602,-0.2836781837960884,-1.0568937186142788,-0.38486314594404625,0.48656122660801693,-0.6331343838132616,0.7566500984947017,2.1917415903901105,0.2416554577004366,-2.0959388968979322,1.5635924537526362,0.7957381400085375,-1.5518519492300322,-0.8074589225995813,-0.6197010368877318,1.3422307626575543,0.8486897195529789,1.0635877195153824,0.18487854708952686,-0.7643261412248324,-1.6378798510153656,-0.47314513376209844,-1.5761371533421036,1.7382451634950051,-1.6581345620394559,0.28316639358175527,0.12756164024066033,0.6659145145543445,1.6211979504844243,1.5101043286110678,-0.22229510226455126,0.5242283156470353,0.02466547742742274,-1.1286426187733982,-0.5207933674175251,1.4776465358559558,0.13860377065154617,1.4870498947644097,0.12202694942757455,1
0.19138233506579616,-0.8910386354244499,-0.3833781286738001,-0.8194763896191489,-0.6283168279108099,-0.7519399842105967,1.1419031370122898,-1.882032089499429,0.275516505152542,-1.3092108061788967,-1.6257713166112304,-1.3628831959198715,0.6070179208912202,1.1240301484263873,0.13162021432120397,-0.618409522619513,-0.07518426486182632,0.4732672017692176,0.5164654260840057,0.22819097233874272,-1.2237122673054963,1.977225916405356,0.9620756727470953,-0.05635257390573089,1.2770929127516164,2.0469924193577596,-0.9337063516840861,-1.0337484552094116,-0.4228917078351298,-0.9454104301454563,0.37196196601024695,-0.9650473927580185,0.7283280526615491,-0.08351540031732727,-1.1146787404588114,-0.492514733168465,-1.7696780529482299,-0.8525955684837806,-1.6660696920924256,0.1809245360335458,0.1366534078851534,-0.6339361045010389,1
0.7031065084110979,-0.596450477997943,-0.9281409647259029,0.19219486771691294,0.31216531622818705,-1.2005507423974315,-0.7089212737786288,-0.6078933730194077,-0.8896855553111127,1.177915252881683,1.3743097751129927,0.714998308422097,-0.13580679391307957,-1.140044871954912,1.6787345286161424,-0.4796350003791311,0.7575054365396662,1.9033570371550326,-0.26504889126332387,-1.5431357085470239,1.1281856706691198,-0.6298524162654101,-1.2616112504918697,0.3817361739439671,0.09821960526806829,-1.6065467863443432,0.02421583097283747,0.06735827517212008,1.016236237338411,0.8540113474183968,-2.157706103801091,-1.5913623583795664,-0.35024263946542916,-1.957365272511706,-0.6870328792105247,0.7826637114285709,1.5714585150207814,-0.9616144851353926,-1.390584452703088,0.9002976557292349,-1.7937197180986364,-0.2834175108259498,1
-0.06100510041506844,-1.2780673643612466,0.5662304352992964,1.2308465375299553,-1.1723305842472695,0.7485233990463674,-0.1504461005034262,-0.7854745982088817,-0.45925103468795786,1.0412778508980784,-0.16323052996305668,-1.3765723350951466,0.7193054140660562,0.7732879838478647,-1.458486285234336,0.8553155014329917,-0.16405799329386833,-0.6696763540939091,-1.1192261771144034,0.5920293452176693,-0.8484599940248398,0.6808650212325132,-1.6211662451244975,0.0826769525218149,-0.4673426628734375,0.5463356275077682,-0.39349253365106296,0.8124305340723948,0.11186989608031199,1.6009616079833868,0.26537604992020997,0.010473613308179272,1.2234722081736682,0.6402118198499627,-1.2014696211946057,-0.03307364054935719,0.10677771246326363,0.9718411489329576,-1.3120068998581507,-0.6767955702139731,-0.1973666233260287,-0.7611833293592312,1
1.1456593664715629,-1.4684911617737275,-0.10222803924604439,-1.2111943654407098,1.0287086800480003,1.918415891786354,0.6215447578784041,-2.0970338082253464,0.3101255947191321,1.0774931665324123,-2.597191039409705,-0.22033367867007883,-0.11598345298042152,0.767140287464213,-2.1373235851785073,-0.20918407307672535,-1.0076843019293191,-0.28840044838168055,-0.4785336583799556,-0.5694295821697049,-2.351516565128258,-0.21182129811767456,0.637298541918078,1.8968877413148029,1.748294981641523,0.4352602372574297,-0.32751200357469074,-1.8903498128204124,-1.1601320116148681,1.1733796508621177,0.7763799650634059,1.8599915380282008,1.6052024303803167,0.5581301904097932,1.4654595857838497,-1.3431814339265185,-0.5587581303570183,0.8148323049112972,-1.6524295451335693,0.6585404036558751,0.8659884132465263,0.8234568560340895,1
-0.5837997729324682,-0.13520301686408015,0.032962415430634585,1.1208510379894705,-1.4447592659310644,0.03970062440153041,-0.41315080500560875,0.3992308484086451,-0.7044478539052855,-1.7672301049616124,-1.2859355962399324,-0.6877013694798342,1.007366252612154,-1.8791272928386866,2.0600434781422443,0.3917872491583381,-0.30065819595023596,-0.4386452835918679,-0.8239946578829603,-0.3303540802184146,-1.4798209759784928,1.3437843437630672,0.7743358176834988,0.21143042996161912,0.42340395639137796,1.6884072428022987,-0.2128980795569359,0.01980707745958628,0.24571998573642595,-1.105411552962242,-1.8340496592445057,-2.1049970402873974,0.18010095533908563,0.7517753596159753,-1.1047516880882136,-0.9307914884297426,1.0537391257395265,1.064087833296059,-2.136867655147443,0.030927543497291748,0.8821990302486576,-0.02142726489561435,1
-0.5495797229351902,0.03446586210440497,1.375715427940865,-0.06631232963371168,0.07349297598296965,1.0855057091935822,-1.3211684223279307,-0.08069938174634199,1.3307955532292723,1.4746640654521903,0.38333381373915776,-1.1177718462835236,0.31128257855715397,0.300980260009493,0.35469433646163695,1.241557901158224,-0.7354181916913433,-0.29088635637297494,-0.5021738497630371,-0.5488877169320379,0.7318934362393492,0.40735560005203986,0.9662587441339231,-1.9379473378312013,-1.4758639645315856,0.635796923834294,-0.38814370098290185,1.287291740823629,0.38850708681416396,-1.1488774475303336,-0.15969142050269267,-0.05166375309237146,-0.8046309610853203,1.6665457622374167,-0.002048366796261551,2.6430981614702174,0.11286749704227889,0.35645822538839894,0.47402904747624586,-0.6007385996387822,0.7324870946105483,1.7028023761736681,1
-1.1481183939205304,-1.4177642797484589,-0.7405062118109983,0.6253815555540546,0.29321736991426006,1.5125731713524944,0.7190647859711079,-0.4966640479418161,1.0713084342864245,-0.11726779439923105,-0.8762659979361482,-1.2139943622919858,-0.2067220142628615,0.23822396765264955,0.4657593162931379,0.9941282817883768,-0.6263895765144843,1.0824273283315886,-0.8588269125170157,1.1878066410222468,0.05449910016026824,-0.43128672505077004,-1.87845852384646,-1.2270448594568029,-0.5644886569166532,1.1078629824779407,-1.4982580403278696,0.7180259774339328,0.1694436953951367,-0.15137462767017687,1.1479903028006477,0.4610940634032993,1.5526108686714744,0.28194376262317666,0.6144628237787018,-1.051339545970143,-1.0941185152239792,0.38600711838345925,-0.33001014734318307,-2.3140790856730207,0.36199825430072485,-0.900775389188222,1
-0.6157515057820906,0.803153347290105,-1.1936013339891347,2.1530069184049863,-0.9963626523658398,-1.4839512019043384,-0.26822695051530177,1.2697920127985107,-1.5049340292807967,0.33115617731775593,-0.10606476713304522,1.240511765275935,-0.8295188069141645,0.39505621381380596,0.29209251009966547,-0.902485559552679,-0.4291378583839906,0.35225453076619717,0.10371147768996944,0.46802570721292264,0.3047647446612339,0.1942496832586715,0.4855669704690769,0.2332068584474578,1.426083402089577,-1.1053374213078029,0.3530309140757166,-0.5463330992372574,-0.8850367838153613,1.2547085539774454,0.18384527584692795,1.0097128183568167,-0.7219812488338426,0.26646462668242055,0.2760143369204348,0.9856494691656792,0.5511540741771886,-1.9005265358218513,1.425149090277415,-0.44937016724969514,1.5852730457046993,0.7117455785720449,1
1.1838236927705332,0.43642023734353946,0.4136325461706348,-1.8543174753095943,-0.5144802555757061,0.5905493964530906,1.5522042969301593,-1.8394969188390413,1.9049823830459751,0.8343062648168805,-1.060111672399561,-0.4895211705279039,-0.17962448392257752,0.9300344791558764,0.11942935017057763,0.1957320625170408,-1.0515992525642543,-0.6927879661141788,0.729072838620713,0.486105630795175,-0.5397685665578339,0.4062073702703703,-1.4670495319825165,1.846145455844457,-1.4669795523573081,-0.5320517126574531,-1.4913647680772222,-0.4342178201680449,-0.5482676365313602,0.01240895409155362,-0.14730239426360045,1.46205358879903,-0.5188903166569553,1.052740164506985,1.2785863420145556,0.0070123736004524505,-0.9154058362007328,1.0368063646954813,-1.8083220487257439,1.9807436228596664,0.07501496649799835,1.2830917498694514,1
-0.20005405644049024,0.9871564333380146,0.16632794609194143,-0.3497621281409448,0.08506351212556142,0.7240846071401602,-1.0189779532870353,0.8116687185210569,0.9115320328667483,-0.8683800045164566,-1.933731922162216,0.18519304102019638,0.36621911150592484,-0.2649723856325903,2.1295321904878994,0.5634476003400611,-1.5691392178559729,-0.2167280977354796,-0.2347168099211327,-0.9603472793971846,-0.8045111804117415,-0.7825673018429317,-0.5823714314567403,-1.1373589169452525,1.314690967022813,1.0735115493676632,0.4983171056201657,0.7475984854429703,-0.50531316107149,-0.20434338677429892,-0.9039454615663683,-0.4401932752664163,0.01917457012730721,0.8325603966876202,-1.2659275188444499,0.37596740868434786,-0.5296414470282573,0.5091937970027238,-0.365444026970316,-0.8245995385843029,0.8247223037457183,1.25329298966043,1
2.091303819248965,-0.543509489656614,-0.8227394860909605,-0.07446688721782393,-0.3968777144473271,-1.6612148956168518,-0.6200068673473854,-0.7165627993888901,0.6221995456122754,-0.14120242366349078,1.938574325299156,0.1105276040962407,-0.7155272521787696,0.5875192461328391,1.4765760293079702,-1.8507803602614252,0.705523106850708,0.04673930550092293,2.4326846822051693,-0.8822198355113926,0.43372831217986085,0.39205292794439567,-0.4196952980038053,-0.8553244674720646,1.7637447726302693,0.15772517118530754,0.43555260247589134,-0.7791668004912161,1.015851724073013,-0.9871043609032691,0.013009661071853057,-0.18916198045157284,0.7224969111937155,-2.035002152768591,-0.6046604753809562,-0.030572194655191336,-0.7246019110532882,-0.44836824405782333,0.05554073121118534,-0.6693616009065003,0.5731604878964575,0.19924168746734894,1
1.334268422653803,1.8418291294695714,0.6207059478287993,1.226242169468329,0.8465415565406983,0.8769614672772684,-0.2925531985471351,-0.49248715185881253,0.44923888680052326,0.30681911619476376,-0.9309212205070776,-1.1156077140143854,1.0103306695968064,-0.3907695587314584,-0.2776316738198351,1.409326325344405,-1.7704613101134257,-1.675035000136172,-0.6567086791321499,-0.6896682801066648,-1.5077896273427824,0.8916695230128175,1.809548087215341,-0.7376807779763714,-0.9447164856414173,0.5018346412813178,-0.5887938823650586,0.9620209455476001,-0.9133445292773752,-1.5435492660702603,-1.3973730011046286,-1.5822740379093554,0.8173050498135812,1.8736880479183193,-1.2949066628952495,-0.16634465225634845,0.821538421585372,0.05824428078008509,1.376400740167461,0.7296588915511572,-0.03850478130264031,0.0749912651233347,1
1.4812389126441452,-2.0082878999485496,1.356148575682076,0.8293871116655215,0.34758541613125465,0.8312220389331608,-0.7266400018584904,-0.3490156763204495,1.1709075535292952,1.3476782669536134,-0.050518975320724906,-1.0544975926047515,0.6305696361445634,-0.7798526825323747,1.621245015527552,1.247683347460162,-0.05677828621519317,-0.7106780186026307,-1.3135397164183413,0.8070421485763299,0.011684745990993544,0.9424267028725588,0.22876750671074816,-0.9672794133429923,-1.0008042641876034,0.8736428536469103,-0.9163522974777791,1.053499907155639,-0.5205984042784292,-1.0676053563326087,0.14669164533614829,0.0777583660548394,-0.7666929348278293,1.4458331497022896,-0.0685973505735867,1.1545437193774961,-0.07101625814826026,0.18993228176860688,0.14733649536413285,0.24775975535334077,0.1498189401701984,0.19787280401592944,1
-0.4215925437230578,1.3110462409690378,0.3964050577711027,-0.8115239847322724,-1.7959566562804485,0.367698463105376,-0.2515306400360657,-0.3224258455236286,-0.39545680180362747,-0.9663967692026743,-1.2181464780489646,-1.660946246382243,0.9373897480648362,1.2375841767253817,-0.13198643281420355,-0.8404795332004962,-0.06653321754762133,-0.4708131106906389,0.8782615234140261,-0.2897292477056066,-1.1457958394961183,1.3515461723208548,-0.12905670390046683,1.261544527954522,0.06572457530597367,1.2364407769416008,0.5195529309998032,-0.060877690926186744,-0.7006307988098589,0.20692399403401357,-0.8922704117584765,-1.7942485509221018,-0.7642298269713661,-0.28745065035837103,0.30161551225942324,-1.2557056449069997,0.06419273780273826,0.951313585794419,-1.1177380174564175,1.2789198888922702,-0.43934779589920453,-0.42696865611498463,1
-0.813269521485285,0.7407447277235711,-0.6250824075206426,-1.1482454202800498,0.16128671338486217,1.2784035371953362,-0.563004123769569,0.44417651151075177,-0.7599293164993075,-1.3838868542516956,-1.8811747550557139,0.12355609833912572,-0.0014450435377890273,-0.12960619670100368,-0.8572472735359301,-0.7604658685185591,0.9036390860238389,-0.7109406890102008,-0.23060258015296664,0.584071816462203,-0.5508867319193079,0.08906994171348068,0.12055879516357525,0.1581566657985841,0.21946184076919667,1.18217248845226,1.1585182188880498,-0.14931786842596964,-1.1934118715608524,1.276583752823629,1.3608705604933073,-0.27769780990094417,-0.7970884425820306,-0.20889507214730244,0.9018513979747979,-1.3757531097571412,-0.7317850850524054,0.3421719333833459,1.0692408506202682,-0.4957633331086645,-0.5950267075247047,-1.1408964469580243,1
-1.852720948530393,1.077796906873757,-0.7750248499418636,-0.3881589019615389,0.711052175193533,-0.738429582369027,1.0021072342391837,1.278770179349363,-0.7336054767619091,-0.7255157279116176,1.808500971621334,1.5891644788987969,-0.6276119712015423,-0.17411613149563973,1.4010395985091941,-0.6596176785729356,0.11338317730476957,1.1480860710636605,0.9814399266174288,0.7173075737826368,0.4416279617962783,-1.4913138834698072,0.9094779122228646,0.5209554063257078,-0.5413813517726481,-0.8930117101713336,0.020449522525671768,-0.823198246905492,-0.18389056698339806,0.46115914400482766,-0.5218578639593469,0.7184366624031993,0.3372789616626797,-0.5024717020783038,0.6416058424735724,-0.6233580023231553,0.4289485408982867,0.15825774669519285,-1.1010918155795617,1.1522535328043413,0.4802056331876103,0.358142444167596,1
0.3021372313837065,0.7383192510509106,-0.09833322423124595,-0.43118171190176274,0.054494327413933716,0.7192796065022353,0.8816581068339955,2.179729137860428,-0.8951792460422029,-0.26796951195384344,-0.017811704977864763,-0.7314752229212794,0.9317819297802515,-0.43071750887835863,-1.084054258595602,0.7210570497726486,-0.5683511197415994,-2.83305993001365,-1.028396078999625,0.5839410301693324,-0.8122617943400244,-1.6725640374291841,1.5189290979121826,0.2864391492920629,0.7118298901612922,-0.1594526785173513,0.8248083982905399,0.7592158680162856,-1.2697215729313724,1.1339025343045184,1.377802056683268,0.5674913737407222,1.3059192108238384,0.33993199500936216,-0.5503006409589795,-1.3980830347851345,1.9409251467028692,0.8963287670597749,1.685256776458383,0.9684364393488043,1.035285654934046,-1.6048803473867912,1
-2.1092743268847953,2.0344962200074526,0.5492023078263831,-0.20868851488483273,1.6967541534916202,0.3415449452435662,-1.5383734455073075,-1.1076755560615765,-1.5535753605390656,-1.5751820074101575,-2.0551112380005785,-0.1408365578787046,-1.7019455401101247,-1.9035857437149009,1.121009504406254,-1.7981166776810185,1.83911491097764,0.16867612520784506,0.7461135421678127,-1.2855163815550783,-0.3766666915222835,-0.8364434276689987,-2.6512187710596735,1.0257146060579934,-0.8913196750122087,0.11844320414070925,1.2693079402254193,-0.5814792205887795,0.8051468913718189,0.5463043478799254,-2.0808630962349,-2.105437408463988,-0.6740071727070872,-0.2510866661019547,1.556469574920446,-0.5695195709187711,0.08878323930517874,1.1194641200824078,-1.5155220961259193,2.3145166189598805,-0.7634990192071056,-3.041939870015723,0
-0.24199193782980064,1.2204884845928583,0.679685050544154,-0.07237713586144233,1.1093404601053207,-0.6400099634230968,0.8536266119487356,0.8651819127196879,-0.5654605529482151,0.183144316051132,0.7458788010128387,2.259624675299921,-0.8723491147300391,-0.2761334078928669,0.11125339609886975,-0.7060339389449155,1.475923041877755,-0.09326061369486088,-0.8978105747176557,1.0468488498313693,1.5017615459567886,-0.04130316250545092,-1.0847601709693442,0.8645745503822615,-0.09962274382595025,0.27002764126959045,0.49704110708911725,-0.7227553465897865,1.6048341843490583,1.5813407020734658,1.8549407515506589,0.822765003908911,0.3834113861051252,-0.22848766007069451,0.14221439720554235,-0.23636483670635158,-0.19207410507721837,-0.9003047365937985,-0.9102815585430784,0.08903978201865193,-0.37190795670790927,0.18000997027109153,1
-0.6899615174735874,2.098166922784443,-0.10020838204063515,0.5215802155927308,-0.6783423397565997,0.2171072504085995,-1.4081773126026031,-0.013355555944780679,0.3381767187511046,-0.3433213134727094,-0.35186253706158077,-0.27871528004783325,0.11927430770059101,0.6895696351813823,0.6255161541084607,0.6308920110420049,-0.9251022244672441,-1.6464692781584025,0.6442294911470282,-0.6095907370648673,-1.0674438326577724,-0.5456314291529043,0.9099322381419266,-0.646486426983142,0.07715292913566271,0.9571343862825541,0.3964188661398214,1.3030714623709676,-1.0375287551665076,0.4992294688952419,-1.0556172117619156,-0.23819567345183632,-1.3506734883937515,0.48559597224403056,-0.09688805688339591,0.18251133604113853,-0.6442783300440479,1.4987588784702226,-0.40274617470399443,-0.27572288132912437,-1.1960796332265293,0.4072333569172195,1
1.231454582788236,-1.0936727108314055,1.9805862940775634,0.49355608029421977,0.8956549738847635,1.524612865679983,0.34773897659448527,2.1490946857041,0.43241389676577685,1.3077461596116207,0.15006147352783036,-0.3844385018473311,1.7551112408102758,-0.8383251830185062,1.039866444949948,0.6686187703027456,-1.2052220108307548,-0.7082195511640691,-2.4522353309404155,-0.1111579479971844,0.898327562265099,-0.6140297646429251,-0.31342611362876444,-0.7714836652055337,0.07134446256575847,1.1711353312736652,0.9531813181928993,0.6594565370498652,-0.8574311682078277,-0.44281664865867504,1.6254127215492349,-1.3218332593675957,1.0276746843061795,0.01262411255275274,-0.07078908648912777,-0.61932508405835,2.08253429336333,-1.1732214482499803,2.71769305524258,-0.025230420672744492,-0.3428854509980554,-1.5781148059431467,1
-1.1671483099857822,0.20424715310862585,0.773582142224221,-2.0124478304765288,0.10081809527720292,0.9943249616726874,-1.3320656316987962,-0.4120758077536864,1.3320197284974256,0.014937302593374967,-1.7675206429380115,0.08387248589607922,0.07836619856259772,2.127636188502277,-0.034319129813577105,-0.440273821457096,-0.7413636532610435,1.046643504323866,1.1851155197689198,-0.8911847086192721,-0.11842593557780313,-0.505695903428716,1.634805486883702,-0.5262495674142403,1.6312927194604383,1.5011222010279213,0.8241198760877957,-0.3922306620274676,-0.9373472935560746,0.8282276789081404,0.6124977603259194,-0.10359822277033733,0.5506539865811615,0.011657198485395467,-0.08634155374912501,1.5069890499099747,-1.1444750766930916,0.3573269865715471,-0.25581863858322956,-0.3478542020629275,-0.24474892647504484,0.8461061178145451,1
1.1793662295555876,-0.8003020689566156,1.201634151871123,0.1707012764780679,-0.031370083395006305,1.0792202537205056,-0.7890650461725353,0.21843518574129217,0.41621151577179,1.551055919680474,-0.30356228072517294,-1.2908398422795513,1.3400280196033199,1.1453082418419043,0.2474829469499177,1.2733555338022027,-0.4096058825862157,-0.7306751168413849,-1.2114325849071077,-0.29963572567852625,-1.0407695971976993,0.6224574340129236,0.31047485803082037,-0.17126035137654716,0.13740030502930414,0.8537570358836651,0.7238486276123339,1.2804839097605136,-0.5820716437109803,-0.14180372613303668,-0.6109404795419312,-0.6296665160412332,-0.13045200311814317,0.7215461626137514,-0.43967890357169165,0.740812710787536,0.6867121129150643,0.8132784109341495,-0.20975754758794862,1.0491446706863423,-0.33067014437725173,0.23489200879889754,1
1.6661971247370784,-0.0433140755458162,1.4614127546997318,-1.0853651400136537,0.3416426342766184,0.6107033600809629,0.6558515614181372,0.3753792186029081,1.4894262792646258,0.4884148016509253,-1.4362158949342394,0.5030645857937648,0.30319475408685675,-0.5307655289062997,-1.6183569901433532,1.1318577374936574,-1.0563665687621524,-1.5497731626387143,-1.1788658894262123,1.0624455496979865,-1.079895716862233,-1.4139590540102263,-1.6187473660988387,2.2455378187196944,1.0492630906133948,-0.27555026648690334,-1.514545092532993,0.10222799726251797,-0.8403837086329927,1.4803817892533653,1.4782104485338217,2.5948885469411063,0.8133437770707295,1.62056621876128,-0.10903650780805882,0.008769627445507217,0.03827634440505699,1.6145975981282181,0.12549379685669332,0.9243567262948261,0.3263275709885388,1.2821682239794427,1
0.362729590991293,-1.2919532174123978,-0.05005604688258037,-2.0636405504417765,1.7797413008431353,-1.0078149630876116,-0.7332136762956579,0.36712954070257076,-0.04356871545106988,0.07188437468434135,2.560731444285807,0.8308872683435226,0.4722650140646641,1.4072610527135438,0.5772082361259241,-0.9502211350935715,0.10135622987251598,0.7798468627844277,-0.6391380372882873,1.143958608483993,-0.31625707206630743,0.36776634923280177,0.682413518412152,-0.534617117026915,-0.5826593123470819,-0.6675798605280985,1.552307497023101,-0.6755566954774773,0.048629891164000544,1.2773824258753659,1.1202162546860612,0.1066931015647169,1.8886744125497448,-0.4610753437821583,-1.217461834091143,-0.6828803548713255,0.15218538770430048,-0.9080800107469923,0.08212530572053493,-1.8880688207355723,-0.7884188600895655,-0.20112763155081406,1
-0.0030223366771166176,2.042046535017472,0.37093534271450307,-1.9619198161085651,1.9732973992852747,1.013543784045099,-0.11826917342856146,1.4220482106962105,1.2044768335852736,-1.7103317762183072,-1.1984089084139626,1.6366995287716775,-1.4600408160883664,0.2622921126435258,-0.38737423335659715,0.14187891574186293,1.936966479753232,1.3949619320583866,1.0606985227273975,0.7105028794424078,0.8376992004178044,0.17027194827238515,2.0002154887173127,1.4392842892083364,-2.3815600846225133,-0.4865098293094239,-2.275442855154672,0.24942483787339645,2.1284520741081607,-0.8557010169677308,1.3911583679194044,0.0038434088645465533,0.5688933798356356,0.9880364688457435,-0.38849303732016016,1.553012680896209,-0.46701767595452315,-0.03950570138742233,-1.2889512902458973,-0.18145566740217337,-0.7876823103365775,-0.9510622704461638,1
1.0713684696529215,-0.5349151368253326,-0.7243560700777734,-0.08186769129440348,-0.5215136772000046,-0.006156338685635407,-0.6773442121848592,-0.280717864674263,-2.0522539989848134,0.7135131481783117,0.9448405012936453,0.7011599137341511,0.2633428512177937,-0.14308437041960514,-1.2101664978679139,-1.6954578659110318,1.1375976705427804,1.1881584191020123,0.20035005942104223,-1.8517104735855967,0.611083076265599,1.8381090616019349,0.6802029119103147,1.1364395207466356,1.2322948002430174,-0.1999031835561039,-0.6037992153985126,-1.1246184512417985,0.38270919369995415,-0.19870075447328558,-0.2009997248405741,-1.7425858768809346,0.32903598116799776,-2.1475103860575846,-1.0596912351104906,-0.8150376925455552,0.7118412177464591,-0.46440053822899363,-1.5435939047502834,0.3690931205329939,-0.6073602441578486,-0.44225194326402145,1
-1.536036765407319,1.3207225414859813,-0.9044769425785737,1.624613144001121,-0.71558521662239,-0.24432192977468586,0.3616440108423218,-0.4650214566147378,-0.26033120530352216,-0.948374809753563,-0.9585263140839224,-0.37322426286238963,0.5672079215725699,-0.33704282796408036,1.3510024092609163,0.4988596799177968,-1.1908268688767216,0.1361575255484523,0.18268445536335867,0.4892856283027766,-0.9332647404143276,2.234746763230561,0.419547010135459,-0.4165512475139655,-0.21966159179027586,0.8381343418737129,-0.08648716409466695,1.0055292059014582,0.07791673809101861,0.5668136908974429,-1.540392689987813,-1.8408787501069324,0.2877575811901976,0.6768457462895078,-1.2042868840963377,-0.379212679469092,0.3213783793545235,0.3804640847478763,-1.2776374797793346,-1.7943362998389765,-1.0290240025454156,-0.6141680109072669,1
-1.0046361629976601,-1.1102603926034715,0.28587772782875753,-0.33983894792236335,-2.3217567255791915,0.1406932111898032,-2.4437658265504703,2.2570189497260453,0.10001829615195693,-1.3134394592000145,-0.42681611951936216,-0.10608963045264791,0.8683079257056656,0.5799426380358498,-0.05668062515614477,0.8789119481901835,0.18727717097607197,0.3620631928375554,-1.0137013899965024,-0.5250966567461988,-0.4178108780532912,-0.7391445043302706,-0.16743454286471954,-0.7499682610354496,-0.622346347331345,1.2688178207771776,1.4723229454297244,1.2372065850987735,0.20372685024408854,-0.6579404445390088,-0.3569614413230641,-1.2009860912480996,-0.3072814807989215,-0.07612032337707747,-0.2502953837798405,1.2013136775423734,0.4128261206322696,0.8690029790147514,-0.2033991055247246,-1.1742414708119588,0.08010494352284392,0.6044205138036279,1
0.28466967161999607,-0.750962448065004,-1.4266048039360322,1.5676076369751004,-1.6825277304580986,-0.15792532706287205,1.117083601808267,-0.9176034559318098,-1.3978836729040849,1.3861966632568745,0.872619632754796,-1.5423459095391145,-0.08695656383471577,-0.5876895673222686,-1.0855527022373428,-1.0859586378640458,0.410337188811956,-0.41264225045414243,1.059268241549743,-0.08915271869097281,-0.07871933337994859,3.248805434782125,0.8666723057044974,1.2077453320139147,1.459577865060673,-0.4748205894597404,-1.8750154629788325,-1.1121560233138224,0.7414096841371905,0.10127900554400782,0.5666953108912485,0.209611790262503,-1.3063360890882487,-0.7745414322503873,1.4388846421218433,0.5407577231673737,0.4444433315199034,-1.0134017238930275,-0.44190124776403683,0.4522793608121838,-0.7819878611701849,0.1495577146090824,1
1.1947308681525781,-1.1306333734771772,-2.084617395081514,0.2007751266184177,-0.9977673860738163,-1.2327886768003864,-0.2885133063703379,-1.671622824740169,-0.7824574434801761,-0.5570179337830421,0.1554110108600298,-0.5056663238486827,0.411436729738655,-0.6953851823893437,-0.09196472970161701,0.3570127756633338,1.742776298352738,2.2499167640206674,0.7821050754977968,-0.8117185237321031,-0.7787657164681913,-0.061276268574667024,-0.1246139008729757,1.6790595688965249,0.18399984806428232,-1.3244928883862093,-1.4187276468780938,-0.3000140892366556,-0.5145187026650307,-0.5453434340945394,-2.949507873539427,-1.3051236556597363,-1.005356708668885,-1.6398858611554592,0.3545789708740309,-0.6339113865393847,1.6875136840417861,0.19056114279414146,-1.3674443585882168,0.9473967603667734,-0.9433947079137922,0.18323667297669674,1
1.2787444386261717,1.483492222679108,-1.1305744212604842,1.0943583668285777,1.2528202699983122,-1.01099207944059,-0.43412575029905126,0.7770854620199487,0.8339659231987507,-0.5489905150786895,-0.5518543521617344,0.445378365710635,-1.9037098203926721,0.5990525045963361,1.0761015283381152,-1.9964344985618576,-0.5401761235695168,-0.2403800881133499,1.0566731024852938,1.2264898227066703,0.4319340331694822,-0.12495801147517298,-0.05939005427122423,-0.6003838611848522,1.604173968019689,-1.1853561160038448,0.8765460118999525,-0.1141947799564011,0.5808086040850076,-0.7379850463543907,0.44289538189283484,0.9892298715195762,1.1877396879067563,-0.0711476763132057,-1.1373823132635432,1.0414344709167738,-0.022480415790352117,-0.9493195489237066,0.6810291163545552,-2.1764251648719846,0.1486701331458922,0.6738638631805645,1
0.3827055240165834,0.2270022745436803,0.6376560446062998,-0.690605647854521,-1.2049462044252734,-0.9149494280216285,-3.3193131906428754,-1.2710789613330957,-0.5037490705645095,0.12165428557920013,0.6523158322153906,0.25627749979633613,0.03459744996070803,-0.9734046709496731,-1.5080860144020534,0.9614179381420073,-1.3687195351871784,-0.2601599833061066,0.6027213787093801,-1.2170639405855792,-0.6642956457330871,-1.2169114046989609,1.8538152456402637,-0.14794418362516362,-1.016258712628384,-0.45459816600104747,0.6598145352209451,1.003060852214781,-0.9515831141720681,0.9306581103872298,-1.4668257770413788,-1.2535791432582262,-0.6624696714896788,0.1862010155264108,-0.678685877257815,1.8035398593174068,0.2649416884697363,0.47328774375285787,-0.28677457844747495,0.13604967617284544,0.3536002456100061,-0.9802642934339969,0
0.06218603451994749,-0.37395904852309186,0.09610296547737313,-0.1075325552096782,0.5273416593936611,-0.276233010956264,-0.3457651302868544,1.3855536522792966,-0.5410194906668229,-1.0378246561076216,-0.2157138938605585,0.7608754186326198,-0.47208857562573026,-0.11412282313228965,-0.7415439690783318,-1.0128193060384818,0.6415814828274486,0.8989624492928098,0.38218371008239527,0.5895926612321323,0.5744689988693307,0.6640899608202429,0.7141607319804849,1.0195005696088317,-0.06951764847368716,-0.8614404843495597,0.5335123961885542,-0.877937435616784,-0.8636297263014798,-1.8939467918895572,0.17826623905964867,-0.4553183286970699,0.29195439740305373,-0.145464583061039,-0.6695438096755092,1.0396588871836197,1.3998354281235585,0.3900129891660454,-0.2027566817631169,-0.48313213329674715,-0.9063904294654768,-1.0342201695575897,1
-1.116416994797275,0.26113295590556274,-0.912453175251448,-1.4631414677847596,1.075172382816854,-0.016670539162144307,1.000302484175424,-0.5725014122495495,0.8969064466726712,0.38430256418132824,2.318388527377629,1.327967347864271,-0.08977678668387636,0.9890680586422275,1.416953414088598,-0.3306042187758264,1.4425378923127938,-0.033756590464720494,1.5741152286025062,0.10296089665192405,0.973834436024025,-1.7994541368399384,-0.9229092942943397,-1.567638815157229,-0.32981070343564856,-1.4033602833820822,-0.6523842124272617,-0.06010026471921782,1.3187314407886208,0.6086778342358827,0.043474175845465805,1.3342043023761594,0.750702082472776,-0.7656010406262672,-1.085350841787235,0.5829766685057917,-0.6906847501876602,-1.2367770511719611,-0.7380995470143942,0.9161804588324705,-0.9538524364099438,1.7347288049152925,1
-1.2940347515791688,1.4235374979235271,0.37007878997497506,0.9203276435112163,-1.5679608841525972,-0.7856687289946565,0.20001120722405274,0.8413545707855182,-1.091682433135707,-1.2347916341374545,-0.17465195223752722,-2.292602938610872,1.2853114539570993,0.23594223526231586,0.1562551897289877,1.2688989064139875,0.2835068687514903,-0.8277123989401332,0.12983505972749437,0.35505567992134696,-1.001645974560325,-0.23002350951424422,-1.8706221495777224,-0.12839260303091465,-0.35666038469434314,0.3576913474278787,0.4267544614058412,1.883629792539257,-1.2684174883738828,1.0766633138033335,-1.1531321383050421,-1.3403961803226094,0.7958708009304484,0.12115942749887514,-0.7034998471139363,-0.8045398774136086,0.35949770362189154,1.550972319219078,-0.5371172468817914,0.2714367320268418,-0.2891480419676844,-1.561315926915754,0
0.3078709794585247,1.818329306752227,1.5725583276824282,1.1374766197668198,-2.5762065709542257,0.29287350560109715,-0.010639593976538237,-0.4394533246999637,0.6601164066313675,1.0273507710476453,0.7466896587652851,-0.507585652330576,2.489341215239594,1.0603385745349865,3.1147333151170864,0.6321326111856094,-1.8505286198220103,-1.5312679510077822,-0.5824149471846183,-0.41625460494481165,-0.7850781478075338,0.9364627149312726,0.41413462687673885,-0.5213497041390331,-1.0560530802598505,0.24181496774700706,1.8768104813216098,1.3333331151944496,-1.1320006832945952,0.11308825344320761,-2.368211983806268,-2.566809549520078,0.25504462451456994,1.0184844080983886,-1.9951162528327493,0.3727294041235885,2.182627715303442,0.4180875881242998,0.9655330542349798,0.4242713046590821,-0.4189281500354146,-0.35275404436945906,1
1.538045023700066,-0.5945330100011299,-1.0259244574721362,0.5840661779704045,-1.1443283903309192,-0.15247914547908495,-0.06343385447035835,1.757321573755146,-0.46468035078713305,0.00907090492768028,0.501666104105117,0.9382715333734024,-0.8491664507619994,0.24661259802905602,-0.014596368107909971,-0.5800249602567111,0.14895080774330854,-0.14431874350611149,0.5830645441451496,-0.4511637558932503,0.9456833887941318,1.4946556520018526,-0.14989585145310558,0.09130192736364776,-0.37737941719059725,-0.15391575833372773,0.16810178647752766,0.4004133456960667,1.357799623642887,-0.06368249692511573,1.063074118605407,-0.14377146134969204,0.4623004543932768,-1.1033600332868996,-0.5070777883597527,-0.5024350004468442,-0.6954722249911801,0.2865505396229164,0.08423409529978212,-0.9571544914582097,0.9574142474758757,-1.2235891569325008,1
0.87498658508512,0.44909982762518647,-1.2678147238068704,-0.37855374258977653,0.2230058302030517,-0.611599172911268,-0.6708873835285083,1.0520294853847925,-1.1433208694306276,-0.10720412443824642,0.14133427308655563,0.6374023657634035,-0.25919607118386984,-2.210143516069874,0.7250974721463128,0.1751849141575134,0.15968259646188984,2.155301765109867,0.26191914483910134,-1.6137586780938569,0.6789783875580353,1.399632276700295,-0.2750193017911587,1.4482430661545944,-1.0727599915960702,-1.2278831165622126,-1.9387904580068882,0.45173233473880886,0.7374260572457765,0.04733121608767037,-1.7158278520767336,-2.2807524785492226,0.3481557155517671,-1.0839069065509876,-0.4560640501119866,0.3815597488925319,0.8873144526588943,0.2589311450779258,-1.9437422448274944,1.083972770145126,-1.1003780261433687,-0.5490789763770114,1
0.3362316510808231,-1.5866086683302287,0.019317898330634783,-0.2450534425279364,0.6761194227185239,0.968049829561482,-0.029848798631964008,-0.2744914323683253,0.8650269403476329,0.3117093743000034,-0.9153422325043163,-0.4557601792891535,0.513274802099679,-0.14723978326570375,0.5911395810716943,1.2752956356116647,-0.6037997735758163,-0.027806048708359874,-1.2377745888340552,-0.09665934383409319,-0.9170722215454512,-0.9578194279728843,-1.3390473168223425,-0.340206912200154,0.455515113339455,0.25531190697090855,-0.3434071476960022,-0.36020719559296854,-0.9494836314012485,-0.5049238638854249,0.6784231146006595,0.15041754418751072,2.7089124278067227,1.028606227372267,0.04863256027281566,0.22825808142719858,1.5395958814344086,0.2782270865517216,1.0291244658895728,-0.6936603968224976,1.2484961221890216,-1.1013502853122281,1
-1.3905376360113837,0.05973001474907325,-1.4294344474773197,1.3413938201274787,-1.2101911225421569,-0.5636173732930718,-0.11454612070813922,0.3470536146488514,-1.9630503506116983,-0.6075829589550034,0.5459629796491895,0.2226392061764086,-1.4827465375306201,-0.5763882857041103,-0.5456863864043096,-0.5561165168528726,0.2889475951455728,1.1487653236824031,1.054295811640837,0.19488847416210775,0.9101544253175219,-0.5573966047404415,-2.083376357013489,0.8047389942240041,0.8825301874863282,-1.781990387166448,0.04359599165109327,-1.8487795215312137,0.3586969425824116,0.09462431309486591,-0.46437447914393265,0.10561127391287393,0.2915889174917786,-1.059347613820595,0.731728622311546,-0.7928880627959566,-0.01751501717393261,-0.5225099224720043,0.5386902972413812,1.0724458103680379,0.4550048750439156,-0.7587311870766216,1
-0.7509448217585709,-0.4374841550714574,-1.0685227285699808,0.3316928814587099,1.1242922589540711,-0.6664842265899676,1.5706150635393135,0.23883777649590193,0.19773617012303,-0.037349410982904084,-0.09758619464905831,0.10994443696153353,-0.6263680093430449,-0.022749779573037292,0.7660064869943627,-0.20291906142015453,0.857855361840405,1.934327165035246,0.7881838514961416,-1.0946006612821075,1.424524831123774,0.6440873004248082,-1.1064601596095145,-0.7264687545519191,-1.5001480276431256,-0.15089701741070108,-0.22611282778781572,0.18671360750319044,0.6389999003342248,-1.1167946428173412,-0.9186926295619403,-0.323178129627099,-0.7361778087335185,-0.7626877049312297,1.8604648648050752,-0.5783526435840842,0.25463002934687295,-0.31710712633442045,0.4739901126411848,-0.2477188631368253,1.0611301271490838,0.09867649827192346,1
0.10832956486393788,0.7125251678941861,0.4974037769026132,-0.03239597364714761,-0.7119009139542591,1.8634349765003997,-0.33180131793449763,-0.9013496575983205,1.5435628848293386,0.8287707311748671,-0.35781778471102776,-0.5666020894282034,1.0028475768528418,1.4029537951191664,0.03314408439492789,1.4069405046043615,-1.397065905642905,0.15083201157997755,-0.18152259691327302,-0.2380312464821114,-0.6756945251735974,0.1018092228962438,-0.968114971090035,0.3608137438651866,0.2874588284767791,1.4915391193753524,-1.6120986655537317,-0.35608360341802975,-1.191618636739767,-0.7715018580263564,-0.21183836076930807,-0.39728051467781095,0.06715464459320891,0.6662109765793267,-0.01320129557273896,-0.021809982975562674,-0.12394784058120242,1.0672613958890471,-0.3441902392407769,0.39276803743003663,-1.9644256962174624,1.571363892259598,1
0.7917437206792383,0.5434939460558856,0.26070853720839,-0.6138621855326003,1.4787437508908814,-0.5937753598196002,0.6382483834248566,-1.096922467862841,2.1937134428496328,-0.2337168037174023,-0.9588872355516103,-0.23575923177291702,-0.11448866884038643,-1.0785736191286086,1.469296996773713,-0.10102415215365323,-1.566334334237918,-0.4922109855543146,0.8716913914605644,0.5089188335898819,-0.2989684644577513,1.1553008874821755,-0.350586425222091,0.010879201536080305,0.4747638170409985,0.7330735580968724,-1.8986791672700811,1.0906948786906878,0.42813940168606707,-0.7238151955605144,-0.09548949378628996,-0.6491878319258052,0.09125188253887664,0.8817614005113141,-0.704223364831065,0.7634317072559902,0.04668357156808701,0.08753860725129291,0.29531933491492784,0.1263449927773382,-0.25191380492497123,-1.1419090134033592,1
0.4965709261239453,-1.1135765714063222,-0.6157506978247965,-1.4039870325621937,0.19521979169448933,0.02959582331647466,-1.0508156672113937,0.02664259299500313,-0.31065398866024846,0.13862194331507935,1.3976912078496055,0.590369203137122,0.12013057030458564,-1.3234923910935976,1.7772390537398401,-1.0266105780077512,0.8343746842745935,0.7852025091294561,-0.08320784619253012,-0.8057303668734722,0.9084937768919411,0.3059606388100396,-0.5511094624746491,0.5494661745786678,-0.9809140888498793,-0.8285733397616816,-1.593250441455053,-0.40932397889522515,0.46894405068668127,-0.006950197071995725,-0.3365418072361057,-1.356354366217856,0.9266093801736415,-1.302296536738056,-0.4719239241631306,-1.0095333865081542,0.8968078175489376,0.04819242522952953,-1.8388974307137473,0.5009283298816046,-0.9012805371748175,-0.46423291858340304,1
-0.6491493797105701,-0.5098582755874621,-0.11273230134316767,-1.4041487699077093,0.6774526762010461,1.1693962083720453,0.7970727245250487,3.122052311686103,-1.1472693625578838,0.01762415692678913,0.6113556712485696,1.5425071024122277,-0.051004925500151115,0.0848381312646363,0.006486359894435964,-0.5940706431705235,0.6237714535037295,0.38337855001282434,-0.9556445085592948,1.4629855268158611,0.4699690311354002,0.8617834651603562,-1.4919367773530665,1.102694656056301,-0.965113436389213,-0.6397076516556349,-1.8624035696243293,0.10998398264415879,-0.5669766874140169,0.5541265300198371,2.9859598045026563,1.5204888308141373,-0.32060346299246384,0.08125856240821343,0.5742746558791519,-0.12199086421014625,-2.0339962512860374,-0.8256773874169613,-1.1067900641214325,0.8324636844850503,-0.7882482110303026,-0.6638259137322365,1
-0.015993450265177594,-1.1167352947649287,0.031851498921974565,0.007869782154821918,0.4543289357657636,1.4879288839051705,0.7616390345378813,-0.6195366108118789,0.7521562123227257,1.0274572083417208,-1.3465790895167233,-0.9425551352247492,-0.4308496080399262,0.8229544218004549,-1.8197609096445833,-0.23609743357057886,-1.1763504950001225,0.06003638154961479,0.0047565764229049266,-0.03608024385469181,-0.497859398323846,-0.7815598183896164,-0.2938759751224129,1.1573314144701767,0.39734873918554664,0.21341711232366822,-0.4825455044589048,-0.09654039747861697,-0.3435840942625584,1.0724300001801108,1.1204986846736262,1.0972795658078596,1.0615504319573654,-0.32932924508588884,2.0958043242947273,-1.3441027585440408,0.13716762613516936,1.010356287876548,0.04403102145765726,-0.47725605268006815,0.010429470553250926,-1.197952786716132,1
-0.5972147434742369,1.0061117765560252,0.06448205872176964,0.2297046616824124,-0.30935378418397114,0.4951885623699744,-0.7586488651134285,2.1566343693787866,0.11141096341840784,-1.0353816960641669,0.31274034492909814,-0.6067602642015856,1.0194975685210899,-0.32973413026762577,0.8957140265394322,1.0188888700624508,0.10659833737044166,-0.5222014593211523,0.010868562975804802,1.4968161109204066,0.7389780778440111,-0.6342466983240534,0.7398456973221644,-1.1049843208081238,-0.14770595924076513,0.6486162472096285,-0.9442104395787113,1.7549343344794373,-2.0309775626805275,0.37149330879279246,1.1100189722865497,-0.3530233086131924,-1.5562047791140303,0.20389612019691694,-0.5657318547055311,-0.4872931209720089,0.14199660748744297,-0.19435740827725337,1.9097471392879741,-1.2106874958818692,-1.025470297576301,-0.48266713552632634,1
-0.22722697586494994,-1.0680915747658717,0.321605557726561,-2.460310014706494,0.3334390721160292,0.3433902098394272,-0.35507005428450894,-0.6978673560268949,0.9661239215141061,0.16232818870393453,1.368793239957208,1.6309775901658012,0.6186879672673172,0.666347494138449,-0.38592957399202893,-0.6683634430228078,-0.05145606341953751,-0.1132188433181459,-0.029807552687444058,0.3032865210172745,1.1430978677494548,0.02553337170791784,-0.8225836581801755,-0.6403996286857067,-1.4018565913812107,0.3869613937369907,0.4983088533415639,0.0010924779156229985,0.7220581046526979,1.2235203357881852,1.2846700415514885,-0.5432059760037051,-0.5251766148019784,-0.8319275877264435,-1.423742667364266,-0.36752501822278133,-0.27845622401947545,-0.7567343708942823,0.10686446918381502,-0.9561500581929993,-2.0917903484460885,-0.598636499441802,1
-1.0427486768554313,-0.7046482891306177,-1.0506465909869755,-0.19413615405158266,0.2033641198702054,0.07945567545594803,0.9615301685237742,0.9288745879050404,-0.4511038335111907,0.2000949352848567,1.9308310655449041,-0.24546486713416005,-0.06415536665485692,0.598197184585039,1.3141221484309318,-2.0255017138373272,0.35673721332806696,0.40452465242070434,0.6150775473215108,0.4842772493519286,-0.012370807405322391,-0.12285119501704642,1.5270047622832625,-0.9665841995602684,0.8128969075370893,-0.3733378607740797,0.6991419780768398,-0.8629161681041857,-0.2675768089870904,-0.947343391574086,0.486830916469789,1.2843063474100656,-0.6233803213505682,-0.929858819106244,0.9803920412133262,0.3943442791976429,-0.345588609393813,-0.6025515044951243,0.09943834352614671,-0.3442235274698013,0.12328077423930162,1.1957612918427403,1
-0.7638166188520875,-0.33801992593033964,0.7469913533752455,0.2738230954534525,1.5277046041140834,0.2365268824330729,0.9027239584844645,-0.31299403356282934,-0.6390008950187005,2.0874730008855487,-0.22023425901901025,-0.5948284535729433,0.6896212461403108,-0.5751335853424646,0.9350020944925382,0.19391615708942794,-1.3465758520718276,-0.9900100955625106,-0.7991129327676669,-2.0542285239394986,-0.8610955964697683,-0.06859203363388569,1.0829423275598722,-0.9167651409058032,1.902439969628495,0.25243411533326815,1.698213747230481,0.6311365303966671,-1.1036796665320934,1.0084287306797468,-1.044529103162495,0.70412432363575,-0.4307379532229761,0.109280269500319,0.904073115145165,0.5722211358531064,-0.18961337759264207,1.0384023946350667,-0.5089420873709074,0.8885751730057247,0.09645436177643474,0.40311200273275094,1
0.5696703881991652,-0.7160158157806062,1.3713733524644987,0.5033617088875267,-0.8160931446843721,1.1820675453074518,-0.5907884781310727,-0.9017173286088024,0.8262043553822437,2.167224207818412,0.3599676837480323,0.4259757955562989,0.34570989481705183,-0.18392295616890827,-0.30208385601552135,1.3215458258205317,-0.5347562198112277,-1.182961551359595,-1.4812910562187627,1.1189475756737528,0.29125974112921527,-0.4677272696816909,-1.0439178232778208,0.7601904412620941,-2.2861476975009265,-0.9014254303679325,0.06464227982491869,1.0524417230382865,-0.9341574934675094,1.3120440900341048,0.25956874689294435,1.1128042645015874,-0.15765497145344168,1.3358603191134497,1.0410381178060941,0.5653163318197032,1.1646666855738945,1.1292978481946063,-0.36888091066879436,-0.3879571050441209,-0.22015215633926646,0.1701513554887489,1
-0.3744478487971307,-0.9181845404872255,-0.7593369875028185,0.4967174257769599,-0.23987408687518375,0.05507233778090731,-0.4605432660364831,-0.030322349504119446,-1.0876553189643243,0.3054626924906433,1.5670383588020422,0.019599375701444398,-1.7187949753328933,-0.48497032585109534,-0.5831536096556649,-1.7493531076103126,0.9083302915978246,0.5093272272871137,1.3238971534333897,-0.4167698800831303,1.6833738877861042,0.9684119502852389,-0.28015003369617675,0.5980144727159475,0.017795024646318918,-0.6313103987299075,-0.27013523387410304,-2.0986269255613865,1.8690169777552097,-0.9335422035749513,0.5594674761897462,-0.5157024118881277,0.8576808097482443,-1.378424751654781,0.5501839539114006,-0.2788971331889946,0.9124785866823698,0.2255180889026005,-0.5149707917149177,0.5387039126688178,0.15597229167999946,-1.3021224294996832,1
-1.1408703567733904,-1.3220722627281964,-0.595087519898638,-0.3255958763717431,-0.9004943621633029,-0.5097923760253172,-1.547387703132806,1.1315180581220246,-0.24862324629871876,-2.114808594043644,0.8838506348737534,1.1872361082778875,-0.4265520565378528,0.5185827392791245,0.7002023050929539,-0.7208094837832562,1.240375287913253,0.5096700986700726,0.6827062498307023,0.5636447730462234,0.007109233711887892,-1.007043485060392,-0.03431878892844014,0.5054007834912648,-0.4305329794506985,-1.0915836415310363,0.8726934637354234,-2.0459722164233534,-0.31218319669713646,-1.9607881449853908,0.05414780423080604,-0.315293263496191,0.5382761844663649,-0.44888912846720874,0.622040741175712,-0.4281183068509819,1.3511120293409837,-0.6021100218180394,0.7886767252430549,-0.42462982599035676,-0.6569181636162882,-0.718513004135076,1
-0.1969900814696998,0.29655363097867493,1.7157199743760023,1.090001307766363,-0.05549438462198072,1.2857810443589224,-0.41909203632651926,-1.0233910538850113,0.6436383313269577,2.27108210695984,0.967002793312057,-1.1116975155179074,0.009268206114975648,-0.04893692257340699,0.5109448395065522,0.9951822867943216,-0.5783834760248039,-1.071064871575498,-0.6164230922190825,-0.09801752019991426,0.8133952192555434,-0.8742162223148966,-1.6510479685114094,-1.006060789134646,-2.052488495915589,-0.6511839944919852,-0.6822342487236603,1.0558327714599756,-1.2366967640883257,-0.5664046563919249,-0.09686249785327956,0.8478119017569183,-1.32915644896787,1.559123767995363,1.0285183873436672,1.4535181488296502,0.3631350254534653,0.7144648063245285,1.479795215489059,0.2559559551557743,0.649173324111664,-0.580507567449347,1
-0.07273288145434596,0.7800351900955352,0.28279600338289745,0.33235532440428894,-0.04308859058125168,2.7140628131329763,-1.565849110879745,0.14234878033058163,0.4178455293245291,1.2566268018510744,-1.4521777513731233,-0.7048948715742731,-0.46829781959431105,-0.2914825636562634,1.266717157594151,-0.40591530977602025,-1.9068762926681755,-0.6169035012589649,-0.9152919710197378,-0.44826769940831257,-0.8836262576960215,0.2187888965345792,1.0481342434087466,0.6601754112928133,0.9832427602798596,0.5939988170823095,-0.013052826965753087,-0.18214736009846566,-0.19949229521975365,0.6679162152185165,-0.023143375747400687,0.1473870672982323,-0.024968331814000495,0.8826144527660857,1.2274218574456683,-0.37458262373431167,0.22167530034681007,1.7280485541532875,-0.272327801167098,-0.4410000344755624,0.17422935882582713,0.5418153780342331,1
0.4009453430179068,1.999938527438425,0.44707861797665416,0.8309016692970431,-3.0342911902491405,-1.710760223840662,-1.8283056804485636,-1.06256126370575,-1.05619455066349,-1.4768941420571715,1.8666990011642586,0.5915201454782454,-0.6030125218488955,-2.4113338459198865,-1.7140597781867581,0.621693788622602,0.8902675882229998,-0.854142556749151,2.1878976156508445,0.9417023113400775,0.8041085174240029,-1.0453611081878993,0.7184475479006522,0.06732577110595879,-1.2902101757960114,-0.6993983305482709,1.1039838615717146,0.2387914497419378,-1.2843044172585163,0.985653697377998,0.39927221678485797,-0.20200473985099784,-0.2596479444783954,-0.6089615960015246,0.32075607723966476,1.664147014560726,-0.25261243816614565,0.5809805211986195,-0.22435137015563508,-2.476954681779813,-0.3485678022059155,-1.071906492438864,0
-0.7108482891082317,-0.09533458611224496,0.9586845466836633,0.7717525260829117,1.3557464746599268,0.8414065453149571,0.281585535644484,-1.0060263827707678,1.3150402125209306,1.5149713017784134,-0.8573393567137576,-0.7215368133802091,-0.8810675522262431,0.3448604023189879,-0.013081721149223801,-0.15056595007110277,-1.6537249208809564,0.5490884617499898,0.4911857535376155,0.6327543764207834,1.3009114089173923,-0.33225366388332583,0.7616552471538325,-0.8839629096435375,1.238677957455803,0.6136026941332892,-0.7003089087433405,1.0042328311974227,-0.4721685323580382,0.8657299900885773,0.7231967051440649,1.1124368226621901,-1.0420487250787418,0.21201835494157362,0.10301388689222539,0.6522982720294905,-1.3673689418697472,0.6565081988388239,0.41894232849222524,-1.103280784542837,-0.43596203156836466,-0.5395458743594812,1
2.1541699464335617,1.0247189813219644,1.3577428920246946,0.047503135031306015,0.7538740176410884,0.6017741794142718,-0.47098401162958725,-1.6050942568311775,0.952028987962169,1.0238179531592073,-0.8613282695495446,-0.7336821161121778,-0.7074999475268527,-0.21273795814943708,-9.920279278434157e-05,0.15104881865144437,-1.6355981596330693,-0.9682727978157014,-0.5130583498070755,1.1281525401029426,-0.7697906169499108,0.5315950285860481,-0.5854726848902074,0.8784204792173399,-1.1309503576656077,0.25509681403010376,-0.959495426553273,0.6144102352256681,-0.8476669939200956,-1.0177796596872006,-0.2631631256487555,0.5526661052346524,-1.9222591247329008,1.2879093055841866,0.67643229349594,0.43207878444088504,-2.3697254704883313,0.2582122643575468,-1.0919117471284812,1.8315651546417997,-0.8244157577141061,0.05801944120285057,1
-0.38417319934425975,0.10443034089322933,-0.7316993438174834,0.17070662191834024,-0.5157936880087916,0.09233504777054713,0.1228955463529215,0.5289057008013389,0.4804262729954,0.4622243785908898,1.2132189021916573,-0.14358448704266238,-1.8678245578827186,0.38177069359155186,0.1259587113019147,-1.038829716436477,0.5332721642712751,-0.2723034980309683,0.8601300574216078,1.5919187274926232,1.9142089981989858,-0.2126057271680706,0.27338592052056504,-0.3394107721308404,-0.2669627299015262,-1.5333003705821753,0.39487128499916263,-0.2641290124013123,2.1483451627788996,-0.7376621937521252,0.9236273819087084,0.9653408885925973,1.3443376468649049,-0.13534459429833867,-0.8109879578293558,2.058735128211047,0.8412959906942123,0.5310299323144336,0.006800841692250685,-0.1695134055528966,0.6201858464458824,-0.32661781845706084,1
-1.01273007686152,0.029247387362725766,-0.22724064320103005,-0.5928626658984644,0.16652783457402348,0.176645506807909,-0.5394839964550552,1.4636693707881168,0.24800557401301726,-1.3808180766421914,0.01792944829410642,1.6865619083276475,-0.1951283772475669,0.9145081877388881,-1.1723950243322196,-1.7932132332524875,-0.23859593865147166,1.1788066818908702,2.4625040947859587,-1.1017047525652999,-0.2231831860065379,-0.09387418049395822,-0.331849236553857,0.8362037024369866,-0.7822086276262529,-0.2768053067932802,-1.1028796401819037,-0.27125567443204013,-0.5354852175377237,0.2881027061785953,0.7043809026103164,0.23583848860906595,-0.37501154401969583,-0.9008831170277696,1.2240717264499756,-1.0845547471923676,-0.37382946879002493,-0.37919008668913196,0.039244003517741766,-2.0614358605573324,-0.45617651283988453,-0.3428548642544037,1
0.1285919288428313,-1.0507296690540777,-0.9021791760279074,-2.507687502034562,0.15983702119478843,1.5205941753859924,0.6922074243991115,-0.6591158174313926,-0.05206536914975533,-0.03645789730155601,-0.3926753631808239,0.4532371528916624,1.5395231090705943,0.9837295125506965,-0.5465329113546844,0.21245382688351905,0.49318096759323427,1.4174337195152584,0.4178021799591135,-0.14509443886940632,0.012089178964030625,1.017814221099866,-0.6287582969464898,-0.4609225272446123,0.7445478962505689,-0.5900678141576007,-0.956493839007076,0.35890394222599104,-0.9666796471505614,-0.6868483595890296,0.29687875309155587,-0.2245151285704523,-2.641934175598731,-0.6963597744465511,-1.4237912941156072,0.24009658967927097,-1.1575086304675715,-1.882892781894435,0.03648876098360065,-0.1494369620383226,-1.2115664971180025,0.3042324354763651,1
-0.9759461410528724,-0.06741661865282823,-0.5441359831060204,0.6796293582818352,-1.3378211233364041,-1.2954454738600085,-0.4048241832243105,0.4374374093691664,-1.684621894238313,-0.921061587652177,1.0101488422377554,0.10033104576205872,-0.31850034270582483,0.26352964142088714,0.33234760183692497,-1.8761573986649078,0.03281240792338422,-0.050145728816551084,1.0046261627951187,0.7935782446310587,0.09783829320497794,-0.625493260771979,-0.5975776731509075,0.04611713595614531,2.1406431527271885,-2.2585010728896773,1.2433456765348068,-1.5954593209887729,-0.7179685805727706,-0.896620226242848,-0.6659093515520788,0.4832793370226975,-0.24511100962560686,-0.6336572559675349,-1.2786837944275782,0.39542475430932705,0.43846540305863757,-1.6352150502719807,0.07380491513738278,0.3659874460150399,0.43139795237699446,0.4656568557009929,1
-1.2060732447139564,-0.2981657912527475,-0.8029571734313937,-0.818780069268654,0.15234887990183896,1.8761704576503615,-0.5212993483498425,-0.5595861386771434,-1.2147170140614043,0.31452741557039887,0.9497147046108705,0.5023168184238315,-1.0043776942519753,0.11342599868675737,-1.9287767934882691,-1.767644391545292,0.16817216079063496,0.8599945786074322,1.3000680239543403,-0.8776029145959756,0.9990679602991233,-0.7780851224818043,-0.2553196379827734,-0.33946687316341423,-0.9511408576839211,-0.8775651888014225,-1.4453580835205802,-0.7882710219363906,0.4818103123195338,0.29748677591278205,0.6384425665121413,0.4680654837028497,-0.7016646416931315,-1.13317388463545,-0.2077343088765767,-1.056636546581606,-1.319316870038372,-0.27492953654945723,-0.7506506033432756,-0.0033599144741961904,0.5865650771621609,-0.5875811501607051,1
-1.4354903175611096,1.613481521670727,1.2530596186521665,-0.30756943762990335,-0.27346196107157017,0.03541560046755601,1.5389186050554489,0.723877022430049,0.7329317800368106,-1.4597037473079861,-1.4659832234874148,-1.0724725969154505,-0.08049570973373622,0.7730707719609315,0.13876661580572913,-0.041796839807474964,0.1553784464962836,0.7707197164635996,0.870238251336375,0.2826187926987657,1.459661638718685,-0.3162928845084916,0.09313409590463431,-0.6198576471522124,-1.8366312848778734,1.284954834125519,0.6054207096461188,0.4948291583174887,-0.36541236508759,-0.23667749649885522,0.1461685742419409,-0.5085752403389885,-1.772725945964576,-0.08517138554113535,0.816413499643846,-0.4896218857550265,-2.0512766026080103,0.15289108003412977,0.6181315542274131,0.236387497114222,-0.8961076532819371,-0.28091289054966223,1
-1.4778560591118257,1.2120788207946862,-1.3409727307806187,-1.4834103830964196,0.8999295100768965,1.4153228625821168,0.8649222315358273,0.8004208526082854,-1.2945014164330866,0.02859627955083294,0.39964639181962314,2.111998203633438,-0.04627136625195274,1.981012920174438,-0.6061901389172879,0.10116707664686515,-0.19139751450997092,1.664343515641183,0.04157287109284001,0.09058731174115257,-0.02144278201980415,-1.6763749389847769,0.9514143069259702,0.5261310858352314,-1.1085519684676064,-1.8328762546198571,-1.1262484966311077,-0.08737364507450752,-1.155050022649511,0.02022692130378845,-0.42435681887232635,0.8119244186381473,-1.0085084583190163,-0.5418057816392475,-0.5416992747728598,-1.0219219269547046,-1.920942098207072,-1.4350404664658936,-1.6386475608196927,2.439207613545222,-1.0019128627914533,0.4410046192558098,1
-1.655074557037388,1.9298177778718018,-0.21283398975862217,0.19689221292456563,0.2699622042850488,0.058016704819674254,1.706462698159043,1.1869992053012597,-0.5155300309659657,-1.3156519773180495,-0.1347955331598243,-0.8779776393169707,0.9097301662384146,-0.2342298292852868,-0.4215924160379785,1.3658953286807012,-0.7565428669851532,-0.26353294742451405,-0.8085161790918466,1.1473776896762273,-0.6986659453281057,0.326756743318106,1.7828677987822166,-0.40138178042619216,-1.0582664060472557,0.611378100017566,-0.23136466298286074,0.800358784534741,-0.6368477847285178,0.22399366210887323,-0.044266281728278324,-0.05000117416831487,-0.6311418650131547,0.9540049811578843,-0.08411039189056498,-1.0620434169788742,-0.7455860830007665,0.24539169803131794,0.15919202323160675,-0.4977262674075776,-0.9837787974886671,0.5246240217728403,1
1.1923871738355438,0.12719859861467195,1.0001575926079833,-0.3157900193569496,0.8086021165032033,0.4124573491877442,1.420872871472707,0.9209923456396475,1.5851947327539682,-0.4936254941097903,-1.500810299561328,-0.07464051637247027,1.0129420169689347,-0.061221398637524085,-0.4756607048956757,2.010086086689074,-0.6549730023212224,-0.08566730351034366,-1.424112805013849,0.3274439979220807,-0.6727544143426833,0.13483662731408194,-0.6262065724462259,1.5726645994989488,-0.7007721285764807,0.35574391458397664,-1.8301163907274594,0.028906158791134614,0.12620373237574645,-0.755657042970467,0.5038821882436926,0.45862490424351593,1.1165570035607761,1.5655279766443493,0.32049034959977113,-1.2182809632627523,1.4422429541902515,0.12535519156969419,-0.6150499148601619,-0.7097724001240034,0.09587822258989354,1.457006317762455,1
-0.5442054368330987,0.5186538445711157,-1.1724722806696142,-0.16412420963538174,-1.3855074531278593,0.09720650351143283,2.6320644014107866,-0.34418693781157966,0.44719971558184174,0.040053833786309105,0.4504323002992728,0.3275654888569855,0.3545171242153516,0.7232223750285469,-0.39915554191026564,0.21668730445067863,0.59386198386035,-0.6423061366690448,1.456097107229415,0.6427004395585956,0.09655895540659606,0.00968047454357575,-0.9596981134884123,-0.38886541148341636,0.5879984011948183,-0.7668223057854927,-0.43504335270869365,0.14376413181785652,0.2993479302773302,0.5378288606817809,0.013705153049295635,1.988632613399781,-1.9893376793417747,-0.054233747641613386,-0.29747029471402514,0.5509962528399539,-1.3072629075956095,-0.1386623044644276,1.357160128221167,1.0384619465694236,0.05676121592446084,1.7948008189934768,1
1.2254656240696387,-0.1153724281800221,0.8774203022656927,0.4321356084552411,0.15411255847988242,1.40065246352515,0.7724485914363096,-0.2820357618481658,0.9545198091755482,0.4278139442543495,-1.8333187370542698,-0.08757075261593936,0.8113206942653783,0.841566221404077,0.010975326097486004,-0.24493691252820685,-0.8834695989058287,-1.5076967906020207,-0.8418499859961375,0.5721559598379012,-1.235349522979479,0.9875640199143029,0.925458030069061,1.0061009647820003,0.10898833749345127,1.2793751661705022,0.7250424368231025,-0.18151848180821917,-0.3932433393700818,1.7000248512464673,0.7085749319388899,0.20432398262279328,0.27741449613670693,0.8281248304011045,0.04448943755625993,-2.0483310668847805,0.4155118590215574,0.5847139154507277,0.4925542438668549,-0.7040789455570785,-0.6268616823795738,-0.08180885206186701,1
1.3040403249925432,0.6672858696152826,-0.7545814491029389,-0.7614058619224224,1.1138330492896578,-0.5121627213593439,-1.0082867607320405,-0.23226796451331966,-0.1222654889929232,-0.8416395241590063,-1.1880587711942159,1.7898671531985102,-2.3129821797517054,0.9720596688976603,-3.1105477469263785,-0.9551690802596702,-0.09857808240906103,1.5646179009482033,0.8020916479821555,1.424929161865383,0.20672823033512278,0.729194772312954,-0.0790942337344667,3.3333729402995487,-0.3533401071599583,-1.165768719338604,-0.588280960344124,-1.5937271040094854,0.2973109563691983,0.5369230148877358,0.9593480084997371,0.2801933639611832,0.09109750589927537,-0.44212331150685535,0.18159994965187853,-0.3660032234920237,-0.6099566983319429,0.20630228599969694,-0.6593095506401909,-0.014265609462483892,-2.332262433496628,-1.5444905029959335,1
1.0065897599979416,0.42935202169197667,0.704491250517289,-0.49832796301703697,0.4652933834248371,0.5852477627339034,1.302796590647873,1.2241419952917016,-1.0302517673497982,0.20732007014747628,-1.590962214626628,-1.4220157344678634,1.2443306758189718,-0.5753867163856816,-2.0599215144968355,0.6374663800296382,-0.5494906098297985,-0.7762692090441597,-1.340640394251106,0.515817834452958,-1.4474797137908055,-0.4813541347421843,-0.1927105216820313,1.4573449847563147,1.4760718281808167,-0.6015613628500581,0.9794578644136117,0.593784731964504,-2.281370672745595,1.9326896884933,0.7337457100264323,1.1752268846885927,0.9117854284353651,0.3720559586327014,0.897063425222359,-1.6986612596264499,0.456493009922402,1.0663407330066779,1.081520591287719,0.17544642635810373,1.0675607971271415,0.2321274137709713,1
-0.8118953417020052,0.3818873523859796,1.150988466078553,0.2594693009617153,0.5469382410702744,0.6028228165785959,0.8806038272667895,1.9764304481909598,-0.8736025444704782,-0.15142202361603466,-0.38710041535477957,-1.6048679600423088,1.4176182795840413,0.5084042177641755,0.8747456457972709,0.2633458639552807,0.4367642595069858,-0.5915321548820128,-1.2628590666921726,0.38178971450722937,-0.12569502069210808,0.8649274746723027,-0.6997312718137753,-1.041953880923699,-0.47578679384485123,0.48828925334527384,0.7204214543560499,1.087849213798065,-1.2097079629274976,-0.22534688796102895,0.6699173929692684,-0.9003982406347643,-0.6364996630277849,0.49411233061937854,-0.0593202026964591,-0.3622544597986826,-0.9612445222221223,-0.8647390412815422,2.270281033164516,1.1936525668367126,-1.0142322397656778,-1.4614014316398327,1
0.08784087577173888,-1.7703299156101118,0.3479779042129168,0.5793499461273024,1.0428174920966293,0.36848760088550403,0.5122450849838193,1.0616832783421355,-0.5622890688155595,-0.38194687726049376,-1.1231236741423025,-0.6561212338871578,0.4889777541634058,-1.0677539813262487,-0.002392665075455907,0.8642822511051965,0.6167866050529655,-0.9659981518012075,-2.056838586978978,1.6791164116994544,-0.4705797905123751,0.5729988159500257,-1.373066912320803,0.029412771770456956,1.4854494347792055,1.258620517120541,-0.1892288267799402,0.31652122727462806,-0.37477885674571904,-0.2354287315518823,1.2749301860455935,0.2884835263313784,0.2701633512343538,0.5640475348417964,-0.44858761815829945,-0.8485361706947021,-0.15220805775717097,0.21252120736352484,-0.16239330862670734,0.7972266790766455,-0.3444318029353868,-0.9433465350762335,1
1.1655704715713375,-1.762063295516195,-0.3098919831178197,-2.0563561351950663,0.9452052419532813,-1.0735994632303778,0.6931246780258609,-1.0526026090068183,0.29113539415862383,-1.00231974883465,0.2295073817212367,-0.43555998629462206,0.3728779674209274,-0.20360754503102416,-0.9776449802743947,0.5045995557684807,0.8006234691487035,1.2380111462922168,0.09032277512508453,0.24228330945200174,0.3148544263583727,1.18695291917649,-0.1284391794379725,0.25859870921557243,-0.5932086698148128,1.0103886326302864,-1.0102949187083423,-0.42212814745111776,0.11747901049423341,-0.9370271783218743,0.9761137207114583,-0.7249421379240809,-1.0149372131320193,-0.9671166039696721,0.46738840639859724,-1.327694729976821,-0.9428574689581073,-1.014832569698079,-0.5431494578811813,-0.4131460541040203,-0.5097614939118751,-1.1516835982365454,1
1.565962525856619,0.0832033277601635,0.9645784381952182,-0.817921987387511,-1.2578060714125505,1.046801189791455,-0.37386013973662063,0.33970122218862375,-0.033190899193381,-0.10993333205386327,-1.6161501291486173,0.0795255030809317,1.9574470999194908,0.5866524766451653,-0.6697696659553565,-0.7253932941929733,-0.6408570095680545,-1.3593224489674116,-0.4776509375566961,-1.2680218390279352,-0.8220379579369788,0.9980577415305424,-0.2507256952433437,0.7558587517944119,0.35800346431605096,1.5482816165380542,1.4194204333052713,-0.44335420944728243,-1.651701347868839,0.5517389748633459,0.24149043090505803,-1.798762842825615,0.09467202393259051,-0.23249707460108204,-0.7089601363653834,-1.516933880814404,1.4016205858850315,-0.11090749892917881,0.8685192885793067,0.2303972809781407,-0.2683852854783596,0.02762800665766284,1
0.04900348152178941,-0.8387518011789141,-0.6122564550558468,0.867024350403172,-0.774949217249666,-1.399302939254871,0.4489649295220308,-1.239944819825773,-0.529836803608995,0.5147745295424232,1.3494536329704927,0.5964918174716878,-0.8284496837260961,-1.39244030557338,0.26442551372717304,-1.3620385839011777,1.3128453025919777,0.13052917362672212,1.3729136248202383,-1.8170011076014927,2.0365036922158444,-1.38096206103697,-0.6730609469095575,-0.627906781362684,-0.1566758952282591,-1.4099421213206247,-0.3853230117398667,-0.11755922820301891,1.5503927761024252,1.6727964946879508,-0.8230937915438881,0.24250280585086031,-0.20956869504056458,-2.0197182507559828,-0.7223133329025365,-0.4129793450163559,0.37936672896762924,-0.22519078465893472,-0.5167912799145807,-0.6396077805189453,0.2826936236202195,-0.34537336277689706,1
-0.05425089605966879,0.8590036684447188,0.0747171185497445,0.5069444094463333,-0.9254654108546072,0.4554523317331138,-0.11909154174325078,0.1495281883256066,0.6164917470140807,-0.6284503760348166,-0.7662551839737309,-0.013712810567416125,0.5825604603124334,1.5493710816899673,0.5042442379240138,0.5967071400101827,-0.07855727193124086,-1.332133396072174,0.5117714399690012,0.12023041888960531,-0.030521773443783547,0.4064214455865941,0.10108287079594401,0.4491579508705794,-0.8238407623511048,0.7913917630094944,-1.0868024472958884,0.5540902207524937,-0.35290746592726707,-0.3534967091716105,-0.2282178070443453,-0.9306200383609974,-1.0501563825752425,0.41458567724832224,-0.985868409821606,-1.1560341860666667,0.9270881636205491,-0.08749313085831435,-1.031811813428331,0.16022162693745154,-1.2396537476805998,-0.6951826476573765,1
-1.732105403712999,-0.5258118679771919,0.2297267963159174,1.5231414585266734,0.4808266233327029,-2.4403188370925952,0.7540235450756244,-1.9922375548196056,-0.46662080648419774,0.307999907711791,-0.024820167202501648,0.08332520820909745,-0.17429528498873928,-1.5216770066243113,0.6395171832691448,-1.952645523735053,1.435886883590674,-0.1277380766924205,-0.6901257988962696,0.723552744155089,1.4609999336136432,-0.10538087259942648,-0.18378117761021748,-0.776912944489415,0.6545693390797778,-0.3544188923720339,0.6928469490896842,-1.5909605777142724,-0.5338097808012474,1.5068542922965698,-0.49623578564991233,0.477891177600235,-1.075657874156539,0.0771133438348725,0.7301194856551736,0.1518798451440297,1.1315108022145575,-2.047910933129682,1.9646841363079046,0.048151317964580366,-0.5812478446146767,1.8285385809821932,1
-0.5626387344059893,1.9154352471257514,0.8519176960003784,-1.3520730554110905,0.44821731250971475,-0.032261557710260166,1.197436445295854,1.9406497437406152,0.6854779421500724,-1.0827173002158859,-0.5404848619890317,-0.22852363546987078,-0.12009736041523075,0.6968851013891899,0.07686868336764874,0.348598043663918,-0.6696276178694122,0.026389782917109198,0.5653961532672146,-0.05524323898798263,0.8640264715572689,-2.1564530502062405,0.14056642501725444,0.641531473922861,-0.6214577533449985,0.10603121378028037,0.029343288669234465,0.17546911267506837,-0.4463837055229394,-0.019949997179766043,1.1098993352879947,0.30848954093602066,-0.18292990832854814,0.02591246341819064,0.888004212226986,-0.37537959997595066,0.7292944853195801,-0.17747706509662012,0.4838943197031534,0.1637996651886495,0.534452871129742,-1.0466655738960682,1
0.1468844682603033,0.6086305901574546,0.6917004941108265,0.1609016577374408,0.681527619202526,0.46175578408283446,0.02339187624136299,0.05903262260941896,0.9258172744247282,-0.19024634879589183,-1.5047345679342383,-0.4181990056229788,0.12239142073815014,-0.5457522752590178,0.06861693078668882,-0.007445067689244778,-0.7840923229109524,-1.504459891348513,0.3269944352542417,0.17425094744924638,-0.8298889825318051,1.293717080574769,0.16917814809155537,0.4519959571466319,-0.29445869842197353,1.1179054800173227,-0.5043276832179866,1.3361028985979164,0.6460209491515712,0.1714741201290666,-0.46758711654725416,-0.5315923957170869,-0.9183662496242896,0.8265609243648661,0.14823289901018163,-0.2934419553270867,-0.30726373938494067,0.9112624407039203,-0.7658869190879252,0.9177398219155425,-0.8757984632225612,-0.16583099319207623,1
0.1546994266703327,1.8662748550752268,1.1358750491140008,1.5916045843807733,-2.59602205560393,-0.6780212026599969,-2.0707239799500634,-1.390831487015801,-1.1247958073637212,-1.0012247582839104,-0.07244490269196942,0.602223784120163,-0.2981774490502398,-2.743387850872787,-0.9697476124989972,0.8176205505168127,-0.12499847151288425,0.4082736838062655,0.5293208505866898,1.6573905108514324,0.8494876387410364,-0.8649385058517398,0.8559628911173149,0.5163056624046499,-0.505781333103302,-0.11715123261041022,-0.5682297797032978,0.7363626544820884,-1.6862204069513453,0.731031920949819,-0.5266870129004987,-1.1828887196242157,-0.6511609736905758,0.18053265730820994,-0.814720727200224,0.721801377481733,-0.9490288603225419,-0.0254416338491661,-0.26702916088853185,-0.1569624689290367,0.38396444896856763,-0.9868440860274539,0
-0.07339168783544718,-0.0352299138278928,0.06947891160743834,0.33221450310146694,-0.7396121089624691,-0.3885593881294886,0.5672348789511779,1.5323790553821433,0.37890759555867687,0.11421514253832872,0.08543393592807429,0.6892383097321158,-0.62562034024238,0.27244324891887206,0.01653493253378392,-0.2596748517123958,-0.39480213714822404,0.3760382221341468,1.0303044685285567,-0.41760979701043893,1.05441954587402,0.48438690377519455,0.21003727580598536,0.344538970697352,-1.373636453004914,-1.9293357654750967,0.5142351164218365,0.6719079088111594,0.8680013760753628,-0.041103054957190084,-0.3089885000624779,0.48824254605892337,-0.34728952081647235,-0.3958903704889588,0.6263997301407326,0.7022239462440686,-0.8051869952822353,0.06747433943168939,0.5258669670502532,-0.18622856694763615,-0.7940721660668683,0.036623110374022674,1
0.5189820029642558,1.5124207335261484,0.8600814384912289,-2.103816212366368,0.2549866273758206,-0.406064929415009,0.9003095122293426,0.14108231107435673,1.1760519798440474,0.33877001408507623,0.017313967387393846,0.5795780521370085,1.4195916081330346,-0.48869902357355005,-0.49527189999299204,1.3385623345131452,-1.3919492343988942,-2.533251169041041,-0.5589592654727515,-1.704908807140701,-1.4923749747142008,-0.5063137559024756,0.5796093603476942,1.2676065921058546,-0.12016216421787347,-0.42156863772345243,-0.39903818753724113,-0.4526988142123941,-1.1258957565532903,-0.718193223045123,-0.11069719116027406,0.6729190933428433,1.2136332438879933,1.7874430699897785,1.013674853107111,0.5125193140535294,2.763594085913988,0.9057483169200616,0.5614432000168542,1.1610047287864642,1.079449024173251,1.7843605393656694,1
-0.37667909308214154,0.18381237685150814,0.5885464277655443,-0.5412837413067627,-1.634485423910971,0.969448568193217,-0.46995624740130676,0.3181950721294066,0.5048000882235152,0.8819001882657689,0.9180203606787551,-2.268728538369118,1.4410052814000887,1.4798248598256603,-0.046417286743212424,1.105921525697055,-0.3370690436639423,-1.3912982126020719,-0.5593605662134556,0.0910150194087452,-1.0715684928736635,-0.5698905910408713,0.5570521423693242,-1.5951821240209283,-1.2111283741938925,-0.3631182217469229,0.6359559563471527,2.09906369841999,-1.1726695705851817,-0.5183849265600138,-0.1911531894495771,0.17035198836174265,0.5840687359505258,1.1464265484743457,-0.06865644656584763,1.2774203440232395,0.040011804892557526,1.2721939172179635,2.396136570808586,0.4407815019505365,1.6737739467654666,-0.12108925584273778,1
-1.3089653221798927,1.7961136497854389,1.0463005871144486,-1.1740720186146378,1.4880260783111279,0.3700788543140316,0.15139432592926547,1.916994606286816,0.14221706368218784,-1.5233279782182774,0.476139372242709,1.3460034199571793,-0.7878133542378633,-0.7093616706102404,1.6608044072911947,-1.6757574646647808,0.7106810217883265,0.9269567568813539,-0.20865080979032163,1.2848561285916913,0.6262490026579306,-1.058741727111247,0.26532665206789513,1.5570410292825514,-1.6470120256076086,-0.8690996895146864,-1.1788345452243354,-0.8445765322595459,1.1048306783571553,0.35327465529840174,1.0799018063263595,0.2233739524708191,0.39783250137406895,0.27591989390662586,0.6738257707382603,-0.9418795488456176,-0.34348171497469066,-0.6553374345534335,-0.6737862460928014,0.208760436667574,-1.2225047252012462,-0.46439855911521316,1
-1.1529378667419405,-1.3808241421459198,0.3992803801077463,0.26533245461122973,-0.15925316135510617,0.794273128819339,0.4510586603265402,1.2779420852982877,-0.14089396448684824,-1.0178274578055981,-1.2687995714782843,-1.4684721796495406,-0.6504586855796669,-0.8241973079493452,-0.8374127571041832,-0.3621287446146153,-0.7422432803235282,-0.2069429313822512,-1.13051619688152,0.6095259327022989,-0.5050760139990883,-1.5462824837875342,-0.8876276598586273,-1.636617062435778,-0.35066847035516907,0.3753649941475049,-0.4424715996823,1.053688771242005,0.35748981808028074,-0.21993441702644495,1.6244311357100902,1.8213057434075461,0.7238913101130133,0.7474268085292272,0.32707112918992187,-0.21496580198278153,-3.1702891199037784,0.2847362516803258,0.8926415583162041,-1.173851369889041,2.7860213861298515,-0.7304523337939414,1
1.214165193126717,0.5581059106072616,1.8328464151006532,0.7416184128958088,-0.7346281809659798,0.8836377300778262,0.14365089863964814,0.0315681568738617,1.2691329058817824,1.9368438172631424,-0.23245246893839666,-0.48705186252365396,1.3488666557188764,0.7627721570851278,1.0635055463763254,0.34958785576757745,-2.616579696991023,-1.5581418500852828,-0.4627242024402047,-1.1802156452872432,-1.1453708281095247,1.5114634293629157,1.3420751703547282,0.5896642215307187,-0.6760312632931331,0.3909645625008786,-0.24220138375787528,0.9822583744394152,0.578944028916816,-0.0562483408374287,-1.5749711994610898,-1.0842169639209926,-0.09749207757870516,1.3130071743810339,-1.2419641918301185,1.027004626593839,0.6523054244228963,0.5282013921894452,-0.6916872724834489,1.9271040697708544,-1.1836325800795269,0.8731303738080054,1
1.102281191367813,-0.13684871284582892,1.0647039340834874,1.1490166254891239,-0.8366812500468876,0.4794599276391151,-1.3456250972446413,-0.7225753343766664,1.3820325572726464,0.3672086795887493,-0.7187901788571274,-0.44531251654189197,0.23389090057949463,-0.6229317405753088,-0.36581605813236356,0.7388199535528247,-1.5258187099076956,0.07032701274217928,-0.1243721531949455,-0.18130196128868517,-0.6510350329440465,1.0935748934138363,-0.410911914102714,0.5186353327989414,-0.2958316019631743,0.8215488712124731,-1.0742350041675135,0.257720987509396,0.20781055360524484,-1.1003435024095265,-0.920161822300917,-0.41640234413650346,-0.44713787891080814,1.5677814552340328,-0.23484090700042842,1.0071005302435458,1.4316976943254123,1.0861474384549887,-0.2911570840719422,-1.7574488146522498,1.0026454033529921,1.448363299499533,1
0.56636138048345,0.44339894502406496,-0.9623487140558848,1.1681481175828397,-0.9142945524912693,-2.960353998959628,0.8730378628907751,0.34289665797685,-0.9213645624103335,-1.2287314424026416,1.604454057943481,0.8479106072419625,-0.9165965910073048,-0.8583309568927445,-0.3734777322599914,0.6631367505566702,3.0568853347072493,1.424711796258803,0.713133041529983,-0.12216890709951028,0.17217816573704822,-0.690373287159242,-1.2510118702632944,1.2218368058147973,0.9584728114592198,0.988941640458252,0.8438284412764081,-1.0155970239288157,2.1953288349923743,-0.39688287742002465,-0.6681663715476079,0.026556373004324847,0.7039589677417061,-1.4054724461641896,1.6226509861190084,0.48919303384485163,1.4251582566017218,0.6979566965826142,-0.8566181100767409,0.6885387411768438,1.9555287128133778,0.6732347516240126,1
-1.370426708885005,-0.3123965179293502,-0.6894249282264413,-0.5425678384984258,-0.8753084483829003,1.4978312531902656,-0.004303132259648142,0.5696374285733024,0.08163413055299482,0.12400893479288677,0.6140736892579769,0.6160497243113728,0.06988365057065549,0.9613232456107088,0.024546811694834744,-0.48627858659914525,0.2741659748828676,0.6157862604842491,0.7369449138128489,-0.7529783392035708,0.46196113034075975,-0.8004289547151074,0.8728546937161282,-0.16591667253351952,-1.5799015272979222,-1.3713139538288424,-1.1919495179129116,-0.18341598132071937,0.5889537158171164,0.47999882013586237,0.3224715108714258,0.8871383184095956,-1.5366259600889403,-0.29735406853841845,1.1528515719233856,-0.7455779266838086,-0.3898988527509574,-1.215034955137978,0.5872651840661327,-0.8143840923592763,-0.03215884113100031,0.8040358279786399,1
0.6243556115972283,-0.09639967120773724,0.0955193928526393,0.31241987699171847,0.6247578396355131,0.7652267433534354,1.2324492308194654,-0.6337330316610864,1.2797811661080285,0.10414399730333503,-1.1204060305660954,1.532510126856753,0.16995826363780975,-1.3263247987737972,-0.7475287061989592,0.37481179751542115,-1.3827468405503138,-0.8746714124644301,-0.7325666571950895,-0.5215111004956631,-1.478921436438187,-0.6184990065474032,-0.6281310033174196,1.8746115105178462,-0.23749836540769803,0.637085961310315,-0.35600680828210984,-0.3113131572913511,-0.07740829421624257,0.9453899467928875,0.12459086833446457,0.9554651227482224,0.5695693211997358,0.3131808303961081,2.140759998743901,-1.8663680371995388,0.8816483138652403,1.5655546903544957,-0.1899880880519054,-1.1440404365855028,-0.9371677633301007,0.15827395112813503,1
1.4514893496645356,-0.179722775238457,0.8586841974253557,1.4383956407100462,-0.2518520384856234,0.8497426848260239,0.4246574043227782,-0.6444661736011429,0.006299421047367445,1.6421290976765766,0.06987296943498697,-1.0391880439625953,1.1149350045703112,-0.768721520576717,-0.8505402695742399,1.132207674985457,-0.44758568503306556,-3.11771687286462,-1.669753436739824,0.5271041935655547,-1.3804360027749147,1.655325336918619,2.2191144554451365,0.8904616335336897,-1.0100910360015132,-0.014902452949897057,-0.16667046626028412,1.2910148453898354,-0.7198726420981899,-0.4875683886983428,-0.463910403406761,0.11400398720189528,-0.6888797159098439,1.6151439156166918,0.8134229817624058,-0.8356691492872276,1.8950641643915567,1.5885501360036058,0.8668384629178859,1.0172492740047685,0.2115656651840688,-0.48396773234842605,1
0.29422849295750686,0.6380116610045298,-0.2611098820307413,0.10279785096300764,1.4462822680667982,0.6847676297417176,1.5402813510839362,-0.17748486642810277,-0.2398880974196665,0.6348738309971333,-1.1457655441298416,-2.2093269192973346,0.3627485665077109,0.703289049620863,0.9750902410277773,0.5053006506554916,-1.496232697535769,-0.6119006223488155,-0.05814618236198054,-0.4575676104251551,-1.506259601175076,0.4479355908952961,0.4723130461523783,0.3228253490834817,1.3972266532826383,0.4477773449039392,0.5811495515950822,-0.17148588998240413,-0.7838353965122271,0.3467712347447477,-0.46277978220553734,-0.29962719582970226,1.9246355684146341,0.4712544728232394,0.37595999119110945,-1.262338340040665,1.2745459571611293,0.8288902906387682,-0.8923024240808589,0.5665487312911716,1.066649396911802,-1.2838339559631917,1
0.9619600506301618,-0.0726959485241292,1.7187200950135701,-0.07205466503988003,-0.4877121729506302,1.3807251066832373,-0.23254083997637387,-0.2126538807239826,0.29045076984907126,1.468913874327879,-1.2740553508759662,-0.7483291335192502,0.690398245461778,1.1291554682921712,-0.9609946243335789,0.01957596775345169,-0.6025744804029147,-0.34952878122328906,-1.012921077511857,0.2878265205053193,-0.21683770633338764,1.2504917043566763,-0.8721865319730412,1.0451885487518655,0.2872534182767191,1.152655993758126,1.607668789177407,-0.04676423406470725,-0.0644937769816582,1.5165275650324141,0.29227054855200607,-0.35407020389809507,-0.1733245090042385,0.6511805578232079,-0.2917742419709955,0.2460841790821314,0.7730676513927066,1.0660811174957905,-0.25586760379330636,0.19519082783150687,-0.20327017026933739,0.49086834112470973,1
0.09875066154736509,-1.184037156517427,0.9681664520109392,1.1191392069815145,0.5825030463020605,0.6756048658425812,1.304664122921929,0.2128355296467041,0.004209636538760139,-0.23782776296392208,-1.6471772198700514,-0.5473193951394627,-0.305082705284326,-0.553693593318445,-0.8096723057943557,0.18077387200354328,-0.48078251805969674,-0.1669905727932354,-1.2470038084089883,0.6979502222033023,-0.44880610430213813,-0.798691492597476,0.12015665188842693,0.12384842813163793,-0.8030159198550564,0.5184295065422626,-0.482470347164207,0.15729504902036723,-0.13500597244822926,1.333004124947624,1.015416731054229,1.5993407833219688,0.1485909161751241,0.7796038711894567,0.2738580939097678,-1.4339697199702655,-1.8423348643667226,0.3561277056894547,-0.40480931908514084,-1.015372020423272,0.4849189018846246,-0.6063018314251004,1
0.9771110032301178,-1.4192863993158837,1.2083186650970104,-0.9238588679361511,-0.5707307279131218,0.8573915961473844,-0.6700829171236049,-0.2606785027680355,0.7126942432603037,-0.14351459905984926,-0.6896799182157923,-0.44580393173370864,0.7961505790771006,0.8902570218518636,-0.1633306833397717,-0.6768737542403447,0.4310826199662262,-0.050606769570995296,-0.3553819178666964,1.784854181250612,-0.08530909286980233,1.0751276602249034,0.9082090042629205,0.3389452270010083,0.6018372788006686,2.0093387542032493,0.0655665013705206,0.24668424957483395,-0.24343755895168948,0.4136552659392044,1.6228742685587165,-0.7862480924687394,-0.8928304904171076,-0.20123962964901015,-1.1399130585026278,0.1432025986318996,-0.9825785294873934,-0.36274586759617494,0.058382669341706835,0.43849374525099216,-1.2699606983055955,-1.2545048638452152,1
0.9739529275302682,-0.8948484214889718,0.9539240594493361,-1.55199175529737,1.4448891111376903,1.1338516809238508,-1.0364805051753987,0.5023905984638927,0.7939024680985678,0.16973310947318906,-0.646329342497536,-0.15424748594401083,0.6854918570461639,-1.1274360034169406,0.486191249447691,-0.04156998167716778,0.10556928350855513,-0.44258058659442073,-0.5114804503767251,-0.3079805028791672,-0.30358654001280905,0.17826970555495963,-0.5332396391818323,-0.25840244008556473,1.6566205207341254,1.6282407903338256,-0.566394714822074,-0.15586884281698263,-0.8122574206657296,-1.1099191082180813,1.2284136024438181,-0.42167886624211187,-0.5863789090314215,0.23481058455453166,0.25274547890074417,0.8959181272870174,-0.015692418176610577,-0.08058627793011638,1.2506438857000102,1.200156335237039,-0.4773348466724586,-0.009586878355378999,1
-0.1771714211082524,-0.3730780440526663,-1.32954204268468,-0.993626194971947,-0.676547727345428,-1.4322481890452414,-0.8790323886463661,0.7209918077244463,-0.4127766996459591,-0.2815144615872455,1.2894184614825441,1.8660618463103877,-1.0068092625569156,1.7688248760050709,1.388655878751419,-0.6013739240671685,-1.3067894357225147,1.0446070082388363,0.1461165941148147,1.4718181767149554,0.41830305208839014,0.3045638763687886,0.6297057810910183,0.7949063025839243,0.7299750067688584,-0.567672395187822,2.1746160850519587,-1.8454685273753952,-0.37274396841795315,0.6940646950658506,0.405249347901489,-0.003969122654362226,0.627619092696892,-0.6176980066819888,0.0658989385492063,-0.9930437844066411,0.24801018532134625,-0.46945755907954456,0.7761616421577482,0.31801598149333293,0.9476168952136945,-0.6347683812136335,1
0.5185894327033358,0.19355308353823886,0.5916984085271749,-0.449294471384379,0.405652810959551,0.05570079218248121,-1.410803161806129,1.526981809870954,-0.24211813952481362,-0.13631239244173857,0.5600233747173637,0.9130448826126726,-1.4666076737236289,-1.1948799384096915,0.4201371460331357,-1.0831776796535173,0.7934488715874851,-0.4588222938027082,0.015016332988662067,0.48740440620863995,1.8087186489036253,1.6861006701016328,-1.473976000110101,0.14153056235927058,-1.1512587969120338,-0.5895657398233045,-0.7483111570022939,-0.7025621166993664,1.9733681724723893,0.43675138383981893,2.3016105711735864,-0.216347826331007,1.6394594507748375,0.3134490985056108,-0.6787349843082588,0.7301394566307522,-0.8099640534562403,-0.4882624538599524,0.14021838801441344,-0.6276231936239458,-0.15196935961533162,-0.8371956104029469,1
-0.5190151656053398,1.4304046094761862,-0.7291376067469785,1.3985246043241768,0.8437044657076951,-0.26520367714805376,-0.43133906202829414,0.6470720969131118,-0.12131845065556619,-0.8687619250061306,-0.44538080559251897,0.9165910804406748,-3.1140394552574344,-0.5805691507754154,-0.9630691716562936,-1.3451570400169182,2.3183188101602945,0.669377342491438,1.928679276828441,-0.19499969209985457,1.8586739760147328,-1.5820306588668736,0.17803435164922052,0.9360255254486947,-0.54319504617704,-1.6643066050680626,-1.832995321641316,-1.1145685239694223,1.6474684633433339,-1.5409023766176768,0.20604084796434116,0.9697945613251955,1.82210184894392,-0.38833219745284103,0.6969905596913294,1.146313981279046,0.4335070487103254,0.5705619683435482,-0.8590651417879793,0.7679268427117952,0.35177634423588644,-0.18519496973173585,1
1.1160551418805533,-2.618187184167129,-0.0827187928801565,-1.583503339639421,0.06754951210959388,0.362468039772638,-0.9598160290212828,-0.5736620279988242,0.13279469917621076,-0.4848392120446344,-0.8819613522138422,-1.0464723029867693,0.18368386950810425,-0.8763989340049813,-0.47128723141920914,-0.10063618886058662,-0.37401282056785007,-0.5437799643363032,-1.3455572724623506,0.2942139589910879,-2.295236035557995,-0.8855015777491425,-2.042929265209535,-0.3391820733597683,1.457391260436351,0.39288809119137963,-1.2171163393550153,-0.16996896167322512,-0.6847526503249255,-1.269108280576283,0.9295820126602248,1.2153298116769067,0.9108693116475324,1.0544120336423162,-0.7167338262505912,0.9911299563897857,-1.4061362115741325,0.20759576527311288,0.2551752201218537,0.8603315592608385,2.7487600269977444,-0.4428884540261116,1
1.6084489671355602,0.1298321692717866,-0.10789971694857618,-2.8534787213382686,1.0134733416689676,-0.7736541607168091,-0.4075795930151386,1.1770890662691513,0.14417451042543244,-1.3457839398443925,0.9368050803909814,2.921977720191173,-0.32687037393779306,1.1408856123586573,0.33844667666911893,-0.25080212062084595,1.3282854439449487,1.2881051069026386,0.5941012521124016,0.7986248440203928,-0.07496859400616238,0.17895019143326824,-0.16493021407027544,0.8712436350694357,-0.11779574549960677,0.2846649013034741,0.34914975873630366,-0.11408013227802,1.2775675135052424,1.2522974549381738,1.4297644697261649,0.5216665195606026,0.035448874055725776,-0.8630454087332491,-1.0334199369798518,-1.397247213120675,-2.371797536142333,-0.5998922576835694,-0.9058967318292023,-0.01753307585331214,0.9260751232401072,0.016939771119240155,1
-0.22889537338209714,-0.11306279455158612,1.1298256165123732,-0.9542356376799125,-0.7049345293755477,0.565462926521158,0.20323257117751747,0.4228946084883589,1.301880838466674,0.07587049117685944,-0.2168492501587716,-0.2851265321829975,1.7585591779620555,0.8742964982084268,0.5500202299485497,1.5917112323961096,0.45866452825610493,-0.4693635029795323,-0.462591805427902,0.444595247416199,-0.7100417525839441,0.9609245941629164,-0.276742646971841,0.34225032921505016,-0.8814112022989324,0.3755693812869414,-1.1861565643423966,1.157361303750159,-0.31575755564520663,-0.8260600094119416,-0.441116634874287,-0.13263867260061327,-0.7721519505693752,1.3738537160395874,-0.18717364690965774,0.8211246951920754,0.2248976045441513,0.4191592167553461,-0.3825084117099868,1.2657370743170493,-0.7384589654228297,1.7165797107357517,1
-0.45001938229073013,1.3109003135493473,1.3373537172280825,-0.14576247666990272,0.25988394950235394,-0.7935202304082196,-2.165894504041968,0.5669326718177583,-0.4257200618186367,-0.4527119711756162,0.2861566621462115,1.5455568473308603,-0.3035292382395277,-0.9158180077717631,2.3887427830120695,-0.6835881223356649,1.1636221923690244,0.6546944626169098,0.18199945420321537,0.8191329604775341,0.1876235718944133,-0.08048709212018998,0.007326615518683661,1.4171129776861855,-1.2850945326478793,-1.5014570696427352,-1.710226626492572,0.12663483241889442,1.2908743804309444,1.54126895215461,-0.5018121009690605,-0.9375561811494033,0.2116215689584355,1.1690076930072122,-0.6437968066406758,1.0173639003455728,0.8647453628867124,-2.4094024051668548,-1.5900945257785104,1.3248014052169204,0.39717281293717527,-0.06780806307836186,1
1.493181402249321,-0.47123086879736337,-0.7803977056861293,0.06169212567653358,-0.25034708336733075,-0.7930297614589411,-0.49781387571838714,-0.6628572446362723,0.3110468227411042,-0.4620098514396488,1.0550955240846849,-0.49256179180663434,-1.189018781143482,1.2648729451941294,0.3699764069598583,-0.5578642736113574,0.6097996910749544,-0.30162671552633613,2.0011055045548796,0.41586163912682755,0.25936193771452104,0.7757549275015962,-0.12289910777093152,-0.3571931197181397,0.978363620032795,-0.6578269396378645,-0.16591337524802816,-1.5099081614046852,1.4688493022361486,-0.5465310566180447,1.1578719839410831,0.3258665435876506,0.8228530269618402,-0.5172095749839629,-0.957603518635977,0.22223224494495739,-0.7528025398777514,-1.4238082243341434,0.6784442894478027,-0.824470888212721,0.12518612392017484,-1.0849386809179982,1
0.3353681863038094,0.02512657471062887,0.07347482218536036,-0.420592540338312,0.14750119550772864,0.535314524944496,-0.5654718228884047,0.4459658646996242,0.625801704460092,-0.24375424825603054,0.031006757340814126,-0.04686703637937951,-1.0158894188297842,0.20505871781676582,-0.2590446308568742,-1.4724682734134347,-1.2350979552590209,-0.4170037230099245,0.39837483099839105,0.8580173137507986,0.762576412130224,-0.08687147776435805,1.256952479343596,0.48220389358051957,0.3734572063138045,-1.4405926644304237,0.13287984107095469,-1.2067853693271196,-0.46107403097000976,-0.7076448613073278,1.608536160086119,0.540158618098644,0.6328967178987613,-0.054751671816212155,-0.7104831068574883,0.8086441162551248,0.22610030468424677,-0.0677057927517336,1.088604083081216,-1.940587397112552,-2.1312076751197653,-1.4476875303319103,1
-0.824538618369188,-0.4032532178250877,0.9276519009050503,-0.5570440173857207,-1.4244872334689749,-0.3261299535949285,-0.9091524399882756,1.3760095996404782,-0.3130029825478633,-1.8379132359133572,1.4119777833305769,1.4234550048489283,-1.2195318656237601,-0.7818178118190776,-0.5424348837663765,-0.476961999203003,2.3060363728100066,0.2275707404902019,1.4243410753102455,0.7050332744027885,1.3076171502263607,-0.0011926942402601714,1.3123630172653495,1.2288508183502425,-0.4118250927462999,1.2960534105230808,-0.2611504629838542,-1.5998901341545646,3.0402352408396807,0.09729509661264257,2.55776701449159,-0.2591101853299919,0.7432041945683037,-0.8153412078994172,1.2699036086648847,-0.21428340225490144,-0.23827144369518982,-0.07370819396831559,-0.4277846036049409,0.04101008249172784,0.9911870681365992,-1.730237879955677,1
-1.3347271560692178,-0.08174997614544015,-0.24552582517658844,0.6230572431962906,-0.23686756785384916,0.22202066943021773,-0.08639256528119396,-0.21310753325203277,0.4506238609288923,-0.5956388687398938,1.2014321571449051,0.16500185257985323,-1.8222374076120467,-0.6551701483908461,-0.12607446991717303,-1.3147633559472232,2.2196806298130376,-0.5732705634300316,1.074362056910445,0.065690973556514,2.062203717403626,-1.9371624250188966,0.17724988938473255,-0.6081110624974223,-1.1477647074669806,-0.330996004417655,-1.2017597023874367,-1.2955184268352535,2.0165515768833133,-0.7990375751071891,1.5001292926010714,0.887082533065523,1.2604725554984377,-0.7399727894615926,0.960696261175101,0.2252526003920549,0.32690407478436495,-0.010604551946472392,0.09885613577322191,-0.5028581263934895,-0.25278901243424606,-0.49312462826920894,1
1.6662991870354587,-1.2614077662551157,-1.185238081894895,-1.0467948497664372,0.9737674020532799,-0.6780070872969488,-1.2573615408856462,0.15427146660740215,0.537319534870451,-0.2889719301737755,-0.24457218732047975,0.3556167065119801,-0.6038257203220581,-1.413434901538976,0.6472687206435311,-0.4381150840739223,0.3801368543459826,1.8980554914281473,0.715080775974224,-1.340297364070707,1.1429727863517098,1.1991614551030354,-0.24811695253169724,0.520940465430325,0.10271239914200603,-0.8097303149499457,-0.8152379121469453,-0.1683867617679511,0.693907483054332,-0.8135073366936387,-0.6178908547992792,-1.8788544246212693,0.8222136753862082,-1.5581565046344414,-0.4836642797481178,0.49917086676122635,1.081514569140739,0.26630947994483234,-0.2311179295887261,-0.9313246591114213,-1.8105578325031353,-0.9456562965862493,1
0.7018360666559783,-1.3883820956667419,0.3997217681361295,0.00042563805706522027,0.91448014895797,1.0474074309565093,0.21592410704863943,-0.4032875638208349,0.03700205238496737,0.44661605358320794,-1.5320736118491365,-0.2989153138725469,0.47896649355622817,0.6404646958312178,-0.5857600236047975,0.6284368646140527,-0.1498088457769581,0.2258800682136865,-1.2500458719700362,0.3808562835457379,-1.422335449936933,-0.4165779466637334,0.973556257447408,0.7221372385207129,1.2085690137972107,0.9921475373128702,1.2420892181189693,-0.2150901738515518,-0.932810291538391,1.177818850407724,0.5226494479730824,0.3595720014949709,1.0197626120229812,0.022843689417214635,0.5138739192476125,-0.8722990038914626,0.04571997912189217,0.6850219064271913,-0.3742928932403758,-0.327193444840865,-0.5367642199322332,-0.9438273871713976,1
-1.3908913298758632,0.24733097375829186,-1.117607759488769,-0.6580960266555058,-0.2767576749074989,0.7853302842458053,0.9274673686634475,-0.7936655032421881,0.8330546028171764,-1.2444791539016058,-1.3743185278041947,-0.9069641431654444,1.2805021277421158,1.9675010914769753,2.2570185229876967,0.8837829647719281,-0.17954804521418308,0.11722301333171199,0.05289537067229335,-1.370798762945943,-1.6321016139495161,-0.35489535192944255,-0.37255619231692017,-2.1650522435412807,0.833039402495408,1.4730549456719961,0.5981730374055355,0.0995074221391965,-1.2558695126162203,-2.1884520154662077,-1.249615827597951,-0.7059384236120103,0.46751238189693733,0.21576889404298996,-0.08463266937489658,-1.035113111193709,-1.1611456379720273,-0.0027510957980174983,0.3489142080600459,-0.27915905636651767,0.7586383264681774,0.6034654926168198,1
0.4758503243608612,0.7475797095666729,0.17968877459456775,0.9409284462489248,1.6552707637136226,-1.8753900306965865,1.6873054867946669,-0.3371193767512605,-0.35947479047899084,0.46119014691438603,-0.044519307970139824,1.2841629889677655,-0.2756296718275673,0.13069334045790235,0.28698918763369097,-0.4238659990967365,1.839539658710054,1.991661095629844,1.2789964324852712,-0.9654075979165643,0.3962364139386841,-0.5456825848879803,-0.15631343654016852,0.7559929065920593,1.375763563122818,0.4034164728878584,-1.2959906959889675,0.14036848185785306,0.9994263742707983,1.4136536802016497,-0.49344770406044003,0.6019534444808631,-1.8513728403531504,-1.1774136571183957,1.2331106776119996,0.35093181066908014,-0.9754713679686934,-2.5838892126721196,-0.7824502030136035,1.7438116826024856,0.07177555223711793,0.9194473866785721,1
-0.1713234905105288,-1.610862738641117,0.5036275317394766,2.512110279620698,-1.0742792066855917,1.0691487045954136,-0.44403143011967416,-1.1528606507439745,-0.12221094760418347,1.7152871254066397,0.8784832719595751,-1.6044357346774154,-0.5307021853638817,-0.4998167072807022,-0.056582317765253694,1.2113205269788843,-0.9421928988058931,-1.252609786459854,-1.8991209783704015,1.1277986864233378,-0.20427703740819397,-1.0420636560513983,1.2885865684281976,-0.8001772184303396,-1.5527989192691958,-0.2159555662638994,-0.681839532033986,0.7940944096209235,-1.2112908639190725,-1.4453333329470024,-0.1903957294690261,1.579104724674157,-1.3802097084076312,1.0929606735130806,1.7580422517212368,-0.08065753401938106,-1.0529065285281498,1.3388868154561195,0.3396870487038761,0.299169648407231,0.5916863027498207,-0.6607792153354587,1
-0.15411686006326344,-0.7006523210059985,-0.7857428081343053,1.9917542402814754,-0.0951526686221795,-2.744399583733698,1.3693685203082497,0.27439577183062575,-1.483488747142881,0.10973560309599785,0.832828671096591,-0.8569633276051654,-1.2786472854764321,-0.7972221665624588,0.11815870862599,-0.22026899086578627,0.08940238314794544,1.639818335924814,0.11669458192710237,-0.05139753399625016,1.2767307567831352,1.5127975869730292,-0.7098862447098838,0.2319926393490275,-1.2454796998614432,0.03933943191231149,0.39294361975934233,-0.23471195108078044,1.3941102113645227,1.2110582844550286,-0.26345493823413557,-0.622526251661652,0.6260929525765536,-1.063726517768908,2.1175053657552216,-1.8218098937247091,-0.19484024082220738,-0.49897849369887626,0.2420807815523398,-0.3349289519670305,2.198242968781466,-1.6713974749589162,1
0.19063887078493497,-0.9081267419931205,-1.50199907066174,-0.3970096255391739,0.12314229488759362,-1.4964622638182368,1.8770326442264702,-1.0133896095616022,-0.7841514961870298,-0.04538322545118894,2.3006595659620377,-0.13804936147961577,0.18845702184848845,0.06955326346194801,-0.4373062624702632,0.5634423396970114,0.8994742749873744,1.4814212227886698,0.6761279716451709,0.1317144528895701,0.43649615743185133,-0.07646373028127985,-0.9156574902962586,-0.5898797503828694,0.3232833973158543,0.12630698688095757,1.6844649846764401,-0.3540323212868325,1.002455907375361,-0.3096359244992121,-1.4576733534967101,-0.36039468978258943,0.1425421593204309,-2.0009712791070156,-0.10450982106435051,-1.2911868407216118,0.22165766736848372,0.5676919231029409,-0.8178375370216596,0.8304999471186857,0.7991072725053902,0.4853620097776304,1
-1.2520360606682936,-0.9070176785037346,0.27251800339621207,-0.6211105500382161,-0.2545217364661129,0.5272150201920525,-0.5859411901156656,-1.3972339616939828,0.3811948098315339,-0.19067778238551725,2.045590055581089,-0.9185613479342168,1.3801605221795552,0.5427404162447212,0.2730595593241045,-1.6689066704694793,0.9804740588278588,-0.4874257435199007,1.9882348272462225,-0.9983650957914953,-0.15133265203584947,-0.23587792821734332,0.8442980237614075,-3.0690399244054434,0.5622121960927169,0.1459572753984794,0.4348767675611164,0.32194117304584113,1.006523134040146,-1.0203454172832642,-0.1331341780823956,-0.5137849079193341,-0.08856336775068846,-0.8550597190686824,-1.2013239316270934,0.7023555969198222,0.15425945114013576,-2.121203902672751,0.0894990848580523,-2.1654515736763886,0.5213711082605497,1.2208113265644889,1
3.5213715812171653,-0.4366904379676893,-0.9857989985341704,-0.23092245834826458,0.3081440614104981,-1.1400657003035946,1.3134211775386344,-0.34872566015869705,-0.28068514362583014,1.658095727646246,0.5155665072090448,-0.5191103782914466,0.3272308751085812,0.8202624790705715,0.9370119797907456,-0.8100527839486206,-0.932119299962686,-0.49215726907492807,-0.14947995296660804,0.37123918402320266,-0.4898395482783265,3.2236503617335113,0.0826864134729438,0.31759606819384595,-0.0737177854249238,-1.7419722057856628,-0.9670616383551363,1.0835245758943188,-0.907939494968382,0.34620868864284954,-0.09979041555956547,0.6817907095291909,-0.7511954605387625,-0.32486933624656994,-1.4698365087073884,-0.32733511063279086,-2.417715737263665,-0.9139854657346715,-0.7419285469739482,0.5150126676009353,-0.6825547860402642,0.29692168194408997,1
-0.07530840439479669,-1.5492915575638033,0.5784682485449204,-0.8029645551596739,-0.15979454014230962,-0.32023555298151546,1.2329985690706122,-0.4836837771594285,0.8667996763403484,-0.7037364548058965,-2.494125117504814,-0.32826517487705437,0.754022566356173,1.6164172171813902,0.34401524063489386,-0.4865733066372617,-0.7955012554503457,0.7697666377444219,-0.2977048468767728,-1.136663408423402,-1.1453876148979287,0.4780535916444491,-1.651074953819787,0.4338575130486575,3.1225843499972514,2.2193132313152493,0.7134807264682227,-1.0541940148888012,0.18545063243749657,-0.3851561741663382,0.36396229528769575,-0.1919495639955023,1.5368623242252346,-0.5259736793728043,-0.323894333381842,-0.8978472011774183,-0.7753657540945915,-0.13488824271305408,-1.9446181213157119,-0.5277835484289355,0.7378877857105082,0.38887948135461314,1
-0.020136187739106318,-1.2236903830582366,-0.5046059479921264,-1.1637405651509545,-0.03981731794607268,0.6279520924380989,0.29960522933644185,-0.8376356374336312,-0.26792060848585225,0.5849429516466913,1.3649125036196306,-0.45016115112604504,1.0145362909912954,-0.30736076716887784,-0.8603923114276025,-0.24113714179031012,1.424918886931803,-0.492238394851181,-0.30907067692160944,-1.2592817854911478,1.1407745216497842,1.2022237171124595,0.7886616790602404,-2.4137462539330987,-1.311400980211635,-0.11451730432540251,-0.009177370010996503,0.8176417591375411,0.9440151232257105,-1.218523321722784,0.4089531759376079,-0.4812277382176257,-0.22107416711334663,-0.7664036272815431,-1.0936663926498378,0.2135307672959816,-0.14321652778770164,-0.7919503912401517,-0.6168807558430071,-1.8418342811834973,0.25406832610043284,1.0908225520302333,1
0.2094634791352885,0.4919529612988573,-1.11714451706502,1.561113402549473,-0.94973588035088,-2.080202549384209,1.6882672487839558,0.33573463263910924,-0.23094038079380594,-0.12749498887489416,-0.2768783120241382,0.035245866714846606,-0.7694498667268116,0.5556852230288223,1.6507117200703503,-0.4308904424012597,-0.014500045700448255,1.3605940236141911,0.9177837650980785,1.0818959780454702,0.3988686461558224,-0.0994992807683873,1.6287293923472046,0.9045559267343177,1.8993004470415324,-1.19108110932923,1.3003515913255215,-0.6830345657602949,-0.08261579925547245,-0.36856866105361014,-1.8353298698424625,0.681057830254533,-1.4873221936054497,-0.9581770262395012,1.2680105682210892,-0.0020065194901973693,-0.5417671801006952,-0.9182142938280968,0.808729082632018,2.432821284211957,0.15327733290379186,1.5271475259490497,1
0.4615073189388221,-0.12173794394202826,-0.7590767369967873,-1.0620508492728151,0.8263027019319278,0.19405727028114306,1.1047498465803787,1.0075874792295518,0.8582997875726427,-0.2137721668423184,0.5046607207818097,0.8801158699987591,0.28203142259764996,1.655841211397997,0.9278904941385183,0.786688761298303,0.7735759549256411,0.6824575898149197,0.4983564116470597,0.6027392534528742,0.6013355399790009,0.6140547750889208,-0.22631202532227118,-0.5412734655740913,0.13739728268328044,-0.1284912818650504,-0.27884140745792635,0.4190144230469452,0.45236976270926904,-1.937178298518348,1.0909935687945944,-0.062893939114316,0.0689450095985049,-0.20425695947404168,-0.8515794054154319,1.4130084699940713,0.3082326101234662,-1.4916998487535091,-0.09545686007527893,-0.327692984593752,-0.6485092615682658,-0.7408867278001767,1
-0.022960402134177122,0.735584597158986,0.7304904355045087,1.8632749292955273,-1.5183978651148369,-1.3184002439391533,-0.2514866298795666,0.612200320521054,-1.8386020468874678,0.09620980687280777,0.16383739740226516,0.11891002453025488,-1.0805380176323487,0.30814942544254864,-0.10368211753818636,-0.6371010580275361,0.20057714388249517,0.34486555749887715,0.6689735879616924,0.06824046056000982,1.0526787806063378,1.2760001243242356,-0.7751370171362101,0.6143229510851222,0.30534241196275436,-1.2910633820384596,0.832859168366922,-0.7442305873648948,1.316659819073186,0.07077449990504148,-0.32053330878961844,-0.3613873475134549,0.2311854374520033,-0.23180725569468516,0.3222701810353891,-0.7015651448799409,-1.3588796273034796,-1.7368371264143356,0.19047349300874622,1.6487261988918567,2.249835674989582,-0.27673030554223715,1
0.4681395826213885,1.323647163260284,-0.27163243962657413,-0.41579178672473255,0.5210455794428703,-1.0754449976428542,-0.49025920055433425,-0.6322905274688829,0.6888785495029084,-1.970012511083897,0.26561479024322204,0.28003524840306165,-1.2632225323614816,-0.280573193292344,-0.4620210088309861,0.22592654915942156,1.9321361377630832,0.06255563721765257,1.0713640772339594,1.472623274055552,0.3431286883685506,-1.6932689186667045,0.33730480657229683,0.05868996939567429,-0.794934067969938,-0.25968429146827504,-1.2446126553432726,0.20299542689189856,1.181185144231571,-1.3999932477023687,0.6071257983875409,0.3122041877589674,0.8069605307267287,0.4378687596158278,-1.2281377641206306,1.6277513515900015,0.7914553170157008,-0.47907171092545536,-1.4943780667996343,-1.1752545483682446,0.7495096615290723,-0.9263742146823021,1
-0.43606023037323305,-0.5054882667140712,-1.0440640832335106,-0.705731534251305,-0.2072939900751262,1.3420856574903095,-0.3305192842669584,0.3910313758963963,-0.5857207366394708,-0.5333278824245009,1.9797449667779672,0.07077816886669021,0.7736872431221191,0.770777196070912,-0.4637892992000002,-0.44682071364796694,1.6433959703959553,0.10159711462728449,1.516490536894314,-0.7514039611496348,-0.9567736481164932,0.7802209726181527,-0.4777642749174317,-1.226130067613479,0.3575962397134783,1.101543722129655,-1.0007062460180023,-0.7350263075039297,1.3076736288767823,-1.00785870042974,1.1210878914472504,-0.34051946604512573,0.10558909067100639,-0.7912547582786097,-0.266729878058324,0.3778760703948004,-0.663002026947046,-1.4242799120355,-0.27554576468215847,-0.3452799853002415,-0.19926222377293004,0.5709522675904993,1
0.6884429483623083,-0.09044414909889431,-0.32914366116917687,-0.9928249656503362,0.25479656722021354,-1.3420030123851747,-0.23734993557526074,0.5839010073559687,0.011155961921728469,-0.2630823250278686,0.6489653041344862,1.2539112414635294,-0.16949532055962632,0.34438360238526633,-0.25676501709462235,-0.6502680314163503,-0.808855367080924,-0.6955043960347705,-0.24011338633150164,1.5220443513190536,0.29817500381216594,1.3326990182453167,-0.5949507485832847,-0.0953176914666669,-0.8830295295338947,-1.5995816514938161,0.7779527030570669,0.04858325478590737,-0.2425490651413931,1.8529911526111933,0.9449692077747279,0.407367606426354,0.8833006746229367,0.20632245420242493,-2.139600751814149,-0.060632673653448925,-1.6531785287437757,-0.6680820826117091,1.1468064892654888,-0.6009260396397368,-1.984278239999687,-0.11787444499064705,1
-1.5361384959491713,-0.7202978067700343,0.01734541347591189,-0.4381920787202665,0.40444402174127686,0.13442111157917283,-0.15310686777702917,0.6362954258929876,0.04343828756695383,-0.6070085668022913,1.480427156079165,-0.04430195365013593,-0.6761314608259864,-1.7527599031437922,1.41864009123035,-0.8230800026228393,0.8434765662294806,0.2959787414371873,1.7204606880365934,0.11815360961952842,1.9515380937560534,-0.4881011848291825,0.07491188966536472,-0.8751126500198279,0.5060512014121284,-0.3758905884964293,-1.1760838031540373,-1.1829724027682726,0.4099326825976135,-0.9623724606350875,0.9035358453268507,-0.20205045956276005,2.2039054478785642,-0.5894546792781651,-0.005529392598052973,-0.07410756700345136,0.9571330110008569,0.3840818875260378,0.20557523230690847,0.2877930719561965,1.1908145595821231,-0.632357314853711,1
0.7858228559066734,0.5957416322095799,0.24948597017962362,2.3309435014008595,-0.818592364050009,1.340082084244543,-2.5460721092348555,-0.9849157277534845,-0.9636147128851577,1.0710597703031548,-0.3984686865881377,-2.5011156112135366,-0.1408446320242431,0.12758304126948963,1.26758337022954,0.022163521809745592,-0.8174922592596322,-1.4922636268563538,-0.973367999384132,-0.24650518087158085,-0.8170278007015794,1.5069604437421393,-0.34438470670676335,-1.9992141624517763,-0.846110668130833,1.173761499686752,1.243284123999622,1.4830439542820206,-0.2888011899028403,-1.2516895872956098,-1.2792252419481291,-2.4530034252192086,-0.02374061746250393,0.8139770599172218,-1.0754754978439123,0.6860934948032498,-0.3602955212518872,0.47194271135666915,0.370221057212376,0.20362344106324048,0.6530537263088837,-2.2055239939055515,1
-2.9761169871060655,0.21847849645513662,-0.3770282712692935,1.7058822828681401,-0.42243920656310746,0.4531322493242039,1.31159546996417,-0.3064557067445419,-1.8746025036214624,-0.8855761538148242,-2.6017257513054437,0.13987746146727784,-1.4768444291448788,-2.9752558959435196,-0.11396937657496171,-0.8550947923100073,1.1503881831779335,0.5064530373895794,-0.39111267604166405,-1.0220457891991026,0.5704365877239818,-1.3116767301320575,-0.04107696870234224,1.572787611488568,-0.6372707178669377,-1.02554784682429,0.43762092209368625,-0.2320156943858321,1.4653082891179432,0.21872271123423562,-1.8319487042353193,-0.578895273338164,-1.106751263443576,-0.41764368336732166,1.8959024835270761,0.5170163066506341,1.3982140428363778,0.6962922458387565,-2.3937306579639444,1.3562596304836683,-0.37868228253136327,-2.4917164742134514,0
0.07160443478690921,-1.0341834918842936,-1.217481351167835,0.5919006628955269,-0.4478273015063117,-1.296435420836368,-0.6424831352209842,-0.523948924473157,-1.6429354365498219,0.22534272029908417,1.7843391191034286,0.3784774136522901,-1.3262417533719886,0.07505223298842095,0.44999851747049485,-1.3537408810688414,0.608127682735701,1.8444920832829343,0.7555796908309411,-1.3471187927690729,1.0757967961470773,-0.9068895163685947,-1.7518972343379484,-0.054939058689512654,-0.46284772778745387,-1.436390963195205,0.9325442742173108,-1.4351243542939205,1.2589835720209643,1.1103597483390801,-1.38949861909098,-0.4686546422621712,0.5315505134930043,-2.430048171853799,0.6023176272009053,-2.4180659538833775,-1.0932837558517245,-0.4980395787642139,-0.23486165354630884,0.8111903689423446,0.6539561696779371,-0.31714412303608747,1
-0.2608172660536365,0.028078798497066067,1.1541293485221642,-0.9750433801143764,-0.018732256116047254,0.007682774931903096,0.42550199255120835,-0.09896515684090224,1.361511204649246,0.22282804356897934,0.3952334141666677,1.0007439009608057,0.8944445167732404,0.1272963611377928,0.7206377007601971,0.2761408115083286,1.4983709650908654,0.04356462158773306,1.0375057101183691,-0.21197548071475938,0.6851277212153883,-0.3266350407126836,-0.07524908426543987,-0.6750841895165896,-0.6793141561691416,0.048243911911167274,-1.617528632510745,1.233929943887303,1.3960293610305345,0.7735729674369376,0.7942055481996515,0.25263066326167527,-1.606376529238742,-0.05526934192830742,-0.20595154567857682,2.1745436196159216,-1.5700116847145127,-2.5757939283956763,0.015656287713155186,0.9519097607554485,-1.9155826448614635,0.919241623244064,1
0.30122898674640447,1.381289529819986,-1.6174121356412927,-0.5844004979049369,-0.005563926096245414,-0.3868112133006512,0.2696067252453861,0.624887366316991,-0.865603517672667,-0.9977197188283029,0.17197182488868684,0.2703231636130671,-1.330615150663422,0.645357380278417,-1.067734593292091,-0.08708338761224854,0.6306171407724342,2.1616839026395,1.4522075530648069,1.0581357324880967,0.021587716509088396,0.6556247893243163,1.8507620388702954,1.1911966948229586,1.5438809988173483,-0.45351486686293185,-0.4557302688549724,-0.4455985367088076,1.9211859989337765,-0.122700029080443,0.4579859277257862,0.01796638436760515,0.31768859910241626,-0.9738195567754132,-0.11641530835620786,0.3223611711099487,-1.0375911073050794,-0.7079473682094042,-0.9248005997674504,0.34287731800180454,1.0336442748811134,-0.223211313706446,1
-0.08381646613639532,-0.9632918153411326,-1.533616506378561,0.23076426537383274,0.18913445967779435,-0.05444269120099183,0.9419060421145694,-0.2363041211934746,-0.0716495165978344,0.7312950411935429,1.764431647760427,0.19351030753808376,-0.3965221754611701,0.9416600464262067,0.10194377711432501,-0.8313910270913127,1.6990083885301177,-0.3547611378326397,0.18961591806859487,0.1172739525641086,0.22414636432830945,0.13397945879719317,0.44316547757228786,-0.9384687271788729,-0.20435582816218628,0.0975060695765833,-0.21835925860244298,-0.6861841317860746,0.9332776652446473,-0.26565327755899626,1.3174046689029049,1.8787530190361201,-1.2410522496699092,-0.42992435160791687,1.3351823975456942,0.5581390995194083,0.47205113321220343,-1.1420040206903215,-0.0201546168746365,-1.6802185161466092,0.6253005696946583,1.2115709360820757,1
1.3448945155324081,-0.5693602373959773,0.21545745509901434,0.2008053753486136,1.860756302534698,-0.9325001890655884,0.9950122616008267,-0.5456874403134178,0.4818898567028853,0.7598310968100923,0.987598613109697,0.8417159513353752,-1.2294560433193504,0.3223926722367463,-0.10689308314931552,-0.9202020921786652,2.6223700562434944,0.4872229195340557,2.2767910283909645,-1.6630125535649671,2.3179321106024813,0.26244630095841726,-0.8146436956241033,-1.4123366676580418,0.8669626790183886,0.5034549849639492,-0.06505840768113978,-0.00618448287253861,2.2877466666924313,-1.486376034885153,0.47763404438310747,0.16443665155704174,0.9321565534337535,-2.048643839083918,-0.3346800336488501,0.819536771474448,-1.3535397945533525,-0.7274367431172144,-1.3083697279487316,1.012096015205037,0.34132888503007325,0.2728477134364237,1
0.229888000876794,-0.2330432622781865,1.000641569339965,0.410743776154978,1.2240669403655478,1.5492415509997408,1.9600691056292032,-0.14523637598061884,1.629934898188972,0.9887695965332506,-1.2460862591554924,-0.25851288525308613,0.9247986262064509,0.6517298752062254,-0.42775616605315697,1.1532342692639275,-1.6599704226528829,-0.7780865562061247,-0.6558487119038534,0.24612350801608274,-0.6468835469909133,-0.04210384848069595,-1.8438662480611072,-0.22813167061313663,-0.009122895698826104,1.0084463671162724,-0.06178952759667785,0.29351190599516425,-0.24320144705540017,0.6422790387400344,0.30060617333992173,0.9211207628994046,0.9485396732216975,1.2285718635403533,-0.11489386000134286,-0.9397390241967877,0.13191618425889368,0.6369199006064731,0.5168509417934818,-0.08692624273710088,-0.273040773937053,1.1883209459473028,1
