0,1,2,3,4,5,6,7,8,9,10,11,12,13,14,15,16,17,18,19,20,x20
0.0,0.01901901901901902,0.9784784784784785,1.0,0.37637637637637633,0.3278278278278278,0.017017017017017015,0.2022022022022022,0.9469469469469469,0.8233233233233233,0.031031031031031032,0.12112112112112111,0.012012012012012012,0.005005005005005005,0.24924924924924924,0.44344344344344344,0.9679679679679679,0.8423423423423424,0.34284284284284283,0.5165165165165165,0.9214214214214214,-1.365
0.001001001001001001,0.2967967967967968,0.22822822822822822,1.0,0.6966966966966968,0.013013013013013013,0.6051051051051051,0.5975975975975976,0.990990990990991,0.08108108108108109,0.47047047047047047,0.018518518518518517,0.060560560560560556,0.08208208208208208,0.6726726726726727,0.7502502502502503,0.985985985985986,0.995995995995996,0.6461461461461462,0.037037037037037035,0.34434434434434436,-1.196
0.002002002002002002,0.2132132132132132,0.9364364364364364,1.0,0.26976976976976974,0.1841841841841842,0.532032032032032,0.16766766766766766,0.5475475475475475,0.21621621621621623,0.23373373373373374,0.014514514514514514,0.002002002002002002,0.2987987987987988,0.7732732732732732,0.8523523523523524,1.0,0.983983983983984,0.5675675675675675,0.3033033033033033,0.8663663663663663,-1.202
0.003003003003003003,0.06106106106106106,0.7587587587587588,1.0,0.35935935935935936,0.27177177177177175,0.26426426426426425,0.3383383383383384,0.7937937937937938,0.6391391391391392,0.15665665665665665,0.17617617617617617,0.2132132132132132,0.17467467467467468,0.0960960960960961,0.06906906906906907,0.93993993993994,0.5385385385385386,0.5825825825825826,0.45345345345345345,0.8308308308308308,-1.326
0.004004004004004004,0.03403403403403406,0.6201201201201201,1.0,0.1601601601601601,0.14164164164164164,0.05055055055055055,0.002002002002002002,0.6046046046046046,0.9029029029029029,0.14314314314314314,0.2582582582582582,0.08108108108108109,0.017017017017017043,0.35285285285285284,0.2792792792792793,0.9879879879879879,0.8463463463463463,0.44394394394394393,0.948948948948949,0.8423423423423424,-1.567
0.005005005005005004,0.08808808808808809,0.9489489489489489,1.0,0.5675675675675675,0.45795795795795796,0.512012012012012,0.17767767767767767,0.6601601601601601,0.6726726726726726,0.22372372372372373,0.22972972972972971,0.011011011011011011,0.1896896896896897,0.4089089089089089,0.31481481481481477,0.9769769769769769,0.8923923923923924,0.29729729729729726,0.6331331331331331,0.7467467467467468,-1.43
0.006006006006006006,0.08808808808808809,0.2707707707707708,1.0,0.7487487487487487,0.4039039039039039,0.33033033033033027,0.43093093093093093,0.6406406406406406,0.7967967967967968,0.1016016016016016,0.6766766766766767,0.7647647647647647,0.07007007007007007,0.8908908908908909,0.8848848848848849,0.8848848848848849,0.6896896896896897,0.6241241241241241,0.7257257257257257,0.549049049049049,-1.605
0.007007007007007007,0.13963963963963966,0.49549549549549554,1.0,0.2642642642642643,0.4069069069069069,0.3758758758758759,0.6091091091091092,0.5640640640640641,0.07307307307307308,0.3913913913913914,0.04904904904904905,0.014014014014014014,0.21921921921921922,0.49799799799799804,0.8323323323323324,0.995995995995996,0.8823823823823824,0.6171171171171171,0.12912912912912913,0.6391391391391392,-1.295
0.008008008008008008,0.4069069069069069,0.47147147147147145,1.0,0.6861861861861862,0.7952952952952952,0.8188188188188188,0.2842842842842843,0.2502502502502503,0.7387387387387387,0.8738738738738738,0.5875875875875876,0.24724724724724725,0.6886886886886887,0.44244244244244246,0.08508508508508508,0.9369369369369369,0.8048048048048048,0.3138138138138138,0.7597597597597597,0.08608608608608609,-1.435
0.009009009009009009,0.03203203203203203,0.985985985985986,1.0,0.29229229229229226,0.07557557557557558,0.5455455455455456,0.505005005005005,0.8898898898898899,0.2822822822822823,0.9109109109109109,0.07807807807807808,0.04804804804804805,0.13513513513513514,0.2907907907907908,0.1866866866866867,0.973973973973974,0.9729729729729732,0.7202202202202201,0.22322322322322322,0.545045045045045,-1.03
0.010010010010010008,0.08308308308308308,0.2802802802802803,1.0,0.46446446446446454,0.038538538538538544,0.565065065065065,0.13513513513513514,0.9419419419419419,0.474974974974975,0.3028028028028028,0.03653653653653653,0.0,0.04004004004004004,0.34234234234234234,0.1046046046046046,0.992992992992993,0.996996996996997,0.42992992992992995,0.1891891891891892,0.5755755755755756,-1.231
0.011011011011011011,0.03303303303303303,0.933933933933934,1.0,0.2462462462462463,0.33183183183183185,0.474974974974975,0.2732732732732733,0.3948948948948949,0.3838838838838839,0.3743743743743744,0.35735735735735735,0.20370370370370372,0.7882882882882882,0.1866866866866867,0.08758758758758758,0.8358358358358358,0.506006006006006,0.27127127127127126,0.44644644644644643,0.5885885885885886,-1.302
0.012012012012012012,0.004004004004004004,0.9349349349349346,1.0,0.024024024024024024,0.12412412412412413,0.09509509509509509,0.3768768768768769,0.6281281281281281,0.04654654654654655,0.49549549549549554,0.05205205205205205,0.504004004004004,0.002002002002002002,0.1866866866866867,0.8868868868868869,0.8663663663663663,0.4014014014014014,0.9224224224224224,0.3723723723723724,0.933933933933934,-1.535
0.013013013013013013,0.0960960960960961,0.3153153153153153,1.0,0.4204204204204204,0.24474474474474472,0.018018018018018018,0.07057057057057056,0.8198198198198198,0.9649649649649652,0.07957957957957959,0.8558558558558559,0.8478478478478478,0.3673673673673674,0.6826826826826827,0.9164164164164164,0.8978978978978979,0.0985985985985986,0.6086086086086087,0.8678678678678678,0.957957957957958,-1.506
0.014014014014014014,0.2172172172172172,0.48948948948948945,1.0,0.6726726726726726,0.2952952952952953,0.6786786786786787,0.2752752752752753,0.39039039039039036,0.5445445445445446,0.08308308308308308,0.2327327327327327,0.2962962962962963,0.28678678678678676,0.6896896896896897,0.36436436436436437,0.9304304304304305,0.6111111111111112,0.7962962962962963,0.2962962962962963,0.3838838838838839,-1.204
0.015015015015015015,0.007007007007007007,0.993993993993994,1.0,0.06406406406406406,0.8058058058058057,0.07707707707707707,0.2877877877877878,0.24674674674674674,0.26326326326326327,0.1831831831831832,0.04504504504504503,0.05105105105105105,0.03903903903903904,0.023023023023023025,0.026026026026026026,0.960960960960961,0.7547547547547547,0.5730730730730731,0.6411411411411412,0.96996996996997,-1.523
0.016016016016016016,0.023523523523523524,0.9489489489489489,1.0,0.24924924924924924,0.6536536536536537,0.14514514514514515,0.1111111111111111,0.24174174174174173,0.97997997997998,0.7492492492492493,0.8623623623623624,0.16916916916916916,0.7307307307307307,0.22572572572572572,0.35285285285285284,0.97997997997998,0.7342342342342343,0.8863863863863863,0.968968968968969,0.8578578578578575,-1.316
0.01701701701701702,0.03903903903903904,0.9894894894894894,1.0,0.7127127127127126,0.15415415415415415,0.46696696696696693,0.8308308308308309,0.948948948948949,0.10710710710710711,0.7852852852852852,0.3688688688688689,0.07107107107107107,0.001001001001001001,0.5265265265265265,0.3313313313313313,0.965965965965966,0.7812812812812813,0.5785785785785786,0.057057057057057055,0.6486486486486487,-1.372
0.018018018018018018,0.10560560560560561,0.6041041041041041,1.0,0.46696696696696693,0.20870870870870872,0.11411411411411411,0.1881881881881882,0.983983983983984,0.7012012012012012,0.3743743743743744,0.1691691691691692,0.19269269269269268,0.4754754754754755,0.24824824824824826,0.10810810810810811,0.928928928928929,0.8208208208208209,0.43493493493493496,0.7547547547547548,0.7117117117117118,-1.429
0.01901901901901902,0.2827827827827828,0.957957957957958,1.0,0.5705705705705706,0.32982982982982983,0.98998998998999,0.2752752752752753,0.5045045045045045,0.06506506506506507,0.8558558558558559,0.4019019019019019,0.050050050050050046,0.07907907907907907,0.6661661661661662,0.4339339339339339,0.988988988988989,0.7632632632632632,0.34784784784784784,0.04704704704704705,0.10510510510510511,-0.859
0.020020020020020016,0.0920920920920921,0.23473473473473472,1.0,0.08758758758758758,0.8808808808808809,0.44144144144144143,0.05305305305305305,0.1041041041041041,0.96996996996997,0.5245245245245245,0.7902902902902902,0.8218218218218218,0.7387387387387387,0.7802802802802803,0.93993993993994,0.9324324324324325,0.7742742742742743,0.6506506506506506,0.9729729729729729,0.8493493493493494,-1.349
0.021021021021021023,0.25175175175175174,0.515015015015015,1.0,0.8123123123123124,0.23523523523523523,0.493993993993994,0.26376376376376376,0.7717717717717718,0.8828828828828829,0.9284284284284283,0.7737737737737738,0.3608608608608609,0.3253253253253253,0.7627627627627628,0.7657657657657657,0.970970970970971,0.9129129129129129,0.6406406406406406,0.6211211211211212,0.33433433433433435,-1.174
0.022022022022022022,0.018018018018018018,0.7202202202202201,1.0,0.0920920920920921,0.42992992992992995,0.1066066066066066,0.001001001001001001,0.33983983983983984,1.0,0.33333333333333337,0.8448448448448449,0.7022022022022022,0.43493493493493496,0.36286286286286284,0.9164164164164164,0.9619619619619619,0.3823823823823824,0.9569569569569569,1.0,0.972972972972973,-1.498
0.023023023023023025,0.43793793793793795,0.6816816816816818,1.0,0.8923923923923924,0.8333333333333333,0.6101101101101101,0.4054054054054054,0.3998998998998999,0.8278278278278277,0.49549549549549554,0.7887887887887888,0.3338338338338338,0.25375375375375375,0.7802802802802803,0.8093093093093093,0.8888888888888888,0.5010010010010011,0.08508508508508508,0.7307307307307302,0.31581581581581586,-1.61
0.024024024024024024,0.015515515515515516,0.9819819819819819,1.0,0.2982982982982983,0.7797797797797797,0.10510510510510511,0.24424424424424424,0.8323323323323324,0.3063063063063063,0.8378378378378378,0.5380380380380381,0.01001001001001001,0.10960960960960961,0.08508508508508508,0.32082082082082086,0.9819819819819819,0.7417417417417418,0.02052052052052052,0.34634634634634637,0.6541541541541542,-1.286
0.025025025025025023,0.005005005005005005,0.36186186186186187,1.0,0.3813813813813814,0.9064064064064064,0.024024024024024024,0.06506506506506507,0.7757757757757757,0.9479479479479478,0.22572572572572575,0.15915915915915915,0.03653653653653653,0.09759759759759759,0.06506506506506507,0.060560560560560556,0.9039039039039038,0.928928928928929,0.35185185185185186,0.953953953953954,0.8008008008008007,-1.527
0.026026026026026026,0.02702702702702704,0.990990990990991,1.0,0.531031031031031,0.45795795795795796,0.17567567567567566,0.7187187187187187,0.5440440440440439,0.5055055055055055,0.4044044044044044,0.4674674674674675,0.28728728728728725,0.13713713713713713,0.6336336336336337,0.8563563563563563,0.8428428428428428,0.8118118118118118,0.5925925925925926,0.3073073073073073,0.484984984984985,-1.44
0.027027027027027032,0.022022022022022022,0.0940940940940941,1.0,0.3698698698698699,0.991991991991992,0.08408408408408408,0.43743743743743746,0.12112112112112113,0.998998998998999,0.1856856856856857,0.6166166166166166,0.015015015015015015,0.2032032032032032,0.10510510510510511,0.2032032032032032,0.993993993993994,0.9379379379379378,0.8093093093093093,0.9819819819819819,0.938938938938939,-1.33
0.028028028028028028,0.0985985985985986,0.5285285285285285,1.0,0.32732732732732733,0.09309309309309309,0.03303303303303303,0.14114114114114112,0.991991991991992,0.04804804804804805,0.2727727727727728,0.12312312312312314,0.34984984984984985,0.004004004004004004,0.37287287287287285,0.3993993993993994,0.8618618618618619,0.49549549549549554,0.17617617617617617,0.15665665665665668,0.6301301301301301,-1.417
0.02902902902902903,0.013013013013013013,0.9269269269269269,1.0,0.12512512512512514,0.4774774774774775,0.5255255255255256,0.06106106106106106,0.15265265265265265,0.85985985985986,0.9204204204204205,0.8738738738738738,0.031031031031031032,0.7432432432432432,0.21871871871871873,0.24074074074074076,0.9779779779779779,0.8628628628628628,0.9254254254254255,0.8823823823823824,0.3933933933933934,-1.313
0.03003003003003003,0.0890890890890891,0.5560560560560561,1.0,0.3853853853853853,0.5330330330330331,0.5940940940940941,0.026026026026026026,0.3563563563563563,0.7507507507507507,0.7452452452452453,0.1906906906906907,0.06756756756756757,0.17067067067067065,0.13413413413413414,0.3968968968968969,0.975975975975976,0.8158158158158157,0.4904904904904905,0.7282282282282282,0.5410410410410411,-1.519
0.031031031031031032,0.003003003003003003,0.9524524524524525,1.0,0.05105105105105105,0.5045045045045045,0.4089089089089089,0.062062062062062065,0.45995995995996,0.7987987987987988,0.4554554554554554,0.6436436436436437,0.13063063063063063,0.36036036036036034,0.03803803803803804,0.07207207207207207,0.9004004004004005,0.3898898898898899,0.8843843843843844,0.8978978978978979,0.8868868868868869,-1.435
0.03203203203203203,0.025025025025025023,0.9049049049049049,1.0,0.4574574574574575,0.9359359359359359,0.08008008008008008,0.3938938938938939,0.1061061061061061,0.9249249249249251,0.20870870870870872,0.8363363363363363,0.6481481481481481,0.3983983983983984,0.2942942942942943,0.16166166166166168,0.9019019019019019,0.0940940940940941,0.2157157157157157,0.973973973973974,0.6996996996996997,-1.83
0.03303303303303303,0.06556556556556556,0.5315315315315315,1.0,0.1931931931931932,0.5635635635635635,0.17917917917917928,0.23823823823823825,0.7417417417417418,0.5395395395395395,0.8153153153153153,0.2937937937937938,0.14114114114114115,0.4139139139139139,0.2172172172172172,0.07457457457457457,0.9719719719719719,0.8253253253253253,0.23473473473473472,0.4674674674674675,0.7117117117117118,-1.421
0.03403403403403404,0.03003003003003003,1.0,1.0,0.4054054054054054,0.24474474474474472,0.07507507507507508,0.5610610610610611,0.7857857857857862,0.3898898898898899,0.09809809809809811,0.6081081081081081,0.5685685685685685,0.25125125125125125,0.2832832832832833,0.1691691691691692,0.6556556556556556,0.04804804804804805,0.2677677677677678,0.47097097097097096,0.9214214214214214,-1.514
0.035035035035035036,0.011011011011011011,0.996996996996997,1.0,0.15165165165165168,0.8103103103103103,0.1981981981981982,0.35785785785785784,0.3303303303303303,0.21621621621621623,0.06006006006006006,0.08358358358358359,0.027527527527527528,0.03003003003003003,0.05655655655655656,0.6686686686686687,0.991991991991992,0.5230230230230231,0.6556556556556556,0.5585585585585585,0.92992992992993,-1.631
0.036036036036036036,0.3153153153153153,0.1941941941941942,1.0,0.9279279279279279,0.2732732732732733,0.9009009009009009,0.014014014014014014,0.4164164164164164,0.91991991991992,0.04104104104104104,0.6886886886886887,0.3228228228228228,0.15815815815815815,0.9669669669669669,0.923923923923924,0.983983983983984,0.27627627627627627,0.5730730730730731,0.6236236236236237,0.31931931931931934,-1.202
0.037037037037037035,0.40140140140140135,0.32732732732732733,1.0,0.7882882882882882,0.6041041041041041,0.7792792792792793,0.2907907907907908,0.7887887887887888,0.3583583583583584,0.25825825825825827,0.24324324324324326,0.13713713713713713,0.01901901901901902,0.6181181181181181,0.6561561561561562,0.957957957957958,0.7377377377377378,0.487987987987988,0.17467467467467468,0.2127127127127127,-1.102
0.03803803803803804,0.009009009009009009,0.9879879879879879,1.0,0.08008008008008005,0.6006006006006006,0.24774774774774777,0.8583583583583583,0.4744744744744745,0.014014014014014014,0.7257257257257257,0.06756756756756757,0.02102102102102102,0.022022022022022022,0.0920920920920921,0.33733733733733734,0.96996996996997,0.8608608608608609,0.40740740740740744,0.056056056056056056,0.6036036036036037,-1.351
0.03903903903903904,0.0970970970970971,0.3153153153153153,1.0,0.23873873873873874,0.6511511511511512,0.8038038038038038,0.01901901901901902,0.1086086086086086,0.5365365365365365,0.7157157157157157,0.36736736736736736,0.26626626626626626,0.7162162162162162,0.21421421421421422,0.21671671671671672,0.9054054054054055,0.5605605605605606,0.28728728728728725,0.7877877877877878,0.4344344344344344,-1.609
0.04004004004004003,0.15515515515515516,0.7717717717717718,1.0,0.8103103103103103,0.6276276276276276,0.3113113113113113,0.8318318318318318,0.7432432432432432,0.8678678678678678,0.1856856856856857,0.6716716716716716,0.552052052052052,0.34034034034034033,0.9259259259259259,0.8703703703703705,0.8848848848848849,0.37637637637637633,0.37787787787787785,0.6891891891891893,0.8048048048048049,-1.593
0.041041041041041046,0.0,0.993993993993994,1.0,0.19119119119119118,0.5075075075075075,0.05755755755755755,0.16266266266266266,0.6946946946946947,0.92992992992993,0.07957957957957959,0.4164164164164164,0.15315315315315314,0.05405405405405406,0.32682682682682684,0.6796796796796797,0.9219219219219219,0.6421421421421422,0.4134134134134134,0.9584584584584585,0.9444444444444444,-1.51
0.042042042042042045,0.06806806806806806,0.7942942942942943,1.0,0.3698698698698699,0.2552552552552553,0.21521521521521522,0.5460460460460461,0.8843843843843844,0.4364364364364364,0.6816816816816818,0.19519519519519518,0.04454454454454454,0.11461461461461461,0.2322322322322323,0.3358358358358358,0.9054054054054055,0.93993993993994,0.45595595595595595,0.3858858858858859,0.5940940940940941,-1.275
0.043043043043043044,0.008008008008008008,0.950950950950951,1.0,0.30430430430430433,0.22872872872872874,0.2502502502502503,0.5165165165165165,0.9114114114114114,0.17317317317317316,0.13313313313313313,0.003003003003003003,0.006006006006006006,0.013013013013013013,0.07807807807807808,0.056056056056056056,0.997997997997998,0.9554554554554555,0.5615615615615616,0.12612612612612611,0.7017017017017017,-1.22
0.044044044044044044,0.11161161161161161,0.2097097097097097,1.0,0.14014014014014015,0.6421421421421422,0.3553553553553552,0.023023023023023025,0.26226226226226224,0.7977977977977978,0.492992992992993,0.4319319319319319,0.7112112112112112,0.3188188188188188,0.27877877877877877,0.12062062062062062,0.8938938938938938,0.5275275275275275,0.16616616616616617,0.9584584584584585,0.8238238238238238,-1.717
0.045045045045045036,0.015515515515515516,0.6591591591591592,1.0,0.14014014014014015,0.13113113113113112,0.03403403403403403,0.21121121121121122,0.8323323323323324,0.6831831831831832,0.13763763763763764,0.14764764764764765,0.11961961961961962,0.4304304304304304,0.44844844844844844,0.468968968968969,0.9749749749749748,0.7557557557557557,0.6606606606606606,0.6916916916916916,0.9679679679679679,-1.441
0.04604604604604605,0.026026026026026026,0.8708708708708708,1.0,0.27877877877877877,0.6496496496496497,0.06306306306306306,0.6036036036036037,0.4814814814814815,0.2907907907907908,0.7087087087087087,0.37737737737737737,0.04104104104104104,0.4394394394394394,0.15615615615615616,0.8013013013013013,0.990990990990991,0.8443443443443444,0.22422422422422422,0.3083083083083083,0.7767767767767768,-1.441
0.04704704704704705,0.041041041041041046,0.9444444444444444,1.0,0.023023023023023025,0.5460460460460461,0.6266266266266266,0.6436436436436437,0.32432432432432434,0.16566566566566565,0.6861861861861862,0.23423423423423423,0.3298298298298298,0.6071071071071071,0.08408408408408408,0.1981981981981982,0.8053053053053053,0.3198198198198198,0.9104104104104105,0.4814814814814815,0.9249249249249252,-1.5
0.04804804804804805,0.002002002002002002,0.997997997997998,1.0,0.3608608608608609,0.7837837837837838,0.08208208208208209,0.06406406406406406,0.7667667667667668,0.8818818818818819,0.6746746746746747,0.9469469469469469,0.7457457457457457,0.6201201201201201,0.16016016016016016,0.4754754754754755,0.25325325325325326,0.022022022022022022,0.8893893893893894,0.9409409409409409,0.8423423423423424,-1.576
0.04904904904904905,0.43543543543543545,0.2682682682682682,1.0,0.4079079079079079,0.8988988988988988,0.7092092092092093,0.025025025025025023,0.02002002002002002,0.953953953953954,0.24874874874874875,0.7052052052052051,0.013013013013013013,0.8928928928928929,0.7232232232232232,0.16566566566566565,0.998998998998999,0.9749749749749748,0.05655655655655656,0.9669669669669669,0.4094094094094094,-1.424
0.050050050050050046,0.031031031031031032,0.5590590590590591,1.0,0.013013013013013013,0.5775775775775776,0.3153153153153153,0.16116116116116116,0.5915915915915916,0.21921921921921922,0.7452452452452453,0.014514514514514514,0.001001001001001001,0.12462462462462463,0.005005005005005005,0.037037037037037035,0.9729729729729751,1.0,0.6826826826826826,0.4744744744744745,0.8133133133133132,-1.364
0.05105105105105105,0.2877877877877878,0.4264264264264264,1.0,0.8348348348348348,0.20870870870870872,0.46696696696696693,0.6646646646646647,0.7957957957957962,0.4239239239239239,0.24874874874874875,0.23923923923923923,0.19269269269269268,0.05205205205205205,0.8538538538538538,0.9569569569569569,0.984984984984985,0.7292292292292293,0.7302302302302301,0.1991991991991992,0.38038038038038036,-1.293
0.05205205205205205,0.05105105105105105,0.4579579579579579,1.0,0.5805805805805806,0.16816816816816815,0.5615615615615616,0.23573573573573575,0.45695695695695693,0.7102102102102101,0.22872872872872874,0.7317317317317318,0.14214214214214213,0.7452452452452452,0.47047047047047047,0.5075075075075075,0.9154154154154155,0.572072072072072,0.5730730730730731,0.5375375375375375,0.5075075075075075,-1.41
0.05305305305305305,0.036036036036036036,0.4189189189189189,1.0,0.047547547547547545,0.009009009009009009,0.2782782782782783,0.05055055055055055,0.96996996996997,0.3008008008008008,0.38788788788788786,0.18218218218218218,0.035035035035035036,0.46096096096096095,0.04804804804804805,0.055055055055055056,0.980980980980981,0.6786786786786787,0.997997997997998,0.43593593593593594,0.9429429429429429,-1.385
0.054054054054054064,0.001001001001001001,0.984984984984985,1.0,0.01901901901901902,0.04704704704704705,0.03053053053053053,0.028028028028028028,0.975975975975976,0.39539539539539537,0.13763763763763764,0.22072072072072074,0.5,0.6071071071071071,0.16716716716716717,0.15615615615615616,0.4514514514514515,0.3078078078078078,0.9514514514514514,0.7502502502502503,0.9369369369369369,-1.463
0.055055055055055056,0.006006006006006006,0.7827827827827828,1.0,0.08558558558558559,0.8713713713713713,0.07807807807807808,0.8558558558558559,0.5930930930930931,0.4344344344344344,0.2952952952952953,0.022022022022022022,0.06356356356356356,0.025025025025025023,0.008008008008008008,0.42742742742742745,0.9069069069069069,0.9429429429429429,0.6981981981981982,0.38038038038038036,0.978978978978979,-1.513
0.056056056056056056,0.01901901901901902,0.8998998998998999,1.0,0.39139139139139134,0.492992992992993,0.15915915915915915,0.5505505505505506,0.6406406406406406,0.27877877877877877,0.6316316316316316,0.5405405405405406,0.6586586586586587,0.01051051051051051,0.33333333333333337,0.6291291291291291,0.6076076076076076,0.12562562562562563,0.7302302302302301,0.44294294294294295,0.6911911911911912,-1.57
0.057057057057057055,0.014014014014014014,0.953953953953954,1.0,0.515015015015015,0.02102102102102102,0.11511511511511512,0.0985985985985986,0.93993993993994,0.7597597597597597,0.13113113113113112,0.7207207207207207,0.44344344344344344,0.24524524524524524,0.7582582582582582,0.7767767767767768,0.978978978978979,0.13413413413413414,0.9494494494494494,0.36786786786786785,0.7587587587587588,-1.099
0.05805805805805806,0.05905905905905906,0.1941941941941942,1.0,0.7487487487487487,0.002002002002002002,0.2182182182182182,0.94994994994995,1.0,0.002002002002002002,0.5555555555555556,0.004004004004004004,0.004004004004004004,0.05905905905905906,0.487987987987988,0.05305305305305305,0.98998998998999,0.998998998998999,0.996996996996997,0.0,0.5560560560560561,-0.971
0.05905905905905907,0.3063063063063063,0.1041041041041041,1.0,0.8053053053053053,0.5830830830830831,0.7942942942942943,0.42742742742742745,0.5110110110110111,0.52002002002002,0.7592592592592593,0.3583583583583584,0.008008008008008008,0.18468468468468469,0.8083083083083082,0.8613613613613613,0.996996996996997,0.997997997997998,0.007007007007007007,0.3283283283283283,0.11211211211211211,-1.166
0.06006006006006006,0.09109109109109109,0.549049049049049,1.0,0.1981981981981982,0.8918918918918919,0.532032032032032,0.06606606606606606,0.26676676676676675,0.5395395395395395,0.6601601601601601,0.055055055055055056,0.03803803803803804,0.19269269269269268,0.1011011011011011,0.4964964964964965,0.986986986986987,0.8253253253253253,0.25225225225225223,0.6796796796796797,0.46796796796796797,-1.114
0.06106106106106106,0.021021021021021075,0.6446446446446445,1.0,0.059559559559559556,0.03403403403403403,0.45795795795795796,0.0,0.960960960960961,0.6576576576576576,0.5485485485485486,0.02102102102102102,0.003003003003003003,0.018018018018018018,0.02102102102102102,0.2097097097097097,0.9949949949949946,0.965965965965966,0.9794794794794794,0.7617617617617618,0.5925925925925926,-1.367
0.062062062062062065,0.028028028028028028,0.8423423423423424,1.0,0.17417417417417422,0.4159159159159159,0.2032032032032032,0.17267267267267267,0.3933933933933934,0.8003003003003002,0.45095095095095095,0.33133133133133136,0.34234234234234234,0.1681681681681682,0.25325325325325326,0.32432432432432434,0.478978978978979,0.7697697697697697,0.974974974974975,0.9304304304304305,0.986986986986987,-1.673
0.06306306306306307,0.0985985985985986,0.7482482482482482,1.0,0.7037037037037037,0.12012012012012012,0.4844844844844845,0.2607607607607607,0.6706706706706707,0.7377377377377377,0.6926926926926926,0.7617617617617618,0.24574574574574576,0.24524524524524524,0.7032032032032032,0.30680680680680683,0.8768768768768769,0.6821821821821822,0.47947947947947944,0.56006006006006,0.2792792792792793,-1.232
0.06406406406406406,0.017017017017017015,0.8708708708708708,1.0,0.27877877877877877,0.17217217217217218,0.043043043043043044,0.2932932932932933,0.9459459459459459,0.11711711711711711,0.001001001001001001,0.0,0.23723723723723722,0.006006006006006006,0.12562562562562563,0.2262262262262263,0.5785785785785786,0.3943943943943944,0.547047047047047,0.45795795795795796,0.9414414414414414,-1.432
0.06506506506506507,0.7237237237237237,0.8178178178178178,0.0,0.8988988988988988,0.1831831831831832,0.6896896896896897,0.6931931931931932,0.6736736736736737,0.2077077077077077,0.24224224224224225,0.5035035035035035,0.8533533533533533,0.3088088088088088,0.9589589589589589,0.9049049049049049,0.3188188188188188,0.23773773773773774,0.4179179179179179,0.0970970970970971,0.4184184184184184,-1.302
0.06606606606606606,0.7667667667667668,0.01901901901901902,0.0,0.6761761761761762,0.16266266266266266,0.512012012012012,0.541041041041041,0.8508508508508509,0.2857857857857858,0.34434434434434436,0.26976976976976974,0.5545545545545545,0.18468468468468469,0.5615615615615616,0.8298298298298298,0.5055055055055055,0.7657657657657657,0.7512512512512513,0.16316316316316315,0.3708708708708709,-1.444
0.06706706706706707,0.38288288288288286,0.7882882882882882,0.0,0.25875875875875876,0.5955955955955956,0.3048048048048048,0.5975975975975976,0.4244244244244244,0.025025025025025023,0.16816816816816815,0.031031031031031032,0.23423423423423423,0.23623623623623627,0.14564564564564564,0.17617617617617617,0.08508508508508508,0.513013013013013,0.5865865865865866,0.19569569569569567,0.6806806806806805,-1.542
0.06806806806806807,0.8963963963963963,0.9784784784784785,0.0,0.5505505505505506,0.93993993993994,0.8698698698698699,0.3253253253253253,0.04804804804804805,0.19119119119119118,0.6861861861861862,0.3948948948948949,0.14364364364364363,0.5125125125125125,0.4914914914914915,0.9019019019019019,0.2707707707707708,0.3898898898898899,0.002002002002002002,0.7397397397397397,0.38038038038038036,-1.72
0.06906906906906907,0.31731731731731727,0.6906906906906907,0.0,0.04454454454454454,0.542042042042042,0.21921921921921922,0.33933933933933935,0.24674674674674674,0.33033033033033027,0.48598598598598597,0.1906906906906907,0.23023023023023023,0.6146146146146145,0.2022022022022022,0.8643643643643644,0.5235235235235235,0.7922922922922924,0.8093093093093093,0.38738738738738737,0.8963963963963963,-1.518
0.07007007007007007,0.8198198198198198,0.21171171171171171,0.0,0.6536536536536537,0.16466466466466467,0.33933933933933935,0.17067067067067065,0.8828828828828829,0.9449449449449451,0.27877877877877877,0.42592592592592593,0.4629629629629629,0.8513513513513513,0.5415415415415415,0.5290290290290289,0.5940940940940941,0.8588588588588588,0.5205205205205206,0.6761761761761762,0.5385385385385385,-1.306
0.07107107107107107,0.8698698698698699,0.08008008008008008,0.0,0.8463463463463463,0.7877877877877876,0.8038038038038038,0.9604604604604605,0.4164164164164164,0.27877877877877877,0.5745745745745746,0.36236236236236236,0.7272272272272272,0.6806806806806807,0.5785785785785786,0.468968968968969,0.3038038038038038,0.6311311311311312,0.7532532532532532,0.5375375375375375,0.33083083083083087,-1.632
0.07207207207207207,0.5380380380380381,0.6341341341341341,0.0,0.24774774774774777,0.7677677677677678,0.7392392392392393,0.14464464464464466,0.0990990990990991,0.7427427427427428,0.6641641641641642,0.4219219219219219,0.3338338338338338,0.6566566566566566,0.2222222222222222,0.38638638638638634,0.2832832832832833,0.7227227227227226,0.8923923923923924,0.7447447447447447,0.5205205205205206,-1.321
0.07307307307307308,0.91991991991992,0.6741741741741742,0.0,0.8693693693693694,0.47947947947947944,0.7562562562562563,0.7792792792792793,0.7067067067067067,0.1966966966966967,0.9504504504504505,0.9459459459459459,0.9419419419419419,0.9104104104104105,0.918918918918919,0.6536536536536537,0.29979979979979976,0.10010010010010009,0.03753753753753754,0.16416416416416416,0.04254254254254254,-1.362
0.07407407407407407,0.5740740740740741,0.13613613613613615,0.0,0.6616616616616616,0.5785785785785785,0.7757757757757757,0.9369369369369369,0.33183183183183185,0.2857857857857858,0.8063063063063063,0.5135135135135135,0.37537537537537535,0.37537537537537535,0.38238238238238237,0.7327327327327328,0.2857857857857858,0.7977977977977976,0.8723723723723724,0.26226226226226224,0.1841841841841842,-1.436
0.07507507507507508,0.577077077077077,0.36936936936936937,0.0,0.4454454454454454,0.9224224224224224,0.6316316316316316,0.7017017017017017,0.024024024024024024,0.7452452452452452,0.28478478478478475,0.577077077077077,0.4864864864864865,0.34434434434434436,0.47047047047047047,0.5930930930930931,0.6581581581581581,0.5630630630630631,0.1981981981981982,0.7737737737737738,0.8088088088088088,-1.559
0.07607607607607608,0.10810810810810816,0.91991991991992,0.0,0.05205205205205205,0.11811811811811812,0.011011011011011011,0.2607607607607607,0.8508508508508509,0.7732732732732732,0.10760760760760761,0.4994994994994995,0.993993993993994,0.5355355355355356,0.17067067067067065,0.38238238238238237,0.002002002002002002,0.03803803803803804,0.993993993993994,0.8408408408408409,0.9769769769769769,-1.802
0.07707707707707707,0.23523523523523523,0.991991991991992,0.0,0.3968968968968969,0.7007007007007007,0.11211211211211211,0.7082082082082082,0.477977977977978,0.24474474474474472,0.03003003003003003,0.08158158158158157,0.7322322322322322,0.15015015015015015,0.494994994994995,0.8108108108108109,0.11461461461461461,0.12912912912912913,0.5510510510510511,0.2732732732732733,0.9169169169169169,-1.548
0.07807807807807808,0.607107107107107,0.48348348348348347,0.0,0.9159159159159159,0.6886886886886887,0.41541541541541543,0.8483483483483483,0.23173173173173173,0.5015015015015015,0.14564564564564564,0.8038038038038038,0.3558558558558559,0.3843843843843844,0.6741741741741742,0.7697697697697697,0.7707707707707707,0.14664664664664664,0.4854854854854855,0.21021021021021022,0.44394394394394393,-1.334
0.07907907907907907,0.15165165165165168,0.8843843843843844,0.0,0.1648314981648315,0.9579579579579575,0.1946946946946947,0.7377377377377377,0.06806806806806806,0.5145145145145145,0.8663663663663663,0.5900900900900901,0.5160160160160161,0.8873873873873874,0.22572572572572572,0.2792792792792793,0.2817817817817818,0.4144144144144144,0.40740740740740744,0.8728728728728729,0.7697697697697697,-1.714
0.08008008008008007,0.40540540540540543,0.5770770770770771,0.0,0.6556556556556556,0.04054054054054054,0.4544544544544544,0.6016016016016016,0.954954954954955,0.24474474474474472,0.04654654654654655,0.4019019019019019,0.6616616616616616,0.3313313313313313,0.5395395395395395,0.38238238238238237,0.044044044044044044,0.15615615615615616,0.8608608608608609,0.32232232232232233,0.6571571571571572,-1.519
0.08108108108108109,0.5225225225225225,0.7787787787787788,0.0,0.21171171171171171,0.3818818818818819,0.6316316316316316,0.33333333333333337,0.577077077077077,0.14614614614614613,0.4119119119119119,0.5175175175175175,0.7932932932932932,0.7822822822822824,0.11761761761761762,0.022022022022022022,0.2917917917917918,0.15065065065065064,0.27727727727727725,0.45995995995996,0.567067067067067,-1.6
0.08208208208208209,0.567067067067067,0.2097097097097097,0.0,0.8693693693693694,0.6306306306306306,0.44594594594594594,0.4554554554554554,0.36286286286286284,0.9009009009009009,0.41791791791791794,0.6636636636636637,0.6481481481481481,0.5665665665665666,0.7032032032032032,0.8033033033033032,0.3358358358358358,0.7377377377377378,0.22072072072072071,0.5915915915915916,0.27627627627627627,-1.456
0.08308308308308308,0.4404404404404404,0.46596596596596596,0.0,0.3888888888888889,0.7397397397397397,0.36436436436436437,0.34934934934934936,0.35985985985985985,0.8048048048048048,0.507007007007007,0.3788788788788789,0.2222222222222222,0.6946946946946947,0.27877877877877877,0.45345345345345345,0.5940940940940941,0.7597597597597597,0.40740740740740744,0.7547547547547548,0.484984984984985,-1.479
0.08408408408408409,0.9779779779779779,0.36936936936936937,0.0,0.968968968968969,0.12512512512512514,0.964964964964965,0.32932932932932935,0.9089089089089089,0.8198198198198198,0.9204204204204205,0.943943943943944,0.5775775775775776,0.6251251251251251,0.9219219219219219,0.5005005005005005,0.5365365365365364,0.4044044044044044,0.34284284284284283,0.34234234234234234,0.03003003003003003,-1.229
0.08508508508508507,0.24824824824824826,0.9614614614614614,0.0,0.22122122122122123,0.7647647647647647,0.09109109109109109,0.6016016016016016,0.23323323323323322,0.6986986986986987,0.14564564564564564,0.3128128128128128,0.7367367367367368,0.22572572572572572,0.2867867867867868,0.8383383383383383,0.10810810810810811,0.25175175175175174,0.7752752752752753,0.974974974974975,0.9129129129129129,-1.943
0.08608608608608609,0.4404404404404404,0.47747747747747743,0.0,0.4289289289289289,0.542042042042042,0.31731731731731727,0.6626626626626626,0.2752752752752753,0.7542542542542543,0.24874874874874875,0.57007007007007,0.6636636636636637,0.3353353353353353,0.44494494494494496,0.5415415415415415,0.7687687687687688,0.3153153153153153,0.5615615615615616,0.6276276276276276,0.6911911911911912,-1.574
0.0870870870870871,0.8208208208208209,0.4854854854854855,0.0,0.8893893893893894,0.58008008008008,0.9569569569569569,0.3938938938938939,0.11211211211211211,0.7677677677677677,0.8478478478478477,0.998998998998999,0.7532532532532532,0.9949949949949946,0.8888888888888888,0.45595595595595595,0.6991991991991993,0.09559559559559559,0.14764764764764765,0.37737737737737737,0.04254254254254254,-1.124
0.08808808808808809,0.9229229229229229,0.13063063063063063,0.0,0.9179179179179178,0.960960960960961,0.7022022022022022,0.6991991991991993,0.03303303303303303,0.9059059059059059,0.9319319319319319,0.980980980980981,0.8193193193193193,0.7587587587587588,0.960960960960961,0.958958958958959,0.498998998998999,0.46146146146146144,0.003003003003003003,0.7547547547547548,0.026026026026026026,-1.294
0.0890890890890891,0.5015015015015015,0.8798798798798799,0.0,0.9579579579579579,0.09559559559559559,0.6896896896896897,0.96996996996997,0.9629629629629629,0.006006006006006006,0.6296296296296297,0.2937937937937938,0.3098098098098098,0.3563563563563563,0.8243243243243243,0.21671671671671672,0.6556556556556556,0.46146146146146144,0.24824824824824826,0.003003003003003003,0.0915915915915916,-1.225
0.09009009009009007,0.2827827827827828,0.6576576576576576,0.0,0.4339339339339339,0.39139139139139134,0.7547547547547547,0.21121121121121122,0.28428428428428426,0.8538538538538538,0.953953953953954,0.8408408408408409,0.5775775775775776,0.7632632632632632,0.5495495495495495,0.5315315315315315,0.4039039039039039,0.44294294294294295,0.9794794794794794,0.7972972972972974,0.6786786786786787,-1.512
0.09109109109109109,0.7827827827827828,0.14464464464464463,0.0,0.8763763763763763,0.035035035035035036,0.6646646646646647,0.23373373373373374,0.9149149149149147,0.52002002002002,0.10010010010010009,0.40990990990990994,0.4379379379379379,0.5625625625625625,0.983983983983984,0.8263263263263263,0.9004004004004005,0.785785785785786,0.8663663663663663,0.41741741741741745,0.23823823823823825,-1.254
0.0920920920920921,0.2147147147147147,0.35285285285285284,0.0,0.18018018018018012,0.7777777777777776,0.2047047047047047,0.07057057057057056,0.26226226226226224,0.8518518518518519,0.3683683683683684,0.32182182182182184,0.37237237237237236,0.08108108108108109,0.05855855855855856,0.14464464464464466,0.6076076076076076,0.6486486486486487,0.9204204204204205,0.9479479479479478,0.8788788788788788,-1.598
0.09309309309309309,0.3733733733733734,0.8538538538538538,0.0,0.009009009009009009,0.9409409409409409,0.05905905905905917,0.1066066066066066,0.2097097097097097,0.6066066066066066,0.8018018018018018,0.5675675675675675,0.6566566566566566,0.8218218218218218,0.03203203203203203,0.17617617617617617,0.23023023023023023,0.468968968968969,0.07357357357357358,0.965965965965966,0.9079079079079077,-1.81
0.0940940940940941,0.12312312312312317,0.9614614614614614,0.0,0.0985985985985986,0.8443443443443444,0.05555555555555555,0.46646646646646645,0.3158158158158158,0.8128128128128128,0.06506506506506507,0.597097097097097,0.433933933933934,0.56006006006006,0.12062062062062062,0.4019019019019019,0.20020020020020018,0.2017017017017017,0.9179179179179178,0.963963963963964,0.960960960960961,-1.847
0.09509509509509508,0.15715715715715717,0.2707707707707708,0.0,0.23523523523523523,0.17917917917917917,0.3358358358358358,0.03903903903903904,0.6931931931931932,0.938938938938939,0.17567567567567566,0.48848848848848847,0.7272272272272272,0.2147147147147147,0.507007007007007,0.7832832832832832,0.6436436436436437,0.44494494494494496,0.932932932932933,0.8913913913913913,0.8088088088088088,-1.363
0.0960960960960961,0.23373373373373374,0.36186186186186187,0.0,0.04454454454454454,0.496996996996997,0.36436436436436437,0.22872872872872874,0.37237237237237236,0.8163163163163163,0.23773773773773774,0.7097097097097097,0.6956956956956957,0.6306306306306306,0.44494494494494496,0.9029029029029029,0.23823823823823823,0.1871871871871872,0.970970970970971,0.8583583583583583,0.9034034034034033,-1.659
0.0970970970970971,0.9359359359359359,0.07757757757757758,0.0,0.6281281281281281,0.14164164164164164,0.8623623623623624,0.4519519519519519,0.7432432432432432,0.24124124124124127,0.3053053053053053,0.5745745745745746,0.9519519519519519,0.9259259259259259,0.6611611611611612,0.6291291291291291,0.12862862862862862,0.08158158158158157,0.6366366366366366,0.29429429429429427,0.38638638638638634,-1.511
0.0980980980980981,0.5865865865865866,0.6446446446446445,0.0,0.473973973973974,0.35285285285285284,0.34934934934934936,0.9669669669669669,0.5795795795795796,0.23973973973973972,0.33733733733733734,0.4164164164164164,0.7082082082082082,0.09759759759759759,0.565065065065065,0.40990990990990994,0.5180180180180181,0.06206206206206206,0.6556556556556556,0.25375375375375375,0.7477477477477477,-1.602
0.0990990990990991,0.2502502502502503,0.2682682682682682,0.0,0.3533533533533534,0.1886886886886887,0.2072072072072072,0.36186186186186187,0.6751751751751751,0.6516516516516516,0.23373373373373374,0.7827827827827828,0.3983983983983984,0.9464464464464464,0.537037037037037,0.7152152152152151,0.6076076076076076,0.627127127127127,0.8328328328328328,0.5025025025025025,0.6456456456456456,-1.457
0.10010010010010009,0.14714714714714713,0.6651651651651651,0.0,0.46696696696696693,0.7477477477477478,0.23373373373373374,0.8158158158158159,0.4624624624624625,0.34934934934934936,0.7342342342342343,0.6946946946946947,0.8833833833833834,0.2702702702702703,0.3868868868868869,0.6796796796796797,0.3583583583583584,0.0985985985985986,0.5405405405405406,0.3338338338338338,0.34434434434434436,-1.417
0.1011011011011011,0.988988988988989,0.4419419419419419,0.0,0.958958958958959,0.9664664664664664,0.9029029029029029,0.14614614614614616,0.014014014014014014,0.997997997997998,0.4254254254254254,0.978978978978979,0.7982982982982982,0.9324324324324325,0.7887887887887888,0.5075075075075075,0.8338338338338338,0.18468468468468469,0.022022022022022022,0.9119119119119119,0.15115115115115116,-1.211
0.1021021021021021,0.9029029029029029,0.015015015015015015,0.0,0.8018018018018018,0.12762762762762764,0.7307307307307306,0.23123123123123127,0.9209209209209209,0.39289289289289286,0.503003003003003,0.38788788788788786,0.17017017017017017,0.3003003003003003,0.7677677677677677,0.5965965965965966,0.94994994994995,0.7482482482482482,0.10810810810810811,0.2072072072072072,0.13263263263263264,-1.183
0.1031031031031031,0.34684684684684686,0.3258258258258258,0.0,0.3868868868868869,0.8668668668668669,0.6546546546546547,0.7262262262262262,0.22422422422422422,0.6281281281281281,0.8838838838838838,0.5615615615615616,0.2832832832832833,0.6251251251251251,0.06956956956956957,0.009009009009009009,0.7522522522522523,0.6786786786786787,0.7962962962962963,0.5315315315315315,0.3783783783783784,-1.274
0.1041041041041041,0.985985985985986,0.34434434434434436,0.0,0.8763763763763763,0.45295295295295296,0.8428428428428428,0.8768768768768769,0.5885885885885886,0.13213213213213212,0.4119119119119119,0.18118118118118118,0.565065065065065,0.5060060060060061,0.98998998998999,0.9849849849849852,0.7097097097097097,0.9144144144144144,0.008508508508508508,0.06006006006006006,0.16316316316316315,-1.413
0.10510510510510511,0.16766766766766766,0.8868868868868869,0.0,0.1136136136136136,0.8998998998998999,0.1066066066066066,0.5505505505505506,0.11411411411411411,0.1981981981981982,0.33033033033033027,0.2677677677677678,0.6096096096096096,0.7632632632632632,0.1896896896896897,0.617117117117117,0.04904904904904905,0.14214214214214213,0.3138138138138138,0.8288288288288288,0.8763763763763763,-1.896
0.1061061061061061,0.7577577577577578,0.24074074074074076,0.0,0.7637637637637638,0.7342342342342343,0.6376376376376376,0.9164164164164164,0.7222222222222222,0.3613613613613614,0.41791791791791794,0.4119119119119119,0.1036036036036036,0.42342342342342343,0.6161161161161162,0.5505505505505506,0.8868868868868869,0.91991991991992,0.5730730730730731,0.14314314314314314,0.15865865865865864,-1.358
0.10710710710710711,0.4119119119119119,0.6341341341341341,0.0,0.2772772772772773,0.1871871871871872,0.6291291291291292,0.5505505505505506,0.8488488488488488,0.011011011011011011,0.7232232232232232,0.13513513513513514,0.1881881881881882,0.15665665665665668,0.25625625625625625,0.5900900900900901,0.5580580580580581,0.7292292292292293,0.8213213213213213,0.05455455455455456,0.2867867867867868,-1.306
0.10810810810810813,0.5195195195195195,0.5540540540540541,0.0,0.6941941941941943,0.3108108108108108,0.2862862862862863,0.7957957957957958,0.8748748748748748,0.637137137137137,0.5790790790790791,0.7687687687687688,0.34734734734734735,0.6631631631631631,0.6781781781781782,0.6741741741741742,0.7212212212212212,0.25875875875875876,0.5275275275275275,0.15315315315315314,0.5860860860860861,-1.33
0.1091091091091091,0.035035035035035036,0.8753753753753755,0.0,0.018018018018018018,0.8598598598598602,0.001001001001001001,0.19069069069069067,0.5990990990990991,0.2032032032032032,0.2132132132132132,0.21621621621621626,0.8793793793793794,0.44994994994994997,0.03953953953953954,0.4994994994994995,0.08308308308308308,0.08308308308308308,0.13213213213213212,0.8248248248248248,0.98998998998999,-1.857
0.11011011011011011,0.12912912912912913,0.5440440440440439,0.0,0.21521521521521522,0.6006006006006006,0.38738738738738737,0.49099099099099097,0.47097097097097096,0.26726726726726724,0.09559559559559559,0.11911911911911911,0.6536536536536537,0.2227227227227227,0.1781781781781782,0.45345345345345345,0.3128128128128128,0.6141141141141142,0.507007007007007,0.8838838838838838,0.9779779779779779,-2.068
0.1111111111111111,0.5515515515515516,0.44644644644644643,0.0,0.3968968968968969,0.5175175175175175,0.27377377377377377,0.02102102102102102,0.4044044044044044,0.934934934934935,0.5655655655655656,0.9629629629629629,0.6811811811811812,0.960960960960961,0.6536536536536537,0.38638638638638634,0.6236236236236237,0.14864864864864863,0.0940940940940941,0.9529529529529529,0.488988988988989,-1.458
0.11211211211211211,0.8523523523523524,0.8133133133133132,0.0,0.5075075075075075,0.5230230230230231,0.7832832832832832,0.6316316316316317,0.2502502502502503,0.3203203203203202,0.8378378378378378,0.36236236236236236,0.34984984984984985,0.6146146146146145,0.5745745745745746,0.31481481481481477,0.11911911911911911,0.506006006006006,0.41041041041041043,0.26626626626626626,0.06606606606606606,-1.371
0.11311311311311313,0.3203203203203203,0.48948948948948945,0.0,0.3188188188188188,0.043043043043043044,0.3463463463463463,0.6991991991991993,0.9469469469469469,0.041041041041041046,0.9584584584584585,0.45345345345345345,0.18518518518518517,0.44994994994994997,0.6031031031031031,0.6131131131131131,0.7722722722722724,0.8313313313313313,0.992992992992993,0.044044044044044044,0.47197197197197194,-1.234
0.11411411411411411,0.22522522522522523,0.5965965965965966,0.0,0.15465465465465467,0.5390390390390389,0.32332332332332336,0.5115115115115115,0.4814814814814815,0.5355355355355356,0.018518518518518517,0.1026026026026026,0.45995995995996,0.46696696696696693,0.2627627627627628,0.1006006006006006,0.6406406406406406,0.4319319319319319,0.6206206206206206,0.7377377377377378,0.8608608608608609,-1.565
0.11511511511511512,0.9269269269269269,0.39789789789789787,0.0,0.8268268268268268,0.975975975975976,0.7757757757757757,0.91991991991992,0.04654654654654655,0.95995995995996,0.3703703703703703,0.6591591591591592,0.6711711711711712,0.5325325325325325,0.6896896896896897,0.5655655655655656,0.5255255255255256,0.4254254254254254,0.07807807807807807,0.7892892892892893,0.2657657657657657,-1.495
0.11611611611611612,0.2627627627627628,0.20520520520520522,0.0,0.3868868868868869,0.3838838838838839,0.07407407407407407,0.4629629629629629,0.6466466466466467,0.26926926926926925,0.03753753753753754,0.1061061061061061,0.482982982982983,0.17467467467467468,0.35285285285285284,0.4574574574574575,0.7637637637637638,0.5210210210210211,0.7912912912912913,0.5655655655655656,0.8048048048048049,-1.531
0.11711711711711711,0.2967967967967968,0.6296296296296297,0.0,0.17067067067067065,0.9204204204204205,0.30730730730730726,0.38788788788788786,0.34934934934934936,0.08608608608608609,0.5555555555555556,0.01001001001001001,0.3298298298298298,0.21621621621621626,0.028028028028028028,0.07657657657657657,0.43843843843843844,0.8628628628628628,0.06906906906906907,0.6126126126126126,0.6981981981981982,-1.657
0.11811811811811813,0.7052052052052051,0.5380380380380381,0.0,0.6926926926926927,0.9774774774774775,0.8468468468468469,0.965965965965966,0.1011011011011011,0.39989989989989994,0.6976976976976976,0.8898898898898899,0.9644644644644644,0.8363363363363363,0.6956956956956957,0.503003003003003,0.031031031031031032,0.13113113113113112,0.25875875875875876,0.45595595595595595,0.3733733733733734,-1.591
0.11911911911911911,0.037037037037037035,0.7037037037037037,0.0,0.012012012012012012,0.5875875875875876,0.004004004004004004,0.11461461461461461,0.5885885885885886,0.4624624624624625,0.05455455455455456,0.1836836836836837,0.7322322322322322,0.4304304304304304,0.037037037037037035,0.2962962962962963,0.2057057057057057,0.017017017017017015,0.28378378378378377,0.9169169169169169,0.998998998998999,-1.863
0.12012012012012012,0.9179179179179178,0.24524524524524524,0.0,0.8323323323323324,0.5605605605605606,0.97997997997998,0.9214214214214214,0.2532532532532532,0.7102102102102101,0.997997997997998,0.9594594594594594,0.07457457457457457,0.924924924924925,0.7627627627627628,0.08008008008008008,0.9549549549549547,0.8878878878878879,0.13213213213213212,0.33683683683683685,0.03153153153153153,-1.2
0.12112112112112113,0.4514514514514515,0.9049049049049049,0.0,0.6641641641641642,0.9124124124124124,0.4134134134134134,0.505005005005005,0.21621621621621623,0.7071515960404849,0.28478478478478475,0.7352352352352352,0.529029029029029,0.8468468468468469,0.4624624624624625,0.6561561561561562,0.16166166166166168,0.25175175175175174,0.10510510510510511,0.7337337337337337,0.45895895895895894,-1.592
0.12212212212212212,0.24424424424424424,0.965965965965966,0.0,0.6426426426426426,0.16616616616616617,0.3033033033033033,0.9419419419419419,0.867867867867868,0.06006006006006006,0.20870870870870872,0.5255255255255256,0.8833833833833834,0.06156156156156156,0.6101101101101101,0.8383383383383383,0.05055055055055055,0.13413413413413414,0.955955955955956,0.13063063063063063,0.37537537537537535,-1.589
0.12312312312312314,0.029029029029029055,0.3228228228228228,0.0,0.04054054054054054,0.15865865865865864,0.14114114114114115,0.47947947947947944,0.6961961961961962,0.18268268268268267,0.48098098098098097,0.1936936936936937,0.25325325325325326,0.05205205205205205,0.029029029029029027,0.4544544544544544,0.1866866866866867,0.6636636636636637,0.9779779779779779,0.35935935935935936,0.9129129129129129,-1.53
0.12412412412412413,0.5965965965965966,0.43043043043043044,0.0,0.7717717717717718,0.7522522522522523,0.7667667667667668,0.9879879879879879,0.4109109109109109,0.050050050050050046,0.9459459459459459,0.5015015015015015,0.26626626626626626,0.2227227227227227,0.5760760760760761,0.503003003003003,0.4654654654654654,0.8408408408408409,0.7682682682682682,0.02002002002002002,0.09559559559559559,-1.326
0.1251251251251251,0.6196196196196196,0.6341341341341341,0.0,0.7357357357357357,0.12262262262262262,0.3103103103103103,0.998998998998999,0.7757757757757757,0.024024024024024024,0.507007007007007,0.36436436436436437,0.8618618618618619,0.494994994994995,0.8178178178178177,0.6991991991991993,0.11211211211211211,0.24574574574574576,0.962962962962963,0.03453453453453453,0.6721721721721721,-1.676
0.12612612612612614,0.07457457457457457,0.5675675675675675,0.0,0.07807807807807808,0.5545545545545545,0.005005005005005005,0.48848848848848847,0.8128128128128128,0.18268268268268267,0.05655655655655656,0.09759759759759759,0.8743743743743744,0.05205205205205205,0.22822822822822822,0.6561561561561562,0.09109109109109109,0.09109109109109109,0.19519519519519518,0.6441441441441442,0.9879879879879879,-1.794
0.12712712712712712,0.49549549549549554,0.24074074074074076,0.0,0.992992992992993,0.8413413413413413,0.35685685685685686,0.988988988988989,0.5410410410410411,0.575075075075075,0.029029029029029027,0.7297297297297297,0.9159159159159159,0.4104104104104104,0.9129129129129129,0.955955955955956,0.2857857857857858,0.1021021021021021,0.44744744744744747,0.16816816816816815,0.33933933933933935,-1.507
0.12812812812812813,0.23773773773773774,0.4129129129129129,0.0,0.7127127127127126,0.6136136136136137,0.8098098098098098,0.4864864864864865,0.36736736736736736,0.8343343343343343,0.7342342342342343,0.4019019019019019,0.6901901901901901,0.14114114114114115,0.6201201201201201,0.6516516516516516,0.1936936936936937,0.8658658658658659,0.8458458458458458,0.3383383383383383,0.26176176176176175,-1.207
0.12912912912912913,0.2072072072072072,0.6906906906906907,0.0,0.2752752752752753,0.44344344344344344,0.029029029029029027,0.4219219219219219,0.6766766766766766,0.3113113113113113,0.1856856856856857,0.4289289289289289,0.23723723723723722,0.1021021021021021,0.32682682682682684,0.3613613613613613,0.35485485485485485,0.3743743743743744,0.6171171171171171,0.7757757757757757,0.9524524524524525,-1.776
0.13013013013013014,0.14564564564564564,0.4069069069069069,0.0,0.14014014014014015,0.15615615615615616,0.7352352352352352,0.34934934934934936,0.5165165165165165,0.11511511511511512,0.3683683683683684,0.08858858858858859,0.18018018018018017,0.02702702702702703,0.07607607607607608,0.007007007007007007,0.05905905905905906,0.9089089089089089,0.6871871871871872,0.2072072072072072,0.484984984984985,-1.554
0.13113113113113112,0.47997997997998,0.07607607607607608,0.0,0.7967967967967968,0.08408408408408408,0.48348348348348347,0.498998998998999,0.8583583583583583,0.5230230230230231,0.7452452452452453,0.8718718718718719,0.8048048048048049,0.5665665665665666,0.6426426426426426,0.575075075075075,0.021521521521521522,0.5155155155155156,0.46096096096096095,0.34484484484484484,0.30980980980980977,-1.326
0.13213213213213212,0.6836836836836837,0.22572572572572572,0.0,0.7597597597597597,0.3743743743743744,0.8408408408408408,0.943943943943944,0.5715715715715716,0.15715715715715717,0.97997997997998,0.4164164164164164,0.36786786786786785,0.31331331331331336,0.44844844844844844,0.25375375375375375,0.2502502502502503,0.5630630630630631,0.7887887887887888,0.028028028028028028,0.08858858858858859,-1.277
0.13313313313313313,0.6256256256256256,0.08358358358358359,0.0,0.515015015015015,0.8278278278278277,0.8368368368368369,0.4219219219219219,0.13763763763763764,0.527027027027027,0.8523523523523524,0.7012012012012012,0.5710710710710711,0.44744744744744747,0.6066066066066067,0.18118118118118118,0.9099099099099099,0.6841841841841843,0.3273273273273273,0.4814814814814815,0.20020020020020018,-1.335
0.13413413413413414,0.25625625625625625,0.8178178178178178,0.0,0.46096096096096095,0.6186186186186187,0.24774774774774777,0.9409409409409409,0.8408408408408409,0.08408408408408417,0.06406406406406406,0.03903903903903904,0.6871871871871872,0.06306306306306306,0.14914914914914915,0.09009009009009009,0.11711711711711711,0.8283283283283283,0.15365365365365363,0.2862862862862863,0.8368368368368369,-1.685
0.13513513513513514,0.996996996996997,0.009009009009009009,0.0,0.933933933933934,0.7137137137137137,0.7807807807807807,0.537037037037037,0.14314314314314314,0.8998998998998999,0.6566566566566566,0.8118118118118118,0.11461461461461461,0.7632632632632632,0.9589589589589589,0.9314314314314314,0.9414414414414414,0.8508508508508509,0.04354354354354355,0.6256256256256256,0.06306306306306307,-1.435
0.13613613613613615,0.25625625625625625,0.9364364364364364,0.0,0.5265265265265265,0.06606606606606606,0.4064064064064064,0.08308308308308308,0.9069069069069069,0.8213213213213213,0.003003003003003003,0.6366366366366367,0.7227227227227226,0.06806806806806807,0.5680680680680681,0.31481481481481477,0.05055055055055055,0.3263263263263263,0.938938938938939,0.5715715715715716,0.8283283283283283,-1.56
0.13713713713713713,0.6516516516516516,0.39789789789789787,0.0,0.43243243243243257,0.7737737737737738,0.8968968968968969,0.25625625625625625,0.04004004004004004,0.7222222222222222,0.32682682682682684,0.6471471471471472,0.607107107107107,0.7552552552552552,0.7902902902902902,0.6741741741741742,0.8948948948948947,0.39289289289289286,0.5565565565565566,0.6666666666666666,0.23023023023023023,-1.224
0.13813813813813813,0.17867867867867868,0.9469469469469469,0.0,0.3633633633633634,0.4039039039039039,0.13013013013013014,0.8528528528528528,0.7187187187187187,0.038538538538538544,0.015015015015015015,0.18768768768768768,0.7052052052052051,0.029029029029029027,0.3103103103103103,0.5680680680680681,0.3328328328328328,0.1021021021021021,0.7382382382382382,0.23823823823823823,0.8643643643643644,-1.703
0.13913913913913914,0.6741741741741742,0.506006006006006,0.0,0.25675675675675674,0.8058058058058057,0.5530530530530531,0.8463463463463463,0.17367367367367367,0.5125125125125125,0.9719719719719719,0.6896896896896897,0.4239239239239239,0.7907907907907907,0.2627627627627628,0.4019019019019019,0.13063063063063063,0.7277277277277275,0.7417417417417418,0.6071071071071071,0.3558558558558559,-1.358
0.14014014014014015,0.8438438438438438,0.7287287287287287,0.0,0.7792792792792793,0.3088088088088088,0.8088088088088088,0.21671671671671672,0.5325325325325325,0.8093093093093093,0.5690690690690691,0.9769769769769769,0.986986986986987,0.7492492492492493,0.9279279279279278,0.7952952952952953,0.12462462462462463,0.037037037037037035,0.37537537537537535,0.5405405405405406,0.4094094094094094,-1.379
0.14114114114114115,0.8243243243243243,0.34784784784784784,0.0,0.5930930930930931,0.34284284284284283,0.5010010010010011,0.3278278278278278,0.7587587587587588,0.5425425425425425,0.938938938938939,0.9154154154154155,0.5930930930930931,0.6526526526526526,0.8203203203203203,0.8838838838838838,0.8248248248248249,0.40040040040040037,0.05305305305305305,0.4394394394394394,0.2552552552552553,-1.359
0.14214214214214213,0.6811811811811812,0.6971971971971972,0.0,0.6366366366366366,0.3708708708708709,0.6766766766766767,0.8708708708708709,0.18568568568568566,0.1046046046046046,0.2607607607607607,0.5995995995995996,0.8078078078078078,0.6491491491491492,0.8658658658658659,0.7867867867867868,0.2502502502502503,0.2157157157157157,0.3138138138138138,0.24324324324324323,0.33083083083083087,-1.423
0.14314314314314314,0.31731731731731727,0.8798798798798799,0.0,0.1891891891891892,0.21571571571571574,0.37737737737737737,0.08058058058058058,0.4504504504504504,0.7527527527527528,0.6666666666666666,0.9259259259259259,0.8098098098098099,0.9304304304304305,0.37287287287287285,0.44144144144144143,0.05305305305305305,0.12012012012012012,0.8298298298298299,0.8108108108108109,0.7357357357357357,-1.494
0.14414414414414414,0.15315315315315314,0.15815815815815815,0.0,0.1021021021021021,0.7912912912912913,0.24424424424424424,0.8438438438438438,0.27177177177177175,0.0680680680680681,0.8298298298298298,0.09509509509509509,0.4519519519519519,0.7147147147147147,0.18018018018018014,0.7222222222222222,0.8103103103103103,0.8188188188188188,0.6041041041041041,0.47097097097097096,0.8158158158158157,-1.664
0.14514514514514515,0.6516516516516516,0.09109109109109109,0.0,0.6726726726726726,0.5545545545545545,0.6666666666666667,0.3813813813813814,0.2097097097097097,0.8233233233233233,0.8608608608608608,0.7242242242242243,0.6691691691691692,0.8383383383383383,0.7232232232232232,0.8478478478478478,0.513013013013013,0.6706706706706705,0.8958958958958959,0.6376376376376376,0.07207207207207207,-1.349
0.14614614614614616,0.6146146146146146,0.24974974974974976,0.0,0.52002002002002,0.26626626626626626,0.35935935935935936,0.17067067067067065,0.4924924924924925,0.7307307307307307,0.2132132132132132,0.3098098098098098,0.1016016016016016,0.4169169169169169,0.5345345345345345,0.1841841841841842,0.7912912912912913,0.7482482482482482,0.6206206206206206,0.5555555555555556,0.6061061061061062,-1.449
0.14714714714714713,0.7577577577577578,0.5770770770770771,0.0,0.48248248248248254,0.8028028028028028,0.39139139139139134,0.7907907907907907,0.17517517517517517,0.9129129129129129,0.8378378378378378,0.9319319319319319,0.7492492492492493,0.5865865865865866,0.17067067067067065,0.025025025025025023,0.36436436436436437,0.2732732732732732,0.27727727727727725,0.6031031031031031,0.6111111111111112,-1.402
0.14814814814814814,0.8423423423423424,0.7202202202202201,0.0,0.3458458458458459,0.7367367367367368,0.8478478478478476,0.2957957957957958,0.07857857857857858,0.8308308308308309,0.03753753753753754,0.4274274274274275,0.7777777777777778,0.8988988988988988,0.6031031031031031,0.2057057057057057,0.5280280280280281,0.12412412412412413,0.17967967967967968,0.9364364364364364,0.6076076076076076,-1.661
0.14914914914914915,0.2627627627627628,0.5965965965965966,0.0,0.27127127127127126,0.7382382382382382,0.7297297297297297,0.34934934934934936,0.14714714714714716,0.8363363363363363,0.5135135135135135,0.6281281281281281,0.04604604604604605,0.4394394394394394,0.25875875875875876,0.14114114114114112,0.4754754754754755,0.7537537537537538,0.474974974974975,0.8093093093093093,0.36936936936936937,-1.477
0.15015015015015015,0.6396396396396397,0.3408408408408409,0.0,0.8488488488488488,0.7067067067067069,0.9634634634634635,0.7097097097097097,0.3823823823823824,0.7137137137137137,0.9549549549549549,0.8083083083083082,0.12212212212212212,0.6451451451451451,0.7007007007007006,0.47047047047047047,0.9324324324324325,0.49549549549549554,0.36186186186186187,0.3013013013013013,0.002002002002002002,-1.078
0.15115115115115116,0.14314314314314314,0.7062062062062062,0.0,0.1816816816816817,0.9664664664664664,0.10810810810810811,0.6811811811811812,0.05905905905905906,0.6811811811811812,0.10760760760760761,0.057057057057057055,0.5895895895895896,0.6741741741741742,0.23873873873873874,0.4339339339339339,0.40740740740740744,0.6381381381381381,0.2092092092092092,0.9449449449449451,0.8763763763763763,-1.751
0.15215215215215216,0.7027027027027027,0.6591591591591592,0.0,0.5765765765765766,0.31731731731731727,0.8328328328328328,0.541041041041041,0.44594594594594594,0.597097097097097,0.07157157157157157,0.3073073073073073,0.32682682682682684,0.2802802802802803,0.7937937937937938,0.8953953953953955,0.5430430430430431,0.8088088088088088,0.8793793793793794,0.6096096096096096,0.6366366366366366,-1.554
0.15315315315315314,0.943943943943944,0.5590590590590591,0.0,0.5585585585585585,0.37287287287287285,0.6981981981981982,0.9529529529529529,0.2552552552552553,0.0,0.6446446446446447,0.11161161161161161,0.4494494494494494,0.3188188188188188,0.8403403403403403,0.6516516516516516,0.7167167167167168,0.46146146146146144,0.17067067067067065,0.017017017017017015,0.44744744744744747,-1.362
0.15415415415415415,0.8948948948948945,0.6086086086086087,0.0,0.7732732732732732,0.15715715715715717,0.9469469469469469,0.3553553553553553,0.4904904904904905,0.7237237237237237,0.7387387387387387,0.8118118118118118,0.7397397397397397,0.8988988988988988,0.9629629629629629,0.8263263263263263,0.8638638638638638,0.3263263263263263,0.5205205205205206,0.4014014014014014,0.16566566566566565,-1.249
0.15515515515515516,0.6416416416416416,0.49549549549549554,0.0,0.24074074074074076,0.47947947947947944,0.5455455455455456,0.02702702702702703,0.055055055055055056,0.8078078078078077,0.5430430430430431,0.9849849849849851,0.8663663663663663,0.8903903903903905,0.6251251251251251,0.9769769769769769,0.6461461461461462,0.028028028028028028,0.4214214214214214,0.8528528528528528,0.7437437437437437,-1.44
0.15615615615615616,0.17017017017017014,0.5860860860860861,0.0,0.08758758758758758,0.9369369369369369,0.08708708708708708,0.5330330330330331,0.19269269269269268,0.94994994994995,0.30830830830830835,0.9154154154154155,0.9619619619619619,0.8758758758758759,0.2677677677677678,0.27227227227227224,0.06356356356356356,0.01051051051051051,0.7962962962962963,0.97997997997998,0.9524524524524525,-1.928
0.15715715715715717,0.47447447447447444,0.7912912912912913,0.0,0.5090090090090089,0.6041041041041041,0.5825825825825826,0.4389389389389389,0.3823823823823824,0.16016016016016013,0.6816816816816818,0.2602602602602603,0.40740740740740744,0.10560560560560561,0.2752752752752753,0.2057057057057057,0.26126126126126126,0.5210210210210211,0.549049049049049,0.24624624624624625,0.4159159159159159,-1.341
0.15815815815815815,0.45545545545545546,0.22572572572572572,0.0,0.6191191191191192,0.2832832832832833,0.16016016016016013,0.9459459459459459,0.8378378378378376,0.07507507507507508,0.34934934934934936,0.15715715715715717,0.4379379379379379,0.30480480480480476,0.6396396396396397,0.2887887887887888,0.5745745745745745,0.6381381381381381,0.22072072072072071,0.14714714714714716,0.46396396396396394,-1.556
0.15915915915915915,0.16166166166166168,0.23823823823823825,0.0,0.14564564564564564,0.7007007007007007,0.4519519519519519,0.2782782782782783,0.36536536536536535,0.32432432432432434,0.8608608608608608,0.43043043043043044,0.6656656656656657,0.03203203203203203,0.09809809809809811,0.11061061061061062,0.503003003003003,0.21871871871871873,0.7382382382382382,0.5795795795795796,0.7797797797797797,-1.489
0.16016016016016013,0.5445445445445445,0.8243243243243243,0.0,0.3698698698698699,0.8713713713713713,0.6006006006006006,0.938938938938939,0.2032032032032032,0.01901901901901902,0.503003003003003,0.24324324324324326,0.4774774774774775,0.44494494494494496,0.5990990990990991,0.8888888888888888,0.13263263263263264,0.45345345345345345,0.14564564564564564,0.0895895895895896,0.5560560560560561,-1.352
0.16116116116116116,0.3963963963963964,0.38288288288288286,0.0,0.3563563563563563,0.529029029029029,0.15215215215215216,0.2047047047047047,0.8093093093093093,0.6171171171171171,0.23123123123123124,0.23723723723723725,0.24374374374374375,0.33783783783783783,0.1936936936936937,0.49449449449449445,0.513013013013013,0.6511511511511512,0.36536536536536535,0.7937937937937938,0.7172172172172172,-1.576
0.16216216216216217,0.49549549549549554,0.002002002002002002,0.0,0.46246246246246253,0.25075075075075076,0.6981981981981982,0.8168168168168168,0.6356356356356356,0.022022022022022022,0.93993993993994,0.14314314314314314,0.01951951951951952,0.2102102102102102,0.31731731731731727,0.010010010010010006,0.9369369369369369,0.990990990990991,0.46096096096096095,0.029029029029029027,0.0985985985985986,-1.254
0.16316316316316315,0.8963963963963963,0.7587587587587588,0.0,0.47147147147147145,0.5205205205205206,0.5210210210210211,0.26576576576576577,0.44594594594594594,0.7257257257257257,0.05305305305305305,0.48648648648648646,0.3408408408408409,0.983983983983984,0.6336336336336337,0.6891891891891893,0.44494494494494496,0.7177177177177175,0.3083083083083083,0.7502502502502503,0.6761761761761762,-1.386
0.16416416416416418,0.13213213213213212,0.6381381381381381,0.0,0.032532532532532535,0.6241241241241241,0.0965965965965966,0.4124124124124124,0.6281281281281281,0.07107107107107107,0.527027027027027,0.07107107107107107,0.6226226226226226,0.26476476476476474,0.05105105105105105,0.6131131131131131,0.12012012012012012,0.30180180180180183,0.3968968968968969,0.5465465465465466,0.957957957957958,-1.671
0.16516516516516513,0.1836836836836837,0.7607607607607606,0.0,0.3188188188188188,0.6861861861861862,0.26226226226226224,0.8988988988988988,0.602102102102102,0.09309309309309309,0.5875875875875876,0.2092092092092092,0.5755755755755756,0.3533533533533534,0.2702702702702703,0.3028028028028028,0.025525525525525526,0.45595595595595595,0.1871871871871872,0.25375375375375375,0.6251251251251251,-1.673
0.16616616616616617,0.9044044044044044,0.03303303303303303,0.0,0.8893893893893894,0.3003003003003003,0.8458458458458459,0.9619619619619619,0.6981981981981982,0.14614614614614613,0.5765765765765766,0.4164164164164164,0.45395395395395394,0.9189189189189189,0.7167167167167168,0.9569569569569569,0.943943943943944,0.6111111111111112,0.5730730730730731,0.01901901901901902,0.2517517517517518,-1.29
0.16716716716716717,0.7947947947947948,0.36186186186186187,0.0,0.505005005005005,0.34134134134134136,0.5210210210210211,0.2932932932932933,0.36536536536536535,0.7467467467467468,0.6536536536536537,0.4244244244244244,0.2987987987987988,0.5265265265265264,0.3833833833833834,0.12762762762762764,0.6991991991991993,0.8198198198198198,0.3138138138138138,0.7102102102102101,0.49099099099099097,-1.433
0.16816816816816818,0.9534534534534534,0.10160160160160159,0.0,0.991991991991992,0.001001001001001001,0.960960960960961,0.1836836836836837,0.9769769769769769,0.3838838838838839,0.7492492492492493,0.6366366366366367,0.22022022022022023,0.2832832832832833,0.9949949949949939,0.9689689689689689,0.9129129129129129,0.9349349349349347,0.5825825825825826,0.032532532532532535,0.015515515515515516,-1.073
0.1691691691691692,0.7797797797797797,0.12162162162162163,0.0,0.8968968968968969,0.38638638638638634,0.5810810810810811,0.9089089089089089,0.6156156156156156,0.8968968968968969,0.32682682682682684,0.8378378378378374,0.8948948948948949,0.44744744744744747,0.8608608608608609,0.525025025025025,0.7567567567567568,0.35185185185185186,0.4934934934934935,0.4204204204204204,0.4994994994994995,-1.316
0.17017017017017014,0.5535535535535535,0.6651651651651651,0.0,0.45345345345345345,0.9249249249249252,0.28428428428428426,0.4164164164164164,0.2917917917917918,0.7712712712712713,0.04004004004004004,0.06406406406406406,0.03403403403403403,0.44744744744744747,0.2222222222222222,0.26726726726726724,0.5365365365365364,0.9264264264264264,0.23723723723723725,0.7667667667667668,0.7222222222222222,-1.588
0.17117117117117117,0.22972972972972971,0.6906906906906907,0.0,0.5975975975975976,0.026026026026026026,0.24424424424424424,0.24324324324324326,0.97997997997998,0.8638638638638638,0.20370370370370372,0.34734734734734735,0.4774774774774775,0.1816816816816817,0.5395395395395395,0.17617617617617617,0.4974974974974975,0.5385385385385386,0.7722722722722724,0.5510510510510511,0.7072072072072072,-1.447
0.17217217217217218,0.17217217217217218,0.9324324324324325,0.0,0.3788788788788789,0.12012012012012012,0.08808808808808809,0.933933933933934,0.8993993993993994,0.035035035035035036,0.27877877877877877,0.529029029029029,0.9169169169169169,0.31331331331331336,0.5890890890890891,0.18118118118118118,0.21871871871871873,0.03903903903903904,0.8398398398398398,0.12512512512512514,0.8823823823823824,-1.607
0.17317317317317318,0.567067067067067,0.4339339339339339,0.0,0.3083083083083083,0.27877877877877877,0.44144144144144143,0.5460460460460461,0.8268268268268268,0.1891891891891892,0.1956956956956957,0.6096096096096096,0.493993993993994,0.8483483483483483,0.31431431431431434,0.913913913913914,0.7787787787787788,0.2092092092092092,0.7597597597597598,0.41741741741741745,0.7837837837837838,-1.495
0.1741741741741742,0.8858858858858859,0.15615615615615616,0.0,0.7392392392392393,0.9534534534534534,0.9449449449449451,0.7767767767767768,0.06906906906906907,0.4044044044044044,0.8768768768768769,0.7382382382382382,0.37787787787787785,0.8533533533533533,0.8038038038038038,0.4144144144144144,0.7242242242242243,0.5965965965965966,0.19519519519519518,0.2552552552552553,0.04854854854854855,-1.255
0.17517517517517514,0.5415415415415415,0.2987987987987988,0.0,0.5630630630630631,0.35535535535535534,0.49099099099099097,0.06006006006006006,0.3108108108108108,0.9419419419419419,0.18118118118118118,0.7522522522522522,0.46946946946946944,0.5385385385385385,0.4144144144144144,0.38238238238238237,0.6956956956956957,0.4179179179179179,0.6461461461461462,0.9039039039039038,0.7072072072072072,-1.302
0.17617617617617617,0.05655655655655656,0.6856856856856857,0.0,0.015015015015015015,0.3153153153153153,0.1031031031031031,0.494994994994995,0.6431431431431431,0.015015015015015015,0.34434434434434436,0.10510510510510511,0.40140140140140135,0.6366366366366366,0.015015015015015015,0.09659659659659658,0.12212212212212212,0.18118118118118118,0.9019019019019019,0.38238238238238237,0.9129129129129129,-1.738
0.17717717717717718,0.8303303303303303,0.10160160160160159,0.0,0.6381381381381381,0.2807807807807808,0.6706706706706705,0.8353353353353353,0.6166166166166166,0.35235235235235235,0.3558558558558559,0.8908908908908909,0.9684684684684685,0.7997997997997999,0.8263263263263263,0.9279279279279279,0.07807807807807808,0.08508508508508508,0.7752752752752753,0.1991991991991992,0.35185185185185186,-1.312
0.1781781781781782,0.8558558558558559,0.5235235235235236,0.0,0.2972972972972973,0.997997997997998,0.6516516516516516,0.3688688688688689,0.006006006006006006,0.597097097097097,0.7157157157157157,0.6686686686686687,0.8858858858858859,0.8728728728728729,0.2627627627627628,0.7627627627627628,0.7197197197197197,0.1886886886886887,0.011011011011011011,0.9169169169169169,0.6416416416416416,-1.766
0.1791791791791792,0.9384384384384384,0.6856856856856857,0.0,0.6661661661661662,0.513013013013013,0.7712712712712713,0.7747747747747747,0.47097097097097096,0.12312312312312314,0.9774774774774775,0.5575575575575575,0.8498498498498498,0.6031031031031031,0.7597597597597597,0.7807807807807807,0.014014014014014014,0.6191191191191191,0.03903903903903904,0.2027027027027027,0.32432432432432434,-1.53
0.18018018018018014,0.26876876876876876,0.8613613613613613,0.0,0.06806806806806806,0.9689689689689689,0.2527527527527528,0.6281281281281281,0.07357357357357358,0.6626626626626629,0.943943943943944,0.5425425425425425,0.6671671671671671,0.6331331331331331,0.12312312312312312,0.7767767767767768,0.3078078078078078,0.4389389389389389,0.3328328328328328,0.8988988988988988,0.7982982982982982,-1.725
0.18118118118118118,0.950950950950951,0.27627627627627627,0.0,0.8563563563563563,0.6591591591591592,0.8783783783783783,0.5025025025025025,0.2877877877877878,0.3898898898898899,0.7577577577577577,0.21521521521521522,0.15815815815815815,0.23423423423423423,0.7732732732732732,0.8208208208208208,0.8028028028028028,0.9064064064064064,0.08158158158158157,0.1931931931931932,0.30980980980980977,-1.288
0.18218218218218218,0.8358358358358358,0.36186186186186187,0.0,0.7812812812812813,0.6101101101101101,0.8328328328328328,0.978978978978979,0.5855855855855856,0.08308308308308308,0.6381381381381381,0.6256256256256256,0.9669669669669669,0.6476476476476476,0.6286286286286287,0.6071071071071071,0.017017017017017015,0.5275275275275275,0.26176176176176175,0.05255255255255255,0.16016016016016013,-1.248
0.1831831831831832,0.8558558558558559,0.4519519519519519,0.0,0.9234234234234233,0.8333333333333333,0.8953953953953955,0.34284284284284283,0.4084084084084084,0.7942942942942943,0.15665665665665665,0.5815815815815816,0.4629629629629629,0.6046046046046046,0.7167167167167168,0.5900900900900901,0.8603603603603603,0.4114114114114114,0.035035035035035036,0.47097097097097096,0.0935935935935936,-1.287
0.1841841841841842,0.11511511511511512,0.7857857857857857,0.0,0.001001001001001001,0.42992992992992995,0.14214214214214213,0.08808808808808809,0.4924924924924925,0.39989989989989994,0.4254254254254254,0.22972972972972971,0.5880880880880881,0.6846846846846847,0.010010010010009954,0.04704704704704705,0.2032032032032032,0.24824824824824826,0.8358358358358358,0.8703703703703705,0.9234234234234233,-1.633
0.18518518518518515,0.08608608608608609,0.957957957957958,0.0,0.057057057057057055,0.8103103103103103,0.04904904904904905,0.04354354354354355,0.5830830830830831,0.2272272272272272,0.10760760760760761,0.03403403403403404,0.15665665665665668,0.14614614614614613,0.001001001001001001,0.04354354354354355,0.23323323323323322,0.47947947947947944,0.5235235235235235,0.8513513513513513,0.948948948948949,-1.805
0.18618618618618618,0.9704704704704705,0.04704704704704705,0.0,0.978978978978979,0.5660660660660661,0.7132132132132132,0.7427427427427428,0.7447447447447447,0.027027027027027032,0.2917917917917918,0.3688688688688689,0.5160160160160161,0.5165165165165164,0.8678678678678678,0.6316316316316316,0.27477477477477474,0.34934934934934936,0.04054054054054054,0.06306306306306306,0.15715715715715717,-1.576
0.1871871871871872,0.9649649649649651,0.016016016016016016,0.0,0.7267267267267269,0.9259259259259259,0.970970970970971,0.9629629629629629,0.27377377377377377,0.0940940940940941,0.7867867867867868,0.041041041041041046,0.10510510510510511,0.01051051051051051,0.36286286286286284,0.6631631631631631,0.5325325325325325,0.8783783783783783,0.3968968968968969,0.038538538538538544,0.054054054054054064,-1.26
0.1881881881881882,0.968968968968969,0.001001001001001001,0.0,0.8608608608608609,0.26726726726726724,0.9769769769769769,0.9359359359359359,0.5385385385385385,0.07857857857857858,0.6536536536536537,0.2092092092092092,0.04704704704704705,0.48198198198198194,0.6936936936936937,0.5505505505505506,0.9209209209209209,0.9119119119119119,0.5730730730730731,0.005005005005005005,0.04604604604604605,-0.956
0.1891891891891892,0.48448448448448445,0.04004004004004003,0.0,0.3413413413413413,0.6706706706706704,0.33333333333333337,0.7657657657657657,0.4109109109109109,0.26576576576576577,0.474974974974975,0.07907907907907907,0.03203203203203203,0.3253253253253253,0.47047047047047047,0.587087087087087,0.7997997997997998,0.9579579579579578,0.6041041041041041,0.3898898898898899,0.5235235235235235,-1.424
0.19019019019019015,0.48848848848848847,0.983983983983984,0.0,0.26976976976976974,0.6656656656656657,0.48598598598598597,0.011011011011011011,0.15015015015015015,0.9279279279279277,0.46196196196196193,0.9179179179179178,0.8428428428428428,0.9304304304304305,0.47047047047047047,0.6596596596596597,0.15365365365365363,0.07507507507507508,0.12662662662662663,0.9024024024024024,0.7317317317317318,-1.503
0.19119119119119118,0.0940940940940941,0.9784784784784785,0.0,0.003003003003003003,0.8683683683683683,0.04604604604604605,0.30680680680680683,0.14164164164164164,0.06656656656656657,0.5205205205205206,0.12862862862862862,0.7112112112112112,0.5765765765765766,0.014014014014014014,0.8033033033033032,0.12312312312312312,0.2792792792792793,0.24124124124124124,0.6971971971971972,0.9964964964964964,-1.83
0.1921921921921922,0.7732732732732732,0.9304304304304305,0.0,0.6836836836836837,0.6366366366366366,0.5430430430430431,0.3188188188188188,0.46446446446446443,0.9139139139139141,0.6566566566566566,0.997997997997998,0.992992992992993,0.998998998998999,0.9044044044044044,0.9549549549549549,0.03203203203203203,0.009009009009009009,0.15065065065065064,0.6256256256256256,0.582082082082082,-1.439
0.1931931931931932,0.07807807807807808,0.8278278278278278,0.0,0.25125125125125125,0.22672672672672672,0.565065065065065,0.8508508508508509,0.8638638638638638,0.05205205205205205,0.2952952952952953,0.1026026026026026,0.7857857857857862,0.12112112112112113,0.3103103103103103,0.3968968968968969,0.25475475475475473,0.33333333333333337,0.973973973973974,0.22022022022022023,0.7172172172172172,-1.577
0.1941941941941942,0.13813813813813813,0.04504504504504503,0.0,0.5955955955955956,0.13913913913913914,0.11811811811811812,0.8143143143143143,0.9719719719719719,0.15315315315315314,0.3833833833833834,0.2462462462462463,0.1061061061061061,0.04104104104104104,0.507007007007007,0.3358358358358358,0.6001001001001001,0.8628628628628628,0.7847847847847848,0.06506506506506507,0.6006006006006006,-1.359
0.19519519519519518,0.56006006006006,0.6276276276276276,0.0,0.8208208208208208,0.974974974974975,0.6216216216216216,0.9259259259259259,0.12312312312312312,0.23423423423423423,0.33733733733733734,0.473973973973974,0.7952952952952952,0.4104104104104104,0.8263263263263263,0.5655655655655656,0.12462462462462463,0.3858858858858859,0.005005005005005005,0.4904904904904905,0.6841841841841843,-1.84
0.1961961961961962,0.4039039039039039,0.006006006006006006,0.0,0.28378378378378377,0.15865865865865864,0.5560560560560561,0.16466466466466467,0.7517517517517518,0.6871871871871872,0.5365365365365364,0.21421421421421422,0.01951951951951952,0.8633633633633633,0.07307307307307308,0.005005005005005004,0.957957957957958,0.985985985985986,0.34284284284284283,0.6331331331331331,0.627127127127127,-1.364
0.1971971971971972,0.8933933933933933,0.4129129129129129,0.0,0.9029029029029029,0.08208208208208209,0.8548548548548549,0.7492492492492493,0.9174174174174174,0.3433433433433434,0.5875875875875876,0.493993993993994,0.40740740740740744,0.9169169169169169,0.92992992992993,0.8058058058058059,0.6296296296296297,0.8698698698698699,0.5535535535535536,0.08158158158158157,0.0915915915915916,-1.395
0.1981981981981982,0.9429429429429429,0.47597597597597596,0.0,0.6811811811811812,0.4554554554554554,0.5085085085085085,0.34434434434434436,0.7497497497497497,0.8323323323323324,0.2952952952952953,0.8803803803803805,0.7752752752752752,0.6846846846846847,0.8223223223223224,0.7177177177177175,0.2072072072072072,0.12912912912912913,0.2127127127127127,0.5865865865865866,0.2827827827827828,-1.391
0.1991991991991992,0.7357357357357357,0.8513513513513513,0.0,0.7337337337337337,0.6306306306306306,0.6726726726726726,0.7887887887887888,0.18218218218218218,0.6556556556556556,0.627127127127127,0.8083083083083082,0.955955955955956,0.6351351351351351,0.8758758758758759,0.23123123123123124,0.22522522522522523,0.14414414414414414,0.23073073073073075,0.5330330330330331,0.2182182182182182,-1.525
0.20020020020020018,0.6301301301301301,0.4579579579579579,0.0,0.9319319319319319,0.5045045045045045,0.7477477477477477,0.933933933933934,0.6786786786786787,0.17067067067067065,0.14714714714714713,0.6446446446446447,0.9714714714714714,0.33783783783783783,0.43743743743743746,0.3933933933933934,0.01051051051051051,0.05855855855855856,0.45245245245245247,0.08608608608608609,0.16316316316316315,-1.431
0.2012012012012012,0.2927927927927928,0.2987987987987988,0.0,0.06906906906906907,0.955955955955956,0.15065065065065064,0.6261261261261262,0.1111111111111111,0.8213213213213213,0.6691691691691692,0.5575575575575575,0.26076076076076077,0.9719719719719719,0.10710710710710711,0.8208208208208208,0.12112112112112113,0.48598598598598597,0.7847847847847848,0.914914914914915,0.8238238238238238,-1.707
0.2022022022022022,0.6921921921921922,0.4189189189189189,0.0,0.963963963963964,0.7157157157157157,0.6426426426426426,0.36536536536536535,0.37237237237237236,0.6936936936936937,0.45345345345345345,0.8063063063063063,0.525025025025025,0.14364364364364363,0.9019019019019019,0.9514514514514514,0.5305305305305306,0.4984984984984985,0.15865865865865864,0.4904904904904905,0.19869869869869872,-1.41
0.2032032032032032,0.3858858858858859,0.502002002002002,0.0,0.6996996996996997,0.7422422422422423,0.2062062062062062,0.1031031031031031,0.45995995995996,0.9269269269269269,0.043043043043043044,0.5380380380380381,0.7767767767767768,0.3943943943943944,0.7257257257257257,0.7407407407407407,0.6806806806806807,0.555055055055055,0.38788788788788786,0.9334334334334334,0.5715715715715716,-1.644
0.2042042042042042,0.32832832832832837,0.36936936936936937,0.0,0.09009009009009009,0.8138138138138138,0.08208208208208209,0.07207207207207207,0.27727727727727725,0.973973973973974,0.07157157157157157,0.7052052052052051,0.9604604604604605,0.7632632632632632,0.4049049049049049,0.8408408408408409,0.14114114114114115,0.07007007007007007,0.47947947947947944,0.996996996996997,0.957957957957958,-1.707
0.20520520520520522,0.42492492492492495,0.04104104104104105,0.0,0.7187187187187187,0.5390390390390389,0.8383383383383383,0.7052052052052051,0.6961961961961962,0.04504504504504504,0.7207207207207207,0.04804804804804805,0.017017017017017015,0.03803803803803804,0.40040040040040037,0.24474474474474472,0.9519519519519519,0.98998998998999,0.549049049049049,0.009009009009009009,0.15415415415415415,-1.078
0.2062062062062062,0.5695695695695695,0.19019019019019015,0.0,0.3413413413413413,0.513013013013013,0.5900900900900901,0.7117117117117118,0.23973973973973972,0.2247247247247247,0.7852852852852852,0.26476476476476474,0.9079079079079079,0.9324324324324325,0.18118118118118118,0.34734734734734735,0.055055055055055056,0.6486486486486487,0.51001001001001,0.33683683683683685,0.4974974974974975,-1.584
0.2072072072072072,0.47447447447447444,0.43743743743743746,0.0,0.14914914914914915,0.13613613613613612,0.6956956956956957,0.09509509509509508,0.7912912912912913,0.18268268268268267,0.960960960960961,0.592092092092092,0.09059059059059059,0.8783783783783783,0.21871871871871873,0.0990990990990991,0.8563563563563563,0.5895895895895896,0.8698698698698699,0.4904904904904905,0.28428428428428426,-1.337
0.2082082082082082,0.3203203203203203,0.25375375375375375,0.0,0.13513513513513514,0.7787787787787788,0.6146146146146146,0.16766766766766766,0.06406406406406406,0.8703703703703705,0.4319319319319319,0.5195195195195195,0.7367367367367368,0.46396396396396394,0.08308308308308308,0.07307307307307308,0.5365365365365364,0.2902902902902903,0.18518518518518517,0.8703703703703705,0.8393393393393394,-1.516
0.2092092092092092,0.7652652652652652,0.2682682682682682,0.0,0.9409409409409409,0.45095095095095095,0.35285285285285284,0.36536536536536535,0.43293293293293295,0.988988988988989,0.32682682682682684,0.8958958958958959,0.8918918918918919,0.4304304304304304,0.8728728728728729,0.44344344344344344,0.5280280280280281,0.4179179179179179,0.15065065065065064,0.8313313313313313,0.4314314314314314,-1.546
0.21021021021021022,0.3918918918918919,0.06406406406406406,0.0,0.025525525525525526,0.7737737737737738,0.11711711711711711,0.3113113113113113,0.1881881881881882,0.13713713713713713,0.5980980980980981,0.12112112112112111,0.6176176176176176,0.8148148148148148,0.17067067067067065,0.4854854854854855,0.7887887887887888,0.506006006006006,0.13713713713713713,0.7747747747747747,0.9279279279279279,-1.602
0.2112112112112112,0.9764764764764764,0.4069069069069069,0.0,0.9249249249249251,0.990990990990991,0.988988988988989,0.8918918918918919,0.009009009009009009,0.3868868868868869,0.6156156156156156,0.5035035035035035,0.3158158158158158,0.6201201201201201,0.6741741741741742,0.8803803803803804,0.5745745745745745,0.6581581581581581,0.06056056056056056,0.24824824824824826,0.044044044044044044,-1.395
0.2122122122122122,0.26626626626626626,0.8153153153153153,0.0,0.4904904904904905,0.4069069069069069,0.3203203203203203,0.8198198198198199,0.7457457457457457,0.3973973973973974,0.46546546546546547,0.4404404404404404,0.39139139139139134,0.3333333333333334,0.6116116116116116,0.8858858858858859,0.39739739739739743,0.48598598598598597,0.4934934934934935,0.4134134134134134,0.5960960960960962,-1.445
0.2132132132132132,0.12812812812812813,0.24524524524524524,0.0,0.07907907907907907,0.7437437437437437,0.05055055055055055,0.0970970970970971,0.19769769769769768,0.9579579579579578,0.7547547547547548,0.58008008008008,0.3228228228228228,0.5085085085085085,0.14564564564564564,0.13013013013013014,0.7337337337337337,0.7262262262262262,0.9084084084084083,0.986986986986987,0.9629629629629629,-1.621
0.21421421421421422,0.2722722722722723,0.9094094094094094,0.0,0.9069069069069069,0.12262262262262262,0.474974974974975,0.7997997997997998,0.8423423423423424,0.35435435435435436,0.6006006006006006,0.9049049049049049,0.8098098098098099,0.7847847847847848,0.9729729729729729,0.503003003003003,0.38238238238238237,0.3198198198198198,0.5535535535535536,0.21421421421421422,0.30330330330330335,-1.275
0.21521521521521522,0.2062062062062062,0.7912912912912913,0.0,0.032532532532532535,0.17367367367367367,0.13013013013013014,0.4339339339339339,0.8528528528528528,0.08808808808808809,0.3213213213213213,0.5340340340340339,0.9219219219219219,0.487987987987988,0.042042042042042066,0.14114114114114112,0.36236236236236236,0.004004004004004004,0.8893893893893894,0.47097097097097096,0.985985985985986,-1.756
0.21621621621621626,0.5125125125125125,0.3788788788788789,0.0,0.993993993993994,0.3943943943943944,0.9329329329329329,0.7632632632632632,0.5540540540540541,0.39989989989989994,0.7407407407407407,0.5640640640640641,0.14664664664664664,0.5705705705705706,0.8428428428428428,0.4144144144144144,0.5785785785785786,0.9419419419419419,0.22072072072072071,0.23223223223223222,0.015515515515515516,-1.404
0.2172172172172172,0.6176176176176176,0.20020020020020018,0.0,0.21171171171171171,0.998998998998999,0.602102102102102,0.4419419419419419,0.004004004004004004,0.91991991991992,0.5295295295295295,0.5615615615615616,0.8743743743743744,0.597097097097097,0.07407407407407407,0.08758758758758758,0.13563563563563563,0.4319319319319319,0.4724724724724725,0.9569569569569569,0.5805805805805806,-1.656
0.2182182182182182,0.1648314981648315,0.7942942942942943,0.0,0.33633633633633636,0.3463463463463463,0.24424424424424424,0.30680680680680683,0.8368368368368369,0.6726726726726726,0.6536536536536537,0.8933933933933933,0.9139139139139143,0.965965965965966,0.3208208208208208,0.6831831831831832,0.06556556556556556,0.13713713713713713,0.498998998998999,0.7822822822822824,0.8208208208208208,-1.607
0.21921921921921922,0.35935935935935936,0.9019019019019019,0.0,0.15315315315315314,0.963963963963964,0.23223223223223222,0.9604604604604605,0.2077077077077077,0.16566566566566565,0.1886886886886887,0.3703703703703703,0.8163163163163163,0.6116116116116116,0.05855855855855856,0.3313313313313313,0.09009009009009009,0.050050050050050046,0.35685685685685686,0.5885885885885886,0.8933933933933933,-1.928
0.22022022022022023,0.5225225225225225,0.8383383383383383,0.0,0.8968968968968969,0.14464464464464466,0.6921921921921922,0.6316316316316317,0.8223223223223224,0.9679679679679679,0.5940940940940941,0.991991991991992,0.7022022022022022,0.7997997997997999,0.8353353353353353,0.9419419419419419,0.5105105105105106,0.050050050050050046,0.973973973973974,0.3898898898898899,0.30980980980980977,-1.224
0.22122122122122126,0.7492492492492493,0.7437437437437437,0.0,0.7967967967967968,0.9549549549549549,0.26626626626626626,0.6736736736736737,0.21421421421421422,0.980980980980981,0.474974974974975,0.9129129129129129,0.6691691691691692,0.9494494494494494,0.8498498498498499,0.527027027027027,0.42992992992992995,0.6821821821821822,0.1006006006006006,0.9159159159159159,0.46546546546546547,-1.665
0.2222222222222222,0.5790790790790791,0.7457457457457457,0.0,0.7257257257257257,0.42342342342342343,0.572072072072072,0.031031031031031032,0.612112112112112,0.9569569569569569,0.12562562562562563,0.9239239239239239,0.9569569569569569,0.521021021021021,0.8113113113113113,0.8048048048048048,0.3358358358358358,0.05305305305305305,0.6011011011011012,0.9059059059059059,0.6036036036036037,-1.47
0.22322322322322322,0.9549549549549542,0.1086086086086086,0.0,0.948948948948949,0.983983983983984,0.9679679679679679,0.8803803803803805,0.02002002002002002,0.6211211211211212,0.9829829829829833,0.9269269269269269,0.5595595595595596,0.9579579579579578,0.8538538538538538,0.519019019019019,0.15215215215215216,0.5085085085085085,0.02902902902902904,0.36986986986986986,0.012012012012012012,-1.43
0.22422422422422422,0.5295295295295295,0.8563563563563563,0.0,0.28378378378378377,0.9619619619619619,0.6181181181181181,0.2197197197197197,0.0920920920920921,0.8863863863863863,0.40040040040040037,0.5675675675675675,0.6276276276276276,0.5705705705705706,0.2832832832832833,0.5820820820820821,0.5045045045045045,0.3663663663663664,0.06056056056056056,0.970970970970971,0.46796796796796797,-1.629
0.22522522522522523,0.8638638638638638,0.35285285285285284,0.0,0.8183183183183182,0.7212212212212212,0.8188188188188188,0.5695695695695695,0.562062062062062,0.6696696696696697,0.26876876876876876,0.3743743743743744,0.525025025025025,0.37537537537537535,0.8403403403403403,0.36686686686686687,0.8398398398398398,0.6381381381381381,0.08508508508508508,0.6411411411411412,0.23523523523523523,-1.487
0.22622622622622626,0.8788788788788788,0.1861861861861862,0.0,0.4574574574574575,0.9729729729729729,0.9419419419419419,0.8293293293293293,0.03403403403403403,0.5455455455455456,0.9029029029029029,0.3383383383383384,0.14664664664664664,0.7362362362362362,0.3028028028028028,0.11761761761761762,0.3328328328328328,0.8443443443443444,0.2157157157157157,0.507007007007007,0.42842842842842843,-1.689
0.2272272272272272,0.5880880880880881,0.6486486486486487,0.0,0.8003003003003002,0.22672672672672672,0.6576576576576576,0.14464464464464466,0.8448448448448448,0.9239239239239241,0.5205205205205206,0.6621621621621621,0.1971971971971972,0.6391391391391392,0.7527527527527528,0.7832832832832832,0.3938938938938939,0.7707707707707706,0.5445445445445445,0.47847847847847846,0.23823823823823825,-1.29
0.22822822822822822,0.7207207207207207,0.08008008008008008,0.0,0.13763763763763764,0.2977977977977978,0.3863863863863864,0.4219219219219219,0.5815815815815816,0.3563563563563564,0.8793793793793794,0.12112112112112111,0.1111111111111111,0.5625625625625625,0.1971971971971972,0.05205205205205205,0.8978978978978979,0.993993993993994,0.34784784784784784,0.6486486486486487,0.5530530530530531,-1.53
0.22922922922922923,0.24124124124124124,0.7482482482482482,0.0,0.4904904904904905,0.6341341341341342,0.12262262262262262,0.7867867867867868,0.5110110110110111,0.15415415415415415,0.2872872872872873,0.1836836836836837,0.3158158158158158,0.2057057057057057,0.6311311311311312,0.3313313313313313,0.6026026026026026,0.49099099099099097,0.23073073073073075,0.505005005005005,0.545045045045045,-1.465
0.23023023023023023,0.7142142142142143,0.6591591591591592,0.0,0.7732732732732732,0.3943943943943944,0.5180180180180181,0.575075075075075,0.3338338338338338,0.6231231231231231,0.51001001001001,0.7597597597597597,0.9149149149149145,0.7232232232232232,0.9114114114114114,0.9089089089089089,0.22522522522522523,0.12912912912912913,0.1921921921921922,0.4444444444444444,0.39789789789789787,-1.486
0.23123123123123127,0.5260260260260261,0.09809809809809811,0.0,0.5630630630630631,0.7242242242242243,0.17317317317317318,0.6531531531531531,0.5190190190190189,0.7632632632632632,0.38038038038038036,0.5405405405405406,0.7557557557557557,0.4394394394394394,0.35035035035035034,0.4804804804804805,0.8178178178178178,0.45145145145145144,0.8168168168168168,0.6746746746746747,0.6486486486486487,-1.456
0.23223223223223224,0.5225225225225225,0.2147147147147147,0.0,0.12862862862862862,0.3743743743743744,0.8533533533533533,0.14864864864864863,0.4364364364364365,0.4984984984984985,0.8663663663663663,0.3763763763763764,0.04254254254254254,0.3353353353353353,0.06606606606606606,0.041541541541541535,0.6676676676676676,0.8338338338338338,0.8038038038038038,0.4244244244244244,0.2062062062062062,-1.196
0.23323323323323322,0.42742742742742745,0.24974974974974976,0.0,0.3163163163163163,0.6076076076076076,0.4024024024024024,0.12712712712712712,0.3208208208208208,0.4934934934934935,0.12162162162162163,0.35235235235235235,0.52002002002002,0.7527527527527528,0.2867867867867868,0.7882882882882882,0.06906906906906907,0.3228228228228228,0.3708708708708709,0.8643643643643644,0.7887887887887888,-1.724
0.23423423423423423,0.9519519519519519,0.4519519519519519,0.0,0.617117117117117,0.6421421421421422,0.607107107107107,0.7337337337337337,0.552052052052052,0.48198198198198194,0.45795795795795796,0.6946946946946947,0.7192192192192193,0.48198198198198194,0.7542542542542543,0.4754754754754755,0.7602602602602603,0.45045045045045046,0.036036036036036036,0.28128128128128127,0.6221221221221221,-1.417
0.23523523523523523,0.6146146146146146,0.09809809809809811,0.0,0.8998998998998999,0.21571571571571574,0.7352352352352352,0.22622622622622626,0.9429429429429429,0.7942942942942943,0.24324324324324326,0.515015015015015,0.38038038038038036,0.3313313313313313,0.6376376376376376,0.5965965965965966,0.8588588588588588,0.7527527527527528,0.6406406406406406,0.2822822822822823,0.23323323323323322,-1.151
0.23623623623623627,0.5445445445445445,0.7287287287287287,0.0,0.5905905905905906,0.30430430430430433,0.6226226226226226,0.5585585585585586,0.46846846846846846,0.47097097097097096,0.21921921921921922,0.4134134134134134,0.4114114114114114,0.6696696696696697,0.8568568568568569,0.8563563563563563,0.5810810810810811,0.8233233233233233,0.24524524524524524,0.26976976976976974,0.2932932932932933,-1.342
0.23723723723723725,0.2027027027027027,0.9269269269269269,0.0,0.8813813813813813,0.7812812812812813,0.7182182182182182,0.572072072072072,0.4084084084084084,0.592092092092092,0.15215215215215216,0.32332332332332336,0.21621621621621623,0.11261261261261261,0.35435435435435436,0.6761761761761762,0.2727727727727728,0.24574574574574576,0.43993993993993996,0.45795795795795796,0.27127127127127126,-1.448
0.23823823823823823,0.23123123123123132,0.8278278278278278,0.0,0.44844844844844844,0.08658658658658658,0.2272272272272272,0.7212212212212212,0.8993993993993994,0.28378378378378377,0.2132132132132132,0.4904904904904905,0.6536536536536537,0.1871871871871872,0.6841841841841843,0.3613613613613613,0.473973973973974,0.33333333333333337,0.8698698698698699,0.31181181181181183,0.5530530530530531,-1.435
0.23923923923923923,0.1866866866866867,0.7637637637637638,0.0,0.16916916916916921,0.978978978978979,0.13913913913913914,0.7142142142142143,0.01051051051051051,0.7437437437437437,0.8213213213213213,0.8288288288288288,0.8288288288288288,0.9079079079079079,0.5140140140140139,0.8668668668668669,0.07157157157157157,0.04204204204204204,0.6461461461461462,0.9719719719719719,0.8068068068068068,-1.695
0.24024024024024024,0.8678678678678677,0.5235235235235236,0.0,0.48698698698698695,0.552052052052052,0.8443443443443444,0.28128128128128127,0.37237237237237236,0.45645645645645644,0.34934934934934936,0.46396396396396394,0.5675675675675675,0.7342342342342343,0.47647647647647645,0.1831831831831832,0.2817817817817818,0.42242242242242245,0.43493493493493496,0.5480480480480481,0.34684684684684686,-1.428
0.24124124124124127,0.31331331331331336,0.2887887887887888,0.0,0.2052052052052052,0.07707707707707707,0.06456456456456457,0.19769769769769768,0.8543543543543544,0.57007007007007,0.2767767767767768,0.3173173173173173,0.3983983983983984,0.37537537537537535,0.36286286286286284,0.25975975975975973,0.7862862862862863,0.6741741741741742,0.8823823823823824,0.6346346346346347,0.7837837837837838,-1.338
0.24224224224224225,0.549049049049049,0.7857857857857857,0.0,0.6346346346346347,0.36936936936936937,0.577077077077077,0.2782782782782783,0.5085085085085085,0.7657657657657657,0.4254254254254254,0.7582582582582582,0.5710710710710711,0.8268268268268268,0.3788788788788789,0.0915915915915916,0.07707707707707707,0.35785785785785784,0.5315315315315315,0.6546546546546547,0.5725725725725725,-1.635
0.24324324324324326,0.8358358358358358,0.3303303303303303,0.0,0.6086086086086087,0.8618618618618619,0.4804804804804805,0.3688688688688689,0.1031031031031031,0.9519519519519519,0.2272272272272272,0.7902902902902902,0.9409409409409409,0.6546546546546547,0.7487487487487487,0.8828828828828829,0.26926926926926925,0.2112112112112112,0.15065065065065064,0.7617617617617618,0.5040040040040039,-1.38
0.24424424424424424,0.5880880880880881,0.37487487487487486,0.0,0.6956956956956957,0.04204204204204204,0.38288288288288286,0.6316316316316317,0.995995995995996,0.1061061061061061,0.5515515515515516,0.34384384384384387,0.3053053053053053,0.08808808808808809,0.622122122122122,0.7292292292292293,0.6976976976976977,0.6606606606606606,0.5275275275275275,0.12212212212212212,0.22422422422422422,-1.313
0.24524524524524524,0.04604604604604605,0.8633633633633633,0.0,0.14314314314314314,0.36286286286286284,0.2702702702702703,0.0890890890890891,0.8583583583583583,0.17067067067067065,0.9879879879879879,0.14064064064064064,0.03653653653653653,0.07407407407407407,0.036036036036036036,0.3313313313313313,0.2917917917917918,0.975975975975976,0.7532532532532532,0.4039039039039039,0.5135135135135136,-1.218
0.24624624624624628,0.8398398398398398,0.21171171171171171,0.0,0.6131131131131131,0.94994994994995,0.8568568568568569,0.985985985985986,0.07007007007007007,0.41491491491491495,0.7967967967967968,0.6546546546546547,0.3608608608608609,0.2802802802802803,0.7232232232232232,0.6236236236236237,0.18268268268268267,0.468968968968969,0.22872872872872874,0.37537537537537535,0.12262262262262262,-1.578
0.24724724724724725,0.2112112112112112,0.8938938938938938,0.0,0.17567567567567566,0.8103103103103103,0.16116116116116116,0.34934934934934936,0.0935935935935936,0.4024024024024024,0.7087087087087087,0.7992992992992993,0.8938938938938938,0.7822822822822824,0.4914914914914915,0.37787787787787785,0.37037037037037035,0.04704704704704705,0.19519519519519518,0.8333333333333333,0.8358358358358359,-1.735
0.24824824824824826,0.9099099099099099,0.07107107107107107,0.0,0.7677677677677678,0.15065065065065064,0.85985985985986,0.2577577577577578,0.5425425425425425,0.28378378378378377,0.3913913913913914,0.5830830830830831,0.504004004004004,0.3983983983983984,0.9719719719719719,0.8133133133133132,0.6261261261261262,0.7682682682682682,0.02052052052052052,0.14914914914914915,0.15115115115115116,-1.252
0.24924924924924924,0.17617617617617617,0.8583583583583583,0.0,0.062062062062062065,0.4389389389389389,0.13563563563563563,0.07907907907907907,0.26676676676676675,0.48448448448448445,0.6096096096096095,0.45845845845845845,0.512012012012012,0.5125125125125125,0.1841841841841842,0.2887887887887888,0.24424424424424424,0.22872872872872874,0.8358358358358358,0.9129129129129129,0.7922922922922924,-1.683
0.2502502502502502,0.6376376376376376,0.5715715715715716,0.0,0.5495495495495496,0.33433433433433435,0.6786786786786787,0.38788788788788786,0.44244244244244246,0.42992992992992995,0.32682682682682684,0.9119119119119119,0.9179179179179179,0.9059059059059059,0.8728728728728729,0.8588588588588588,0.40740740740740744,0.03403403403403403,0.6171171171171171,0.4134134134134134,0.34184184184184185,-1.415
0.25125125125125125,0.7897897897897898,0.3363363363363363,0.0,0.6131131131131131,0.4364364364364364,0.3213213213213213,0.49099099099099097,0.5460460460460461,0.7507507507507507,0.2992992992992993,0.6831831831831832,0.5610610610610611,0.2032032032032032,0.8463463463463463,0.3968968968968969,0.8458458458458459,0.5460460460460461,0.24524524524524524,0.6696696696696697,0.49449449449449445,-1.423
0.2522522522522523,0.23373373373373374,0.8963963963963963,0.0,0.6616616616616616,0.8733733733733733,0.43343343343343343,0.5695695695695695,0.2962962962962963,0.47347347347347346,0.5590590590590591,0.6496496496496497,0.5075075075075075,0.46696696696696693,0.5860860860860861,0.7807807807807807,0.47047047047047047,0.2157157157157157,0.47947947947947944,0.3408408408408409,0.5305305305305306,-1.419
0.25325325325325326,0.7427427427427428,0.6126126126126126,0.0,0.8208208208208208,0.008008008008008008,0.515015015015015,0.5630630630630631,0.9779779779779779,0.5840840840840841,0.5590590590590591,0.983983983983984,0.36786786786786785,0.9769769769769769,0.9619619619619619,0.7642642642642643,0.7827827827827828,0.3563563563563564,0.6506506506506506,0.25675675675675674,0.39039039039039036,-1.341
0.25425425425425424,0.17317317317317318,0.3788788788788789,0.0,0.1091091091091091,0.2862862862862863,0.2782782782782783,0.28128128128128127,0.6631631631631631,0.17317317317317316,0.964964964964965,0.10710710710710711,0.05655655655655656,0.035035035035035036,0.025525525525525526,0.038538538538538544,0.7062062062062062,0.97997997997998,0.6826826826826826,0.35235235235235235,0.5615615615615616,-1.378
0.2552552552552552,0.7397397397397397,0.8328328328328328,0.0,0.35935935935935936,0.9819819819819819,0.9059059059059059,0.4519519519519519,0.013013013013013013,0.8428428428428428,0.6861861861861862,0.45345345345345345,0.44594594594594594,0.9554554554554555,0.43343343343343343,0.7987987987987988,0.6261261261261262,0.3413413413413413,0.13463463463463465,0.9089089089089089,0.17617617617617617,-1.548
0.25625625625625625,0.6336336336336337,0.16316316316316315,0.0,0.11911911911911911,0.6936936936936937,0.26626626626626626,0.7492492492492493,0.34484484484484484,0.2732732732732733,0.7747747747747749,0.3833833833833834,0.2552552552552553,0.5625625625625625,0.08858858858858859,0.537037037037037,0.8203203203203203,0.6581581581581581,0.7487487487487487,0.6426426426426426,0.6896896896896897,-1.477
0.25725725725725723,0.535035035035035,0.20020020020020018,0.0,0.22422422422422422,0.6116116116116116,0.5345345345345345,0.04054054054054054,0.11011011011011011,0.6576576576576576,0.2727727727727728,0.1981981981981982,0.42992992992992995,0.6251251251251251,0.11061061061061062,0.10810810810810811,0.0990990990990991,0.9064064064064064,0.507007007007007,0.8078078078078074,0.7387387387387387,-1.623
0.25825825825825827,0.8883883883883883,0.11411411411411411,0.0,0.8953953953953955,0.4254254254254254,0.477977977977978,0.2752752752752753,0.6581581581581581,0.9469469469469469,0.1956956956956957,0.8778778778778776,0.529029029029029,0.4169169169169169,0.9564564564564564,0.990990990990991,0.933933933933934,0.585085085085085,0.07357357357357358,0.6441441441441442,0.46396396396396394,-1.311
0.25925925925925924,0.2967967967967968,0.6791791791791792,0.0,0.7062062062062062,0.06306306306306306,0.5430430430430431,0.5765765765765766,0.9304304304304305,0.9029029029029029,0.8413413413413413,0.963963963963964,0.7517517517517518,0.8663663663663663,0.7627627627627628,0.6586586586586587,0.6646646646646647,0.3103103103103103,0.9469469469469469,0.3148148148148148,0.30330330330330335,-1.047
0.2602602602602603,0.9229229229229229,0.011011011011011011,0.0,0.7412412412412412,0.7092092092092093,0.3463463463463463,0.9114114114114114,0.4244244244244244,0.37137137137137133,0.17817817817817816,0.11811811811811813,0.14914914914914915,0.23923923923923923,0.7072072072072072,0.7292292292292293,0.9169169169169169,0.8718718718718719,0.0920920920920921,0.36286286286286284,0.40490490490490494,-1.497
0.26126126126126126,0.33933933933933935,0.8633633633633633,0.0,0.4054054054054054,0.6676676676676676,0.477977977977978,0.8738738738738738,0.31831831831831836,0.32932932932932935,0.6211211211211212,0.2582582582582582,0.6251251251251251,0.26676676676676675,0.49799799799799804,0.04904904904904905,0.2777777777777778,0.5340340340340339,0.46546546546546547,0.4244244244244244,0.38638638638638634,-1.57
0.26226226226226224,0.6336336336336337,0.03753753753753754,0.0,0.8363363363363363,0.9204204204204205,0.23373373373373374,0.9284284284284283,0.487987987987988,0.038538538538538544,0.4429429429429429,0.07707707707707707,0.3608608608608609,0.11611611611611611,0.25875875875875876,0.2887887887887888,0.018018018018018018,0.6421421421421422,0.46096096096096095,0.13713713713713713,0.2517517517517518,-1.447
0.26326326326326327,0.43793793793793795,0.1716716716716717,0.0,0.5415415415415415,0.04604604604604605,0.6361361361361362,0.1111111111111111,0.9679679679679679,0.7287287287287287,0.04804804804804805,0.4674674674674675,0.9064064064064064,0.47347347347347346,0.478978978978979,0.3313313313313313,0.8438438438438438,0.1981981981981982,0.8938938938938938,0.6151151151151151,0.6666666666666666,-1.474
0.26426426426426425,0.6951951951951951,0.4264264264264264,0.0,0.502002002002002,0.8128128128128128,0.35935935935935936,0.8938938938938938,0.4194194194194194,0.13413413413413414,0.2642642642642643,0.17217217217217218,0.06506506506506507,0.6071071071071071,0.45845845845845845,0.7052052052052051,0.7947947947947948,0.960960960960961,0.13863863863863862,0.3983983983983984,0.5655655655655656,-1.602
0.2652652652652653,0.7652652652652652,0.4189189189189189,0.0,0.8068068068068068,0.004004004004004004,0.2887887887887888,0.7907907907907907,0.998998998998999,0.018018018018018018,0.14014014014014015,0.14514514514514515,0.4179179179179179,0.3353353353353353,0.7762762762762763,0.7292292292292293,0.6716716716716717,0.6881881881881882,0.8358358358358358,0.012012012012012012,0.33083083083083087,-1.351
0.26626626626626626,0.6951951951951951,0.24724724724724725,0.0,0.6211211211211212,0.3838838838838839,0.8133133133133132,0.3148148148148148,0.7792792792792793,0.795795795795796,0.9079079079079078,0.4554554554554554,0.03003003003003003,0.8458458458458459,0.10710710710710711,0.15215215215215216,0.9119119119119119,0.938938938938939,0.7962962962962963,0.48848848848848847,0.11761761761761762,-1.318
0.26726726726726724,0.6856856856856857,0.14464464464464463,0.0,0.5405405405405406,0.4039039039039039,0.5345345345345345,0.3133133133133133,0.5735735735735736,0.6611611611611612,0.2062062062062062,0.6106106106106106,0.35785785785785784,0.521021021021021,0.45495495495495497,0.4209209209209209,0.8013013013013013,0.3078078078078078,0.507007007007007,0.5095095095095095,0.484984984984985,-1.263
0.2682682682682683,0.980980980980981,0.1941941941941942,0.0,0.9629629629629629,0.44044044044044045,0.9949949949949949,0.8198198198198199,0.5855855855855856,0.25075075075075076,0.9249249249249251,0.3563563563563564,0.023023023023023025,0.2962962962962963,0.8308308308308308,0.029029029029029027,0.944944944944945,0.9719719719719719,0.0990990990990991,0.07807807807807808,0.023023023023023025,-1.316
0.26926926926926925,0.35235235235235235,0.9129129129129129,0.0,0.14914914914914915,0.7522522522522523,0.5095095095095095,0.38288288288288286,0.527027027027027,0.6491491491491492,0.7617617617617618,0.8268268268268268,0.7752752752752752,0.7552552552552552,0.12862862862862862,0.08008008008008008,0.13063063063063063,0.21021021021021022,0.7012012012012012,0.6931931931931932,0.5860860860860861,-1.421
0.2702702702702703,0.32432432432432434,0.28378378378378377,0.0,0.1861861861861862,0.2682682682682683,0.12762762762762764,0.6241241241241242,0.9519519519519519,0.04654654654654655,0.41791791791791794,0.02002002002002002,0.016016016016016016,0.2987987987987988,0.06406406406406406,0.16366366366366364,0.7447447447447447,0.9109109109109109,0.16816816816816818,0.13863863863863862,0.6691691691691692,-1.45
0.27127127127127126,0.6476476476476476,0.24224224224224225,0.0,0.9049049049049049,0.7137137137137137,0.9089089089089089,0.4419419419419419,0.38738738738738737,0.6791791791791792,0.8663663663663663,0.8663663663663663,0.7342342342342343,0.6526526526526526,0.4854854854854855,0.48948948948948945,0.5325325325325325,0.4674674674674675,0.26576576576576577,0.4289289289289289,0.2012012012012012,-1.289
0.2722722722722723,0.6756756756756757,0.506006006006006,0.0,0.25875875875875876,0.6836836836836837,0.9579579579579579,0.3733733733733734,0.07707707707707707,0.2922922922922923,0.933933933933934,0.5725725725725725,0.14364364364364363,0.8498498498498499,0.4089089089089089,0.1021021021021021,0.4654654654654654,0.7227227227227226,0.36536536536536535,0.38038038038038036,0.15115115115115116,-1.282
0.2732732732732733,0.4984984984984985,0.07007007007007007,0.0,0.4804804804804805,0.04054054054054054,0.7407407407407407,0.34284284284284283,0.6356356356356356,0.34634634634634637,0.8263263263263263,0.6496496496496497,0.40740740740740744,0.7527527527527528,0.8488488488488488,0.8093093093093093,0.9179179179179177,0.5630630630630631,0.9494494494494494,0.26426426426426425,0.3008008008008008,-1.22
0.27427427427427425,0.8273273273273274,0.3898898898898899,0.0,0.4339339339339339,0.57007007007007,0.7887887887887888,0.15365365365365363,0.34484484484484484,0.7867867867867868,0.9674674674674675,0.3098098098098098,0.022022022022022022,0.6631631631631631,0.11061061061061062,0.11911911911911911,0.8563563563563563,0.982982982982983,0.3083083083083083,0.6211211211211212,0.12262262262262262,-1.214
0.2752752752752753,0.6476476476476476,0.4129129129129129,0.0,0.4244244244244244,0.8393393393393394,0.8188188188188188,0.43093093093093093,0.16116116116116116,0.58008008008008,0.973973973973974,0.8843843843843844,0.15065065065065064,0.9369369369369369,0.36936936936936937,0.38238238238238237,0.8798798798798799,0.7047047047047047,0.17967967967967968,0.5635635635635635,0.22422422422422422,-1.41
0.27627627627627627,0.9619619619619619,0.15265265265265265,0.0,0.9769769769769769,0.4109109109109109,0.8953953953953955,0.9179179179179175,0.7632632632632632,0.47997997997998,0.3958958958958959,0.547047047047047,0.5610610610610611,0.2102102102102102,0.9259259259259259,0.8923923923923924,0.5455455455455456,0.8938938938938938,0.2127127127127127,0.10960960960960961,0.24474474474474472,-1.329
0.2772772772772773,0.24724724724724725,0.968968968968969,0.0,0.17817817817817816,0.5605605605605606,0.5685685685685686,0.46946946946946944,0.4124124124124124,0.637137137137137,0.9379379379379376,0.9069069069069069,0.8013013013013013,0.991991991991992,0.2067067067067067,0.30680680680680683,0.08008008008008008,0.07407407407407407,0.9459459459459459,0.6841841841841843,0.7072072072072072,-1.482
0.2782782782782783,0.8273273273273274,0.3228228228228228,0.0,0.15665665665665668,0.7242242242242243,0.968968968968969,0.5900900900900901,0.12562562562562563,0.4544544544544544,0.998998998998999,0.8663663663663663,0.565065065065065,0.9289289289289289,0.42242242242242245,0.4854854854854855,0.41041041041041043,0.6486486486486487,0.07507507507507508,0.6116116116116116,0.15415415415415415,-1.541
0.27927927927927926,0.7767767767767768,0.13263263263263264,0.0,0.52002002002002,0.34034034034034033,0.2552552552552553,0.5135135135135135,0.5660660660660661,0.4519519519519519,0.3213213213213213,0.22322322322322322,0.9849849849849851,0.24274274274274274,0.7517517517517518,0.8348348348348349,0.03003003003003003,0.3823823823823824,0.8013013013013013,0.6301301301301301,0.8513513513513513,-1.646
0.2802802802802803,0.7552552552552552,0.36186186186186187,0.0,0.8243243243243243,0.557057057057057,0.8003003003003002,0.515015015015015,0.3793793793793794,0.42592592592592593,0.8838838838838838,0.7012012012012012,0.3078078078078078,0.2962962962962963,0.6251251251251251,0.5820820820820821,0.7687687687687688,0.28228228228228225,0.14564564564564564,0.39239239239239243,0.07507507507507508,-1.417
0.28128128128128127,0.044044044044044044,0.9324324324324325,0.0,0.4204204204204204,0.5745745745745746,0.01001001001001001,0.5330330330330331,0.7632632632632632,0.17067067067067065,0.3913913913913914,0.3723723723723724,0.9239239239239239,0.050050050050050046,0.14714714714714713,0.8068068068068068,0.024024024024024024,0.06456456456456457,0.23323323323323322,0.45095095095095095,0.8798798798798799,-1.695
0.2822822822822823,0.5580580580580581,0.6486486486486487,0.0,0.8523523523523524,0.062062062062062065,0.4519519519519519,0.35785785785785784,0.8863863863863863,0.57007007007007,0.43843843843843844,0.9579579579579578,0.9429429429429429,0.8323323323323324,0.9149149149149147,0.8013013013013013,0.10510510510510511,0.1046046046046046,0.35685685685685686,0.5510510510510511,0.3963963963963964,-1.489
0.2832832832832833,0.17867867867867868,0.473973973973974,0.0,0.26076076076076077,0.4209209209209209,0.15615615615615616,0.17067067067067065,0.6141141141141142,0.9154154154154155,0.9564564564564564,0.9049049049049049,0.7292292292292293,0.3858858858858859,0.36036036036036034,0.5995995995995996,0.13913913913913914,0.1111111111111111,0.34284284284284283,0.9074074074074074,0.6786786786786787,-1.571
0.28428428428428426,0.5415415415415415,0.3303303303303303,0.0,0.505005005005005,0.9224224224224224,0.3843843843843844,0.23373373373373374,0.09759759759759759,0.8778778778778777,0.8063063063063063,0.7207207207207207,0.8868868868868869,0.8708708708708709,0.5440440440440439,0.5340340340340339,0.1716716716716717,0.47197197197197194,0.12312312312312312,0.8198198198198198,0.2792792792792793,-1.487
0.2852852852852853,0.7267267267267268,0.8008008008008007,0.0,0.7812812812812813,0.09059059059059059,0.6036036036036037,0.984984984984985,0.9219219219219219,0.038538538538538544,0.45095095095095095,0.27377377377377377,0.42992992992992995,0.494994994994995,0.8728728728728729,0.9064064064064064,0.5860860860860861,0.7452452452452452,0.6741741741741742,0.038538538538538544,0.42842842842842843,-1.533
0.2862862862862863,0.34184184184184185,0.24974974974974976,0.0,0.493993993993994,0.473973973973974,0.7737737737737738,0.0935935935935936,0.46546546546546547,0.7027027027027027,0.23773773773773774,0.2752752752752753,0.07307307307307308,0.6806806806806807,0.35935935935935936,0.7477477477477477,0.8768768768768769,0.6841841841841843,0.8988988988988988,0.5495495495495496,0.2657657657657657,-1.466
0.2872872872872873,0.8908908908908909,0.4934934934934935,0.0,0.965965965965966,0.08208208208208209,0.6886886886886887,0.8123123123123124,0.8243243243243243,0.4179179179179179,0.3958958958958959,0.9004004004004005,0.9304304304304305,0.7132132132132132,0.9804804804804805,0.960960960960961,0.35035035035035034,0.09559559559559559,0.31831831831831836,0.1111111111111111,0.17617617617617617,-1.444
0.2882882882882883,0.5105105105105104,0.8033033033033032,0.0,0.8383383383383383,0.7937937937937938,0.5040040040040039,0.7052052052052051,0.08508508508508508,0.7352352352352352,0.20870870870870872,0.8478478478478477,0.9259259259259259,0.6426426426426426,0.8813813813813813,0.2652652652652653,0.1716716716716717,0.23223223223223222,0.10810810810810811,0.8998998998998999,0.39039039039039036,-1.779
0.28928928928928926,0.6146146146146146,0.03903903903903904,0.0,0.22972972972972971,0.44744744744744747,0.6531531531531531,0.1021021021021021,0.577077077077077,0.8748748748748748,0.7687687687687688,0.7657657657657657,0.1841841841841842,0.9554554554554555,0.4394394394394394,0.6951951951951951,0.95995995995996,0.6996996996996997,0.6916916916916918,0.6686686686686687,0.3223223223223223,-1.203
0.2902902902902903,0.34184184184184185,0.6701701701701701,0.0,0.004004004004004004,0.7607607607607606,0.2527527527527528,0.045045045045045015,0.19019019019019018,0.42842842842842843,0.8333333333333333,0.36236236236236236,0.482982982982983,0.8483483483483483,0.004004004004004004,0.24074074074074076,0.24124124124124124,0.48348348348348347,0.7487487487487487,0.955955955955956,0.9034034034034033,-1.613
0.2912912912912913,0.0940940940940941,0.7117117117117117,0.0,0.0985985985985986,0.23523523523523523,0.11961961961961962,0.44894894894894893,0.9129129129129129,0.17317317317317316,0.36036036036036034,0.25125125125125125,0.2627627627627628,0.15015015015015015,0.01901901901901902,0.054054054054054085,0.19019019019019018,0.5155155155155156,0.8583583583583583,0.4624624624624625,0.8608608608608609,-1.641
0.2922922922922923,0.9259259259259259,0.06506506506506507,0.0,0.44144144144144143,0.8058058058058057,0.5980980980980981,0.6566566566566567,0.15565565565565564,0.7712712712712713,0.948948948948949,0.8818818818818819,0.5980980980980981,0.9419419419419419,0.5950950950950951,0.2652652652652653,0.6766766766766766,0.6421421421421422,0.5405405405405406,0.6776776776776777,0.44744744744744747,-1.485
0.2932932932932933,0.8778778778778777,0.03753753753753754,0.0,0.960960960960961,0.27877877877877877,0.7507507507507507,0.5265265265265265,0.5015015015015015,0.8678678678678678,0.507007007007007,0.8803803803803805,0.6711711711711712,0.8783783783783783,0.9139139139139139,0.9624624624624625,0.7662662662662663,0.45595595595595595,0.2732732732732733,0.2652652652652653,0.22872872872872874,-1.219
0.29429429429429427,0.14114114114114115,0.7232232232232232,0.0,0.7697697697697697,0.46996996996997,0.06656656656656657,0.8498498498498499,0.6431431431431431,0.7222222222222222,0.022022022022022022,0.4554554554554554,0.7342342342342343,0.10760760760760761,0.8833833833833833,0.9229229229229229,0.5890890890890891,0.6486486486486487,0.5360360360360361,0.6071071071071071,0.7797797797797797,-1.627
0.2952952952952953,0.7697697697697697,0.6856856856856857,0.0,0.5605605605605606,0.29929929929929927,0.6476476476476476,0.9779779779779779,0.6496496496496497,0.0,0.5205205205205206,0.09009009009009009,0.6556556556556556,0.37537537537537535,0.7032032032032032,0.17117117117117117,0.44494494494494496,0.5340340340340339,0.24124124124124124,0.002002002002002002,0.30330330330330335,-1.341
0.2962962962962963,0.7897897897897898,0.26426426426426425,0.0,0.7517517517517518,0.3058058058058058,0.9719719719719719,0.8723723723723724,0.6796796796796797,0.35235235235235235,0.9129129129129129,0.7132132132132132,0.12412412412412413,0.8513513513513513,0.6806806806806807,0.22822822822822822,0.8978978978978979,0.9264264264264264,0.4854854854854855,0.03003003003003003,0.013013013013013013,-1.113
0.2972972972972973,0.20020020020020018,0.05205205205205205,0.0,0.2072072072072072,0.6591591591591592,0.16816816816816815,0.2047047047047047,0.7542542542542543,0.7477477477477477,0.7187187187187187,0.06006006006006006,0.06606606606606606,0.27627627627627627,0.003003003003003003,0.014514514514514514,0.7242242242242243,0.8748748748748749,0.962962962962963,0.8643643643643644,0.904904904904905,-1.766
0.2982982982982983,0.07007007007007007,0.8218218218218218,0.0,0.2132132132132132,0.48998998998999,0.047547547547547545,0.07307307307307308,0.4209209209209209,0.985985985985986,0.08608608608608609,0.8343343343343343,0.8438438438438438,0.6071071071071071,0.6856856856856857,0.7152152152152151,0.37737737737737737,0.16966966966966968,0.84984984984985,0.988988988988989,0.9314314314314314,-1.584
0.2992992992992993,0.6616616616616617,0.549049049049049,0.0,0.7657657657657657,0.6676676676676676,0.6291291291291292,0.8998998998998999,0.2532532532532532,0.8148148148148148,0.5460460460460461,0.9669669669669669,0.9879879879879879,0.5265265265265264,0.9679679679679679,0.9479479479479478,0.009009009009009009,0.05555555555555555,0.6041041041041041,0.8583583583583583,0.36186186186186187,-1.646
0.3003003003003003,0.4424424424424425,0.7977977977977978,0.0,0.3083083083083083,0.2652652652652653,0.062062062062062065,0.5505505505505506,0.8028028028028028,0.26076076076076077,0.6341341341341341,0.4219219219219219,0.11961961961961962,0.7097097097097097,0.25075075075075076,0.07457457457457457,0.38238238238238237,0.884884884884885,0.7557557557557557,0.3353353353353353,0.6366366366366366,-1.397
0.3013013013013013,0.44744744744744736,0.6541541541541541,0.0,0.5280280280280281,0.2767767767767768,0.3688688688688689,0.1881881881881882,0.4184184184184184,0.968968968968969,0.8723723723723724,0.948948948948949,0.5460460460460461,0.996996996996997,0.537037037037037,0.3263263263263263,0.4344344344344344,0.4114114114114114,0.6241241241241241,0.8958958958958959,0.44394394394394393,-1.387
0.3023023023023023,0.7122122122122122,0.35735735735735735,0.0,0.46096096096096095,0.33433433433433435,0.6156156156156156,0.04654654654654655,0.7022022022022022,0.8468468468468469,0.09809809809809811,0.11011011011011011,0.13463463463463465,0.56006006006006,0.08658658658658658,0.06756756756756757,0.8168168168168168,0.8823823823823824,0.9359359359359359,0.6211211211211212,0.478978978978979,-1.319
0.3033033033033033,0.4294294294294294,0.43043043043043044,0.0,0.37637637637637633,0.9569569569569569,0.12612612612612611,0.9519519519519519,0.08008008008008008,0.2032032032032032,0.03903903903903904,0.22522522522522523,0.8163163163163163,0.21921921921921922,0.4144144144144144,0.7987987987987988,0.7637637637637638,0.3718718718718719,0.3083083083083083,0.5445445445445445,0.8448448448448448,-1.673
0.30430430430430433,0.6891891891891893,0.4519519519519519,0.0,0.9319319319319319,0.592092092092092,0.7427427427427428,0.8628628628628628,0.4984984984984985,0.6261261261261262,0.04654654654654655,0.5515515515515516,0.7147147147147147,0.4169169169169169,0.9269269269269269,0.6561561561561562,0.2707707707707708,0.39639639639639634,0.6706706706706707,0.37537537537537535,0.2887887887887888,-1.457
0.3053053053053053,0.14814814814814814,0.8178178178178178,0.0,0.2277277277277277,0.3883883883883884,0.3688688688688689,0.7532532532532532,0.603603603603604,0.07407407407407407,0.6156156156156156,0.050050050050050046,0.15465465465465467,0.16066066066066065,0.1151151151151151,0.2057057057057057,0.42242242242242245,0.9159159159159159,0.7122122122122122,0.23923923923923923,0.7737737737737738,-1.467
0.3063063063063063,0.6356356356356356,0.38288288288288286,0.0,0.5365365365365365,0.2832832832832833,0.5405405405405406,0.3188188188188188,0.5575575575575575,0.8253253253253253,0.7087087087087087,0.4404404404404404,0.15965965965965967,0.7847847847847848,0.7167167167167168,0.7117117117117118,0.6206206206206206,0.9089089089089089,0.5980980980980981,0.652152152152152,0.36186186186186187,-1.236
0.3073073073073073,0.492992992992993,0.37487487487487486,0.0,0.25675675675675674,0.24474474474474472,0.3738738738738739,0.7867867867867868,0.6281281281281281,0.016016016016016016,0.9284284284284283,0.6606606606606605,0.4239239239239239,0.7997997997997999,0.6131131131131131,0.1981981981981982,0.7977977977977978,0.6336336336336337,0.2272272272272272,0.08408408408408408,0.6366366366366366,-1.379
0.3083083083083083,0.6166166166166166,0.26426426426426425,0.0,0.8463463463463463,0.3463463463463463,0.9549549549549549,0.8753753753753755,0.4139139139139139,0.23623623623623627,0.8428428428428428,0.4994994994994995,0.15665665665665668,0.28678678678678676,0.9319319319319319,1.0,0.9369369369369369,0.7087087087087087,0.7462462462462462,0.015515515515515516,0.028028028028028028,-1.083
0.30930930930930933,0.7017017017017017,0.3933933933933934,0.0,0.7582582582582582,0.7282282282282282,0.8078078078078077,0.9379379379379378,0.5155155155155156,0.056056056056056056,0.8608608608608608,0.2327327327327327,0.8308308308308309,0.07707707707707707,0.5695695695695696,0.48948948948948945,0.07007007007007007,0.7137137137137137,0.46796796796796797,0.05455455455455456,0.2852852852852853,-1.496
0.3103103103103103,0.3858858858858859,0.7312312312312312,0.0,0.40040040040040037,0.8838838838838838,0.2082082082082082,0.9579579579579575,0.03203203203203203,0.3078078078078078,0.2132132132132132,0.473973973973974,0.997997997997998,0.5425425425425425,0.7837837837837838,0.8718718718718719,0.05205205205205205,0.0920920920920921,0.4019019019019019,0.8788788788788788,0.8513513513513513,-1.8
0.3113113113113113,0.25975975975975973,0.8923923923923924,0.0,0.4264264264264264,0.9109109109109109,0.6336336336336337,0.32932932932932935,0.018018018018018018,0.904904904904905,0.9409409409409409,0.996996996996997,0.6396396396396397,0.9444444444444444,0.512012012012012,0.26226226226226224,0.13563563563563563,0.3038038038038038,0.2937937937937938,0.8488488488488488,0.46096096096096095,-1.706
0.3123123123123123,0.9719719719719719,0.003003003003003003,0.0,0.9264264264264264,0.1061061061061061,0.9249249249249252,0.46646646646646645,0.91991991991992,0.32732732732732733,0.6511511511511512,0.7207207207207207,0.7227227227227226,0.30180180180180183,0.8463463463463463,0.562062062062062,0.7337337337337337,0.8088088088088088,0.2092092092092092,0.04804804804804805,0.03653653653653653,-1.103
0.3133133133133133,0.05905905905905906,0.6541541541541541,0.0,0.33433433433433435,0.8178178178178178,0.07257257257257257,0.9554554554554555,0.7057057057057057,0.0980980980980981,0.41791791791791794,0.011011011011011011,0.2582582582582582,0.023523523523523524,0.017017017017017015,0.19519519519519518,0.24424424424424424,0.6911911911911912,0.9034034034034033,0.15165165165165168,0.8378378378378376,-1.5
0.31431431431431434,0.33933933933933935,0.4419419419419419,0.0,0.6536536536536537,0.11661661661661661,0.7967967967967968,0.5900900900900901,0.9009009009009009,0.14614614614614613,0.07357357357357358,0.03903903903903904,0.4144144144144144,0.08408408408408408,0.5725725725725725,0.617117117117117,0.28428428428428426,0.6741741741741742,0.607107107107107,0.06706706706706707,0.3063063063063063,-1.329
0.3153153153153153,0.39539539539539537,0.8108108108108109,0.0,0.3943943943943944,0.9774774774774775,0.7062062062062062,0.3188188188188188,0.10510510510510511,0.8578578578578578,0.4429429429429429,0.5515515515515516,0.6536536536536537,0.5820820820820821,0.060560560560560556,0.05105105105105105,0.2022022022022022,0.2692692692692693,0.28978978978978975,0.9264264264264264,0.6186186186186187,-1.715
0.3163163163163163,0.19569569569569567,0.957957957957958,0.0,0.27377377377377377,0.4254254254254254,0.23823823823823823,0.4019019019019019,0.6516516516516516,0.6956956956956957,0.6816816816816818,0.4774774774774775,0.4964964964964965,0.6491491491491492,0.1996996996996997,0.4984984984984985,0.27627627627627627,0.3038038038038038,0.6406406406406406,0.7807807807807807,0.6186186186186187,-1.536
0.3173173173173173,0.03903903903903904,0.5770770770770771,0.0,0.04254254254254254,0.2952952952952953,0.0,0.0920920920920921,0.8723723723723724,0.6656656656656657,0.507007007007007,0.5725725725725725,0.7422422422422423,0.47097097097097096,0.14364364364364363,0.5125125125125125,0.25725725725725723,0.06606606606606606,0.5895895895895895,0.7337337337337337,0.9804804804804805,-1.498
0.3183183183183183,0.3358358358358358,0.6446446446446445,0.0,0.07507507507507508,0.9139139139139141,0.27377377377377377,0.46546546546546547,0.04504504504504504,0.7587587587587588,0.32682682682682684,0.35435435435435436,0.37237237237237236,0.37537537537537535,0.23123123123123124,0.34734734734734735,0.46146146146146144,0.49549549549549554,0.8483483483483483,0.8688688688688688,0.8348348348348348,-1.608
0.31931931931931934,0.3733733733733734,0.9109109109109109,0.0,0.16666666666666669,0.35535535535535534,0.1011011011011011,0.3253253253253253,0.7112112112112112,0.13013013013013014,0.23123123123123124,0.2862862862862863,0.8408408408408409,0.6981981981981982,0.35685685685685686,0.7582582582582582,0.16816816816816815,0.043043043043043044,0.3968968968968969,0.44894894894894893,0.9349349349349348,-1.529
0.32032032032032026,0.042042042042042045,0.9419419419419419,0.0,0.21871871871871873,0.6041041041041041,0.08508508508508508,0.6876876876876876,0.5345345345345345,0.36286286286286284,0.474974974974975,0.34934934934934936,0.9544544544544544,0.11711711711711711,0.2702702702702703,0.7677677677677678,0.08208208208208208,0.13813813813813813,0.6871871871871872,0.6461461461461462,0.8963963963963963,-1.602
0.3213213213213213,0.10010010010010009,0.7232232232232232,0.0,0.050050050050050046,0.13363363363363362,0.14614614614614616,0.03553553553553554,0.7402402402402402,0.5935935935935935,0.6446446446446447,0.26226226226226224,0.2817817817817818,0.4104104104104104,0.04504504504504504,0.13613613613613615,0.3938938938938939,0.532032032032032,0.9134134134134133,0.6606606606606606,0.8808808808808809,-1.515
0.32232232232232233,0.6711711711711712,0.25875875875875876,0.0,0.46346346346346345,0.6796796796796797,0.7817817817817818,0.5505505505505506,0.3023023023023023,0.575075075075075,0.8378378378378378,0.47197197197197194,0.18218218218218218,0.8533533533533533,0.35035035035035034,0.13013013013013014,0.8708708708708709,0.7812812812812813,0.43493493493493496,0.562062062062062,0.4019019019019019,-1.433
0.32332332332332336,0.8763763763763763,0.48948948948948945,0.0,0.8033033033033032,0.34934934934934936,0.8308308308308309,0.33733733733733734,0.7022022022022022,0.990990990990991,0.7792792792792793,0.8588588588588588,0.23723723723723722,0.7922922922922924,0.7712712712712713,0.035035035035035036,0.8488488488488488,0.943943943943944,0.7062062062062062,0.494994994994995,0.18618618618618618,-1.16
0.32432432432432434,0.06906906906906907,0.5590590590590591,0.0,0.0,0.9384384384384384,0.007007007007007007,0.9064064064064064,0.07107107107107107,0.25075075075075076,0.4674674674674675,0.6366366366366367,0.988988988988989,0.7922922922922924,0.04704704704704705,0.35285285285285284,0.008008008008008008,0.0,0.6786786786786787,0.943943943943944,1.0,-2.134
0.32532532532532527,0.4039039039039039,0.34784784784784784,0.0,0.6426426426426426,0.05755755755755755,0.22072072072072074,0.5330330330330331,0.9884884884884885,0.24824824824824826,0.45095095095095095,0.484984984984985,0.16416416416416416,0.6391391391391392,0.8353353353353353,0.8923923923923924,0.8468468468468469,0.25625625625625625,0.6606606606606606,0.08758758758758758,0.4064064064064064,-1.239
0.3263263263263263,0.16766766766766766,0.5380380380380381,0.0,0.1648314981648315,0.3088088088088088,0.586086086086086,0.3783783783783784,0.6406406406406406,0.15115115115115116,0.8978978978978978,0.4454454454454454,0.4574574574574575,0.4264264264264264,0.4144144144144144,0.4019019019019019,0.6646646646646647,0.45345345345345345,0.44394394394394393,0.49749749749749733,0.6221221221221221,-1.411
0.32732732732732733,0.30230230230230226,0.013013013013013013,0.0,0.954954954954955,0.38638638638638634,0.5795795795795796,0.8613613613613613,0.6886886886886887,0.6916916916916916,0.050050050050050046,0.12712712712712712,0.6251251251251251,0.045545545545545546,0.6661661661661662,0.7022022022022022,0.23023023023023023,0.7507507507507505,0.6981981981981982,0.6031031031031031,0.4264264264264264,-1.599
0.32832832832832837,0.3048048048048048,0.7202202202202201,0.0,0.1861861861861862,0.8888888888888888,0.31931931931931934,0.9719719719719719,0.13763763763763764,0.2077077077077077,0.96996996996997,0.8288288288288288,0.993993993993994,0.7132132132132132,0.6461461461461462,0.40990990990990994,0.016016016016016016,0.057057057057057055,0.4134134134134134,0.7207207207207207,0.7522522522522523,-1.875
0.32932932932932935,0.9009009009009009,0.17617617617617617,0.0,0.6696696696696697,0.9829829829829829,0.978978978978979,0.15365365365365363,0.003003003003003003,0.9879879879879879,0.8963963963963963,0.5985985985985987,0.05255255255255255,0.8218218218218218,0.2832832832832833,0.44994994994994997,0.8638638638638638,0.9014014014014013,0.05305305305305305,0.8738738738738738,0.03903903903903904,-1.214
0.33033033033033027,0.11011011011011011,0.9444444444444444,0.0,0.16666666666666669,0.6341341341341342,0.07007007007007007,0.2047047047047047,0.3338338338338338,0.8958958958958959,0.08808808808808809,0.6651651651651651,0.8618618618618619,0.22972972972972971,0.4049049049049049,0.6451451451451451,0.38738738738738737,0.07307307307307308,0.6916916916916918,0.9289289289289291,0.7937937937937938,-1.442
0.33133133133133136,0.31331331331331336,0.9214214214214214,0.0,0.8923923923923924,0.12012012012012012,0.938938938938939,0.4164164164164164,0.867867867867868,0.7367367367367368,0.9179179179179177,0.8528528528528528,0.1086086086086086,0.17317317317317318,0.6896896896896897,0.2247247247247247,0.5325325325325325,0.5495495495495495,0.8843843843843844,0.2027027027027027,0.02002002002002002,-1.169
0.33233233233233234,0.012012012012012012,0.6701701701701701,0.0,0.05405405405405406,0.5855855855855856,0.009009009009009009,0.6596596596596597,0.7237237237237237,0.5180180180180181,0.06956956956956957,0.15315315315315314,0.4239239239239239,0.12912912912912913,0.02002002002002002,0.03353353353353353,0.18268268268268267,0.3733733733733734,0.92992992992993,0.7007007007007007,0.960960960960961,-1.46
0.33333333333333337,0.6566566566566566,0.11411411411411411,0.0,0.3788788788788789,0.23523523523523523,0.5345345345345345,0.06906906906906907,0.7557557557557557,0.5075075075075075,0.050050050050050046,0.08358358358358359,0.22572572572572575,0.3813813813813814,0.24324324324324326,0.5580580580580581,0.7837837837837838,0.6016016016016016,0.7332332332332332,0.7412412412412412,0.6786786786786787,-1.43
0.33433433433433435,0.6336336336336337,0.3153153153153153,0.0,0.8538538538538538,0.2632632632632632,0.7657657657657657,0.9329329329329329,0.5540540540540541,0.47997997997998,0.5940940940940941,0.642142142142142,0.5965965965965966,0.34934934934934936,0.8308308308308308,0.6831831831831832,0.43293293293293295,0.5965965965965966,0.7867867867867868,0.13063063063063063,0.06406406406406406,-1.297
0.33533533533533527,0.19569569569569567,0.512012012012012,0.0,0.002002002002002002,0.2182182182182182,0.0940940940940941,0.024024024024024024,0.7937937937937938,0.6001001001001001,0.5430430430430431,0.493993993993994,0.6986986986986987,0.7787787787787788,0.02702702702702703,0.25625625625625625,0.6626626626626626,0.45345345345345345,0.6406406406406406,0.8948948948948948,0.8618618618618619,-1.664
0.33633633633633636,0.3203203203203203,0.13463463463463465,0.0,0.5365365365365365,0.5545545545545545,0.2972972972972973,0.5225225225225225,0.5285285285285285,0.6726726726726726,0.48598598598598597,0.7817817817817818,0.9604604604604605,0.8363363363363363,0.45845845845845845,0.14814814814814814,0.04604604604604605,0.0970970970970971,0.3303303303303303,0.8263263263263263,0.7587587587587588,-1.689
0.33733733733733734,0.5715715715715716,0.4129129129129129,0.0,0.5245245245245245,0.7567567567567568,0.527027027027027,0.6146146146146146,0.30930930930930933,0.44144144144144143,0.6926926926926926,0.06506506506506507,0.0960960960960961,0.04704704704704705,0.1896896896896897,0.08008008008008008,0.4824824824824825,0.9039039039039038,0.29729729729729726,0.4764764764764765,0.42992992992992995,-1.57
0.3383383383383384,0.7937937937937938,0.549049049049049,0.0,0.7967967967967968,0.007007007007007007,0.6266266266266266,0.3188188188188188,0.997997997997998,0.2967967967967968,0.007007007007007007,0.2012012012012012,0.8388388388388388,0.10760760760760761,0.8938938938938938,0.9189189189189189,0.37737737737737737,0.19069069069069067,0.8483483483483483,0.12312312312312312,0.484984984984985,-1.191
0.33933933933933935,0.12412412412412413,0.7482482482482482,0.0,0.06306306306306306,0.985985985985986,0.036036036036036036,0.8088088088088088,0.031031031031031032,0.6956956956956957,0.17317317317317316,0.34384384384384387,0.5740740740740741,0.32832832832832837,0.2907907907907908,0.28378378378378377,0.11461461461461461,0.5830830830830831,0.25225225225225223,0.9209209209209209,0.8708708708708709,-1.917
0.3403403403403403,0.34684684684684686,0.8768768768768769,0.0,0.3003003003003003,0.4159159159159159,0.2987987987987988,0.6281281281281281,0.7847847847847848,0.13913913913913914,0.5325325325325325,0.07557557557557558,0.2277277277277277,0.06156156156156156,0.15615615615615616,0.3613613613613613,0.483983983983984,0.7482482482482482,0.36536536536536535,0.26326326326326327,0.4974974974974975,-1.467
0.34134134134134136,0.492992992992993,0.7697697697697697,0.0,0.8268268268268268,0.9719719719719719,0.6386386386386387,0.5115115115115115,0.3033033033033033,0.7732732732732732,0.2822822822822823,0.6016016016016016,0.8323323323323324,0.8593593593593594,0.7317317317317318,0.31481481481481477,0.33733733733733734,0.2957957957957958,0.055055055055055056,0.7707707707707707,0.12012012012012012,-1.61
0.34234234234234234,0.508008008008008,0.9524524524524525,0.0,0.950950950950951,0.6076076076076076,0.38538538538538525,0.93993993993994,0.9139139139139141,0.22922922922922923,0.4044044044044044,0.7267267267267268,0.44594594594594594,0.058058058058058054,0.7777777777777777,0.545045045045045,0.473973973973974,0.14014014014014015,0.06656656656656657,0.2592592592592593,0.14314314314314314,-1.539
0.3433433433433434,0.6691691691691692,0.014014014014014014,0.0,0.5090090090090089,0.9879879879879879,0.5040040040040039,0.6711711711711712,0.08208208208208208,0.7167167167167169,0.5325325325325325,0.1936936936936937,0.08208208208208208,0.47097097097097096,0.2962962962962963,0.6421421421421422,0.9139139139139139,0.8718718718718719,0.12312312312312312,0.7637637637637638,0.577077077077077,-1.684
0.34434434434434436,0.36236236236236236,0.8328328328328328,0.0,0.48698698698698695,0.23873873873873874,0.8498498498498501,0.44894894894894893,0.7042042042042043,0.5315315315315315,0.3958958958958959,0.39289289289289286,0.6586586586586587,0.2082082082082082,0.6161161161161162,0.42992992992992995,0.4159159159159159,0.3113113113113113,0.6871871871871872,0.36436436436436437,0.34934934934934936,-1.545
0.3453453453453453,0.9949949949949948,0.5895895895895895,0.0,0.8208208208208208,0.2882882882882883,0.7757757757757757,0.5695695695695695,0.32932932932932935,0.11161161161161161,0.7207207207207207,0.8788788788788788,0.4724724724724725,0.8768768768768769,0.9819819819819819,0.575075075075075,0.6806806806806807,0.4319319319319319,0.07057057057057056,0.1931931931931932,0.2272272272272272,-1.332
0.34634634634634637,0.7092092092092093,0.43743743743743746,0.0,0.7277277277277275,0.15265265265265265,0.7162162162162162,0.7427427427427428,0.8158158158158159,0.10960960960960961,0.07607607607607608,0.27927927927927926,0.4419419419419419,0.013013013013013013,0.93993993993994,0.9894894894894894,0.8548548548548548,0.36186186186186187,0.3003003003003003,0.13463463463463465,0.3653653653653653,-1.549
0.34734734734734735,0.42492492492492495,0.46196196196196193,0.0,0.26726726726726724,0.031031031031031032,0.9289289289289291,0.3408408408408409,0.8888888888888888,0.12212212212212212,0.7747747747747749,0.3383383383383384,0.08808808808808809,0.8108108108108107,0.21421421421421422,0.4144144144144144,0.7492492492492493,0.8063063063063063,0.9694694694694694,0.22022022022022023,0.4214214214214214,-1.601
0.3483483483483484,0.22372372372372373,0.8563563563563563,0.0,0.24324324324324328,0.980980980980981,0.46696696696696693,0.25325325325325326,0.02002002002002002,0.9219219219219219,0.6246246246246246,0.8428428428428428,0.6006006006006006,0.5325325325325325,0.17717717717717718,0.016016016016016016,0.2092092092092092,0.3078078078078078,0.1981981981981982,0.8778778778778777,0.7207207207207207,-1.471
0.34934934934934936,0.2277277277277277,0.8513513513513513,0.0,0.4144144144144144,0.21921921921921922,0.41741741741741745,0.24974974974974976,0.8808808808808809,0.11811811811811813,0.6641641641641642,0.0920920920920921,0.05255255255255255,0.13063063063063063,0.13313313313313313,0.1781781781781782,0.30180180180180183,0.8678678678678678,0.5275275275275275,0.22972972972972971,0.549049049049049,-1.446
0.3503503503503503,0.3698698698698699,0.5630630630630631,0.0,0.8728728728728729,0.09759759759759759,0.4624624624624625,0.16616616616616617,0.94994994994995,0.6656656656656657,0.026026026026026026,0.495995995995996,0.6056056056056056,0.3673673673673674,0.5990990990990991,0.4239239239239239,0.5810810810810811,0.3823823823823824,0.3303303303303303,0.3308308308308308,0.4754754754754755,-1.234
0.35135135135135137,0.9459459459459459,0.43043043043043044,0.0,0.45495495495495497,0.22872872872872874,0.9269269269269269,0.14314314314314314,0.43993993993993996,0.8738738738738738,0.988988988988989,0.9019019019019019,0.52002002002002,0.8108108108108107,0.4914914914914915,0.49449449449449445,0.3458458458458459,0.6191191191191191,0.6606606606606606,0.7412412412412412,0.24024024024024024,-1.294
0.35235235235235235,0.6541541541541542,0.7247247247247247,0.0,0.22422422422422422,0.8028028028028028,0.2682682682682683,0.4219219219219219,0.45495495495495497,0.2077077077077077,0.6211211211211212,0.23623623623623627,0.36486486486486486,0.25375375375375375,0.035035035035035036,0.26876876876876876,0.14814814814814814,0.4319319319319319,0.25875875875875876,0.6211211211211212,0.7737737737737738,-1.855
0.3533533533533534,0.7757757757757757,0.03153153153153153,0.0,0.6891891891891893,0.5830830830830831,0.7922922922922924,0.7282282282282282,0.34734734734734735,0.6541541541541542,0.7407407407407407,0.9269269269269269,0.6151151151151151,0.5765765765765766,0.8203203203203203,0.5475475475475475,0.8488488488488488,0.13413413413413414,0.43993993993993996,0.5145145145145145,0.26176176176176175,-1.383
0.35435435435435436,0.7827827827827828,0.04704704704704705,0.0,0.996996996996997,0.5975975975975976,0.975975975975976,0.9229229229229229,0.11561561561561562,0.8518518518518519,0.8238238238238238,0.933933933933934,0.94994994994995,0.24924924924924924,0.991991991991992,0.9514514514514514,0.23323323323323322,0.6881881881881882,0.46096096096096095,0.0985985985985986,0.008008008008008008,-1.044
0.3553553553553553,0.7957957957957957,0.07757757757757758,0.0,0.47847847847847846,0.06006006006006006,0.7532532532532532,0.22372372372372373,0.963963963963964,0.6886886886886887,0.5690690690690691,0.3113113113113113,0.19019019019019018,0.3508508508508509,0.2022022022022022,0.08508508508508508,0.7797797797797797,0.8558558558558559,0.7597597597597598,0.4344344344344344,0.17217217217217218,-1.34
0.3563563563563564,0.8008008008008007,0.017017017017017015,0.0,0.7087087087087087,0.1936936936936937,0.3948948948948949,0.6511511511511512,0.8738738738738738,0.3433433433433434,0.44594594594594594,0.4674674674674675,0.007007007007007007,0.6886886886886887,0.4289289289289289,0.24474474474474472,0.9259259259259259,0.9679679679679679,0.4724724724724725,0.11961961961961962,0.47197197197197194,-1.282
0.35735735735735735,0.8868868868868869,0.08558558558558559,0.0,0.3188188188188188,0.8313313313313313,0.7597597597597597,0.6361361361361362,0.1831831831831832,0.3783783783783784,0.7932932932932932,0.2907907907907908,0.3388388388388388,0.8383383383383383,0.1921921921921922,0.57007007007007,0.42242242242242245,0.5115115115115115,0.5445445445445445,0.4794794794794795,0.2657657657657657,-1.448
0.3583583583583584,0.9469469469469469,0.6341341341341341,0.0,0.97997997997998,0.05755755755755755,0.91991991991992,0.14114114114114112,0.6686686686686687,0.7397397397397397,0.6721721721721721,0.7152152152152151,0.6126126126126126,0.19769769769769768,0.982982982982983,0.6346346346346345,0.7062062062062062,0.5595595595595596,0.14164164164164164,0.27177177177177175,0.006006006006006006,-1.206
0.35935935935935936,0.8153153153153153,0.49549549549549554,0.0,0.9479479479479478,0.7212212212212212,0.8148148148148148,0.5900900900900901,0.10010010010010009,0.3433433433433434,0.7747747747747749,0.8288288288288288,0.8238238238238238,0.6351351351351351,0.933933933933934,0.6421421421421422,0.6076076076076076,0.47197197197197194,0.07057057057057056,0.14114114114114115,0.01901901901901902,-1.203
0.3603603603603603,0.2967967967967968,0.8243243243243243,0.0,0.517017017017017,0.46096096096096095,0.586086086086086,0.5205205205205206,0.5495495495495496,0.4544544544544544,0.6991991991991993,0.8663663663663663,0.8048048048048049,0.8108108108108107,0.507007007007007,0.6211211211211212,0.44294294294294295,0.1061061061061061,0.7122122122122122,0.5690690690690691,0.3933933933933934,-1.565
0.3613613613613614,0.7857857857857858,0.11761761761761762,0.0,0.8163163163163163,0.27477477477477474,0.9159159159159159,0.4454454454454454,0.6831831831831832,0.1931931931931932,0.9584584584584585,0.4454454454454454,0.36786786786786785,0.30480480480480476,0.5860860860860861,0.024024024024024024,0.3188188188188188,0.958958958958959,0.3933933933933934,0.10710710710710711,0.0985985985985986,-1.064
0.36236236236236236,0.8628628628628628,0.02252252252252252,0.0,0.547047047047047,0.10960960960960961,0.7667667667667668,0.12412412412412413,0.7087087087087087,0.474974974974975,0.7287287287287287,0.14914914914914915,0.21171171171171171,0.4974974974974974,0.7557557557557557,0.44994994994994997,0.963963963963964,0.973973973973974,0.6241241241241241,0.2862862862862863,0.2907907907907908,-1.196
0.3633633633633634,0.5415415415415415,0.9009009009009009,0.0,0.1831831831831832,0.8368368368368369,0.6826826826826827,0.35785785785785784,0.051551551551551555,0.7047047047047047,0.8508508508508509,0.6746746746746747,0.6206206206206206,0.6506506506506505,0.2122122122122122,0.3113113113113113,0.3563563563563564,0.49099099099099097,0.38788788788788786,0.7317317317317321,0.40490490490490494,-1.468
0.36436436436436437,0.41541541541541543,0.6296296296296297,0.0,0.7062062062062062,0.24874874874874875,0.7367367367367368,0.8333333333333333,0.7167167167167171,0.2722722722722723,0.33733733733733734,0.7422422422422423,0.8258258258258258,0.6956956956956957,0.8628628628628628,0.7087087087087087,0.15365365365365363,0.16166166166166168,0.5980980980980981,0.16616616616616617,0.12562562562562563,-1.364
0.3653653653653653,0.7317317317317318,0.7637637637637638,0.0,0.1816816816816817,0.8458458458458459,0.565065065065065,0.6386386386386387,0.24674674674674674,0.9154154154154155,0.8378378378378378,0.9619619619619619,0.8258258258258258,0.8873873873873874,0.46596596596596596,0.6796796796796797,0.5215215215215215,0.2932932932932933,0.4019019019019019,0.8873873873873874,0.5235235235235235,-1.388
0.3663663663663664,0.7457457457457457,0.2222222222222222,0.0,0.8838838838838838,0.2552552552552553,0.6346346346346347,0.9134134134134133,0.7542542542542543,0.15815815815815815,0.18118118118118118,0.3963963963963964,0.26426426426426425,0.04804804804804805,0.8353353353353353,0.5820820820820821,0.6941941941941943,0.3653653653653651,0.32432432432432434,0.07007007007007007,0.2127127127127127,-1.418
0.36736736736736736,0.08408408408408409,0.6906906906906907,0.0,0.10560560560560561,0.06906906906906907,0.06006006006006006,0.7597597597597597,0.8783783783783783,0.0960960960960961,0.6096096096096095,0.4374374374374374,0.9319319319319319,0.3913913913913914,0.11211211211211211,0.46646646646646645,0.01901901901901902,0.024524524524524523,0.995995995995996,0.1971971971971972,0.9094094094094094,-1.703
0.3683683683683684,0.38288288288288286,0.3053053053053053,0.0,0.19569569569569567,0.5045045045045045,0.23723723723723725,0.9114114114114114,0.5990990990990991,0.09109109109109109,0.5765765765765766,0.13863863863863862,0.34434434434434436,0.6006006006006006,0.5565565565565566,0.4754754754754755,0.45695695695695693,0.9514514514514514,0.5675675675675675,0.0895895895895896,0.6631631631631631,-1.354
0.36936936936936937,0.9409409409409409,0.16616616616616617,0.0,0.93993993993994,0.8628628628628628,0.8278278278278275,0.7552552552552552,0.13413413413413414,0.9529529529529529,0.02002002002002002,0.7867867867867868,0.7647647647647647,0.8188188188188188,0.9359359359359359,0.6656656656656657,0.6141141141141142,0.4079079079079079,0.013013013013013013,0.7767767767767768,0.48148148148148145,-1.477
0.3703703703703703,0.06256256256256257,0.8613613613613613,0.0,0.04904904904904905,0.48348348348348347,0.05555555555555555,0.05055055055055055,0.3108108108108108,0.39289289289289286,0.1956956956956957,0.11711711711711711,0.4864864864864865,0.2907907907907908,0.25325325325325326,0.8173173173173174,0.4159159159159159,0.6661661661661662,0.8118118118118118,0.9264264264264264,0.8468468468468469,-1.65
0.3713713713713714,0.98998998998999,0.14964964964964966,0.0,0.954954954954955,0.5365365365365365,0.9849849849849852,0.4219219219219219,0.15565565565565564,0.6926926926926927,0.97997997997998,0.973973973973974,0.8118118118118118,1.0,0.948948948948949,0.8628628628628628,0.6526526526526526,0.24074074074074076,0.23873873873873874,0.41541541541541543,0.005005005005005005,-1.111
0.37237237237237236,0.991991991991992,0.37487487487487486,0.0,0.980980980980981,0.7342342342342343,0.9819819819819819,0.8803803803803805,0.3123123123123123,0.5715715715715716,0.8988988988988988,0.9224224224224224,0.6006006006006006,0.6331331331331331,0.9849849849849853,0.8803803803803804,0.3328328328328328,0.5755755755755756,0.025025025025025023,0.24724724724724725,0.05205205205205205,-1.395
0.3733733733733734,0.7922922922922924,0.3933933933933934,0.0,0.24424424424424424,0.48698698698698695,0.31731731731731727,0.7517517517517518,0.4034034034034034,0.5435435435435435,0.8443443443443444,0.15515515515515516,0.09309309309309309,0.4394394394394394,0.4624624624624625,0.3698698698698699,0.5715715715715716,0.970970970970971,0.474974974974975,0.6106106106106106,0.6301301301301301,-1.46
0.3743743743743744,0.6476476476476476,0.6041041041041041,0.0,0.9424424424424425,0.2977977977977978,0.5980980980980981,0.27127127127127126,0.5210210210210211,0.955955955955956,0.24874874874874875,0.9419419419419419,0.9749749749749749,0.4394394394394394,0.8968968968968969,0.2012012012012012,0.3113113113113113,0.10760760760760761,0.498998998998999,0.6951951951951951,0.3263263263263263,-1.28
0.3753753753753753,0.91991991991992,0.06656656656656657,0.0,0.9369369369369369,0.2952952952952953,0.8828828828828829,0.9044044044044044,0.5660660660660661,0.34534534534534533,0.2172172172172172,0.8968968968968969,0.6741741741741741,0.7477477477477477,0.9769769769769769,0.5535535535535536,0.7812812812812813,0.25425425425425424,0.3003003003003003,0.16516516516516516,0.25975975975975973,-1.444
0.3763763763763764,0.45395395395395394,0.12412412412412413,0.0,0.6796796796796797,0.25075075075075076,0.5235235235235235,0.1881881881881882,0.7972972972972974,0.45045045045045046,0.7022022022022022,0.7012012012012012,0.4209209209209209,0.27377377377377377,0.8538538538538538,0.7152152152152151,0.8413413413413413,0.1791791791791792,0.15515515515515516,0.3613613613613614,0.23523523523523523,-1.247
0.37737737737737737,0.7747747747747747,0.8383383383383383,0.0,0.5830830830830831,0.6631631631631631,0.6941941941941943,0.1006006006006006,0.4274274274274274,0.983983983983984,0.5430430430430431,0.7867867867867868,0.2552552552552553,0.597097097097097,0.32682682682682684,0.2097097097097097,0.5395395395395395,0.5385385385385386,0.26376376376376376,0.8383383383383383,0.33433433433433435,-1.221
0.3783783783783784,0.35035035035035034,0.9554554554554555,0.0,0.5875875875875876,0.7007007007007007,0.48598598598598597,0.8198198198198199,0.46646646646646645,0.2887887887887888,0.05905905905905906,0.25125125125125125,0.8178178178178174,0.2907907907907908,0.5290290290290289,0.8523523523523524,0.2887887887887888,0.21871871871871873,0.3033033033033033,0.4964964964964965,0.7437437437437437,-1.674
0.3793793793793794,0.9319319319319319,0.2917917917917918,0.0,0.8548548548548549,0.3608608608608609,0.8268268268268268,0.7492492492492493,0.5460460460460461,0.44644644644644643,0.11761761761761762,0.5075075075075075,0.6506506506506506,0.34034034034034033,0.9754754754754755,0.9454454454454455,0.8038038038038038,0.3283283283283283,0.5730730730730731,0.07907907907907907,0.38238238238238237,-1.128
0.3803803803803803,0.054054054054054085,0.6816816816816818,0.0,0.1981981981981982,0.17367367367367367,0.07907907907907907,0.6766766766766767,0.924924924924925,0.21921921921921922,0.33333333333333337,0.4289289289289289,0.8793793793793794,0.4904904904904905,0.3983983983983984,0.7087087087087087,0.19019019019019018,0.16166166166166168,0.9604604604604605,0.40040040040040037,0.8188188188188188,-1.494
0.3813813813813814,0.7442442442442443,0.46596596596596596,0.0,0.6686686686686687,0.8783783783783784,0.7852852852852852,0.6016016016016016,0.13213213213213212,0.9089089089089089,0.7367367367367368,0.8118118118118118,0.5355355355355356,0.3633633633633634,0.32682682682682684,0.2962962962962963,0.4964964964964965,0.23323323323323322,0.6946946946946947,0.8278278278278277,0.5885885885885886,-1.642
0.38238238238238237,0.8358358358358358,0.036036036036036036,0.0,0.8123123123123124,0.33433433433433435,0.6406406406406406,0.9014014014014013,0.7697697697697697,0.13513513513513514,0.34434434434434436,0.26126126126126126,0.7492492492492493,0.2582582582582582,0.8863863863863863,0.5555555555555556,0.036036036036036036,0.47947947947947944,0.6506506506506506,0.3098098098098098,0.2032032032032032,-1.745
0.3833833833833834,0.09309309309309309,0.7312312312312312,0.0,0.2052052052052052,0.5485485485485486,0.1021021021021021,0.8333333333333333,0.672672672672673,0.5395395395395395,0.2012012012012012,0.577077077077077,0.8903903903903905,0.7702702702702703,0.5160160160160161,0.5415415415415415,0.035035035035035036,0.17617617617617617,0.8548548548548549,0.8558558558558559,0.8208208208208208,-1.627
0.3843843843843844,0.08508508508508507,0.7262262262262262,0.0,0.28728728728728725,0.13513513513513514,0.25625625625625625,0.6931931931931932,0.8223223223223224,0.020020020020020006,0.3028028028028028,0.04354354354354355,0.1086086086086086,0.037037037037037035,0.26626626626626626,0.7562562562562563,0.5685685685685686,0.6076076076076076,0.9914914914914914,0.015515515515515516,0.6571571571571572,-1.38
0.3853853853853853,0.4514514514514515,0.30980980980980977,0.0,0.7697697697697697,0.06706706706706707,0.6716716716716716,0.8398398398398399,0.8458458458458459,0.20070070070070067,0.7022022022022022,0.2907907907907908,0.2962962962962963,0.2582582582582582,0.6896896896896897,0.32432432432432434,0.7427427427427428,0.9364364364364364,0.9649649649649651,0.08508508508508508,0.25975975975975973,-1.225
0.3863863863863864,0.13063063063063063,0.6201201201201201,0.0,0.28728728728728725,0.9189189189189191,0.5510510510510511,0.8723723723723724,0.08308308308308308,0.2212212212212213,0.7982982982982982,0.09109109109109109,0.27477477477477474,0.37037037037037035,0.0,0.003003003003003003,0.5685685685685686,0.6241241241241241,0.495995995995996,0.39539539539539537,0.8558558558558559,-1.616
0.38738738738738737,0.5095095095095096,0.4519519519519519,0.0,0.91991991991992,0.012012012012012012,0.7117117117117117,0.5790790790790791,0.9569569569569569,0.4214214214214214,0.6181181181181181,0.2277277277277277,0.07207207207207207,0.023523523523523524,0.7647647647647647,0.2097097097097097,0.8283283283283283,0.6661661661661662,0.7597597597597598,0.07707707707707707,0.1881881881881882,-1.0
0.3883883883883884,0.8483483483483483,0.28378378378378377,0.0,0.9219219219219219,0.9029029029029029,0.980980980980981,0.7937937937937938,0.15115115115115116,0.7182182182182182,0.7747747747747749,0.35935935935935936,0.0890890890890891,0.16716716716716717,0.33683683683683685,0.11761761761761762,0.7492492492492493,0.8518518518518519,0.8608608608608609,0.25075075075075076,0.04504504504504504,-1.031
0.3893893893893894,0.4694694694694695,0.10560560560560561,0.0,0.11911911911911911,0.39789789789789787,0.42492492492492495,0.5075075075075075,0.7247247247247247,0.34734734734734735,0.4089089089089089,0.11311311311311315,0.2987987987987988,0.6476476476476476,0.25075075075075076,0.7467467467467468,0.8313313313313313,0.8233233233233233,0.8118118118118118,0.5445445445445445,0.9109109109109109,-1.589
0.39039039039039036,0.3228228228228228,0.1111111111111111,0.0,0.022022022022022022,0.31731731731731727,0.06456456456456457,0.28128128128128127,0.4894894894894895,0.2557557557557557,0.2727727727727728,0.3253253253253253,0.9529529529529529,0.7797797797797797,0.5615615615615616,0.9689689689689689,0.7542542542542543,0.15615615615615616,0.7787787787787788,0.7777777777777776,0.9644644644644644,-1.5
0.3913913913913914,0.5810810810810811,0.5675675675675675,0.0,0.7677677677677678,0.8503503503503503,0.6691691691691692,0.1741741741741742,0.17967967967967968,0.7887887887887888,0.627127127127127,0.6726726726726727,0.9209209209209209,0.6176176176176176,0.33133133133133136,0.6071071071071071,0.13413413413413414,0.05305305305305305,0.13463463463463465,0.7547547547547548,0.3733733733733734,-1.576
0.3923923923923924,0.45395395395395394,0.8083083083083082,0.0,0.22972972972972971,0.7867867867867868,0.29479479479479476,0.3918918918918919,0.17217217217217218,0.8003003003003002,0.30830830830830835,0.9329329329329329,0.985985985985986,0.4854854854854855,0.3868868868868869,0.8988988988988988,0.005005005005005005,0.016016016016016016,0.6111111111111112,0.8888888888888888,0.6691691691691692,-1.726
0.3933933933933934,0.5615615615615616,0.2072072072072072,0.0,0.10710710710710711,0.21021021021021022,0.5685685685685686,0.34934934934934936,0.7482482482482482,0.4164164164164164,0.15315315315315314,0.17067067067067065,0.5930930930930931,0.6096096096096096,0.45045045045045046,0.602102102102102,0.29479479479479476,0.7617617617617618,0.9669669669669669,0.5535535535535535,0.8948948948948948,-1.484
0.3943943943943944,0.22372372372372373,0.5180180180180181,0.0,0.17817817817817816,0.8293293293293293,0.021021021021021075,0.11611611611611611,0.23473473473473472,0.934934934934935,0.44844844844844844,0.5440440440440439,0.7437437437437437,0.06006006006006006,0.4049049049049049,0.6346346346346345,0.6351351351351351,0.525025025025025,0.42992992992992995,0.990990990990991,0.91991991991992,-1.723
0.39539539539539537,0.7122122122122122,0.26426426426426425,0.0,0.970970970970971,0.015015015015015015,0.2527527527527528,0.5505505505505506,0.9884884884884885,0.5025025025025025,0.05205205205205205,0.4674674674674675,0.6151151151151151,0.22572572572572572,0.9879879879879879,0.519019019019019,0.6296296296296297,0.44094094094094094,0.6786786786786787,0.10560560560560561,0.1921921921921922,-1.203
0.3963963963963964,0.6856856856856857,0.7677677677677678,0.0,0.6486486486486487,0.3258258258258258,0.4304304304304304,0.5665665665665666,0.8918918918918919,0.31431431431431434,0.12012012012012012,0.26476476476476474,0.493993993993994,0.09109109109109109,0.5890890890890891,0.4209209209209209,0.39739739739739743,0.34684684684684686,0.35685685685685686,0.21671671671671672,0.6326326326326326,-1.405
0.3973973973973974,0.08208208208208222,0.5675675675675675,0.0,0.4144144144144144,0.46096096096096095,0.18118118118118118,0.7117117117117118,0.5945945945945946,0.48448448448448445,0.7637637637637638,0.7257257257257257,0.8013013013013013,0.23723723723723725,0.47647647647647645,0.25375375375375375,0.013013013013013013,0.27127127127127126,0.8863863863863863,0.5145145145145145,0.7437437437437437,-1.562
0.3983983983983984,0.06006006006006006,0.8663663663663663,0.0,0.13763763763763764,0.14614614614614616,0.2582582582582582,0.4079079079079079,0.8518518518518519,0.03303303303303303,0.25425425425425424,0.025525525525525526,0.2552552552552553,0.045545545545545546,0.04104104104104104,0.045545545545545546,0.40040040040040037,0.6741741741741742,0.7352352352352352,0.0985985985985986,0.8158158158158157,-1.44
0.3993993993993994,0.9059059059059059,0.44644644644644643,0.0,0.9234234234234233,0.1991991991991992,0.8678678678678677,0.5665665665665666,0.6141141141141142,0.7907907907907907,0.5,0.8223223223223224,0.525025025025025,0.9079079079079079,0.8628628628628628,0.572072072072072,0.7427427427427428,0.29429429429429427,0.23873873873873874,0.16916916916916916,0.07807807807807807,-1.161
0.40040040040040037,0.7997997997997998,0.8383383383383383,0.0,0.8143143143143143,0.7897897897897898,0.991991991991992,0.6956956956956957,0.04654654654654655,0.5895895895895895,0.9264264264264264,0.7922922922922924,0.14664664664664664,0.8558558558558559,0.552052052052052,0.5125125125125125,0.6261261261261262,0.6051051051051051,0.29729729729729726,0.2802802802802803,0.050050050050050046,-1.117
0.4014014014014014,0.35035035035035034,0.4239239239239239,0.0,0.6516516516516516,0.58008008008008,0.02702702702702703,0.9044044044044044,0.43993993993993996,0.8118118118118118,0.14314314314314314,0.6531531531531531,0.7422422422422423,0.487987987987988,0.7367367367367368,0.6861861861861862,0.555055055055055,0.42042042042042044,0.4254254254254254,0.7997997997997998,0.8133133133133132,-1.838
0.4024024024024024,0.04904904904904905,0.34784784784784784,0.0,0.38288288288288286,0.13113113113113112,0.32732732732732733,0.23373373373373374,0.8438438438438438,0.6116116116116116,0.964964964964965,0.3818818818818819,0.06356356356356356,0.19769769769769768,0.1791791791791792,0.15215215215215216,0.632132132132132,0.9819819819819819,0.7122122122122122,0.5960960960960962,0.46096096096096095,-1.435
0.4034034034034034,0.48198198198198194,0.16916916916916916,0.0,0.5915915915915916,0.46446446446446443,0.8783783783783783,0.6496496496496497,0.5930930930930931,0.07857857857857858,0.7287287287287287,0.06406406406406406,0.06956956956956957,0.20070070070070067,0.19519519519519518,0.06306306306306306,0.4269269269269269,0.968968968968969,0.6606606606606606,0.18118118118118118,0.29429429429429427,-1.477
0.4044044044044044,0.5055055055055055,0.30980980980980977,0.0,0.6981981981981982,0.2922922922922923,0.6116116116116116,0.5935935935935936,0.8843843843843844,0.7137137137137137,0.96996996996997,0.9504504504504505,0.17717717717717718,0.5945945945945946,0.6376376376376376,0.7532532532532532,0.7862862862862863,0.7922922922922924,0.5785785785785786,0.28428428428428426,0.12912912912912913,-1.212
0.40540540540540543,0.9829829829829831,0.05405405405405407,0.0,0.9169169169169169,0.3608608608608609,0.8753753753753755,0.18568568568568566,0.8048048048048049,0.5180180180180181,0.8238238238238238,0.7132132132132132,0.27477477477477474,0.953953953953954,0.8998998998998999,0.8923923923923924,0.938938938938939,0.7342342342342343,0.0965965965965966,0.22822822822822822,0.05305305305305305,-1.098
0.4064064064064064,0.7357357357357357,0.938938938938939,0.0,0.7487487487487487,0.8528528528528528,0.934934934934935,0.6316316316316317,0.037037037037037035,0.8838838838838838,0.913913913913914,0.986986986986987,0.8718718718718719,0.5820820820820821,0.8428428428428428,0.974974974974975,0.3858858858858859,0.1046046046046046,0.5405405405405406,0.3013013013013013,0.07507507507507508,-1.102
0.4074074074074074,0.17117117117117117,0.9229229229229229,0.0,0.4844844844844845,0.7647647647647647,0.1881881881881882,0.995995995995996,0.3793793793793794,0.06306306306306306,0.36286286286286284,0.44844844844844844,0.8998998998998999,0.4754754754754755,0.6101101101101101,0.9064064064064064,0.1266266266266266,0.15915915915915915,0.5640640640640641,0.22022022022022023,0.5135135135135136,-1.648
0.4084084084084084,0.16316316316316315,0.8008008008008007,0.0,0.25125125125125125,0.05555555555555555,0.10010010010010009,0.4079079079079079,0.9259259259259259,0.07707707707707707,0.1016016016016016,0.005005005005005005,0.5775775775775776,0.031031031031031032,0.3048048048048048,0.4339339339339339,0.2677677677677678,0.6016016016016016,0.9269269269269269,0.36786786786786785,0.7887887887887888,-1.515
0.4094094094094094,0.4229229229229229,0.38288288288288286,0.0,0.46996996996997,0.7307307307307307,0.38288288288288286,0.3968968968968969,0.45695695695695693,0.7037037037037037,0.5825825825825826,0.16716716716716717,0.20370370370370372,0.45795795795795796,0.21421421421421422,0.2132132132132132,0.2122122122122122,0.9469469469469469,0.2157157157157157,0.7697697697697697,0.45595595595595595,-1.474
0.41041041041041043,0.5015015015015015,0.6816816816816818,0.0,0.1136136136136136,0.7712712712712713,0.48148148148148145,0.8583583583583583,0.07207207207207207,0.17717717717717718,0.7827827827827828,0.7457457457457457,0.8743743743743744,0.8903903903903905,0.2092092092092092,0.23373373373373374,0.46146146146146144,0.026026026026026026,0.7382382382382382,0.5330330330330331,0.7617617617617618,-1.589
0.4114114114114114,0.3633633633633634,0.7587587587587588,0.0,0.5390390390390389,0.6161161161161162,0.4024024024024024,0.3793793793793794,0.2122122122122122,0.5765765765765766,0.6746746746746747,0.9469469469469469,0.9064064064064064,0.7777777777777777,0.8308308308308308,0.7407407407407407,0.5940940940940941,0.029029029029029027,0.2092092092092092,0.5655655655655656,0.5560560560560561,-1.296
0.4124124124124124,0.7767767767767768,0.5180180180180181,0.0,0.8448448448448448,0.7477477477477478,0.512012012012012,0.7082082082082082,0.6546546546546547,0.49549549549549554,0.25675675675675674,0.547047047047047,0.5140140140140139,0.16216216216216217,0.7762762762762763,0.7087087087087087,0.3128128128128128,0.7567567567567568,0.23473473473473472,0.4924924924924925,0.545045045045045,-1.495
0.4134134134134134,0.1036036036036036,0.9269269269269269,0.0,0.3968968968968969,0.57007007007007,0.11311311311311312,0.03803803803803804,0.4674674674674675,0.9849849849849854,0.036036036036036036,0.32832832832832837,0.6931931931931932,0.4529529529529529,0.23523523523523523,0.42742742742742745,0.16816816816816815,0.16316316316316315,0.8893893893893894,0.9829829829829831,0.8733733733733733,-1.554
0.4144144144144144,0.6811811811811812,0.6741741741741742,0.0,0.531031031031031,0.3998998998998999,0.7712712712712713,0.3113113113113113,0.6181181181181181,0.6956956956956957,0.8463463463463463,0.8988988988988988,0.5330330330330331,0.7112112112112112,0.5465465465465466,0.24074074074074076,0.503003003003003,0.23573573573573575,0.26376376376376376,0.5005005005005005,0.22122122122122126,-1.307
0.41541541541541543,0.4069069069069069,0.12512512512512514,0.0,0.6461461461461462,0.8978978978978976,0.2102102102102102,0.8918918918918919,0.18568568568568566,0.7297297297297297,0.492992992992993,0.8728728728728729,0.8973973973973974,0.6426426426426426,0.8378378378378376,0.6261261261261262,0.3683683683683684,0.2982982982982983,0.5160160160160161,0.7232232232232232,0.39789789789789787,-1.355
0.4164164164164164,0.2702702702702703,0.10560560560560561,0.0,0.016016016016016016,0.6041041041041041,0.6816816816816816,0.17767767767767767,0.06306306306306306,0.3358358358358358,0.4289289289289289,0.2062062062062062,0.2097097097097097,0.8238238238238238,0.08108108108108109,0.11061061061061062,0.3683683683683684,0.7902902902902902,0.5185185185185185,0.7427427427427428,0.7252252252252251,-1.611
0.4174174174174174,0.8453453453453453,0.22572572572572572,0.0,0.9779779779779779,0.022022022022022022,0.31731731731731727,0.8863863863863863,0.992992992992993,0.07207207207207207,0.14014014014014015,0.40740740740740744,0.433933933933934,0.45595595595595595,0.993993993993994,0.991991991991992,0.91991991991992,0.7162162162162162,0.5315315315315315,0.004004004004004004,0.2077077077077077,-1.033
0.4184184184184184,0.36436436436436437,0.7977977977977978,0.0,0.3083083083083083,0.6781781781781782,0.6841841841841843,0.4219219219219219,0.24424424424424424,0.7277277277277276,0.6246246246246246,0.7952952952952953,0.3228228228228228,0.38788788788788786,0.4814814814814815,0.3113113113113113,0.29979979979979976,0.7837837837837838,0.15665665665665668,0.7657657657657657,0.27127127127127126,-1.555
0.4194194194194194,0.5580580580580581,0.5965965965965966,0.0,0.986986986986987,0.011011011011011011,0.5040040040040039,0.91991991991992,0.970970970970971,0.21921921921921922,0.17317317317317316,0.8693693693693694,0.5625625625625625,0.3563563563563563,0.992992992992993,0.6291291291291291,0.16516516516516516,0.44744744744744747,0.7147147147147147,0.032532532532532535,0.12562562562562563,-1.429
0.42042042042042044,0.6436436436436437,0.6041041041041041,0.0,0.547047047047047,0.3223223223223223,0.6406406406406406,0.5205205205205206,0.8628628628628628,0.20070070070070067,0.26876876876876876,0.2952952952952953,0.2067067067067067,0.5385385385385385,0.2067067067067067,0.25725725725725723,0.46846846846846846,0.7837837837837838,0.5925925925925926,0.17617617617617617,0.4019019019019019,-1.358
0.4214214214214214,0.5065065065065065,0.3658658658658659,0.0,0.8633633633633633,0.6836836836836837,0.8663663663663663,0.2197197197197197,0.1871871871871872,0.9819819819819819,0.36536536536536535,0.9569569569569569,0.5825825825825826,0.7262262262262262,0.6711711711711712,0.13513513513513514,0.15665665665665665,0.46146146146146144,0.32332332332332336,0.7067067067067071,0.2517517517517518,-1.354
0.4224224224224224,0.35435435435435436,0.9269269269269269,0.0,0.6426426426426426,0.14464464464464466,0.4984984984984985,0.991991991991992,0.904904904904905,0.031031031031031032,0.47847847847847846,0.3013013013013013,0.58008008008008,0.02052052052052052,0.6661661661661662,0.7677677677677678,0.4159159159159159,0.2917917917917918,0.7162162162162162,0.026026026026026026,0.6666666666666666,-1.436
0.42342342342342343,0.7797797797797797,0.6621621621621621,0.0,0.9724724724724725,0.07557557557557558,0.7062062062062062,0.541041041041041,0.95995995995996,0.6311311311311312,0.51001001001001,0.7382382382382382,0.16316316316316315,0.5740740740740741,0.8648648648648649,0.6916916916916918,0.8248248248248249,0.6511511511511512,0.26576576576576577,0.043043043043043044,0.05105105105105105,-1.037
0.4244244244244244,0.6541541541541542,0.6041041041041041,0.0,0.6241241241241242,0.8658658658658659,0.3013013013013013,0.6766766766766767,0.17367367367367367,0.39539539539539537,0.22372372372372373,0.25375375375375375,0.7557557557557557,0.2102102102102102,0.6576576576576576,0.545045045045045,0.5505505505505506,0.14414414414414414,0.4254254254254254,0.6651651651651651,0.5560560560560561,-1.558
0.42542542542542544,0.8383383383383383,0.6251251251251251,0.0,0.3633633633633634,0.8948948948948949,0.7642642642642643,0.8088088088088088,0.08708708708708708,0.6171171171171171,0.4119119119119119,0.25575575575575576,0.5385385385385385,0.96996996996997,0.42242242242242245,0.3433433433433434,0.31681681681681684,0.7937937937937938,0.547047047047047,0.7502502502502503,0.6526526526526526,-1.702
0.4264264264264264,0.933933933933934,0.1086086086086086,0.0,0.5830830830830831,0.2062062062062062,0.7467467467467468,0.30680680680680683,0.4019019019019019,0.3783783783783784,0.7637637637637638,0.5885885885885885,0.3538538538538538,0.9279279279279278,0.8448448448448448,0.1841841841841842,0.8328328328328328,0.7682682682682682,0.07807807807807807,0.2882882882882883,0.3768768768768769,-1.36
0.42742742742742745,0.24724724724724725,0.9489489489489489,0.0,0.7107107107107106,0.9484484484484484,0.3463463463463463,0.9099099099099099,0.08908908908908908,0.37137137137137133,0.8463463463463463,0.6196196196196196,0.23723723723723722,0.24524524524524524,0.43343343343343343,0.8423423423423424,0.23923923923923923,0.24074074074074076,0.006006006006006006,0.2682682682682683,0.33433433433433435,-1.6
0.42842842842842843,0.7007007007007005,0.3023023023023023,0.0,0.6616616616616616,0.7267267267267269,0.3758758758758759,0.9079079079079078,0.43993993993993996,0.5895895895895895,0.3833833833833834,0.40490490490490494,0.6036036036036037,0.07607607607607608,0.5585585585585585,0.8733733733733733,0.7392392392392393,0.3783783783783784,0.4179179179179179,0.46646646646646645,0.7952952952952952,-1.532
0.4294294294294294,0.5445445445445445,0.26426426426426425,0.0,0.5340340340340339,0.15265265265265265,0.4954954954954955,0.34434434434434436,0.7467467467467468,0.8938938938938938,0.9119119119119119,0.8638638638638638,0.7492492492492493,0.8063063063063063,0.9159159159159159,0.9369369369369369,0.6416416416416416,0.6191191191191191,0.954954954954955,0.7582582582582582,0.44744744744744747,-1.402
0.43043043043043044,0.7867867867867868,0.6486486486486487,0.0,0.6061061061061062,0.9329329329329329,0.9069069069069069,0.5115115115115115,0.002002002002002002,0.7797797797797797,0.9469469469469469,0.6686686686686687,0.565065065065065,0.8798798798798799,0.7097097097097097,0.6596596596596597,0.2977977977977978,0.6951951951951951,0.06506506506506507,0.8053053053053053,0.1921921921921922,-1.555
0.4314314314314314,0.6316316316316316,0.1861861861861862,0.0,0.531031031031031,0.4984984984984985,0.6741741741741742,0.6471471471471472,0.8808808808808809,0.45845845845845845,0.8028028028028028,0.08858858858858859,0.06756756756756757,0.8738738738738738,0.3868868868868869,0.4964964964964965,0.7367367367367368,0.980980980980981,0.5980980980980981,0.4039039039039039,0.4994994994994995,-1.446
0.4324324324324325,0.11611611611611612,0.8133133133133132,0.0,0.25375375375375375,0.9154154154154155,0.1091091091091091,0.505005005005005,0.16716716716716717,0.965965965965966,0.474974974974975,0.7737737737737738,0.7592592592592593,0.4214214214214214,0.10710710710710711,0.36686686686686687,0.07507507507507508,0.3718718718718719,0.7202202202202201,0.980980980980981,0.8908908908908909,-1.804
0.43343343343343343,0.4179179179179179,0.6201201201201201,0.0,0.29229229229229226,0.05205205205205205,0.34234234234234234,0.13763763763763764,0.8258258258258259,0.32432432432432434,0.01001001001001001,0.5055055055055055,0.972972972972973,0.45795795795795796,0.5665665665665666,0.7597597597597597,0.6851851851851851,0.014014014014014014,0.8068068068068068,0.34484484484484484,0.7837837837837838,-1.374
0.4344344344344344,0.535035035035035,0.6041041041041041,0.0,0.9829829829829831,0.11511511511511512,0.7267267267267268,0.8753753753753755,0.8768768768768769,0.47097097097097096,0.7707707707707707,0.7282282282282282,0.40140140140140135,0.19519519519519518,0.965965965965966,0.7502502502502503,0.8153153153153153,0.6156156156156156,0.932932932932933,0.11311311311311312,0.15615615615615616,-1.175
0.43543543543543545,0.9619619619619619,0.09309309309309309,0.0,0.8488488488488488,0.6421421421421422,0.9749749749749749,0.6386386386386387,0.17067067067067065,0.6056056056056056,0.4594594594594595,0.938938938938939,0.7592592592592593,0.9049049049049054,0.9479479479479478,0.7262262262262262,0.6506506506506506,0.29979979979979976,0.28128128128128127,0.18618618618618618,0.0970970970970971,-1.163
0.4364364364364364,0.5740740740740741,0.7522522522522522,0.0,0.44144144144144143,0.3383383383383383,0.4624624624624625,0.980980980980981,0.6886886886886887,0.009009009009009009,0.3833833833833834,0.09309309309309309,0.6791791791791792,0.2932932932932933,0.6756756756756757,0.7262262262262262,0.0890890890890891,0.513013013013013,0.45245245245245247,0.2132132132132132,0.6036036036036037,-1.682
0.4374374374374374,0.7357357357357357,0.01001001001001001,0.0,0.7842842842842843,0.10010010010010009,0.7092092092092093,0.2987987987987988,0.9579579579579577,0.23073073073073075,0.8693693693693694,0.44244244244244263,0.09059059059059059,0.23923923923923923,0.7197197197197197,0.1931931931931932,0.9649649649649651,0.9239239239239239,0.4724724724724725,0.14214214214214213,0.2922922922922923,-1.333
0.43843843843843844,0.963963963963964,0.16616616616616617,0.0,0.8788788788788788,0.2527527527527528,0.3603603603603603,0.923923923923924,0.8968968968968969,0.17317317317317316,0.016516516516516516,0.3083083083083083,0.5385385385385385,0.36036036036036034,0.9089089089089089,0.7222222222222222,0.5890890890890891,0.5965965965965966,0.36186186186186187,0.11611611611611611,0.42992992992992995,-1.465
0.4394394394394394,0.4674674674674674,0.4069069069069069,0.0,0.5830830830830831,0.7137137137137137,0.32332332332332336,0.494994994994995,0.6066066066066066,0.3653653653653653,0.43843843843843844,0.14214214214214213,0.7617617617617618,0.056056056056056056,0.37287287287287285,0.3263263263263263,0.7267267267267267,0.4179179179179179,0.5640640640640641,0.43243243243243246,0.5640640640640641,-1.38
0.44044044044044045,0.8993993993993994,0.20020020020020018,0.0,0.9349349349349347,0.1816816816816817,0.9309309309309309,0.30680680680680683,0.4019019019019019,0.6096096096096096,0.8883883883883883,0.8388388388388388,0.2147147147147147,0.7087087087087087,0.8168168168168168,0.6261261261261262,0.933933933933934,0.7997997997997998,0.6241241241241241,0.16216216216216217,0.017017017017017043,-1.006
0.44144144144144143,0.9534534534534534,0.02052052052052052,0.0,0.7917917917917918,0.9649649649649652,0.9434434434434434,0.7307307307307307,0.015015015015015015,0.6851851851851851,0.8238238238238238,0.8493493493493494,0.5140140140140139,0.9429429429429429,0.8568568568568569,0.8133133133133132,0.7337337337337337,0.5105105105105106,0.017017017017017015,0.3723723723723724,0.0840840840840841,-1.211
0.4424424424424425,0.39789789789789787,0.9069069069069069,0.0,0.6761761761761762,0.7197197197197197,0.7627627627627628,0.6626626626626626,0.5065065065065065,0.33233233233233234,0.3053053053053053,0.09759759759759759,0.08408408408408408,0.043043043043043044,0.09009009009009009,0.03353353353353353,0.4039039039039039,0.7722722722722724,0.8458458458458458,0.19069069069069067,0.3933933933933934,-1.403
0.44344344344344344,0.43243243243243246,0.3658658658658659,0.0,0.1036036036036036,0.32432432432432434,0.16816816816816815,0.22872872872872874,0.5355355355355356,0.7567567567567568,0.3858858858858859,0.6776776776776776,0.6871871871871872,0.6591591591591592,0.6426426426426426,0.9359359359359359,0.47197197197197194,0.2072072072072072,0.9134134134134133,0.8968968968968969,0.9314314314314314,-1.536
0.4444444444444444,0.6986986986986987,0.7912912912912913,0.0,0.08558558558558559,0.7852852852852852,0.8518518518518519,0.3918918918918919,0.11561561561561562,0.58008008008008,0.3558558558558559,0.3993993993993994,0.058058058058058054,0.9129129129129129,0.17367367367367367,0.17117117117117117,0.46146146146146144,0.25875875875875876,0.607107107107107,0.6071071071071071,0.43343343343343343,-1.436
0.44544544544544545,0.5180180180180181,0.4339339339339339,0.0,0.7037037037037037,0.01951951951951952,0.4964964964964965,0.0840840840840841,0.9369369369369369,0.16416416416416418,0.15115115115115116,0.21921921921921922,0.2702702702702703,0.07007007007007007,0.7487487487487487,0.18118118118118118,0.5505505505505506,0.6016016016016016,0.5825825825825826,0.06806806806806806,0.535035035035035,-1.275
0.44644644644644643,0.48448448448448445,0.6486486486486487,0.0,0.21521521521521522,0.14714714714714713,0.5075075075075075,0.6091091091091092,0.7757757757757757,0.1081081081081082,0.23773773773773774,0.2277277277277277,0.3078078078078078,0.6451451451451451,0.46596596596596596,0.6486486486486487,0.41241241241241244,0.4354354354354354,0.6916916916916918,0.2092092092092092,0.6131131131131131,-1.365
0.4474474474474474,0.5645645645645645,0.5180180180180181,0.0,0.6331331331331331,0.7342342342342343,0.5685685685685686,0.992992992992993,0.2277277277277277,0.044044044044044044,0.6406406406406405,0.45095095095095095,0.8533533533533533,0.5705705705705706,0.6596596596596597,0.6391391391391392,0.2122122122122122,0.14864864864864863,0.9254254254254255,0.05905905905905906,0.7522522522522523,-1.475
0.44844844844844844,0.13313313313313313,0.27377377377377377,0.0,0.007007007007007007,0.9594594594594594,0.0980980980980981,0.042042042042042045,0.017017017017017015,0.8253253253253253,0.8778778778778777,0.3858858858858859,0.23173173173173173,0.7417417417417418,0.03403403403403403,0.5580580580580581,0.617117117117117,0.7197197197197197,0.31831831831831836,0.983983983983984,0.8708708708708709,-1.661
0.4494494494494494,0.7797797797797797,0.5380380380380381,0.0,0.8298298298298299,0.31731731731731727,0.7967967967967968,0.9649649649649651,0.7097097097097097,0.007007007007007007,0.5515515515515516,0.12862862862862862,0.3338338338338338,0.15465465465465467,0.5705705705705706,0.5340340340340339,0.5280280280280281,0.5580580580580581,0.06056056056056056,0.058058058058058054,0.16816816816816818,-1.432
0.45045045045045046,0.6406406406406405,0.11961961961961962,0.0,0.17067067067067065,0.33683683683683685,0.577077077077077,0.24974974974974976,0.7157157157157157,0.21371371371371373,0.5245245245245245,0.1041041041041041,0.16566566566566565,0.44344344344344344,0.16716716716716717,0.47847847847847846,0.5660660660660661,0.95995995995996,0.7512512512512513,0.4289289289289289,0.8333333333333333,-1.496
0.45145145145145144,0.4204204204204204,0.25675675675675674,0.0,0.2172172172172172,0.3658658658658659,0.1881881881881882,0.16466466466466467,0.8783783783783783,0.24224224224224225,0.2607607607607607,0.018518518518518517,0.3253253253253253,0.08008008008008008,0.2627627627627628,0.4239239239239239,0.632132132132132,0.7482482482482482,0.4134134134134134,0.3838838838838839,0.6186186186186187,-1.346
0.4524524524524525,0.8523523523523524,0.2072072072072072,0.0,0.6916916916916916,0.8563563563563563,0.8358358358358359,0.3863863863863864,0.11711711711711711,0.7407407407407406,0.36036036036036034,0.32832832832832837,0.5930930930930931,0.6846846846846847,0.33683683683683685,0.06756756756756757,0.2042042042042042,0.555055055055055,0.05655655655655656,0.7477477477477478,0.42492492492492495,-1.508
0.45345345345345345,0.3613613613613614,0.47997997997998,0.0,0.22422422422422422,0.7547547547547547,0.30730730730730726,0.03303303303303303,0.11961961961961962,0.950950950950951,0.5790790790790791,0.7382382382382382,0.8928928928928929,0.9229229229229229,0.3103103103103103,0.9064064064064064,0.0970970970970971,0.25325325325325326,0.5045045045045045,0.9519519519519519,0.6596596596596597,-1.601
0.4544544544544544,0.4404404404404404,0.23823823823823825,0.0,0.5430430430430431,0.17617617617617617,0.6446446446446447,0.08508508508508505,0.8863863863863863,0.7137137137137137,0.5485485485485486,0.3503503503503502,0.27477477477477474,0.1031031031031031,0.16016016016016016,0.013013013013013013,0.7292292292292293,0.8338338338338338,0.9154154154154155,0.6301301301301301,0.5105105105105106,-1.296
0.45545545545545546,0.7477477477477477,0.062062062062062065,0.0,0.9424424424424425,0.18518518518518517,0.8938938938938938,0.4629629629629629,0.6246246246246246,0.2032032032032032,0.5940940940940941,0.6231231231231231,0.7457457457457457,0.8618618618618619,0.8798798798798799,0.8233233233233233,0.513013013013013,0.5930930930930931,0.0965965965965966,0.13213213213213212,0.14014014014014015,-1.372
0.45645645645645644,0.12712712712712712,0.8118118118118118,0.0,0.6676676676676676,0.5680680680680681,0.1921921921921922,0.541041041041041,0.5135135135135135,0.5525525525525525,0.6511511511511512,0.592092092092092,0.6176176176176176,0.494994994994995,0.2867867867867868,0.3893893893893894,0.3388388388388388,0.5775775775775776,0.487987987987988,0.6986986986986987,0.6841841841841843,-1.659
0.4574574574574574,0.30230230230230226,0.7357357357357357,0.0,0.5535535535535536,0.33683683683683685,0.27627627627627627,0.4164164164164164,0.7897897897897898,0.6426426426426426,0.5405405405405406,0.2977977977977978,0.2962962962962963,0.5885885885885885,0.3788788788788789,0.4239239239239239,0.23673673673673673,0.6786786786786787,0.5235235235235235,0.5715715715715716,0.6821821821821822,-1.559
0.45845845845845845,0.46546546546546547,0.3053053053053053,0.0,0.33233233233233234,0.17117117117117117,0.2172172172172172,0.6471471471471472,0.7617617617617618,0.37137137137137133,0.9754754754754755,0.6326326326326326,0.14014014014014015,0.970970970970971,0.27877877877877877,0.5125125125125125,0.3148148148148148,0.8748748748748749,0.7202202202202201,0.3603603603603599,0.5980980980980981,-1.403
0.4594594594594595,0.6236236236236237,0.02252252252252252,0.0,0.15915915915915915,0.18018018018018017,0.2912912912912913,0.48348348348348347,0.8168168168168168,0.12712712712712712,0.11761761761761762,0.007007007007007007,0.1941941941941942,0.3913913913913914,0.2982982982982983,0.527027027027027,0.9079079079079074,0.963963963963964,0.6276276276276276,0.18518518518518517,0.8918918918918919,-1.467
0.46046046046046046,0.3358358358358358,0.7332332332332332,0.0,0.6891891891891893,0.6306306306306306,0.537037037037037,0.4554554554554554,0.4504504504504504,0.934934934934935,0.17817817817817816,0.5340340340340339,0.51001001001001,0.6846846846846847,0.6536536536536537,0.4339339339339339,0.5940940940940941,0.5630630630630631,0.5275275275275275,0.7847847847847848,0.6881881881881882,-1.37
0.46146146146146144,0.2927927927927928,0.27627627627627627,0.0,0.1266266266266266,0.26126126126126126,0.16216216216216217,0.541041041041041,0.8343343343343343,0.41491491491491495,0.6476476476476476,0.48348348348348347,0.26076076076076077,0.5355355355355356,0.41741741741741745,0.3748748748748749,0.5685685685685686,0.23423423423423423,0.6366366366366366,0.7007007007007007,0.7492492492492493,-1.493
0.46246246246246253,0.6891891891891893,0.8328328328328328,0.0,0.8923923923923924,0.6686686686686687,0.9129129129129129,0.5825825825825826,0.23623623623623624,0.8343343343343343,0.025025025025025023,0.93993993993994,0.973973973973974,0.3188188188188188,0.9429429429429429,0.974974974974975,0.10310310310310311,0.001001001001001001,0.6946946946946947,0.5690690690690691,0.13563563563563563,-1.385
0.46346346346346345,0.508008008008008,0.1716716716716717,0.0,0.7412412412412412,0.37287287287287285,0.5295295295295295,0.6711711711711712,0.8048048048048049,0.4239239239239239,0.15415415415415415,0.028028028028028028,0.2182182182182182,0.028028028028028028,0.5190190190190189,0.6071071071071071,0.8823823823823824,0.9144144144144144,0.6706706706706707,0.14714714714714716,0.5375375375375375,-1.26
0.4644644644644645,0.043043043043043044,0.9364364364364364,0.0,0.2277277277277277,0.7422422422422423,0.012012012012012012,0.35435435435435436,0.5830830830830831,0.4984984984984985,0.16016016016016016,0.17492492492492492,0.2082082082082082,0.17767767767767767,0.06256256256256257,0.5780780780780781,0.11811811811811812,0.7517517517517518,0.3843843843843844,0.7297297297297297,0.8468468468468469,-1.557
0.46546546546546547,0.7607607607607605,0.22572572572572572,0.0,0.7447447447447448,0.473973973973974,0.48598598598598597,0.9029029029029029,0.3998998998998999,0.6811811811811812,0.06656656656656657,0.7697697697697697,0.998998998998999,0.3533533533533534,0.9379379379379377,0.974974974974975,0.17617617617617617,0.03203203203203203,0.7242242242242243,0.6486486486486487,0.5910910910910911,-1.519
0.46646646646646645,0.45645645645645644,0.6791791791791792,0.0,0.2642642642642643,0.23073073073073075,0.5475475475475475,0.5645645645645646,0.2532532532532532,0.3868868868868869,0.7902902902902903,0.9224224224224224,0.9464464464464464,0.8823823823823824,0.5725725725725725,0.1006006006006006,0.0930930930930931,0.11661661661661661,0.6741741741741742,0.6821821821821822,0.5135135135135136,-1.635
0.4674674674674674,0.6646646646646647,0.1861861861861862,0.0,0.30430430430430433,0.9469469469469469,0.2932932932932933,0.05205205205205205,0.3083083083083083,0.943943943943944,0.5940940940940941,0.8758758758758759,0.6426426426426426,0.6981981981981982,0.4394394394394394,0.5655655655655656,0.8413413413413413,0.16966966966966968,0.035035035035035036,0.91991991991992,0.6981981981981982,-1.506
0.46846846846846846,0.7297297297297297,0.024524524524524523,0.0,0.33233233233233234,0.8823823823823824,0.16816816816816815,0.15715715715715717,0.13413413413413414,0.8483483483483483,0.6956956956956957,0.43493493493493496,0.08408408408408408,0.6566566566566566,0.44844844844844844,0.03203203203203203,0.7602602602602603,0.96996996996997,0.07807807807807807,0.8628628628628628,0.1966966966966967,-1.475
0.4694694694694695,0.2027027027027027,0.6341341341341341,0.0,0.6016016016016016,0.5505505505505506,0.04004004004004004,0.7997997997997998,0.6751751751751751,0.32182182182182184,0.43843843843843844,0.3188188188188188,0.5430430430430431,0.7057057057057057,0.7317317317317318,0.5820820820820821,0.1866866866866867,0.32432432432432434,0.2937937937937938,0.29929929929929944,0.6156156156156156,-1.512
0.47047047047047047,0.47097097097097096,0.46946946946946944,0.0,0.047547547547547545,0.19119119119119118,0.39789789789789787,0.2552552552552552,0.7262262262262262,0.0995995995995996,0.7592592592592593,0.26476476476476474,0.46946946946946944,0.9154154154154155,0.3913913913913914,0.6951951951951951,0.6716716716716717,0.7407407407407405,0.9534534534534534,0.464964964964965,0.8258258258258259,-1.535
0.47147147147147145,0.44844844844844844,0.5590590590590591,0.0,0.3533533533533534,0.6591591591591592,0.3893893893893894,0.8823823823823824,0.5575575575575575,0.23723723723723725,0.3858858858858859,0.3128128128128128,0.5740740740740741,0.47097097097097096,0.41741741741741745,0.8878878878878876,0.6206206206206206,0.6421421421421422,0.7302302302302301,0.4104104104104104,0.535035035035035,-1.465
0.47247247247247254,0.40140140140140135,0.34784784784784784,0.0,0.7297297297297297,0.024524524524524523,0.6576576576576576,0.33333333333333337,0.973973973973974,0.7692692692692693,0.7512512512512513,0.7107107107107105,0.7967967967967968,0.48198198198198194,0.7507507507507506,0.6391391391391392,0.025525525525525526,0.4389389389389389,0.9949949949949943,0.37537537537537535,0.24774774774774777,-1.271
0.47347347347347346,0.7597597597597597,0.15265265265265265,0.0,0.38038038038038025,0.9689689689689689,0.3993993993993994,0.6846846846846847,0.022022022022022022,0.44344344344344344,0.4219219219219219,0.3893893893893894,0.9579579579579575,0.6806806806806807,0.6181181181181181,0.7117117117117118,0.23023023023023023,0.5965965965965966,0.12062062062062062,0.7972972972972974,0.5980980980980981,-1.61
0.4744744744744745,0.13513513513513514,0.39789789789789787,0.0,0.07357357357357358,0.07807807807807808,0.35685685685685686,0.0935935935935936,0.8618618618618619,0.27427427427427425,0.8118118118118118,0.2852852852852853,0.13063063063063063,0.8873873873873874,0.12712712712712712,0.004004004004004004,0.8188188188188188,0.8568568568568569,0.5590590590590591,0.5230230230230231,0.5255255255255256,-1.44
0.4754754754754755,0.6051051051051051,0.1916916916916917,0.0,0.4204204204204204,0.016016016016016016,0.32332332332332336,0.14714714714714713,0.993993993993994,0.36786786786786785,0.062062062062062065,0.13413413413413414,0.4419419419419419,0.4529529529529529,0.33333333333333337,0.27227227227227224,0.6351351351351351,0.8118118118118118,0.93993993993994,0.31831831831831836,0.9279279279279279,-1.539
0.47647647647647645,0.1816816816816817,0.512012012012012,0.0,0.512012012012012,0.03653653653653653,0.33333333333333337,0.8048048048048048,0.9619619619619619,0.1046046046046046,0.09009009009009006,0.055055055055055056,0.5710710710710711,0.13513513513513514,0.7167167167167168,0.9259259259259259,0.2592592592592593,0.7317317317317318,0.988988988988989,0.12112112112112113,0.6596596596596597,-1.468
0.47747747747747743,0.5695695695695695,0.13263263263263264,0.0,0.7747747747747747,0.8003003003003002,0.864864864864865,0.7687687687687688,0.2012012012012012,0.7102102102102101,0.34934934934934936,0.35235235235235235,0.2012012012012012,0.5085085085085085,0.7032032032032032,0.8563563563563563,0.8578578578578578,0.7197197197197197,0.5205205205205206,0.2592592592592593,0.2867867867867868,-1.172
0.47847847847847846,0.6096096096096096,0.8358358358358359,0.0,0.6591591591591592,0.3023023023023023,0.7212212212212212,0.7967967967967968,0.6281281281281281,0.028028028028028028,0.3743743743743744,0.5175175175175175,0.0920920920920921,0.7032032032032032,0.7412412412412412,0.8323323323323324,0.1866866866866867,0.5910910910910911,0.6506506506506506,0.12812812812812813,0.567067067067067,-1.53
0.4794794794794795,0.25975975975975973,0.3788788788788789,0.0,0.23523523523523523,0.33933933933933935,0.41041041041041043,0.7467467467467468,0.9059059059059059,0.02102102102102102,0.9229229229229229,0.2977977977977978,0.0945945945945946,0.46696696696696693,0.16016016016016016,0.2932932932932933,0.6851851851851851,0.7902902902902902,0.3383383383383384,0.024024024024024024,0.36186186186186187,-1.223
0.4804804804804805,0.5895895895895896,0.7287287287287287,0.0,0.7762762762762763,0.2632632632632632,0.6741741741741742,0.7822822822822822,0.5385385385385385,0.7922922922922924,0.6096096096096095,0.8858858858858859,0.6206206206206206,0.34284284284284283,0.5950950950950951,0.4044044044044044,0.48598598598598597,0.35185185185185186,0.8568568568568569,0.3133133133133133,0.3583583583583584,-1.319
0.48148148148148145,0.22072072072072071,0.4219219219219219,0.0,0.14714714714714713,0.46446446446446443,0.1111111111111111,0.5180180180180181,0.527027027027027,0.15115115115115116,0.16366366366366364,0.2277277277277277,0.8698698698698699,0.5820820820820821,0.2092092092092092,0.562062062062062,0.15015015015015015,0.12012012012012012,0.6786786786786787,0.7377377377377378,0.9169169169169169,-1.712
0.48248248248248254,0.4364364364364364,0.1861861861861862,0.0,0.037037037037037035,0.10810810810810811,0.29479479479479476,0.02002002002002002,0.9279279279279278,0.5155155155155156,0.5875875875875876,0.18568568568568566,0.46946946946946944,0.4864864864864865,0.09809809809809811,0.2097097097097097,0.6751751751751751,0.42242242242242245,0.5865865865865866,0.8718718718718719,0.8528528528528528,-1.6
0.48348348348348347,0.05205205205205205,0.6651651651651651,0.0,0.13013013013013014,0.07007007007007007,0.05205205205205205,0.12062062062062062,0.8308308308308309,0.5505505505505506,0.7157157157157157,0.7777777777777777,0.9009009009009009,0.9644644644644644,0.6971971971971972,0.7442442442442443,0.5180180180180181,0.15915915915915915,0.9719719719719719,0.8123123123123124,0.9459459459459459,-1.578
0.4844844844844845,0.7172172172172172,0.7087087087087087,0.0,0.5790790790790791,0.45295295295295296,0.7507507507507507,0.43093093093093093,0.4364364364364365,0.9209209209209209,0.8493493493493494,0.9679679679679679,0.6296296296296297,0.990990990990991,0.7977977977977977,0.8348348348348349,0.5580580580580581,0.09009009009009009,0.4019019019019019,0.494994994994995,0.09559559559559559,-1.269
0.4854854854854855,0.914914914914915,0.2147147147147147,0.0,0.990990990990991,0.8918918918918919,0.7252252252252251,0.7867867867867868,0.04904904904904905,0.996996996996997,0.9429429429429429,1.0,0.9484484484484484,0.997997997997998,0.995995995995996,0.8478478478478478,0.45695695695695693,0.15065065065065064,0.018518518518518517,0.8348348348348348,0.022022022022022022,-1.131
0.4864864864864865,0.8498498498498499,0.0,0.0,0.3458458458458459,0.4279279279279279,0.5590590590590591,0.7187187187187187,0.7587587587587588,0.14414414414414414,0.7807807807807807,0.04704704704704705,0.0990990990990991,0.36036036036036034,0.1841841841841842,0.438938938938939,0.9279279279279277,0.953953953953954,0.5615615615615616,0.15915915915915915,0.43343343343343343,-1.221
0.48748748748748744,0.05305305305305305,0.47997997997998,0.0,0.08208208208208209,0.07907907907907907,0.013013013013013013,0.34934934934934936,0.950950950950951,0.6456456456456456,0.012512512512512512,0.16366366366366364,0.4179179179179179,0.12762762762762764,0.1151151151151151,0.503003003003003,0.2902902902902903,0.6561561561561562,0.9409409409409409,0.7892892892892893,0.9964964964964964,-1.635
0.48848848848848847,0.24524524524524524,0.8153153153153153,0.0,0.08558558558558559,0.5460460460460461,0.2247247247247247,0.04054054054054054,0.4059059059059059,0.525025025025025,0.6891891891891893,0.5360360360360361,0.7832832832832832,0.8218218218218218,0.3123123123123123,0.6421421421421422,0.5235235235235235,0.3153153153153153,0.38788788788788786,0.7677677677677676,0.7342342342342343,-1.614
0.4894894894894895,0.46396396396396394,0.06406406406406406,0.0,0.6331331331331331,0.5155155155155156,0.8988988988988988,0.7467467467467468,0.3613613613613614,0.1871871871871872,0.8933933933933933,0.2177177177177177,0.027527527527527528,0.26126126126126126,0.24724724724724725,0.35285285285285284,0.9459459459459459,0.9769769769769769,0.7062062062062062,0.06106106106106106,0.0935935935935936,-1.261
0.4904904904904905,0.8748748748748749,0.8823823823823824,0.0,0.7327327327327328,0.3138138138138138,0.9234234234234233,0.24074074074074076,0.1086086086086086,0.4519519519519519,0.48998998998999,0.7992992992992993,0.6251251251251251,0.2127127127127127,0.9229229229229229,0.26876876876876876,0.6646646646646647,0.18218218218218218,0.3683683683683684,0.4764764764764765,0.12112112112112113,-1.38
0.4914914914914915,0.2627627627627628,0.582082082082082,0.0,0.37637637637637633,0.6161161161161162,0.5235235235235235,0.42742742742742745,0.7587587587587588,0.6171171171171171,0.6446446446446447,0.6576576576576576,0.1866866866866867,0.6921921921921922,0.08858858858858859,0.038538538538538544,0.52002002002002,0.7837837837837838,0.37237237237237236,0.6566566566566566,0.43793793793793795,-1.473
0.49249249249249255,0.8538538538538538,0.49549549549549554,0.0,0.8813813813813813,0.8503503503503503,0.9729729729729731,0.36536536536536535,0.37237237237237236,0.7597597597597597,0.2607607607607607,0.6621621621621621,0.17717717717717718,0.14614614614614613,0.49799799799799804,0.13263263263263264,0.3608608608608609,0.3483483483483483,0.06406406406406406,0.5025025025025025,0.1061061061061061,-1.423
0.4934934934934935,0.33433433433433435,0.9669669669669669,0.0,0.6026026026026026,0.4109109109109109,0.6646646646646647,0.8558558558558559,0.29479479479479476,0.5950950950950951,0.34934934934934936,0.7552552552552552,0.2582582582582582,0.8268268268268268,0.6131131131131131,0.2012012012012012,0.3908908908908909,0.552052052052052,0.8663663663663663,0.45595595595595595,0.44094094094094094,-1.49
0.4944944944944945,0.47247247247247254,0.5770770770770771,0.0,0.13613613613613618,0.5215215215215215,0.7867867867867868,0.2082082082082082,0.42842842842842843,0.5675675675675675,0.8043043043043043,0.4904904904904905,0.552052052052052,0.4104104104104104,0.05655655655655656,0.0,0.7462462462462462,0.47197197197197194,0.507007007007007,0.5995995995995996,0.23523523523523523,-1.316
0.4954954954954955,0.5645645645645645,0.46596596596596596,0.0,0.7447447447447448,0.3463463463463463,0.6316316316316316,0.6471471471471472,0.7822822822822824,0.2942942942942943,0.5725725725725725,0.57007007007007,0.39139139139139134,0.5035035035035035,0.44244244244244246,0.5855855855855856,0.3658658658658659,0.44744744744744747,0.7242242242242243,0.39239239239239243,0.2987987987987988,-1.498
0.4964964964964965,0.2122122122122122,0.8708708708708708,0.0,0.2082082082082082,0.8968968968968969,0.19019019019019018,0.22522522522522523,0.23173173173173173,0.20520520520520522,0.20370370370370372,0.24324324324324326,0.5430430430430431,0.3563563563563563,0.0920920920920921,0.13763763763763764,0.3098098098098098,0.24374374374374375,0.24524524524524524,0.9109109109109109,0.8538538538538538,-1.75
0.49749749749749744,0.5180180180180181,0.4934934934934935,0.0,0.03053053053053053,0.2172172172172172,0.21621621621621626,0.006006006006006006,0.4924924924924925,0.7567567567567568,0.33333333333333337,0.09509509509509509,0.28478478478478475,0.7467467467467468,0.15015015015015015,0.602102102102102,0.5765765765765766,0.4754754754754755,0.6671671671671672,0.8848848848848849,0.8963963963963963,-1.624
0.4984984984984985,0.43243243243243246,0.6156156156156156,0.0,0.19569569569569567,0.6241241241241241,0.22072072072072074,0.6931931931931932,0.4814814814814815,0.12712712712712712,0.2727727727727728,0.5515515515515516,0.8663663663663663,0.5265265265265264,0.3968968968968969,0.2887887887887888,0.08008008008008008,0.12712712712712712,0.35685685685685686,0.5295295295295295,0.7192192192192193,-1.764
0.4994994994994995,0.8963963963963963,0.7387387387387387,0.0,0.8633633633633633,0.5095095095095095,0.8798798798798799,0.996996996996997,0.2982982982982983,0.12012012012012012,0.5365365365365364,0.05805805805805806,0.15215215215215216,0.17967967967967968,0.7272272272272272,0.8348348348348349,0.5715715715715716,0.9169169169169169,0.513013013013013,0.11961961961961962,0.14864864864864863,-1.501
0.5005005005005004,0.48648648648648646,0.7522522522522522,0.0,0.5565565565565566,0.3073073073073073,0.4354354354354354,0.3688688688688689,0.6931931931931932,0.6526526526526526,0.2022022022022022,0.6036036036036037,0.11461461461461461,0.31331331331331336,0.5860860860860861,0.6211211211211212,0.6806806806806807,0.6911911911911912,0.5235235235235235,0.4764764764764765,0.4019019019019019,-1.426
0.5015015015015015,0.7507507507507504,0.1741741741741742,0.0,0.5535535535535536,0.4134134134134134,0.7282282282282282,0.35435435435435436,0.3133133133133133,0.9669669669669669,0.993993993993994,0.9189189189189189,0.5710710710710711,0.9079079079079079,0.7072072072072072,0.3263263263263263,0.3328328328328328,0.4044044044044044,0.9419419419419419,0.6486486486486487,0.08058058058058058,-1.249
0.5025025025025025,0.5275275275275275,0.3408408408408409,0.0,0.22122122122122123,0.3783783783783784,0.7452452452452452,0.0960960960960961,0.4814814814814815,0.27627627627627627,0.98998998998999,0.7762762762762763,0.2907907907907908,0.9179179179179178,0.43343343343343343,0.036036036036036036,0.8313313313313313,0.8138138138138138,0.6331331331331331,0.7232232232232232,0.1966966966966967,-1.466
0.5035035035035035,0.6436436436436437,0.5675675675675675,0.0,0.8243243243243243,0.22422422422422422,0.7532532532532532,0.5855855855855856,0.7297297297297297,0.6311311311311312,0.6181181181181181,0.8318318318318318,0.3203203203203203,0.2932932932932933,0.8778778778778776,0.95995995995996,0.8118118118118118,0.532032032032032,0.9279279279279278,0.1781781781781782,0.21621621621621623,-1.229
0.5045045045045046,0.6781781781781782,0.6341341341341341,0.0,0.6786786786786787,0.2047047047047047,0.8258258258258259,0.4019019019019019,0.8583583583583583,0.4179179179179179,0.7287287287287287,0.965965965965966,0.7872872872872874,0.8423423423423424,0.7677677677677677,0.7407407407407407,0.14414414414414414,0.11261261261261261,0.42992992992992995,0.4024024024024024,0.43593593593593594,-1.438
0.5055055055055054,0.8613613613613613,0.7522522522522522,0.0,0.8183183183183182,0.8208208208208209,0.985985985985986,0.8088088088088088,0.17967967967967968,0.11411411411411411,0.8318318318318318,0.6746746746746747,0.2702702702702703,0.5665665665665666,0.4049049049049049,0.2462462462462463,0.2652652652652653,0.15615615615615616,0.04804804804804805,0.17467467467467468,0.11461461461461461,-1.362
0.5065065065065065,0.7052052052052051,0.11761761761761762,0.0,0.2952952952952953,0.7282282282282282,0.3803803803803803,0.2072072072072072,0.19269269269269268,0.7487487487487487,0.8088088088088088,0.9104104104104105,0.8288288288288288,0.7967967967967968,0.27877877877877877,0.44644644644644643,0.494994994994995,0.27627627627627627,0.6306306306306306,0.9219219219219219,0.6631631631631631,-1.701
0.5075075075075075,0.9564564564564564,0.17767767767767767,0.0,0.95995995995996,0.6461461461461462,0.7902902902902902,0.7657657657657657,0.35435435435435436,0.9079079079079078,0.45095095095095095,0.8608608608608609,0.16766766766766766,0.3188188188188188,0.9079079079079078,0.34734734734734735,0.8868868868868869,0.5175175175175175,0.08508508508508508,0.5345345345345345,0.057057057057057055,-1.287
0.5085085085085085,0.25325325325325326,0.6701701701701701,0.0,0.28928928928928926,0.12612612612612611,0.18218218218218218,0.1111111111111111,0.9819819819819819,0.5565565565565566,0.26876876876876876,0.2132132132132132,0.5075075075075075,0.4054054054054054,0.27227227227227235,0.45995995995996,0.6606606606606606,0.22872872872872874,0.9204204204204205,0.4274274274274274,0.7252252252252251,-1.515
0.5095095095095096,0.3563563563563564,0.9629629629629629,0.0,0.3213213213213213,0.8223223223223224,0.5195195195195195,0.3898898898898899,0.14164164164164164,0.6046046046046046,0.17817817817817816,0.7552552552552552,0.9039039039039038,0.17067067067067065,0.23523523523523523,0.14114114114114112,0.006006006006006006,0.023023023023023025,0.28378378378378377,0.7197197197197197,0.6466466466466467,-1.656
0.5105105105105104,0.4454454454454454,0.7637637637637638,0.0,0.4204204204204204,0.8178178178178178,0.3933933933933934,0.5240240240240239,0.16316316316316315,0.978978978978979,0.6096096096096095,0.6196196196196196,0.4379379379379379,0.28678678678678676,0.46746746746746737,0.7387387387387387,0.36336336336336333,0.5965965965965966,0.6276276276276276,0.9379379379379379,0.6996996996996997,-1.514
0.5115115115115115,0.9044044044044044,0.2917917917917918,0.0,0.7447447447447448,0.9384384384384384,0.6596596596596597,0.8438438438438438,0.20520520520520522,0.6296296296296297,0.9059059059059059,0.96996996996997,0.9119119119119119,0.8568568568568569,0.8788788788788788,0.44644644644644643,0.03753753753753754,0.22522522522522523,0.2017017017017017,0.6356356356356356,0.17217217217217218,-1.539
0.5125125125125125,0.9259259259259259,0.6701701701701701,0.0,0.6096096096096096,0.3583583583583584,0.7232232232232232,0.4419419419419419,0.5095095095095095,0.7332332332332332,0.6416416416416416,0.7522522522522522,0.4864864864864865,0.46096096096096095,0.7957957957957958,0.8753753753753755,0.6461461461461462,0.46646646646646645,0.3933933933933934,0.5835835835835835,0.6541541541541542,-1.619
0.5135135135135135,0.6236236236236237,0.5860860860860861,0.0,0.4454454454454454,0.4209209209209209,0.33333333333333337,0.8638638638638638,0.6181181181181181,0.5825825825825826,0.6956956956956957,0.7842842842842843,0.9239239239239239,0.8198198198198198,0.5465465465465466,0.38238238238238237,0.04004004004004004,0.46146146146146144,0.28978978978978975,0.6031031031031031,0.478978978978979,-1.63
0.5145145145145145,0.9579579579579572,0.028028028028028028,0.0,0.8053053053053053,0.2902902902902903,0.9519519519519519,0.6876876876876876,0.5015015015015015,0.46796796796796797,0.8863863863863863,0.4319319319319319,0.1991991991991992,0.3633633633633634,0.8908908908908909,0.8288288288288288,0.7097097097097097,0.7957957957957957,0.47947947947947944,0.17017017017017017,0.13813813813813813,-1.263
0.5155155155155156,0.11411411411411411,0.40290290290290287,0.0,0.1006006006006006,0.1936936936936937,0.14014014014014015,0.1066066066066066,0.7677677677677673,0.4314314314314314,0.9459459459459459,0.7442442442442443,0.4039039039039039,0.5265265265265264,0.07607607607607608,0.10810810810810811,0.06156156156156156,0.37637637637637633,0.7722722722722724,0.7167167167167167,0.5845845845845846,-1.594
0.5165165165165165,0.4904904904904905,0.506006006006006,0.0,0.9469469469469469,0.1041041041041041,0.16316316316316315,0.8238238238238238,0.980980980980981,0.7012012012012012,0.023023023023023025,0.8513513513513513,0.96996996996997,0.06656656656656657,0.9504504504504505,0.15915915915915915,0.012012012012012012,0.02702702702702703,0.7092092092092093,0.18268268268268267,0.4519519519519519,-1.518
0.5175175175175175,0.8168168168168168,0.46946946946946944,0.0,0.7187187187187187,0.1961961961961962,0.48348348348348347,0.498998998998999,0.9334334334334334,0.2122122122122122,0.6991991991991993,0.22072072072072074,0.11261261261261261,0.8108108108108107,0.6311311311311312,0.3893893893893894,0.7937937937937938,0.9209209209209209,0.7912912912912913,0.17717717717717718,0.4174174174174174,-1.419
0.5185185185185185,0.3308308308308308,0.02902902902902904,0.0,0.47747747747747743,0.1961961961961962,0.1841841841841842,0.5630630630630631,0.7112112112112112,0.17867867867867868,0.09559559559559559,0.03303303303303303,0.07457457457457457,0.26326326326326327,0.23523523523523523,0.4624624624624626,0.8918918918918919,0.8383383383383383,0.92992992992993,0.43593593593593594,0.9064064064064064,-1.508
0.5195195195195195,0.27127127127127126,0.30980980980980977,0.0,0.8403403403403403,0.6886886886886887,0.37237237237237236,0.2957957957957958,0.7372372372372373,0.8568568568568569,0.5905905905905906,0.7227227227227228,0.6741741741741741,0.13863863863863862,0.552052052052052,0.5225225225225225,0.34034034034034033,0.37037037037037035,0.45245245245245247,0.7822822822822824,0.5505505505505506,-1.533
0.5205205205205206,0.44344344344344344,0.7357357357357357,0.0,0.5930930930930931,0.525025025025025,0.36436436436436437,0.6511511511511512,0.37737737737737737,0.2462462462462463,0.1991991991991992,0.27377377377377377,0.4774774774774775,0.3913913913913914,0.555055055055055,0.27227227227227224,0.40740740740740744,0.37637637637637633,0.15665665665665668,0.21521521521521522,0.6861861861861862,-1.471
0.5215215215215215,0.990990990990991,0.20020020020020018,0.0,0.7882882882882882,0.996996996996997,0.9619619619619619,0.6876876876876876,0.007007007007007007,0.7157157157157157,0.7592592592592593,0.7842842842842843,0.565065065065065,0.93993993993994,0.7867867867867868,0.7222222222222222,0.4934934934934935,0.35935935935935936,0.03203203203203203,0.5815815815815816,0.15415415415415415,-1.203
0.5225225225225225,0.8273273273273274,0.1861861861861862,0.0,0.6486486486486487,0.3583583583583584,0.31431431431431434,0.9064064064064064,0.7002002002002001,0.3383383383383384,0.31931931931931934,0.5440440440440439,0.529029029029029,0.32732732732732733,0.8038038038038038,0.6666666666666667,0.47197197197197194,0.8283283283283283,0.3683683683683684,0.41741741741741745,0.45595595595595595,-1.479
0.5235235235235235,0.549049049049049,0.5630630630630631,0.0,0.2012012012012012,0.1816816816816817,0.2412412412412413,0.3733733733733734,0.7517517517517518,0.25875875875875876,0.1991991991991992,0.15915915915915915,0.6426426426426426,0.1816816816816817,0.6066066066066067,0.8308308308308309,0.27477477477477474,0.5775775775775776,0.7752752752752753,0.6031031031031031,0.7387387387387387,-1.566
0.5245245245245245,0.27627627627627627,0.6836836836836837,0.0,0.44144144144144143,0.7477477477477478,0.23573573573573575,0.5665665665665666,0.4944944944944945,0.9119119119119119,0.2807807807807808,0.6981981981981982,0.52002002002002,0.37037037037037035,0.22972972972972971,0.7987987987987988,0.478978978978979,0.4254254254254254,0.7787787787787788,0.8808808808808809,0.8023023023023024,-1.484
0.5255255255255256,0.8453453453453453,0.27377377377377377,0.0,0.7392392392392393,0.5330330330330331,0.7867867867867868,0.8463463463463463,0.3563563563563563,0.46596596596596596,0.5430430430430431,0.6216216216216216,0.6771771771771772,0.8738738738738738,0.7937937937937938,0.45995995995996,0.5235235235235235,0.572072072072072,0.7817817817817818,0.24074074074074076,0.1031031031031031,-1.365
0.5265265265265265,0.42742742742742745,0.8243243243243243,0.0,0.6046046046046046,0.9064064064064064,0.7252252252252251,0.3843843843843844,0.025025025025025023,0.9379379379379376,0.8908908908908909,0.9649649649649651,0.7677677677677678,0.7762762762762763,0.5680680680680681,0.5290290290290289,0.1011011011011011,0.031031031031031032,0.2937937937937938,0.9024024024024024,0.2742742742742743,-1.483
0.5275275275275275,0.5695695695695695,0.23823823823823825,0.0,0.12862862862862862,0.6916916916916918,0.1946946946946947,0.15115115115115116,0.22322322322322322,0.982982982982983,0.22122122122122123,0.9169169169169169,0.9119119119119119,0.973973973973974,0.6146146146146146,0.45595595595595595,0.2592592592592593,0.25625625625625625,0.8958958958958959,0.993993993993994,0.9019019019019019,-1.621
0.5285285285285285,0.8593593593593594,0.8708708708708708,0.0,0.6261261261261262,0.2132132132132132,0.43343343343343343,0.8888888888888888,0.7077077077077077,0.09009009009009007,0.028028028028028028,0.09509509509509509,0.7252252252252251,0.26126126126126126,0.8223223223223224,0.8768768768768769,0.1921921921921922,0.6051051051051051,0.6871871871871872,0.35035035035035034,0.7317317317317318,-1.582
0.5295295295295295,0.1011011011011011,0.6541541541541541,0.0,0.056056056056056056,0.4179179179179179,0.028028028028028028,0.2607607607607607,0.6466466466466467,0.3403403403403403,0.6773440106773441,0.1906906906906907,0.8563563563563563,0.597097097097097,0.16016016016016016,0.6761761761761762,0.3273273273273273,0.24074074074074076,0.7042042042042043,0.8213213213213213,0.990990990990991,-1.618
0.5305305305305306,0.30830830830830835,0.37487487487487486,0.0,0.06606606606606606,0.7977977977977976,0.3263263263263263,0.11911911911911911,0.13413413413413414,0.7847847847847848,0.7427427427427428,0.6061061061061062,0.7397397397397397,0.25125125125125125,0.25625625625625625,0.3313313313313313,0.4544544544544544,0.5580580580580581,0.7012012012012012,0.9549549549549549,0.5735735735735735,-1.491
0.5315315315315315,0.07307307307307308,0.5895895895895895,0.0,0.2012012012012012,0.8158158158158159,0.12762762762762764,0.8368368368368369,0.5190190190190189,0.41241241241241244,0.9019019019019019,0.33633633633633636,0.7167167167167168,0.13213213213213212,0.2022022022022022,0.34034034034034033,0.13263263263263264,0.48348348348348347,0.6331331331331331,0.5565565565565566,0.7737737737737738,-1.692
0.5325325325325325,0.2092092092092092,0.02052052052052052,0.0,0.3413413413413413,0.2027027027027027,0.045045045045045015,0.5005005005005005,0.8393393393393394,0.16316316316316315,0.004004004004004004,0.002002002002002002,0.2182182182182182,0.008008008008008008,0.1971971971971972,0.12762762762762764,0.5010010010010011,0.7162162162162162,0.502002002002002,0.47347347347347346,0.954954954954955,-1.787
0.5335335335335335,0.2092092092092092,0.3228228228228228,0.0,0.12262262262262262,0.22022022022022023,0.15365365365365363,0.06406406406406406,0.7912912912912913,0.3188188188188188,0.011011011011011011,0.2677677677677678,0.7982982982982982,0.7847847847847848,0.14064064064064064,0.09659659659659658,0.057057057057057055,0.1921921921921922,0.6826826826826826,0.7377377377377378,0.7997997997997998,-1.68
0.5345345345345345,0.5515515515515516,0.7037037037037037,0.0,0.4144144144144144,0.5010010010010011,0.16516516516516508,0.8018018018018018,0.5385385385385385,0.525025025025025,0.09309309309309309,0.7637637637637638,0.9779779779779779,0.34034034034034033,0.6661661661661662,0.7222222222222222,0.07357357357357358,0.007007007007007007,0.47947947947947944,0.575075075075075,0.8998998998998999,-1.731
0.5355355355355356,0.15615615615615616,0.6761761761761762,0.0,0.1006006006006006,0.3108108108108108,0.016016016016016016,0.46946946946946944,0.7187187187187187,0.3078078078078078,0.44594594594594594,0.529029029029029,0.7167167167167168,0.43493493493493496,0.37287287287287285,0.48348348348348347,0.04104104104104104,0.3413413413413413,0.9534534534534534,0.8468468468468469,0.8933933933933933,-1.835
0.5365365365365365,0.9764764764764764,0.6146146146146146,0.0,0.7882882882882882,0.25875875875875876,0.8223223223223224,0.6831831831831832,0.8358358358358359,0.16716716716716717,0.8818818818818819,0.7977977977977977,0.5930930930930931,0.7587587587587588,0.7917917917917918,0.3748748748748749,0.8053053053053053,0.6241241241241241,0.10810810810810811,0.06406406406406406,0.08308308308308308,-1.163
0.5375375375375375,0.4164164164164164,0.33933933933933935,0.0,0.28728728728728725,0.9279279279279274,0.7367367367367368,0.5085085085085085,0.027527527527527528,0.21621621621621623,0.9629629629629629,0.23523523523523523,0.22422422422422422,0.7307307307307307,0.3768768768768769,0.30680680680680683,0.6781781781781782,0.8598598598598599,0.35185185185185186,0.4814814814814815,0.34684684684684686,-1.598
0.5385385385385385,0.23373373373373374,0.9729729729729732,0.0,0.12112112112112113,0.8918918918918919,0.7092092092092093,0.8088088088088088,0.050050050050050046,0.06106106106106106,0.8493493493493494,0.2072072072072072,0.3763763763763764,0.23923923923923923,0.13713713713713713,0.22022022022022023,0.22172172172172172,0.2792792792792793,0.1886886886886887,0.512012012012012,0.535035035035035,-1.601
0.5395395395395396,0.31331331331331336,0.5965965965965966,0.0,0.7882882882882882,0.05555555555555555,0.0990990990990991,0.3148148148148148,0.9174174174174174,0.963963963963964,0.002002002002002002,0.6471471471471472,0.5930930930930931,0.8108108108108107,0.8188188188188188,0.8978978978978976,0.43593593593593594,0.12012012012012012,0.8013013013013013,0.7987987987987988,0.965965965965966,-1.434
0.5405405405405406,0.1921921921921922,0.7387387387387387,0.0,0.12012012012012012,0.25875875875875876,0.6236236236236237,0.015015015015015015,0.5960960960960962,0.7257257257257257,0.08808808808808809,0.3253253253253253,0.7897897897897898,0.10960960960960961,0.12862862862862862,0.25375375375375375,0.1936936936936937,0.27627627627627627,0.7597597597597598,0.7247247247247247,0.5695695695695695,-1.296
0.5415415415415415,0.7337337337337337,0.06656656656656657,0.0,0.6536536536536537,0.5605605605605606,0.7852852852852852,0.47347347347347346,0.3073073073073073,0.4069069069069069,0.40040040040040037,0.20370370370370372,0.44594594594594594,0.4104104104104104,0.3153153153153153,0.1046046046046046,0.7027027027027026,0.7452452452452452,0.6871871871871872,0.4394394394394394,0.4229229229229229,-1.398
0.5425425425425425,0.5740740740740741,0.39789789789789787,0.0,0.3138138138138138,0.5955955955955956,0.607107107107107,0.8198198198198199,0.2022022022022022,0.5605605605605606,0.9479479479479476,0.6566566566566567,0.4964964964964965,0.6661661661661662,0.522022022022022,0.3933933933933934,0.5745745745745745,0.49099099099099097,0.9764764764764764,0.6606606606606606,0.6931931931931932,-1.656
0.5435435435435435,0.12412412412412413,0.3868868868868869,0.0,0.13113113113113112,0.3463463463463463,0.2132132132132132,0.3733733733733734,0.7727727727727728,0.3028028028028028,0.43493493493493496,0.2177177177177177,0.7952952952952952,0.18468468468468469,0.24724724724724725,0.5680680680680681,0.14214214214214213,0.46146146146146144,0.502002002002002,0.56006006006006,0.7437437437437437,-1.612
0.5445445445445446,0.28128128128128127,0.7882882882882882,0.0,0.0935935935935936,0.9289289289289291,0.34234234234234234,0.6676676676676677,0.07357357357357358,0.16166166166166168,0.09109109109109109,0.06756756756756757,0.8453453453453453,0.5165165165165164,0.04904904904904905,0.48348348348348347,0.05405405405405406,0.5275275275275275,0.8413413413413413,0.4984984984984985,0.974974974974975,-1.855
0.5455455455455456,0.17717717717717718,0.8893893893893894,0.0,0.15665665665665668,0.5645645645645646,0.2827827827827828,0.6161161161161162,0.3963963963963964,0.4344344344344344,0.8193193193193193,0.4404404404404404,0.7592592592592593,0.8718718718718719,0.12062062062062062,0.12062062062062062,0.06706706706706707,0.5385385385385386,0.44744744744744747,0.7177177177177173,0.7117117117117118,-1.704
0.5465465465465466,0.7667667667667668,0.7747747747747747,0.0,0.6746746746746747,0.7912912912912913,0.8858858858858859,0.26926926926926925,0.2112112112112112,0.8723723723723724,0.8118118118118118,0.7617617617617618,0.08008008008008008,0.6306306306306306,0.41741741741741745,0.6071071071071071,0.5410410410410411,0.7957957957957957,0.46546546546546547,0.5195195195195195,0.2222222222222222,-1.405
0.5475475475475475,0.6986986986986987,0.40290290290290287,0.0,0.9674674674674675,0.8378378378378377,0.9409409409409409,0.963963963963964,0.3158158158158158,0.27627627627627627,0.7287287287287287,0.4454454454454454,0.34984984984984985,0.1041041041041041,0.6781781781781782,0.5780780780780781,0.15965965965965967,0.46546546546546547,0.5340340340340339,0.2072072072072072,0.02102102102102102,-1.394
0.5485485485485485,0.11311311311311312,0.7787787787787788,0.0,0.3563563563563563,0.21171171171171171,0.5295295295295295,0.07807807807807808,0.7987987987987988,0.9719719719719719,0.5825825825825826,0.45845845845845845,0.12912912912912913,0.5325325325325325,0.2172172172172172,0.30680680680680683,0.38238238238238237,0.5305305305305306,0.9814814814814814,0.9409409409409409,0.46396396396396394,-1.597
0.5495495495495496,0.535035035035035,0.08858858858858859,0.0,0.8068068068068068,0.2902902902902903,0.586086086086086,0.953953953953954,0.7997997997997998,0.06306306306306306,0.8558558558558559,0.5955955955955956,0.17917917917917917,0.19519519519519518,0.47347347347347346,0.23123123123123124,0.8283283283283283,0.552052052052052,0.5825825825825826,0.08008008008008008,0.14864864864864863,-1.282
0.5505505505505506,0.8123123123123124,0.2942942942942943,0.0,0.964964964964965,0.23223223223223222,0.7282282282282282,0.7452452452452452,0.8148148148148148,0.08308308308308308,0.7902902902902903,0.8203203203203203,0.6586586586586587,0.08658658658658658,0.988988988988989,0.9779779779779779,0.7957957957957957,0.5230230230230231,0.4574574574574574,0.022022022022022022,0.13713713713713713,-1.146
0.5515515515515516,0.8823823823823824,0.40040040040040037,0.0,0.8778778778778777,0.038538538538538544,0.5615615615615616,0.5585585585585586,0.9289289289289295,0.6426426426426426,0.6046046046046045,0.8878878878878878,0.37787787787787785,0.23423423423423423,0.8143143143143143,0.44644644644644643,0.6206206206206206,0.4774774774774775,0.16716716716716717,0.2757757757757758,0.1921921921921922,-1.386
0.5525525525525525,0.3698698698698699,0.8468468468468469,0.0,0.22122122122122123,0.16816816816816815,0.13563563563563563,0.6876876876876876,0.9409409409409409,0.4394394394394394,0.5325325325325325,0.6686686686686687,0.9304304304304305,0.8958958958958959,0.6971971971971972,0.3433433433433434,0.03903903903903904,0.07207207207207207,0.8263263263263263,0.5180180180180181,0.6631631631631631,-1.499
0.5535535535535535,0.8153153153153153,0.16616616616616617,0.0,0.21521521521521522,0.4209209209209209,0.44144144144144143,0.13113113113113112,0.552052052052052,0.10960960960960961,0.43843843843843844,0.04204204204204205,0.12662662662662663,0.9269269269269269,0.22572572572572572,0.46446446446446443,0.7567567567567568,0.9514514514514514,0.14164164164164164,0.35735735735735735,0.7507507507507506,-1.404
0.5545545545545546,0.38788788788788786,0.2177177177177177,0.0,0.04604604604604605,0.8468468468468469,0.03053053053053053,0.9449449449449452,0.14714714714714716,0.26076076076076077,0.13113113113113112,0.08708708708708708,0.8218218218218218,0.5480480480480481,0.31731731731731727,0.9164164164164164,0.5090090090090089,0.3053053053053053,0.5675675675675675,0.6071071071071071,0.993993993993994,-1.655
0.5555555555555556,0.24424424424424424,0.9304304304304305,0.0,0.7677677677677678,0.07357357357357358,0.4144144144144144,0.7577577577577578,0.7807807807807807,0.17867867867867868,0.05805805805805811,0.5725725725725725,0.8793793793793794,0.3188188188188188,0.9179179179179179,0.9119119119119119,0.43843843843843844,0.013013013013013013,0.7912912912912913,0.23623623623623624,0.502002002002002,-1.621
0.5565565565565566,0.6051051051051051,0.16916916916916916,0.0,0.10810810810810811,0.5365365365365365,0.41991991991991995,0.30680680680680683,0.5210210210210211,0.23223223223223227,0.5825825825825826,0.05905905905905909,0.04454454454454454,0.40040040040040037,0.12562562562562563,0.2992992992992993,0.8073073073073074,0.9849849849849851,0.24124124124124124,0.2922922922922923,0.6931931931931932,-1.421
0.5575575575575575,0.06256256256256257,0.8893893893893894,0.0,0.059559559559559556,0.7567567567567568,0.12512512512512514,0.6181181181181181,0.25675675675675674,0.6016016016016016,0.6641641641641642,0.5515515515515516,0.8013013013013013,0.6201201201201201,0.17617617617617617,0.8598598598598599,0.3388388388388388,0.050050050050050046,0.7242242242242243,0.8668668668668669,0.9414414414414414,-1.62
0.5585585585585585,0.3733733733733734,0.8663663663663663,0.0,0.6461461461461462,0.986986986986987,0.2752752752752753,0.6436436436436437,0.062062062062062065,0.7887887887887888,0.28478478478478475,0.6981981981981982,0.8793793793793794,0.5865865865865866,0.34234234234234234,0.7442442442442443,0.16416416416416416,0.15915915915915915,0.12962962962962965,0.9229229229229229,0.7817817817817818,-1.831
0.5595595595595596,0.8883883883883883,0.3868868868868869,0.0,0.9449449449449451,0.7647647647647647,0.592092092092092,0.6201201201201201,0.22572572572572575,0.8398398398398398,0.5,0.9459459459459459,0.7737737737737738,0.9624624624624625,0.9529529529529529,0.7852852852852852,0.3608608608608609,0.3683683683683684,0.0980980980980981,0.6136136136136137,0.3223223223223223,-1.384
0.5605605605605606,0.05655655655655656,0.992992992992993,0.0,0.24774774774774777,0.9009009009009009,0.06906906906906907,0.7732732732732732,0.1996996996996997,0.3263263263263263,0.14814814814814814,0.4804804804804805,0.9714714714714714,0.22972972972972971,0.12312312312312312,0.018518518518518517,0.007007007007007007,0.003003003003003003,0.34284284284284283,0.8613613613613613,0.9359359359359359,-1.852
0.5615615615615616,0.7052052052052051,0.07357357357357358,0.0,0.7762762762762763,0.7007007007007007,0.512012012012012,0.8038038038038038,0.4139139139139139,0.5230230230230231,0.7057057057057057,0.33333333333333337,0.19019019019019018,0.3313313313313313,0.6461461461461462,0.9209209209209209,0.9229229229229229,0.8968968968968969,0.2052052052052052,0.27927927927927926,0.23123123123123127,-1.399
0.5625625625625625,0.6116116116116116,0.4069069069069069,0.0,0.5875875875875876,0.98998998998999,0.5705705705705706,0.8418418418418419,0.05405405405405406,0.7787787787787788,0.23773773773773774,0.34384384384384387,0.6426426426426426,0.4214214214214214,0.16449783116449782,0.04004004004004004,0.7132132132132132,0.4294294294294294,0.22422422422422422,0.8228228228228228,0.6416416416416416,-1.505
0.5635635635635635,0.993993993993994,0.04904904904904905,0.0,0.7237237237237237,0.988988988988989,0.9779779779779779,0.8863863863863863,0.008008008008008008,0.35435435435435436,0.4319319319319319,0.3858858858858859,0.3033033033033033,0.8918918918918919,0.4914914914914915,0.11611611611611611,0.29479479479479476,0.5495495495495495,0.001001001001001001,0.3213213213213213,0.06506506506506507,-1.396
0.5645645645645646,0.965965965965966,0.4239239239239239,0.0,0.8863863863863863,0.24474474474474472,0.8878878878878878,0.6411411411411412,0.39789789789789787,0.008008008008008008,0.4119119119119119,0.42592592592592593,0.6741741741741741,0.36036036036036034,0.9589589589589589,0.9934934934934936,0.34784784784784784,0.2692692692692693,0.1061061061061061,0.023023023023023025,0.17867867867867868,-1.257
0.5655655655655656,0.3308308308308308,0.7262262262262262,0.0,0.33783783783783783,0.7952952952952952,0.3003003003003003,0.7242242242242243,0.4364364364364365,0.1921921921921922,0.5245245245245245,0.14414414414414414,0.8513513513513513,0.07807807807807808,0.11311311311311313,0.08308308308308308,0.021521521521521522,0.7127127127127127,0.5785785785785786,0.527027027027027,0.8108108108108109,-1.932
0.5665665665665666,0.9309309309309309,0.3868868868868869,0.0,0.9319319319319319,0.044044044044044044,0.992992992992993,0.8978978978978978,0.7687687687687688,0.013013013013013013,0.7902902902902903,0.3948948948948949,0.7627627627627628,0.22572572572572572,0.93993993993994,0.7362362362362362,0.37237237237237236,0.57007007007007,0.40740740740740744,0.0065065065065065065,0.001001001001001001,-1.281
0.5675675675675675,0.7552552552552552,0.056056056056056056,0.0,0.5765765765765766,0.8253253253253253,0.7327327327327328,0.2682682682682683,0.2177177177177177,0.3188188188188188,0.7022022022022022,0.2777777777777778,0.19569569569569567,0.4844844844844845,0.45495495495495497,0.24074074074074076,0.48148148148148145,0.9319319319319319,0.018518518518518517,0.3338338338338338,0.13113113113113112,-1.373
0.5685685685685685,0.1891891891891892,0.8908908908908909,0.0,0.3163163163163163,0.7182182182182182,0.34434434434434436,0.983983983983984,0.48648648648648646,0.036036036036036036,0.5625625625625625,0.056056056056056056,0.31931931931931934,0.009009009009009009,0.13013013013013014,0.18118118118118118,0.2502502502502503,0.6951951951951951,0.3383383383383384,0.08158158158158157,0.47197197197197194,-1.439
0.5695695695695696,0.973973973973974,0.6086086086086087,0.0,0.9104104104104105,0.9154154154154155,0.986986986986987,0.6436436436436437,0.04204204204204204,0.5675675675675675,0.512012012012012,0.6806806806806807,0.6871871871871872,0.4904904904904905,0.884884884884885,0.9099099099099099,0.8523523523523524,0.16516516516516516,0.014014014014014014,0.5355355355355356,0.2092092092092092,-1.557
0.5705705705705706,0.22072072072072071,0.582082082082082,0.0,0.1266266266266266,0.9419419419419419,0.12262262262262262,0.47947947947947944,0.15265265265265265,0.8658658658658659,0.47847847847847846,0.8148148148148148,0.7532532532532532,0.6661661661661662,0.39289289289289286,0.8753753753753755,0.44844844844844844,0.24824824824824826,0.7652652652652652,0.950950950950951,0.988988988988989,-1.88
0.5715715715715716,0.5380380380380381,0.20020020020020018,0.0,0.7152152152152151,0.23523523523523523,0.6866866866866869,0.8123123123123124,0.7837837837837838,0.5515515515515516,0.3713713713713714,0.6281281281281281,0.04254254254254254,0.7452452452452452,0.6806806806806807,0.23123123123123124,0.8958958958958959,0.8908908908908909,0.7012012012012012,0.22522522522522523,0.3558558558558559,-1.303
0.5725725725725725,0.25625625625625625,0.2857857857857858,0.0,0.06506506506506507,0.8003003003003002,0.23573573573573575,0.45945945945945943,0.1891891891891892,0.056056056056056056,0.8118118118118118,0.24824824824824826,0.6376376376376376,0.5820820820820821,0.1896896896896897,0.13263263263263264,0.5010010010010011,0.6606606606606606,0.24524524524524524,0.464964964964965,0.7492492492492493,-1.849
0.5735735735735735,0.5040040040040039,0.502002002002002,0.0,0.6661661661661662,0.8563563563563563,0.7212212212212212,0.7052052052052051,0.2502502502502503,0.36286286286286284,0.050050050050050046,0.08158158158158157,0.37237237237237236,0.24774774774774777,0.4049049049049049,0.6991991991991993,0.7167167167167168,0.3913913913913914,0.3843843843843844,0.3048048048048048,0.5425425425425425,-1.599
0.5745745745745746,0.7492492492492493,0.007007007007007007,0.0,0.5565565565565566,0.525025025025025,0.36436436436436437,0.4019019019019019,0.5065065065065065,0.7182182182182182,0.6786786786786787,0.2977977977977978,0.3013013013013013,0.2702702702702703,0.3403403403403403,0.057057057057057055,0.8223223223223224,0.9219219219219219,0.1036036036036036,0.4874874874874875,0.49449449449449445,-1.295
0.5755755755755756,0.16166166166166168,0.7717717717717718,0.0,0.15465465465465467,0.7812812812812813,0.008008008008008008,0.055055055055055056,0.6381381381381381,0.972972972972973,0.516016016016016,0.8163163163163163,0.7492492492492493,0.8593593593593594,0.17367367367367367,0.28378378378378377,0.3058058058058058,0.18468468468468469,0.12662662662662663,0.9769769769769769,0.8643643643643644,-1.711
0.5765765765765766,0.25625625625625625,0.2942942942942943,0.0,0.027027027027027084,0.1961961961961962,0.08608608608608609,0.08058058058058058,0.602102102102102,0.2557557557557557,0.18118118118118118,0.11411411411411411,0.2702702702702703,0.38788788788788786,0.06956956956956957,0.46446446446446443,0.42992992992992995,0.5865865865865866,0.9359359359359359,0.7037037037037037,0.968968968968969,-1.634
0.5775775775775776,0.5965965965965966,0.9094094094094094,0.0,0.14314314314314314,0.5830830830830831,0.7562562562562563,0.15115115115115116,0.4164164164164164,0.2557557557557557,0.8078078078078078,0.4804804804804805,0.28728728728728725,0.6981981981981982,0.3768768768768769,0.545045045045045,0.3713713713713714,0.7087087087087087,0.04904904904904905,0.8168168168168168,0.478978978978979,-1.463
0.5785785785785785,0.46396396396396394,0.5630630630630631,0.0,0.1861861861861862,0.5175175175175175,0.39139139139139134,0.13213213213213212,0.43293293293293295,0.8028028028028028,0.5485485485485486,0.5115115115115115,0.19569569569569567,0.8323323323323324,0.1151151151151151,0.32082082082082086,0.6386386386386387,0.6881881881881882,0.7682682682682682,0.8458458458458459,0.7317317317317318,-1.549
0.5795795795795796,0.9619619619619619,0.25375375375375375,0.0,0.998998998998999,0.3818818818818819,1.0,0.9569569569569569,0.42992992992992995,0.2707707707707708,0.8883883883883883,0.6396396396396397,0.018018018018018018,0.46696696696696693,0.8428428428428428,0.6796796796796797,0.9244244244244244,0.8508508508508509,0.18518518518518517,0.001001001001001001,0.0,-0.762
0.5805805805805806,0.9134134134134133,0.31931931931931934,0.0,0.6726726726726726,0.21421421421421422,0.8918918918918919,0.6811811811811812,0.5365365365365365,0.32932932932932935,0.4554554554554554,0.7477477477477477,0.557057057057057,0.8663663663663663,0.6201201201201201,0.25975975975975973,0.6716716716716717,0.5740740740740741,0.17317317317317316,0.11461461461461461,0.2887887887887888,-1.317
0.5815815815815816,0.8078078078078078,0.2802802802802803,0.0,0.975975975975976,0.39139139139139134,0.8248248248248248,0.7452452452452452,0.5135135135135135,0.2682682682682683,0.1856856856856857,0.33033033033033027,0.6976976976976977,0.036036036036036036,0.9169169169169169,0.8953953953953955,0.5660660660660661,0.5190190190190189,0.14164164164164164,0.15465465465465467,0.3063063063063063,-1.532
0.5825825825825826,0.8698698698698699,0.09109109109109109,0.0,0.6396396396396397,0.6916916916916918,0.4544544544544544,0.6626626626626626,0.3948948948948949,0.6831831831831832,0.7547547547547548,0.8468468468468469,0.7797797797797797,0.9204204204204205,0.5205205205205206,0.575075075075075,0.19569569569569567,0.14014014014014015,0.3083083083083083,0.5655655655655656,0.2552552552552553,-1.33
0.5835835835835835,0.06556556556556556,0.7087087087087087,0.0,0.07657657657657657,0.6721721721721721,0.2017017017017017,0.11711711711711711,0.33983983983983984,0.9404404404404405,0.7707707707707707,0.8013013013013013,0.6351351351351351,0.5480480480480481,0.22572572572572572,0.545045045045045,0.1091091091091091,0.2157157157157157,0.8793793793793794,0.965965965965966,0.7407407407407406,-1.717
0.5845845845845846,0.9704704704704705,0.07357357357357358,0.0,0.6241241241241242,0.13363363363363362,0.6126126126126126,0.7617617617617618,0.8938938938938938,0.13913913913913914,0.8003003003003002,0.9594594594594594,0.4494494494494494,0.9779779779779779,0.8758758758758759,0.7022022022022022,0.7147147147147147,0.26176176176176175,0.34784784784784784,0.1841841841841842,0.3558558558558559,-1.361
0.5855855855855856,0.32932932932932935,0.549049049049049,0.0,0.6281281281281281,0.08808808808808809,0.1981981981981982,0.7732732732732732,0.8723723723723724,0.48198198198198194,0.5365365365365364,0.3983983983983984,0.11711711711711711,0.0940940940940941,0.502002002002002,0.26226226226226224,0.8283283283283283,0.7107107107107105,0.6041041041041041,0.2027027027027027,0.2272272272272272,-1.295
0.5865865865865866,0.4179179179179179,0.9169169169169169,0.0,0.3608608608608609,0.05105105105105105,0.42342342342342343,0.7937937937937938,0.7652652652652652,0.08808808808808809,0.15665665665665665,0.17492492492492492,0.8398398398398398,0.47097097097097096,0.5615615615615616,0.7442442442442443,0.2502502502502503,0.22872872872872874,0.9434434434434434,0.08758758758758758,0.7552552552552552,-1.472
0.5875875875875876,0.3583583583583584,0.592092092092092,0.0,0.3533533533533534,0.2832832832832833,0.2527527527527528,0.8698698698698699,0.7337337337337337,0.25325325325325326,0.014014014014014014,0.32182182182182184,0.93993993993994,0.2072072072072072,0.487987987987988,0.8448448448448448,0.15015015015015015,0.16766766766766766,0.7437437437437437,0.43043043043043044,0.8858858858858859,-1.477
0.5885885885885885,0.978978978978979,0.13813813813813813,0.0,0.943943943943944,0.6951951951951951,0.7317317317317318,0.9679679679679679,0.25675675675675674,0.7867867867867868,0.0940940940940941,0.994994994994995,1.0,0.7492492492492493,0.996996996996997,0.997997997997998,0.2122122122122122,0.03003003003003003,0.4019019019019019,0.575075075075075,0.2517517517517518,-1.495
0.5895895895895896,0.18018018018018014,0.7012012012012012,0.0,0.48348348348348347,0.2027027027027027,0.07107107107107107,0.7027027027027027,0.8648648648648651,0.2112112112112112,0.006006006006006006,0.27127127127127126,0.6901901901901901,0.07407407407407407,0.5785785785785786,0.519019019019019,0.3583583583583584,0.2852852852852853,0.6871871871871872,0.4204204204204204,0.8333333333333333,-1.554
0.5905905905905906,0.1971971971971972,0.91991991991992,0.0,0.32732732732732733,0.7622622622622623,0.06656656656656657,0.5975975975975976,0.5135135135135135,0.3913913913913914,0.22572572572572575,0.7182182182182182,0.9239239239239239,0.6426426426426426,0.3898898898898899,0.48948948948948945,0.16816816816816815,0.01951951951951952,0.05305305305305305,0.6861861861861862,0.7922922922922924,-1.767
0.5915915915915916,0.9594594594594594,0.1861861861861862,0.0,0.6861861861861862,0.7852852852852852,0.8738738738738738,0.6906906906906906,0.2982982982982983,0.5095095095095097,0.8178178178178177,0.529029029029029,0.05905905905905906,0.924924924924925,0.7197197197197197,0.57007007007007,0.948948948948949,0.9409409409409409,0.2017017017017017,0.2777777777777778,0.10960960960960961,-1.279
0.5925925925925926,0.33333333333333337,0.5965965965965966,0.0,0.17217217217217218,0.4014014014014014,0.1781781781781782,0.6061061061061062,0.4624624624624625,0.042042042042042045,0.12862862862862862,0.12412412412412413,0.5495495495495495,0.4264264264264264,0.6516516516516516,0.6861861861861862,0.6386386386386387,0.17417417417417416,0.06306306306306307,0.22522522522522523,0.8663663663663663,-1.554
0.5935935935935935,0.055055055055055056,0.8868868868868869,0.0,0.24224224224224225,0.529029029029029,0.025025025025025023,0.1931931931931932,0.5755755755755756,0.8058058058058059,0.7902902902902903,0.8223223223223224,0.8583583583583583,0.16066066066066065,0.474974974974975,0.7677677677677678,0.06006006006006006,0.12212212212212212,0.8383383383383383,0.8898898898898899,0.8493493493493494,-1.707
0.5945945945945946,0.40140140140140135,0.549049049049049,0.0,0.531031031031031,0.8683683683683683,0.34034034034034033,0.6796796796796797,0.27977977977977975,0.6046046046046046,0.31681681681681684,0.96996996996997,0.996996996996997,0.7212212212212212,0.7367367367367368,0.6131131131131131,0.2172172172172172,0.06806806806806806,0.6306306306306306,0.8368368368368369,0.6511511511511512,-1.723
0.5955955955955956,0.27977977977977975,0.7037037037037037,0.0,0.505005005005005,0.6861861861861862,0.4064064064064064,0.42742742742742745,0.6686686686686687,0.1941941941941942,0.2992992992992993,0.27377377377377377,0.39539539539539537,0.02052052052052052,0.43343343343343343,0.4019019019019019,0.18018018018018017,0.24824824824824826,0.3328328328328328,0.38038038038038036,0.4019019019019019,-1.424
0.5965965965965966,0.7267267267267268,0.8613613613613613,0.0,0.7612612612612613,0.08658658658658658,0.5810810810810811,0.19769769769769768,0.6466466466466467,0.5875875875875876,0.23123123123123124,0.7647647647647647,0.943943943943944,0.5535535535535536,0.8038038038038038,0.7767767767767768,0.3098098098098098,0.06456456456456457,0.8823823823823824,0.44894894894894893,0.6006006006006006,-1.411
0.5975975975975976,0.627127127127127,0.2857857857857858,0.0,0.4804804804804805,0.973973973973974,0.8533533533533533,0.1091091091091091,0.026026026026026026,0.9769769769769769,0.9519519519519519,0.8933933933933933,0.3608608608608609,0.950950950950951,0.18218218218218218,0.24774774774774777,0.7292292292292293,0.7877877877877878,0.17617617617617617,0.8398398398398398,0.07107107107107107,-1.267
0.5985985985985987,0.15915915915915915,0.23073073073073072,0.0,0.0970970970970971,0.6306306306306306,0.24774774774774777,0.13613613613613615,0.21421421421421422,0.477977977977978,0.2887887887887888,0.03003003003003003,0.026026026026026026,0.28678678678678676,0.053553553553553554,0.2012012012012012,0.6851851851851851,0.9879879879879879,0.7382382382382382,0.7792792792792793,0.9329329329329329,-1.528
0.5995995995995996,0.5225225225225225,0.20020020020020018,0.0,0.21871871871871873,0.6916916916916918,0.515015015015015,0.2222222222222222,0.12412412412412413,0.8428428428428428,0.3413413413413413,0.15815815815815815,0.2222222222222222,0.6251251251251251,0.15615615615615616,0.09659659659659658,0.6491491491491492,0.7722722722722724,0.8518518518518519,0.8313313313313313,0.8558558558558559,-1.497
0.6006006006006006,0.8858858858858859,0.12412412412412413,0.0,0.9724724724724725,0.6806806806806804,0.993993993993994,0.5240240240240239,0.26876876876876876,0.7752752752752752,0.9094094094094094,0.92992992992993,0.3558558558558559,0.5355355355355356,0.9044044044044044,0.8173173173173174,0.7242242242242243,0.7957957957957957,0.06056056056056056,0.24074074074074076,0.02902902902902903,-1.249
0.6016016016016016,0.7637637637637638,0.08858858858858859,0.0,0.3228228228228228,0.7007007007007007,0.42742742742742745,0.7307307307307307,0.5805805805805806,0.05405405405405406,0.13463463463463465,0.008008008008008008,0.11011011011011011,0.16516516516516513,0.34534534534534533,0.5505505505505506,0.34784784784784784,0.8978978978978976,0.502002002002002,0.18268268268268267,0.5960960960960962,-1.496
0.6026026026026026,0.22972972972972971,0.8243243243243243,0.0,0.3083083083083083,0.48348348348348347,0.7197197197197197,0.24074074074074076,0.15965965965965967,0.32532532532532527,0.46196196196196193,0.3843843843843844,0.23723723723723722,0.12012012012012012,0.16316316316316315,0.4144144144144144,0.3208208208208208,0.5435435435435435,0.8893893893893894,0.5480480480480481,0.6301301301301301,-1.65
0.6036036036036037,0.4089089089089089,0.6906906906906907,0.0,0.5245245245245245,0.0890890890890891,0.2272272272272272,0.8483483483483483,0.9114114114114114,0.1991991991991992,0.8413413413413413,0.45095095095095095,0.34634634634634637,0.5,0.4814814814814815,0.7052052052052051,0.32432432432432434,0.3438438438438438,0.8298298298298299,0.04504504504504504,0.4094094094094094,-1.266
0.6046046046046046,0.7967967967967968,0.026026026026026026,0.0,0.6811811811811812,0.39789789789789787,0.913913913913914,0.12712712712712712,0.3688688688688689,0.8803803803803805,1.0,0.6336336336336337,0.029029029029029027,0.8938938938938938,0.33933933933933935,0.045545545545545546,0.8358358358358358,0.991991991991992,0.5590590590590591,0.6706706706706705,0.03653653653653653,-1.383
0.6056056056056056,0.2782782782782783,0.7677677677677678,0.0,0.3228228228228228,0.5230230230230231,0.12112112112112113,0.6386386386386387,0.6981981981981982,0.42042042042042044,0.024024024024024024,0.08608608608608609,0.5,0.16616616616616617,0.11911911911911911,0.058058058058058054,0.17767767767767767,0.48348348348348347,0.7847847847847848,0.48598598598598597,0.8878878878878878,-1.633
0.6066066066066066,0.5625625625625625,0.5715715715715716,0.0,0.25375375375375375,0.3058058058058058,0.7147147147147147,0.03003003003003003,0.7002002002002001,0.9614614614614614,0.4319319319319319,0.6896896896896897,0.4144144144144144,0.6606606606606605,0.27377377377377377,0.2247247247247247,0.6606606606606606,0.49099099099099097,0.7817817817817818,0.8438438438438438,0.5790790790790791,-1.281
0.6076076076076076,0.8408408408408409,0.5440440440440439,0.0,0.7762762762762763,0.9029029029029029,0.95995995995996,0.7937937937937938,0.27727727727727725,0.24724724724724725,0.2767767767767768,0.2777777777777778,0.37237237237237236,0.3793793793793794,0.32682682682682684,0.4239239239239239,0.6896896896896897,0.44494494494494496,0.26976976976976974,0.34784784784784784,0.2792792792792793,-1.575
0.6086086086086087,0.1748415081748415,0.7152152152152151,0.0,0.16216216216216217,0.04504504504504504,0.06806806806806806,0.8768768768768769,0.968968968968969,0.004004004004004004,0.33733733733733734,0.10010010010010009,0.9464464464464464,0.2227227227227227,0.20520520520520522,0.3933933933933934,0.10010010010010009,0.2862862862862863,0.6671671671671672,0.008008008008008008,0.9159159159159159,-1.411
0.6096096096096096,0.8933933933933933,0.2177177177177177,0.0,0.9019019019019019,0.10710710710710711,0.527027027027027,0.32232232232232233,0.8878878878878876,0.6686686686686687,0.38038038038038036,0.8063063063063063,0.7727727727727728,0.48198198198198194,0.9044044044044044,0.8263263263263263,0.8073073073073074,0.506006006006006,0.06906906906906907,0.16116116116116116,0.14514514514514515,-1.1
0.6106106106106106,0.07907907907907907,0.8923923923923924,0.0,0.011011011011011011,0.6101101101101101,0.03803803803803804,0.008008008008008008,0.5295295295295295,0.46596596596596596,0.11761761761761762,0.1991991991991992,0.8833833833833834,0.43493493493493496,0.007007007007007007,0.13413413413413414,0.056056056056056056,0.22872872872872874,0.12662662662662663,0.9429429429429429,0.997997997997998,-1.808
0.6116116116116116,0.1836836836836837,0.6991991991991993,0.0,0.7087087087087087,0.9349349349349348,0.586086086086086,0.968968968968969,0.17617617617617617,0.3008008008008008,0.516016016016016,0.6016016016016016,0.6481481481481481,0.08508508508508507,0.4624624624624625,0.08008008008008008,0.1716716716716717,0.2957957957957958,0.6141141141141142,0.23373373373373374,0.35185185185185186,-1.467
0.6126126126126126,0.4204204204204204,0.1716716716716717,0.0,0.23523523523523523,0.5195195195195195,0.572072072072072,0.17517517517517514,0.5235235235235235,0.4914914914914915,0.5365365365365364,0.20020020020020018,0.10710710710710711,0.2582582582582582,0.17367367367367367,0.23673673673673673,0.7097097097097097,0.8023023023023024,0.7077077077077076,0.4314314314314314,0.8733733733733733,-1.463
0.6136136136136137,0.06556556556556556,0.8708708708708708,0.0,0.059559559559559556,0.6356356356356356,0.026026026026026026,0.47647647647647645,0.4624624624624625,0.2557557557557557,0.4289289289289289,0.6266266266266266,0.8068068068068068,0.4904904904904905,0.1971971971971972,0.0915915915915916,0.13713713713713713,0.08858858858858859,0.3683683683683684,0.8053053053053053,0.6666666666666666,-1.658
0.6146146146146146,0.20020020020020018,0.549049049049049,0.0,0.008008008008008008,0.7382382382382382,0.1981981981981982,0.03403403403403406,0.058058058058058054,0.8518518518518519,0.7827827827827828,0.8343343343343343,0.46546546546546547,0.9029029029029029,0.03303303303303303,0.19119119119119118,0.03403403403403403,0.6981981981981982,0.4254254254254254,0.9614614614614614,0.8888888888888888,-1.514
0.6156156156156156,0.5295295295295295,0.6251251251251251,0.0,0.24524524524524524,0.7677677677677678,0.2602602602602603,0.12312312312312314,0.06006006006006006,0.8558558558558559,0.8118118118118118,0.8398398398398398,0.16166166166166168,0.9849849849849851,0.474974974974975,0.45995995995996,0.7392392392392393,0.5830830830830831,0.012012012012012012,0.8798798798798799,0.5410410410410411,-1.476
0.6166166166166166,0.5040040040040039,0.986986986986987,0.0,0.17567567567567566,0.4364364364364364,0.18618618618618618,0.7282282282282282,0.5705705705705706,0.4089089089089089,0.5515515515515516,0.9089089089089089,0.98998998998999,0.985985985985986,0.7827827827827828,0.587087087087087,0.1866866866866867,0.07857857857857858,0.8213213213213213,0.7722722722722724,0.7867867867867868,-1.681
0.6176176176176176,0.1936936936936937,0.963963963963964,0.0,0.30180180180180183,0.6486486486486487,0.488988988988989,0.1921921921921922,0.34484484484484484,0.9549549549549543,0.4089089089089089,0.6871871871871872,0.4239239239239239,0.8808808808808809,0.14364364364364363,0.42742742742742745,0.19769769769769768,0.4114114114114114,0.9254254254254255,0.9304304304304305,0.577077077077077,-1.657
0.6186186186186187,0.5015015015015015,0.26426426426426425,0.0,0.7627627627627628,0.5760760760760761,0.46696696696696693,0.6361361361361362,0.5225225225225225,0.24924924924924924,0.24874874874874875,0.14764764764764765,0.07807807807807807,0.12262262262262262,0.5265265265265265,0.4804804804804805,0.9099099099099099,0.9309309309309309,0.3033033033033033,0.23123123123123124,0.2577577577577578,-1.4
0.6196196196196196,0.5790790790790791,0.8768768768768769,0.0,0.0935935935935936,0.7242242242242243,0.3023023023023023,0.7792792792792793,0.23773773773773774,0.12412412412412413,0.8263263263263263,0.5415415415415415,0.8618618618618619,0.9444444444444444,0.4119119119119119,0.2652652652652653,0.06556556556556556,0.11661661661661661,0.25575575575575576,0.6676676676676676,0.5940940940940941,-1.568
0.6206206206206206,0.7307307307307305,0.506006006006006,0.0,0.8033033033033032,0.6951951951951951,0.5295295295295295,0.8438438438438438,0.38538538538538536,0.6591591591591592,0.3683683683683684,0.6231231231231231,0.7022022022022022,0.45595595595595595,0.9349349349349347,0.9829829829829831,0.5910910910910911,0.22172172172172172,0.04354354354354355,0.505005005005005,0.5305305305305306,-1.498
0.6216216216216216,0.4454454454454454,0.7522522522522522,0.0,0.7517517517517518,0.5680680680680681,0.8383383383383383,0.7377377377377377,0.5905905905905906,0.36936936936936937,0.37787787787787785,0.25575575575575576,0.4629629629629629,0.12762762762762764,0.39289289289289286,0.5580580580580581,0.37737737737737737,0.503003003003003,0.8013013013013013,0.1881881881881882,0.5235235235235235,-1.397
0.6226226226226226,0.6001001001001001,0.4264264264264264,0.0,0.5955955955955956,0.8783783783783784,0.5615615615615616,0.5330330330330331,0.15565565565565564,0.6791791791791792,0.3743743743743744,0.6846846846846847,0.2932932932932933,0.597097097097097,0.6066066066066067,0.3178178178178178,0.8718718718718719,0.525025025025025,0.16466466466466467,0.617117117117117,0.31581581581581586,-1.519
0.6236236236236237,0.3918918918918919,0.16316316316316315,0.0,0.547047047047047,0.6176176176176176,0.42742742742742745,0.9429429429429429,0.34234234234234234,0.47647647647647645,0.3913913913913914,0.16366366366366364,0.8883883883883883,0.5820820820820821,0.5290290290290289,0.6676676676676677,0.4914914914914915,0.3198198198198198,0.8698698698698699,0.5735735735735735,0.6441441441441442,-1.655
0.6246246246246246,0.9019019019019019,0.3053053053053053,0.0,0.9369369369369369,0.3998998998998999,0.8663663663663663,0.5545545545545546,0.47597597597597596,0.9779779779779779,0.3558558558558559,0.9359359359359359,0.978978978978979,0.9039039039039038,0.8478478478478476,0.34734734734734735,0.004004004004004004,0.1716716716716717,0.3083083083083083,0.6806806806806804,0.12762762762762764,-1.423
0.6256256256256256,0.5415415415415415,0.2147147147147147,0.0,0.7237237237237237,0.6266266266266266,0.7587587587587588,0.2987987987987988,0.39789789789789787,0.9369369369369369,0.527027027027027,0.6531531531531531,0.38038038038038036,0.7182182182182182,0.47047047047047047,0.25125125125125125,0.15665665665665665,0.39639639639639634,0.3818818818818819,0.6566566566566566,0.07307307307307308,-1.376
0.6266266266266266,0.6026026026026026,0.12162162162162163,0.0,0.27377377377377377,0.46446446446446443,0.1831831831831832,0.09109109109109109,0.36536536536536535,0.8678678678678678,0.4319319319319319,0.8513513513513513,0.3298298298298298,0.8268268268268268,0.4624624624624625,0.5965965965965966,0.8808808808808809,0.3413413413413413,0.4894894894894895,0.95995995995996,0.8023023023023024,-1.666
0.6276276276276276,0.8508508508508509,0.5560560560560561,0.0,0.9209209209209209,0.3583583583583584,0.884884884884885,0.7307307307307307,0.2827827827827828,0.7057057057057057,0.6381381381381381,0.7037037037037037,0.7677677677677678,0.6686686686686687,0.9044044044044044,0.42992992992992995,0.6926926926926927,0.6091091091091092,0.3353353353353353,0.3063063063063063,0.1111111111111111,-1.387
0.6286286286286287,0.5545545545545546,0.2887887887887888,0.0,0.6076076076076076,0.45095095095095095,0.32332332332332336,0.7822822822822822,0.477977977977978,0.3028028028028028,0.2752752752752753,0.3253253253253253,0.6996996996996997,0.4264264264264264,0.5990990990990991,0.6071071071071071,0.17917917917917917,0.57007007007007,0.45595595595595595,0.3783783783783784,0.7797797797797797,-1.485
0.6296296296296297,0.14964964964964966,0.6761761761761762,0.0,0.2952952952952953,0.24724724724724725,0.037037037037037035,0.2732732732732733,0.9664664664664664,0.0970970970970971,0.0890890890890891,0.016016016016016016,0.19019019019019018,0.07207207207207207,0.053553553553553554,0.25825825825825827,0.14664664664664664,0.6091091091091092,0.7272272272272272,0.3883883883883884,0.91991991991992,-1.693
0.6306306306306306,0.3483483483483484,0.20020020020020018,0.0,0.17317317317317318,0.8468468468468469,0.2912912912912913,0.3278278278278278,0.16416416416416416,0.5860860860860861,0.9164164164164164,0.34384384384384387,0.44044044044044045,0.521021021021021,0.044044044044044044,0.006006006006006006,0.01051051051051051,0.9264264264264264,0.23723723723723725,0.8448448448448448,0.5075075075075075,-1.631
0.6316316316316316,0.6811811811811812,0.1086086086086086,0.0,0.3413413413413413,0.9519519519519519,0.35435435435435436,0.5790790790790791,0.19519519519519518,0.43743743743743746,0.43493493493493496,0.532032032032032,0.7677677677677678,0.6771771771771772,0.15365365365365363,0.15215215215215216,0.38238238238238237,0.49099099099099097,0.016016016016016016,0.6721721721721721,0.6346346346346347,-1.512
0.6326326326326326,0.5835835835835836,0.15615615615615616,0.0,0.37237237237237236,0.2862862862862863,0.6166166166166166,0.24974974974974976,0.6811811811811812,0.3383383383383384,0.20870870870870872,0.16516516516516513,0.28478478478478475,0.22972972972972971,0.42242242242242245,0.7612612612612613,0.478978978978979,0.8338338338338338,0.4134134134134134,0.43343343343343343,0.7387387387387387,-1.502
0.6336336336336337,0.7397397397397397,0.058058058058058054,0.0,0.52002002002002,0.3658658658658659,0.5165165165165165,0.4389389389389389,0.7337337337337337,0.2992992992992993,0.5825825825825826,0.27627627627627627,0.529029029029029,0.3188188188188188,0.6806806806806807,0.6631631631631631,0.6386386386386387,0.9624624624624625,0.4254254254254254,0.4224224224224224,0.517017017017017,-1.425
0.6346346346346347,0.8738738738738738,0.15615615615615616,0.0,0.2052052052052052,0.8313313313313313,0.6996996996996997,0.4139139139139139,0.035035035035035036,0.6906906906906904,0.5765765765765766,0.9069069069069069,0.51001001001001,0.8423423423423424,0.45345345345345345,0.2932932932932933,0.7662662662662663,0.2642642642642643,0.2937937937937938,0.7102102102102101,0.2827827827827828,-1.385
0.6356356356356356,0.8613613613613613,0.15915915915915915,0.0,0.6261261261261262,0.6631631631631631,0.7007007007007006,0.7697697697697697,0.6851851851851851,0.03403403403403404,0.48998998998999,0.13713713713713713,0.6351351351351351,0.2127127127127127,0.3808808808808809,0.021021021021021033,0.44644644644644643,0.4179179179179179,0.01001001001001001,0.062062062062062065,0.36686686686686687,-1.362
0.6366366366366366,0.8323323323323324,0.47997997997998,0.0,0.8428428428428428,0.8253253253253253,0.6506506506506506,0.10510510510510511,0.2702702702702703,0.991991991991992,0.07607607607607608,0.7867867867867868,0.6251251251251251,0.9009009009009009,0.5860860860860861,0.5415415415415415,0.4544544544544544,0.2882882882882883,0.03003003003003003,0.7467467467467468,0.3223223223223223,-1.268
0.6376376376376376,0.2277277277277277,0.8843843843843844,0.0,0.24074074074074076,0.09559559559559559,0.34834834834834877,0.24724724724724725,0.6356356356356356,0.05805805805805814,0.48098098098098097,0.35435435435435436,0.03303303303303303,0.2782782782782783,0.25425425425425424,0.19519519519519518,0.5835835835835836,0.5385385385385386,0.12662662662662663,0.17317317317317318,0.22022022022022023,-1.568
0.6386386386386387,0.6661661661661662,0.25875875875875876,0.0,0.7612612612612613,0.557057057057057,0.8623623623623624,0.012012012012012012,0.3048048048048048,0.9749749749749748,0.11511511511511512,0.913913913913914,0.3388388388388388,0.97997997997998,0.7867867867867868,0.8923923923923924,0.6526526526526526,0.5105105105105106,0.13213213213213212,0.8873873873873874,0.38038038038038036,-1.299
0.6396396396396397,0.8668668668668669,0.23073073073073072,0.0,0.8488488488488488,0.48348348348348347,0.8408408408408408,0.7427427427427428,0.612112112112112,0.41241241241241244,0.7932932932932932,0.495995995995996,0.4724724724724725,0.25625625625625625,0.8038038038038038,0.94994994994995,0.8788788788788788,0.37987987987987987,0.08508508508508508,0.2182182182182182,0.22872872872872874,-1.317
0.6406406406406405,0.2877877877877878,0.7747747747747747,0.0,0.517017017017017,0.529029029029029,0.05755755755755755,0.33333333333333337,0.7282282282282282,0.527027027027027,0.16366366366366364,0.5065065065065065,0.8683683683683683,0.9104104104104105,0.4264264264264264,0.4144144144144144,0.08008008008008008,0.3303303303303303,0.1921921921921922,0.5525525525525525,0.7072072072072072,-1.518
0.6416416416416416,0.3263263263263263,0.582082082082082,0.0,0.10560560560560561,0.3963963963963964,0.33933933933933935,0.3968968968968969,0.487987987987988,0.5565565565565566,0.3913913913913914,0.17067067067067065,0.2817817817817818,0.5535535535535536,0.08658658658658658,0.011011011011011011,0.4269269269269269,0.555055055055055,0.7042042042042043,0.8613613613613613,0.7222222222222222,-1.581
0.6426426426426426,0.8808808808808809,0.6086086086086087,0.0,0.6891891891891893,0.5955955955955956,0.6491491491491492,0.8668668668668669,0.24174174174174173,0.39539539539539537,0.12562562562562563,0.46096096096096095,0.45595595595595595,0.5900900900900901,0.8588588588588588,0.7902902902902902,0.7602602602602603,0.5010010010010011,0.11161161161161161,0.33933933933933935,0.3768768768768769,-1.519
0.6436436436436437,0.11811811811811815,0.4519519519519519,0.0,0.3458458458458459,0.8588588588588588,0.002002002002002002,0.005005005005004997,0.6706706706706707,0.995995995995996,0.016516516516516516,0.6981981981981982,0.6636636636636637,0.4054054054054054,0.14064064064064064,0.018518518518518517,0.513013013013013,0.2502502502502503,0.12062062062062062,0.997997997997998,0.9644644644644644,-1.691
0.6446446446446447,0.7172172172172172,0.25375375375375375,0.0,0.9039039039039038,0.7712712712712713,0.9099099099099099,0.8938938938938938,0.3008008008008008,0.15615615615615616,0.9674674674674675,0.24324324324324326,0.11261261261261261,0.14214214214214213,0.6336336336336337,0.7362362362362362,0.5480480480480481,0.9179179179179179,0.08858858858858859,0.3238238238238238,0.1011011011011011,-1.404
0.6456456456456456,0.6116116116116116,0.8798798798798799,0.0,0.3888888888888889,0.6421421421421422,0.7392392392392393,0.43093093093093093,0.32432432432432434,0.45745745745745736,0.9504504504504505,0.6046046046046046,0.12312312312312312,0.7667667667667668,0.45845845845845845,0.023023023023023025,0.21521521521521522,0.6536536536536537,0.14164164164164164,0.5145145145145145,0.1694194194194194,-1.374
0.6466466466466467,0.46646646646646645,0.8203203203203203,0.0,0.48848848848848847,0.7507507507507505,0.7427427427427428,0.8888888888888888,0.35285285285285284,0.1031031031031031,0.46196196196196193,0.16166166166166168,0.13463463463463465,0.09759759759759759,0.2112112112112112,0.08008008008008008,0.6881881881881882,0.7117117117117117,0.023523523523523524,0.15915915915915915,0.10710710710710711,-1.383
0.6476476476476476,0.16916916916916921,0.8663663663663663,0.0,0.02102102102102102,0.4084084084084084,0.03203203203203203,0.43543543543543545,0.7262262262262262,0.42992992992992995,0.4144144144144144,0.11161161161161161,0.24974974974974976,0.46396396396396394,0.060560560560560556,0.2227227227227227,0.14514514514514515,0.585085085085085,0.9309309309309309,0.7282282282282282,0.953953953953954,-1.717
0.6486486486486487,0.9469469469469469,0.06906906906906907,0.0,0.9674674674674675,0.22322322322322322,0.9359359359359359,0.948948948948949,0.6631631631631631,0.12862862862862862,0.48598598598598597,0.5115115115115115,0.4209209209209209,0.9524524524524525,0.8083083083083082,0.9279279279279279,0.9529529529529529,0.5910910910910911,0.37787787787787785,0.014014014014014014,0.0870870870870871,-1.142
0.6496496496496497,0.7617617617617618,0.6541541541541541,0.0,0.6836836836836837,0.7117117117117117,0.8328328328328328,0.9214214214214214,0.37237237237237236,0.05105105105105105,0.986986986986987,0.642142142142142,0.24974974974974976,0.5480480480480481,0.7412412412412412,0.7582582582582582,0.6461461461461462,0.5930930930930931,0.03753753753753754,0.07407407407407407,0.011011011011011011,-1.173
0.6506506506506505,0.4204204204204204,0.14964964964964966,0.0,0.5995995995995996,0.6076076076076076,0.33733733733733734,0.7337337337337337,0.14014014014014015,0.4044044044044044,0.7207207207207207,0.3053053053053053,0.8683683683683683,0.13063063063063063,0.5140140140140139,0.03003003003003003,0.5715715715715716,0.22622622622622623,0.7202202202202201,0.44744744744744747,0.5640640640640641,-1.531
0.6516516516516516,0.6986986986986987,0.5285285285285285,0.0,0.8663663663663663,0.5605605605605606,0.7062062062062062,0.07457457457457457,0.09759759759759759,0.9179179179179178,0.9309309309309309,0.993993993993994,0.7717717717717718,0.968968968968969,0.9459459459459459,0.9349349349349347,0.34284284284284283,0.2917917917917918,0.04204204204204205,0.7102102102102101,0.07007007007007007,-1.237
0.6526526526526526,0.8593593593593594,0.506006006006006,0.0,0.938938938938939,0.1021021021021021,0.6876876876876876,0.990990990990991,0.7372372372372373,0.2907907907907908,0.8608608608608608,0.8968968968968969,0.4269269269269269,0.8423423423423424,0.9469469469469469,0.8613613613613613,0.7407407407407407,0.5495495495495495,0.43493493493493496,0.05105105105105105,0.025025025025025023,-1.328
0.6536536536536537,0.0890890890890891,0.8468468468468469,0.0,0.036036036036036036,0.8863863863863863,0.035035035035035036,0.06906906906906907,0.3793793793793794,0.948948948948949,0.7137137137137137,0.8708708708708709,0.9484484484484484,0.9154154154154155,0.05105105105105105,0.6861861861861862,0.04204204204204204,0.035035035035035036,0.1151151151151151,0.998998998998999,0.9849849849849853,-1.899
0.6546546546546547,0.19019019019019015,0.6951951951951951,0.0,0.028028028028028028,0.592092092092092,0.3713713713713714,0.2987987987987988,0.32432432432432434,0.2967967967967968,0.16816816816816815,0.11611611611611612,0.2932932932932933,0.7307307307307307,0.07107107107107107,0.30680680680680683,0.35235235235235235,0.5685685685685685,0.8148148148148149,0.5545545545545546,0.9094094094094094,-1.431
0.6556556556556556,0.8823823823823824,0.14464464464464463,0.0,0.43793793793793795,0.9534534534534534,0.7967967967967968,0.7822822822822822,0.051551551551551555,0.15515515515515516,0.996996996996997,0.493993993993994,0.07607607607607608,0.8448448448448448,0.3078078078078078,0.26226226226226224,0.9429429429429429,0.8838838838838838,0.13863863863863862,0.2902902902902903,0.14014014014014015,-1.205
0.6566566566566567,0.35035035035035034,0.33933933933933935,0.0,0.6046046046046046,0.8948948948948949,0.7832832832832832,0.5015015015015015,0.057057057057057055,0.7692692692692693,0.36036036036036034,0.3188188188188188,0.024024024024024024,0.015015015015015015,0.15165165165165168,0.1881881881881882,0.7687687687687688,0.9029029029029029,0.5405405405405406,0.8238238238238238,0.33933933933933935,-1.494
0.6576576576576576,0.07107107107107107,0.5380380380380381,0.0,0.4144144144144144,0.029029029029029027,0.23023023023023023,0.6766766766766767,0.9369369369369369,0.11411411411411411,0.9754754754754755,0.2802802802802803,0.4914914914914915,0.14014014014014015,0.4914914914914915,0.438938938938939,0.5465465465465466,0.6066066066066066,0.6141141141141142,0.2902902902902903,0.4519519519519519,-1.675
0.6586586586586587,0.97997997997998,0.14064064064064064,0.0,0.8748748748748749,0.993993993993994,0.9079079079079077,0.7242242242242243,0.0,0.8913913913913913,0.8333333333333333,0.9829829829829831,0.8638638638638638,0.980980980980981,0.943943943943944,0.8968968968968969,0.5505505505505506,0.5190190190190189,0.008508508508508508,0.8213213213213213,0.03303303303303303,-1.463
0.6596596596596597,0.38788788788788786,0.9129129129129129,0.0,0.4954954954954955,0.4724724724724725,0.4714714714714715,0.8258258258258258,0.22972972972972971,0.13913913913913914,0.6046046046046045,0.6651651651651651,0.4039039039039039,0.7387387387387387,0.45645645645645644,0.5315315315315315,0.34284284284284283,0.12312312312312312,0.3383383383383384,0.3098098098098098,0.478978978978979,-1.683
0.6606606606606605,0.9349349349349348,0.008008008008008008,0.0,0.6306306306306306,0.6536536536536537,0.983983983983984,0.48348348348348347,0.06106106106106106,0.5950950950950951,0.9329329329329329,0.9004004004004005,0.2067067067067067,0.933933933933934,0.7072072072072072,0.6951951951951951,0.9669669669669669,0.7147147147147147,0.7092092092092093,0.3308308308308308,0.12762762762762764,-1.171
0.6616616616616616,0.14214214214214213,0.8423423423423424,0.0,0.46696696696696693,0.13763763763763764,0.22322322322322322,0.3253253253253253,0.8908908908908909,0.26576576576576577,0.3213213213213213,0.08508508508508507,0.17467467467467468,0.016016016016016016,0.2982982982982983,0.7922922922922924,0.40040040040040037,0.6451451451451451,0.6606606606606606,0.15165165165165168,0.6221221221221221,-1.305
0.6626626626626627,0.3793793793793794,0.4129129129129129,0.0,0.38288288288288286,0.4554554554554554,0.014014014014014014,0.47947947947947944,0.7307307307307307,0.3818818818818819,0.12412412412412413,0.6366366366366367,0.9359359359359359,0.8608608608608609,0.6611611611611612,0.7952952952952953,0.6076076076076076,0.28428428428428426,0.5945945945945946,0.6586586586586587,0.8663663663663663,-1.66
0.6636636636636637,0.5835835835835836,0.8098098098098098,0.0,0.43093093093093093,0.4994994994994995,0.4494494494494494,0.541041041041041,0.33183183183183185,0.3663663663663664,0.36536536536536535,0.6406406406406406,0.9024024024024024,0.37537537537537535,0.7232232232232232,0.9279279279279279,0.2627627627627628,0.09309309309309309,0.3138138138138138,0.5095095095095095,0.6946946946946947,-1.588
0.6646646646646647,0.25175175175175174,0.23473473473473472,0.0,0.4264264264264264,0.2012012012012012,0.32932932932932935,0.21121121121121122,0.6886886886886887,0.8978978978978976,0.9204204204204205,0.92992992992993,0.7872872872872874,0.8063063063063063,0.6561561561561562,0.5485485485485485,0.35035035035035034,0.33783783783783783,0.8148148148148149,0.7937937937937938,0.45595595595595595,-1.219
0.6656656656656657,0.4774774774774775,0.33233233233233234,0.0,0.5955955955955956,0.8393393393393394,0.7597597597597597,0.7847847847847848,0.15565565565565564,0.7542542542542543,0.4429429429429429,0.515015015015015,0.3933933933933934,0.4194194194194194,0.34534534534534533,0.5225225225225225,0.8383383383383383,0.17317317317317318,0.16066066066066065,0.6841841841841843,0.4544544544544544,-1.551
0.6666666666666667,0.9134134134134133,0.44494494494494496,0.0,0.7792792792792793,0.46096096096096095,0.4064064064064064,0.7767767767767768,0.7757757757757757,0.5730730730730731,0.8523523523523524,0.8203203203203203,0.24574574574574576,0.7112112112112112,0.91991991991992,0.8998998998998999,0.8848848848848849,0.8488488488488488,0.16266266266266266,0.1991991991991992,0.14614614614614616,-1.266
0.6676676676676677,0.28478478478478475,0.31931931931931934,0.0,0.059559559559559556,0.44144144144144143,0.17117117117117117,0.23573573573573575,0.3923923923923924,0.8628628628628628,0.6246246246246246,0.6301301301301301,0.42992992992992995,0.7057057057057057,0.15165165165165168,0.2132132132132132,0.3228228228228228,0.4494494494494494,0.9879879879879879,0.9059059059059059,0.7637637637637638,-1.478
0.6686686686686687,0.3663663663663664,0.7412412412412412,0.0,0.2012012012012012,0.07157157157157157,0.5560560560560561,0.01701701701701702,0.954954954954955,0.8498498498498499,0.6601601601601601,0.8238238238238238,0.8098098098098099,0.9524524524524525,0.27377377377377377,0.27227227227227224,0.3738738738738739,0.08008008008008008,0.958958958958959,0.8858858858858859,0.5790790790790791,-1.301
0.6696696696696697,0.8043043043043043,0.09109109109109109,0.0,0.5735735735735736,0.5935935935935935,0.7757757757757757,0.4854854854854855,0.5990990990990991,0.33233233233233234,0.8678678678678677,0.2872872872872873,0.005005005005005005,0.4169169169169169,0.13563563563563563,0.018518518518518517,0.953953953953954,0.986986986986987,0.36536536536536535,0.4079079079079079,0.1881881881881882,-1.367
0.6706706706706705,0.3763763763763764,0.20020020020020018,0.0,0.35035035035035034,0.5175175175175175,0.09309309309309309,0.5460460460460461,0.6766766766766766,0.30430430430430433,0.6491491491491492,0.1966966966966967,0.23173173173173173,0.6031031031031031,0.14064064064064064,0.15915915915915915,0.7292292292292293,0.8878878878878879,0.3353353353353353,0.5230230230230231,0.8438438438438438,-1.691
0.6716716716716716,0.8078078078078078,0.13813813813813813,0.0,0.32732732732732733,0.3793793793793794,0.9434434434434434,0.0985985985985986,0.44794794794794796,0.5005005005005004,0.8283283283283283,0.3028028028028028,0.1991991991991992,0.5575575575575575,0.09809809809809811,0.12412412412412413,0.6941941941941943,0.9089089089089089,0.7122122122122122,0.4244244244244244,0.26876876876876876,-1.263
0.6726726726726727,0.3003003003003003,0.8963963963963963,0.0,0.39139139139139134,0.08508508508508508,0.5965965965965966,0.037037037037037035,0.8293293293293293,0.7667667667667668,0.12312312312312315,0.4804804804804805,0.44594594594594594,0.3913913913913914,0.23523523523523523,0.4179179179179179,0.4269269269269269,0.33783783783783783,0.986986986986987,0.5915915915915916,0.5075075075075075,-1.258
0.6736736736736737,0.33733733733733734,0.617117117117117,0.0,0.44144144144144143,0.3278278278278278,0.6446446446446447,0.47147147147147145,0.6206206206206206,0.21371371371371373,0.1886886886886887,0.07257257257257257,0.4864864864864865,0.27627627627627627,0.33683683683683685,0.07657657657657657,0.1266266266266266,0.49099099099099097,0.47947947947947944,0.3203203203203203,0.5305305305305306,-1.501
0.6746746746746747,0.535035035035035,0.7387387387387387,0.0,0.5090090090090089,0.8848848848848851,0.4984984984984985,0.2877877877877878,0.07857857857857858,0.7417417417417418,0.6816816816816818,0.7567567567567568,0.3053053053053053,0.6526526526526526,0.6356356356356356,0.8658658658658659,0.7167167167167168,0.2882882882882883,0.11911911911911911,0.8913913913913913,0.3993993993993994,-1.6
0.6756756756756757,0.8273273273273274,0.8938938938938938,0.0,0.8663663663663663,0.9079079079079077,0.9529529529529529,0.575075075075075,0.21421421421421422,0.8288288288288288,0.32682682682682684,0.7182182182182182,0.9344344344344344,0.17967967967967968,0.6661661661661662,0.8563563563563563,0.4039039039039039,0.17617617617617617,0.6406406406406406,0.8333333333333333,0.3733733733733734,-1.588
0.6766766766766767,0.49549549549549554,0.2802802802802803,0.0,0.5430430430430431,0.6241241241241241,0.602102102102102,0.6131131131131131,0.39039039039039036,0.3383383383383384,0.9004004004004005,0.40490490490490494,0.17717717717717718,0.2412412412412413,0.2907907907907908,0.21671671671671672,0.555055055055055,0.6191191191191191,0.6706706706706707,0.26726726726726724,0.2792792792792793,-1.539
0.6776776776776776,0.2047047047047047,0.5285285285285285,0.0,0.06706706706706707,0.5900900900900901,0.7712712712712713,0.054054054054054064,0.1841841841841842,0.34934934934934936,0.5405405405405406,0.07257257257257257,0.17467467467467468,0.4054054054054054,0.12312312312312312,0.6916916916916918,0.5365365365365364,0.6191191191191191,0.5925925925925926,0.2902902902902903,0.49099099099099097,-1.312
0.6786786786786787,0.5560560560560561,0.6411411411411412,0.0,0.6761761761761762,0.513013013013013,0.91991991991992,0.45945945945945943,0.27977977977977975,0.6476476476476476,0.6956956956956957,0.5940940940940941,0.48148148148148145,0.46246246246246253,0.6661661661661662,0.11311311311311312,0.35035035035035034,0.5740740740740741,0.35685685685685686,0.5575575575575575,0.23823823823823825,-1.525
0.6796796796796797,0.6616616616616617,0.14964964964964966,0.0,0.94994994994995,0.050050050050050046,0.9214214214214214,0.6766766766766767,0.9174174174174174,0.14114114114114115,0.3558558558558559,0.03653653653653653,0.3178178178178178,0.0,0.8388388388388388,0.7562562562562563,0.9304304304304305,0.9784784784784785,0.8738738738738738,0.011011011011011011,0.14714714714714713,-1.072
0.6806806806806805,0.11911911911911911,0.7787787787787788,0.0,0.1136136136136136,0.46696696696696693,0.02002002002002002,0.4219219219219219,0.5605605605605606,0.5630630630630631,0.22872872872872874,0.6116116116116116,0.965965965965966,0.7957957957957958,0.5925925925925926,0.8233233233233233,0.043043043043043044,0.1996996996996997,0.9224224224224224,0.8768768768768769,0.9469469469469469,-1.722
0.6816816816816816,0.9119119119119119,0.09809809809809811,0.0,0.8363363363363363,0.032532532532532535,0.7047047047047047,0.3253253253253253,0.8558558558558559,0.4924924924924926,0.8168168168168168,0.9049049049049049,0.38038038038038036,0.8168168168168168,0.954954954954955,0.7767767767767768,0.9629629629629629,0.8023023023023024,0.5895895895895895,0.1021021021021021,0.11911911911911911,-0.993
0.6826826826826827,0.9874874874874875,0.24974974974974976,0.0,0.8523523523523524,0.4319319319319319,0.6556556556556556,0.38288288288288286,0.4084084084084084,0.8028028028028028,0.24874874874874875,0.8448448448448449,0.995995995995996,0.8108108108108107,0.9329329329329329,0.7547547547547547,0.48598598598598597,0.03303303303303303,0.16466466466466467,0.7137137137137137,0.31581581581581586,-1.378
0.6836836836836837,0.547047047047047,0.512012012012012,0.0,0.2092092092092092,0.04804804804804805,0.39789789789789787,0.8353353353353353,0.958958958958959,0.026026026026026026,0.1991991991991992,0.2092092092092092,0.7367367367367368,0.3108108108108108,0.35685685685685686,0.3503503503503503,0.46146146146146144,0.2972972972972973,0.9514514514514514,0.06606606606606606,0.8048048048048049,-1.309
0.6846846846846847,0.3263263263263263,0.6761761761761762,0.0,0.1931931931931932,0.8348348348348348,0.9459459459459459,0.7532532532532532,0.03803803803803804,0.21021021021021022,0.6096096096096095,0.16166166166166168,0.36336336336336333,0.30480480480480476,0.11761761761761762,0.36436436436436437,0.48848848848848847,0.4984984984984985,0.7557557557557557,0.35235235235235235,0.5835835835835835,-1.55
0.6856856856856857,0.7327327327327328,0.2197197197197197,0.0,0.5875875875875876,0.09059059059059059,0.4119119119119119,0.2047047047047047,0.5505505505505506,0.48648648648648657,0.10760760760760761,0.23823823823823823,0.9344344344344344,0.2032032032032032,0.7447447447447447,0.7697697697697697,0.3253253253253253,0.3983983983983984,0.962962962962963,0.4844844844844845,0.8158158158158157,-1.459
0.6866866866866868,0.6476476476476476,0.11411411411411411,0.0,0.7287287287287287,0.09759759759759759,0.5415415415415415,0.6411411411411412,0.9269269269269269,0.07007007007007007,0.4429429429429429,0.06606606606606606,0.04004004004004004,0.1011011011011011,0.494994994994995,0.08758758758758758,0.9469469469469469,0.9329329329329329,0.46096096096096095,0.04604604604604605,0.21621621621621623,-1.269
0.6876876876876876,0.3228228228228228,0.33433433433433435,0.0,0.15815815815815815,0.7762762762762763,0.36436436436436437,0.04654654654654655,0.17967967967967968,0.8893893893893894,0.8793793793793794,0.5900900900900901,0.05655655655655656,0.5165165165165164,0.03953953953953954,0.16566566566566565,0.6911911911911912,0.7247247247247247,0.4214214214214214,0.9334334334334334,0.627127127127127,-1.53
0.6886886886886887,0.11711711711711711,0.6446446446446445,0.0,0.09009009009009009,0.3033033033033033,0.015015015015015015,0.515015015015015,0.7317317317317317,0.7257257257257257,0.25425425425425424,0.45845845845845845,0.7307307307307307,0.46096096096096095,0.24124124124124124,0.19519519519519518,0.39739739739739743,0.2072072072072072,0.904904904904905,0.8568568568568569,0.8898898898898899,-1.701
0.6896896896896897,0.8028028028028028,0.30980980980980977,0.0,0.26726726726726724,0.6536536536536537,0.4544544544544544,0.7577577577577578,0.38538538538538536,0.16166166166166168,0.4474474474474474,0.1011011011011011,0.17317317317317318,0.5900900900900901,0.36286286286286284,0.7502502502502503,0.7912912912912913,0.9554554554554555,0.6011011011011012,0.2962962962962963,0.6111111111111112,-1.498
0.6906906906906906,0.7267267267267268,0.8983983983983983,0.0,0.5660660660660661,0.5460460460460461,0.16416416416416418,0.474974974974975,0.3763763763763764,0.2872872872872873,0.48598598598598597,0.33333333333333337,0.5355355355355356,0.43493493493493496,0.5465465465465466,0.33433433433433435,0.478978978978979,0.3078078078078078,0.22872872872872874,0.5285285285285285,0.6511511511511512,-1.472
0.6916916916916916,0.23623623623623627,0.7012012012012012,0.0,0.005005005005005005,0.5045045045045045,0.15615615615615616,0.30230230230230226,0.34484484484484484,0.11161161161161161,0.7747747747747749,0.13263263263263264,0.5405405405405406,0.8873873873873874,0.024024024024024024,0.4339339339339339,0.15665665665665665,0.1996996996996997,0.7682682682682682,0.652152152152152,0.991991991991992,-1.723
0.6926926926926927,0.9329329329329329,0.26076076076076077,0.0,0.7842842842842843,0.542042042042042,0.8753753753753755,0.8838838838838838,0.6246246246246246,0.23323323323323322,0.8933933933933933,0.48748748748748744,0.13213213213213212,0.5930930930930931,0.7317317317317318,0.06556556556556556,0.7027027027027026,0.8678678678678678,0.15065065065065064,0.07257257257257257,0.08058058058058058,-1.305
0.6936936936936937,0.627127127127127,0.06106106106106106,0.0,0.7562562562562563,0.32982982982982983,0.41741741741741745,0.974974974974975,0.8138138138138138,0.012012012012012012,0.3413413413413413,0.009009009009009009,0.1036036036036036,0.007007007007007007,0.6286286286286287,0.8438438438438438,0.9154154154154155,0.8383383383383383,0.43993993993993996,0.018018018018018018,0.3558558558558559,-1.408
0.6946946946946947,0.4139139139139139,0.8423423423423424,0.0,0.16216216216216217,0.9629629629629629,0.5010010010010011,0.7187187187187187,0.11311311311311312,0.6591591591591592,0.5555555555555556,0.2122122122122122,0.10010010010010009,0.2722722722722723,0.0940940940940941,0.16716716716716717,0.3883883883883884,0.8158158158158157,0.32182182182182184,0.598598598598599,0.7152152152152151,-1.429
0.6956956956956957,0.2902902902902903,0.34284284284284283,0.0,0.4904904904904905,0.10960960960960961,0.4714714714714715,0.8788788788788788,0.8048048048048049,0.08508508508508503,0.3123123123123123,0.06156156156156156,0.15465465465465467,0.09309309309309309,0.7857857857857858,0.23673673673673673,0.7757757757757757,0.9669669669669669,0.513013013013013,0.05255255255255255,0.47197197197197194,-1.138
0.6966966966966968,0.5225225225225225,0.3053053053053053,0.0,0.6486486486486487,0.5605605605605606,0.4474474474474474,0.884884884884885,0.484984984984985,0.8383383383383383,0.5655655655655656,0.6166166166166166,0.22922922922922923,0.3108108108108108,0.7127127127127126,0.6191191191191192,0.8748748748748745,0.6806806806806805,0.8238238238238238,0.507007007007007,0.3883883883883884,-1.344
0.6976976976976976,0.1748415081748415,0.974974974974975,0.0,0.13263263263263264,0.995995995995996,0.3613613613613614,0.21121121121121122,0.03003003003003003,0.986986986986987,0.5980980980980981,0.7442442442442443,0.6791791791791792,0.7262262262262262,0.16716716716716717,0.1031031031031031,0.07357357357357358,0.26176176176176175,0.18218218218218218,0.991991991991992,0.7037037037037037,-1.54
0.6986986986986987,0.5115115115115115,0.982982982982983,0.0,0.47247247247247254,0.6136136136136137,0.3783783783783784,0.12512512512512514,0.3363363363363363,0.9404404404404405,0.7367367367367368,0.98998998998999,0.5,0.8938938938938938,0.7747747747747747,0.5315315315315315,0.27977977977977975,0.2732732732732732,0.513013013013013,0.9459459459459459,0.5135135135135136,-1.474
0.6996996996996997,0.6856856856856857,0.7202202202202201,0.0,0.6426426426426426,0.5095095095095095,0.8623623623623624,0.6181181181181181,0.16866866866866864,0.5040040040040039,0.8153153153153153,0.6591591591591592,0.3123123123123123,0.28678678678678676,0.6711711711711712,0.12562562562562563,0.562062062062062,0.48148148148148145,0.2017017017017017,0.23723723723723725,0.17617617617617617,-1.247
0.7007007007007006,0.8018018018018018,0.7437437437437437,0.0,0.3968968968968969,0.17717717717717718,0.46696696696696693,0.2907907907907908,0.31431431431431434,0.12112112112112113,0.3123123123123123,0.38788788788788786,0.4914914914914915,0.8678678678678677,0.7567567567567568,0.7152152152152151,0.6781781781781782,0.6326326326326326,0.27727727727727725,0.1011011011011011,0.24774774774774777,-1.202
0.7017017017017017,0.3938938938938939,0.2802802802802803,0.0,0.43093093093093093,0.31931931931931934,0.23923923923923923,0.30680680680680683,0.5735735735735736,0.8428428428428428,0.08408408408408408,0.6301301301301301,0.5825825825825826,0.8568568568568569,0.7677677677677677,0.7722722722722724,0.34284284284284283,0.3438438438438438,0.9359359359359359,0.6461461461461462,0.7657657657657657,-1.644
0.7027027027027027,0.2092092092092092,0.6106106106106106,0.0,0.1861861861861862,0.44494494494494496,0.32932932932932935,0.22372372372372373,0.5175175175175175,0.06906906906906907,0.06806806806806809,0.006006006006006006,0.3983983983983984,0.003003003003003003,0.14064064064064064,0.7087087087087087,0.3908908908908909,0.5880880880880881,0.3818818818818819,0.27177177177177175,0.7682682682682682,-1.45
0.7037037037037037,0.8058058058058059,0.5540540540540541,0.0,0.27377377377377377,0.4039039039039039,0.7162162162162162,0.13363363363363362,0.21921921921921922,0.5785785785785785,0.5940940940940941,0.5205205205205206,0.5880880880880881,0.6771771771771772,0.507007007007007,0.3748748748748749,0.555055055055055,0.36436436436436437,0.2912912912912913,0.6821821821821822,0.2967967967967968,-1.44
0.7047047047047047,0.7922922922922924,0.08358358358358359,0.0,0.4454454454454454,0.6721721721721721,0.3048048048048048,0.4109109109109109,0.35285285285285284,0.35235235235235235,0.8193193193193193,0.8318318318318318,0.607107107107107,0.958958958958959,0.7447447447447447,0.7902902902902902,0.7427427427427428,0.5385385385385386,0.3033033033033033,0.1931931931931932,0.488988988988989,-1.292
0.7057057057057057,0.6691691691691692,0.7152152152152151,0.0,0.8243243243243243,0.3223223223223223,0.5235235235235235,0.6061061061061062,0.8093093093093093,0.6426426426426426,0.46196196196196193,0.9369369369369369,0.8648648648648649,0.5820820820820821,0.7287287287287287,0.3698698698698699,0.4189189189189189,0.1961961961961962,0.4934934934934935,0.44294294294294295,0.21021021021021022,-1.409
0.7067067067067068,0.8698698698698699,0.2987987987987988,0.0,0.9359359359359359,0.6781781781781782,0.8508508508508509,0.5265265265265265,0.32432432432432434,0.9949949949949947,0.7662662662662663,0.9349349349349347,0.632132132132132,0.6696696696696697,0.8608608608608609,0.6291291291291291,0.19769769769769768,0.5805805805805806,0.6111111111111112,0.9409409409409409,0.1816816816816817,-1.404
0.7077077077077076,0.6741741741741742,0.36936936936936937,0.0,0.7237237237237237,0.4424424424424427,0.9019019019019019,0.8028028028028028,0.28928928928928926,0.3153153153153153,0.9264264264264264,0.5115115115115115,0.24974974974974976,0.6886886886886887,0.502002002002002,0.16166166166166168,0.1841841841841842,0.8178178178178177,0.43493493493493496,0.15915915915915915,0.05955955955955956,-1.39
0.7087087087087087,0.6586586586586587,0.43043043043043044,0.0,0.44844844844844844,0.19119119119119118,0.577077077077077,0.6061061061061062,0.934934934934935,0.005005005005005005,0.24874874874874875,0.013013013013013013,0.2147147147147147,0.13313313313313313,0.3948948948948949,0.2757757757757758,0.6676676676676676,0.6716716716716716,0.4179179179179179,0.013013013013013013,0.30980980980980977,-1.382
0.7097097097097097,0.11161161161161161,0.617117117117117,0.0,0.01001001001001001,0.43493493493493496,0.13413413413413414,0.24524524524524524,0.6601601601601601,0.3818818818818819,0.6046046046046045,0.32832832832832837,0.7192192192192193,0.20070070070070067,0.1021021021021021,0.6236236236236237,0.4269269269269269,0.7567567567567568,0.6366366366366366,0.7187187187187187,0.94994994994995,-1.461
0.7107107107107106,0.9874874874874875,0.08358358358358359,0.0,0.8508508508508509,0.4494494494494494,0.9109109109109109,0.22872872872872874,0.47097097097097096,0.5335335335335335,0.9149149149149148,0.7082082082082082,0.13713713713713713,0.6006006006006006,0.8703703703703705,0.6131131131131131,0.9479479479479478,0.92992992992993,0.027027027027027042,0.19069069069069067,0.024024024024024024,-1.083
0.7117117117117117,0.2147147147147147,0.998998998998999,0.0,0.512012012012012,0.5830830830830831,0.7987987987987988,0.8398398398398399,0.2917917917917918,0.6211211211211212,0.3123123123123123,0.8038038038038038,0.6481481481481481,0.6146146146146145,0.522022022022022,0.6071071071071071,0.12862862862862862,0.06206206206206206,0.7787787787787788,0.6366366366366366,0.6221221221221221,-1.716
0.7127127127127127,0.9369369369369369,0.03003003003003003,0.0,0.8338338338338338,0.8733733733733733,0.7617617617617618,0.26726726726726724,0.03903903903903904,0.98998998998999,0.26626626626626626,0.9504504504504505,0.9629629629629629,0.9829829829829829,0.7677677677677677,0.34034034034034033,0.029029029029029027,0.19069069069069067,0.08158158158158157,0.9319319319319319,0.16316316316316315,-1.463
0.7137137137137137,0.48448448448448445,0.5770770770770771,0.0,0.3003003003003003,0.46996996996997,0.3688688688688689,0.2222222222222222,0.3383383383383383,0.9104104104104105,0.4064064064064064,0.8748748748748746,0.6836836836836837,0.986986986986987,0.7272272272272272,0.8458458458458459,0.7567567567567568,0.2642642642642643,0.5955955955955956,0.8123123123123124,0.6006006006006006,-1.443
0.7147147147147147,0.07457457457457457,0.7637637637637638,0.0,0.14314314314314314,0.3258258258258258,0.0890890890890891,0.2782782782782783,0.5305305305305306,0.44844844844844844,0.33333333333333337,0.5215215215215215,0.7557557557557557,0.6106106106106106,0.17217217217217218,0.28378378378378377,0.25625625625625625,0.2042042042042042,0.9004004004004005,0.5960960960960962,0.8628628628628628,-1.482
0.7157157157157157,0.35935935935935936,0.40290290290290287,0.0,0.0960960960960961,0.4144144144144144,0.17217217217217218,0.007007007007007007,0.5325325325325325,0.7817817817817818,0.7342342342342343,0.5090090090090089,0.5495495495495495,0.5305305305305306,0.013013013013013013,0.3178178178178178,0.37737737737737737,0.6451451451451451,0.17317317317317316,0.9239239239239239,0.7437437437437437,-1.548
0.7167167167167168,0.5810810810810811,0.3933933933933934,0.0,0.2032032032032032,0.7887887887887888,0.1921921921921922,0.6596596596596597,0.22122122122122123,0.41241241241241244,0.507007007007007,0.5235235235235235,0.3098098098098098,0.7162162162162162,0.27877877877877877,0.35285285285285284,0.2092092092092092,0.4279279279279279,0.3793793793793794,0.577077077077077,0.7277277277277276,-1.658
0.7177177177177176,0.6051051051051051,0.46196196196196193,0.0,0.40040040040040037,0.06106106106106106,0.7232232232232232,0.5290290290290289,0.8758758758758759,0.03203203203203203,0.6341341341341341,0.24024024024024024,0.6036036036036037,0.5085085085085085,0.51001001001001,0.6421421421421422,0.22022022022022023,0.4254254254254254,0.7302302302302301,0.025025025025025023,0.41991991991991995,-1.155
0.7187187187187187,0.9564564564564564,0.012012012012012012,0.0,0.9619619619619619,0.6696696696696697,0.8828828828828829,0.9164164164164164,0.5785785785785785,0.14214214214214213,0.8608608608608608,0.5655655655655656,0.46696696696696693,0.3188188188188188,0.7967967967967968,0.6706706706706707,0.6296296296296297,0.8768768768768769,0.2272272272272272,0.01001001001001001,0.027027027027027056,-1.02
0.7197197197197197,0.4229229229229229,0.5675675675675675,0.0,0.7987987987987988,0.2807807807807808,0.49099099099099097,0.6566566566566567,0.8393393393393394,0.7317317317317318,0.5655655655655656,0.953953953953954,0.7457457457457457,0.7432432432432432,0.8953953953953955,0.438938938938939,0.46146146146146144,0.11461461461461461,0.7012012012012012,0.3838838838838839,0.5135135135135136,-1.424
0.7207207207207206,0.8838838838838838,0.34784784784784784,0.0,0.9079079079079077,0.8783783783783784,0.8888888888888888,0.85985985985986,0.08908908908908908,0.5325325325325325,0.7677677677677677,0.9779779779779779,0.8478478478478478,0.884884884884885,0.8143143143143143,0.7737737737737738,0.17767767767767767,0.05305305305305305,0.1151151151151151,0.5245245245245245,0.1021021021021021,-1.532
0.7217217217217217,0.8188188188188188,0.13813813813813813,0.0,0.8103103103103103,0.5875875875875876,0.6181181181181181,0.505005005005005,0.5990990990990991,0.7817817817817818,0.28478478478478475,0.43843843843843844,0.38288288288288286,0.24274274274274274,0.5760760760760761,0.6486486486486487,0.3273273273273273,0.5880880880880881,0.46796796796796797,0.3238238238238238,0.31931931931931934,-1.319
0.7227227227227228,0.36736736736736736,0.3363363363363363,0.0,0.5715715715715716,0.48148148148148145,0.3358358358358358,0.4519519519519519,0.5410410410410411,0.46596596596596596,0.2917917917917918,0.13263263263263264,0.3883883883883884,0.5,0.3233233233233234,0.7642642642642643,0.7847847847847848,0.9014014014014013,0.8518518518518519,0.3163163163163163,0.6721721721721721,-1.446
0.7237237237237237,0.7827827827827828,0.498998998998999,0.0,0.8618618618618619,0.6381381381381381,0.8038038038038038,0.5505505505505506,0.6066066066066066,0.1011011011011011,0.7232232232232232,0.4494494494494494,0.5430430430430431,0.30480480480480476,0.4049049049049049,0.25125125125125125,0.10310310310310311,0.36936936936936937,0.09309309309309309,0.2272272272272272,0.03153153153153153,-1.406
0.7247247247247247,0.93993993993994,0.7087087087087087,0.0,0.6381381381381381,0.9459459459459459,0.8688688688688688,0.8658658658658659,0.023023023023023025,0.3783783783783784,0.6296296296296297,0.8038038038038038,0.1991991991991992,0.9624624624624625,0.6561561561561562,0.14114114114114112,0.7737737737737738,0.6286286286286287,0.031031031031031032,0.2932932932932933,0.2127127127127127,-1.358
0.7257257257257257,0.23923923923923923,0.8348348348348348,0.0,0.6151151151151151,0.13763763763763764,0.5955955955955956,0.6876876876876876,0.9449449449449451,0.5125125125125125,0.24224224224224225,0.5830830830830831,0.3053053053053053,0.26126126126126126,0.35035035035035034,0.22822822822822822,0.498998998998999,0.2792792792792793,0.6306306306306306,0.1716716716716717,0.2577577577577578,-1.314
0.7267267267267268,0.48198198198198194,0.5380380380380381,0.0,0.45495495495495497,0.16816816816816815,0.07607607607607608,0.04854854854854855,0.7792792792792793,0.6196196196196196,0.25675675675675674,0.46396396396396394,0.7132132132132132,0.2682682682682683,0.6426426426426426,0.7347347347347347,0.6966966966966966,0.4984984984984985,0.22422422422422422,0.7127127127127127,0.6336336336336337,-1.374
0.7277277277277276,0.9229229229229229,0.3153153153153153,0.0,0.8608608608608609,0.5900900900900901,0.8558558558558559,0.7377377377377377,0.867867867867868,0.05305305305305305,0.6156156156156156,0.07007007007007007,0.16566566566566565,0.11461461461461461,0.3808808808808809,0.6346346346346345,0.8908908908908909,0.9484484484484484,0.09109109109109109,0.07107107107107107,0.2987987987987988,-1.465
0.7287287287287287,0.995995995995996,0.07357357357357358,0.0,0.985985985985986,0.8638638638638638,0.997997997997998,0.7212212212212212,0.056056056056056056,0.18268268268268267,0.7022022022022022,0.7952952952952953,0.8338338338338338,0.5265265265265264,0.9504504504504505,0.6516516516516516,0.20020020020020018,0.17617617617617617,0.04704704704704705,0.02702702702702703,0.007007007007007007,-1.178
0.7297297297297297,0.8303303303303303,0.498998998998999,0.0,0.91991991991992,0.46446446446446443,0.9479479479479477,0.9269269269269269,0.25925925925925924,0.1966966966966967,0.1921921921921922,0.12512512512512514,0.2932932932932933,0.23423423423423423,0.92992992992993,0.9039039039039038,0.8248248248248249,0.6381381381381381,0.12962962962962965,0.1036036036036036,0.3263263263263263,-1.433
0.7307307307307306,0.7077077077077076,0.8583583583583583,0.0,0.983983983983984,0.4109109109109109,0.592092092092092,1.0,0.6466466466466467,0.18268268268268267,0.40040040040040037,0.577077077077077,0.7832832832832832,0.06456456456456457,0.9804804804804805,0.953953953953954,0.0970970970970971,0.26676676676676675,0.513013013013013,0.1036036036036036,0.3558558558558559,-1.497
0.7317317317317318,0.8338338338338338,0.2072072072072072,0.0,0.6576576576576576,0.3013013013013013,0.3948948948948949,0.7052052052052051,0.8008008008008007,0.6261261261261262,0.018518518518518517,0.577077077077077,0.8513513513513513,0.478978978978979,0.9309309309309309,0.92992992992993,0.6206206206206206,0.1941941941941942,0.40740740740740744,0.5915915915915916,0.5205205205205206,-1.506
0.7327327327327328,0.41041041041041043,0.549049049049049,0.0,0.547047047047047,0.5760760760760761,0.2887887887887888,0.9479479479479478,0.495995995995996,0.3748748748748749,0.04204204204204204,0.5615615615615616,0.8378378378378374,0.7247247247247247,0.5265265265265265,0.5125125125125125,0.3583583583583584,0.13213213213213212,0.4179179179179179,0.3148148148148148,0.8268268268268268,-1.542
0.7337337337337337,0.6936936936936937,0.47997997997998,0.0,0.8678678678678677,0.23873873873873874,0.6491491491491492,0.494994994994995,0.9039039039039038,0.5165165165165165,0.10760760760760761,0.43493493493493496,0.5460460460460461,0.494994994994995,0.8863863863863863,0.9454454454454455,0.8153153153153153,0.47947947947947944,0.7242242242242243,0.26126126126126126,0.45895895895895894,-1.291
0.7347347347347347,0.9669669669669669,0.473973973973974,0.0,0.43793793793793795,0.8538538538538538,0.9179179179179178,0.7597597597597597,0.09559559559559559,0.3123123123123123,0.7662662662662663,0.25375375375375375,0.7897897897897898,0.25125125125125125,0.5810810810810811,0.602102102102102,0.10310310310310311,0.36336336336336333,0.25875875875875876,0.527027027027027,0.24924924924924924,-1.569
0.7357357357357357,0.8243243243243243,0.3933933933933934,0.0,0.96996996996997,0.15065065065065064,0.9634634634634635,0.8058058058058059,0.8118118118118118,0.27627627627627627,0.4074074074074074,0.3158158158158158,0.34434434434434436,0.4139139139139139,0.9099099099099099,0.9419419419419419,0.8603603603603603,0.8923923923923924,0.1831831831831832,0.031031031031031032,0.06156156156156156,-1.243
0.7367367367367368,0.5645645645645645,0.4579579579579579,0.0,0.5390390390390389,0.970970970970971,0.8118118118118118,0.6566566566566567,0.027527527527527528,0.488988988988989,0.9004004004004005,0.6806806806806807,0.37237237237237236,0.5535535535535536,0.5725725725725725,0.3013013013013013,0.8203203203203203,0.43743743743743746,0.08858858858858859,0.5940940940940941,0.14314314314314314,-1.498
0.7377377377377377,0.2912912912912913,0.7787787787787788,0.0,0.13263263263263264,0.4109109109109109,0.4624624624624625,0.33333333333333337,0.2062062062062062,0.5345345345345345,0.3123123123123123,0.6706706706706707,0.990990990990991,0.8038038038038038,0.6251251251251251,0.602102102102102,0.11461461461461461,0.04504504504504504,0.7682682682682682,0.9139139139139139,0.8588588588588588,-1.616
0.7387387387387387,0.04604604604604605,0.8278278278278278,0.0,0.4104104104104104,0.3658658658658659,0.07257257257257257,0.5180180180180181,0.867867867867868,0.7452452452452452,0.7257257257257257,0.44344344344344344,0.34984984984984985,0.06456456456456457,0.06806806806806806,0.438938938938939,0.14664664664664664,0.23773773773773774,0.9814814814814814,0.5815815815815816,0.9064064064064064,-1.338
0.7397397397397397,0.35735735735735735,0.36936936936936937,0.0,0.5445445445445446,0.3223223223223223,0.3793793793793794,0.4519519519519519,0.7222222222222222,0.35935935935935936,0.3558558558558559,0.17717717717717718,0.45395395395395394,0.34284284284284283,0.7802802802802803,0.9259259259259259,0.6001001001001001,0.5155155155155156,0.9154154154154155,0.35235235235235235,0.4159159159159159,-1.311
0.7407407407407406,0.6236236236236237,0.058058058058058054,0.0,0.39139139139139134,0.01951951951951952,0.36736736736736736,0.003003003003003003,0.938938938938939,0.9104104104104105,0.40040040040040037,0.8558558558558559,0.5,0.9754754754754755,0.6486486486486487,0.933933933933934,0.7317317317317317,0.5460460460460461,0.8638638638638638,0.5210210210210211,0.4519519519519519,-1.074
0.7417417417417418,0.7577577577577578,0.9154154154154155,0.0,0.6306306306306306,0.8823823823823824,0.6406406406406406,0.5825825825825826,0.16866866866866864,0.8268268268268268,0.48598598598598597,0.8768768768768769,0.9544544544544544,0.5035035035035035,0.9209209209209209,0.983983983983984,0.4039039039039039,0.006006006006006006,0.2677677677677678,0.6876876876876877,0.24274274274274274,-1.344
0.7427427427427428,0.7847847847847848,0.22322322322322322,0.0,0.5605605605605606,0.8198198198198198,0.8158158158158159,0.4219219219219219,0.1021021021021021,0.4069069069069069,0.8708708708708709,0.1791791791791792,0.04904904904904905,0.5265265265265264,0.5495495495495495,0.12562562562562563,0.8693693693693694,0.994994994994995,0.03303303303303303,0.6861861861861862,0.2077077077077077,-1.374
0.7437437437437437,0.2172172172172172,0.7437437437437437,0.0,0.04054054054054054,0.2932932932932933,0.26626626626626626,0.3188188188188188,0.6096096096096096,0.6116116116116116,0.47047047047047047,0.3383383383383384,0.35785785785785784,0.9349349349349348,0.05105105105105105,0.017017017017017057,0.11061061061061062,0.4354354354354354,0.9764764764764764,0.8143143143143143,0.9259259259259259,-1.605
0.7447447447447447,0.8223223223223224,0.37487487487487486,0.0,0.9119119119119119,0.7537537537537538,0.6051051051051051,0.622122122122122,0.47347347347347346,0.6081081081081081,0.7257257257257257,0.6746746746746747,0.5545545545545545,0.11911911911911911,0.5925925925925926,0.6451451451451451,0.38238238238238237,0.7742742742742743,0.5160160160160161,0.6486486486486487,0.2792792792792793,-1.542
0.7457457457457457,0.8578578578578577,0.3153153153153153,0.0,0.497997997997998,0.27477477477477474,0.8908908908908909,0.009009009009009009,0.6066066066066066,0.9319319319319319,0.985985985985986,0.955955955955956,0.42992992992992995,0.9569569569569569,0.22022022022022023,0.002002002002002002,0.3738738738738739,0.5665665665665666,0.13713713713713713,0.7837837837837838,0.04704704704704705,-1.222
0.7467467467467468,0.9819819819819819,0.2987987987987988,0.0,0.9749749749749747,0.3123123123123123,0.998998998998999,0.9319319319319319,0.34134134134134136,0.2982982982982983,0.5725725725725725,0.6786786786786787,0.8323323323323324,0.6146146146146145,0.990990990990991,0.9419419419419419,0.11061061061061062,0.46146146146146144,0.5655655655655656,0.07257257257257257,0.05555555555555555,-1.243
0.7477477477477477,0.3993993993993994,0.7482482482482482,0.0,0.11611611611611611,0.8443443443443444,0.5065065065065065,0.7377377377377377,0.22572572572572575,0.44644644644644643,0.7827827827827828,0.6831831831831832,0.4964964964964965,0.95995995995996,0.4289289289289289,0.46446446446446443,0.43593593593593594,0.5460460460460461,0.8723723723723724,0.8143143143143143,0.8088088088088088,-1.716
0.7487487487487487,0.8763763763763763,0.12912912912912913,0.0,0.8428428428428428,0.8608608608608609,0.8188188188188188,0.8658658658658659,0.08108108108108109,0.5595595595595596,0.9564564564564564,0.7117117117117117,0.23323323323323322,0.7897897897897898,0.6376376376376376,0.36436436436436437,0.6751751751751751,0.9514514514514514,0.028028028028028028,0.40540540540540543,0.03803803803803804,-1.222
0.7497497497497497,0.28928928928928926,0.44494494494494496,0.0,0.44144144144144143,0.003003003003003003,0.17717717717717718,0.6111111111111112,0.986986986986987,0.12862862862862862,0.33733733733733734,0.3788788788788789,0.22572572572572575,0.5085085085085085,0.6661661661661662,0.3893893893893894,0.7367367367367368,0.7397397397397397,0.9469469469469469,0.11461461461461461,0.7967967967967968,-1.341
0.7507507507507506,0.7207207207207207,0.0940940940940941,0.0,0.23223223223223222,0.9484484484484484,0.42492492492492495,0.47947947947947944,0.044044044044044044,0.5840840840840841,0.6746746746746747,0.585085085085085,0.8048048048048049,0.9754754754754755,0.51001001001001,0.2792792792792793,0.16316316316316315,0.15315315315315314,0.04504504504504504,0.8358358358358359,0.6741741741741742,-1.721
0.7517517517517518,0.45895895895895894,0.5770770770770771,0.0,0.7087087087087087,0.5095095095095095,0.3313313313313313,0.7262262262262262,0.5440440440440439,0.36436436436436437,0.9094094094094094,0.3818818818818819,0.15065065065065064,0.19269269269269268,0.2627627627627628,0.23673673673673673,0.7462462462462462,0.6756756756756757,0.7272272272272272,0.15015015015015015,0.15865865865865864,-1.151
0.7527527527527528,0.29429429429429427,0.8468468468468469,0.0,0.43593593593593594,0.4319319319319319,0.1961961961961962,0.07457457457457457,0.6246246246246246,0.992992992992993,0.41791791791791794,0.975975975975976,0.8288288288288288,0.8178178178178176,0.7582582582582582,0.995995995995996,0.47647647647647645,0.2602602602602603,0.46096096096096095,0.9629629629629629,0.6861861861861862,-1.695
0.7537537537537538,0.04604604604604605,0.6381381381381381,0.0,0.3083083083083083,0.44744744744744747,0.13713713713713713,0.2877877877877878,0.7147147147147147,0.7632632632632632,0.14964964964964966,0.24524524524524524,0.6351351351351351,0.07007007007007007,0.3673673673673674,0.980980980980981,0.555055055055055,0.5815815815815816,0.8328328328328328,0.7077077077077073,0.8778778778778777,-1.517
0.7547547547547547,0.7092092092092093,0.7557557557557557,0.0,0.7647647647647647,0.542042042042042,0.8898898898898899,0.5790790790790791,0.6536536536536537,0.13313313313313313,0.994994994994995,0.28428428428428426,0.05405405405405406,0.12462462462462463,0.5240240240240239,0.19119119119119118,0.5785785785785786,0.8783783783783783,0.1006006006006006,0.19569569569569567,0.06706706706706707,-1.422
0.7557557557557557,0.3048048048048048,0.14964964964964966,0.0,0.3933933933933934,0.05305305305305305,0.30730730730730726,0.11461461461461461,0.974974974974975,0.46796796796796797,0.5,0.11511511511511512,0.2702702702702703,0.13863863863863862,0.3673673673673674,0.4754754754754755,0.35485485485485485,0.47197197197197194,0.8148148148148149,0.2832832832832833,0.44094094094094094,-1.245
0.7567567567567568,0.4089089089089089,0.7127127127127127,0.0,0.4204204204204204,0.8898898898898899,0.4304304304304304,0.46946946946946944,0.16566566566566565,0.8383383383383383,0.2992992992992993,0.7617617617617618,0.2802802802802803,0.6721721721721721,0.40040040040040037,0.3698698698698699,0.4514514514514515,0.6126126126126126,0.27727727727727725,0.8418418418418419,0.517017017017017,-1.557
0.7577577577577577,0.9164164164164164,0.055055055055055056,0.0,0.5280280280280281,0.14814814814814814,0.9169169169169169,0.08658658658658658,0.6516516516516516,0.4984984984984985,0.7792792792792793,0.3663663663663664,0.3858858858858859,0.22972972972972971,0.565065065065065,0.5535535535535536,0.39539539539539537,0.7262262262262262,0.5565565565565566,0.5375375375375375,0.2032032032032032,-1.318
0.7587587587587588,0.27377377377377377,0.14064064064064064,0.0,0.5605605605605606,0.032532532532532535,0.14714714714714713,0.6566566566566567,0.9729729729729731,0.6026026026026026,0.09809809809809811,0.44744744744744747,0.52002002002002,0.44494494494494496,0.6536536536536537,0.5125125125125125,0.8693693693693694,0.5425425425425425,0.9604604604604605,0.39539539539539537,0.6631631631631631,-1.322
0.7597597597597597,0.15815815815815815,0.980980980980981,0.0,0.47597597597597596,0.2072072072072072,0.549049049049049,0.4629629629629629,0.7972972972972974,0.4904904904904905,0.6131131131131131,0.8448448448448449,0.6516516516516516,0.5785785785785785,0.2867867867867868,0.572072072072072,0.06806806806806806,0.08408408408408408,0.8623623623623624,0.3983983983983984,0.7252252252252251,-1.343
0.7607607607607606,0.7982982982982982,0.6621621621621621,0.0,0.9264264264264264,0.07357357357357358,0.7337337337337337,0.6346346346346347,0.8468468468468469,0.6491491491491492,0.8443443443443444,0.8843843843843844,0.12112112112112113,0.5425425425425425,0.9419419419419419,0.537037037037037,0.7187187187187187,0.8803803803803805,0.8458458458458458,0.2222222222222222,0.17867867867867868,-1.308
0.7617617617617618,0.25625625625625625,0.9704704704704705,0.0,0.03403403403403403,0.6511511511511512,0.2102102102102102,0.2932932932932933,0.7567567567567568,0.0995995995995996,0.5295295295295295,0.15115115115115116,0.4804804804804805,0.055055055055055056,0.018018018018018018,0.23673673673673673,0.15015015015015015,0.08158158158158157,0.5445445445445445,0.6186186186186187,0.9369369369369369,-1.719
0.7627627627627628,0.532032032032032,0.8203203203203203,0.0,0.8708708708708709,0.35135135135135137,0.5530530530530531,0.5330330330330331,0.7517517517517518,0.6956956956956957,0.9229229229229229,0.974974974974975,0.9684684684684685,0.5165165165165164,0.7997997997997998,0.6846846846846847,0.6911911911911912,0.04604604604604605,0.4934934934934935,0.32682682682682684,0.23223223223223224,-1.26
0.7637637637637638,0.6781781781781782,0.17967967967967968,0.0,0.5535535535535536,0.529029029029029,0.7922922922922924,0.35785785785785784,0.2277277277277277,0.8988988988988988,0.2172172172172172,0.15215215215215216,0.03903903903903904,0.3633633633633634,0.6936936936936937,0.562062062062062,0.8738738738738738,0.8648648648648651,0.6556556556556556,0.6891891891891893,0.44744744744744747,-1.349
0.7647647647647647,0.9419419419419419,0.512012012012012,0.0,0.973973973973974,0.1781781781781782,0.7427427427427428,0.6711711711711712,0.4814814814814815,0.5415415415415415,0.960960960960961,0.960960960960961,0.4724724724724725,0.7307307307307307,0.997997997997998,0.996996996996997,0.7027027027027026,0.7797797797797797,0.6276276276276276,0.24924924924924924,0.13013013013013014,-1.35
0.7657657657657657,0.6921921921921922,0.995995995995996,0.0,0.47597597597597596,0.4389389389389389,0.4494494494494494,0.7117117117117118,0.47097097097097096,0.6466466466466467,0.7547547547547548,0.9029029029029029,0.8708708708708709,0.9679679679679679,0.7712712712712713,0.938938938938939,0.07607607607607608,0.1021021021021021,0.2092092092092092,0.4134134134134134,0.6091091091091092,-1.504
0.7667667667667668,0.5835835835835836,0.3228228228228228,0.0,0.1931931931931932,0.6576576576576576,0.2802802802802803,0.15115115115115116,0.04104104104104104,0.8703703703703705,0.9164164164164164,0.7242242242242243,0.4179179179179179,0.9879879879879879,0.34534534534534533,0.5930930930930931,0.8523523523523524,0.5475475475475475,0.5535535535535536,0.94994994994995,0.6251251251251251,-1.577
0.7677677677677677,0.6196196196196196,0.4189189189189189,0.0,0.6591591591591592,0.4209209209209209,0.577077077077077,0.4554554554554554,0.4244244244244244,0.23973973973973972,0.30830830830830835,0.13863863863863862,0.14664664664664664,0.18468468468468469,0.34234234234234234,0.1891891891891892,0.24124124124124124,0.7772772772772772,0.2052052052052052,0.32932932932932935,0.5185185185185185,-1.543
0.7687687687687688,0.7897897897897898,0.11961961961961962,0.0,0.7217217217217217,0.03003003003003003,0.4494494494494494,0.17767767767767767,0.943943943943944,0.8188188188188188,0.11411411411411411,0.5640640640640641,0.8563563563563563,0.8308308308308309,0.8833833833833833,0.7952952952952953,0.8523523523523524,0.4754754754754755,0.6111111111111112,0.5445445445445445,0.44744744744744747,-1.363
0.7697697697697697,0.8108108108108109,0.10160160160160159,0.0,0.473973973973974,0.17517517517517517,0.6981981981981982,0.6991991991991993,0.6631631631631631,0.03003003003003003,0.7087087087087087,0.15015015015015015,0.07807807807807807,0.3073073073073073,0.5315315315315315,0.0935935935935936,0.8638638638638638,0.8958958958958959,0.17967967967967968,0.10960960960960961,0.3263263263263263,-1.553
0.7707707707707706,0.1836836836836837,0.8303303303303303,0.0,0.025525525525525526,0.8578578578578574,0.13013013013013014,0.4139139139139139,0.016016016016016016,0.5615615615615616,0.23773773773773774,0.6081081081081081,0.8548548548548548,0.5060060060060061,0.3843843843843844,0.9119119119119119,0.2502502502502503,0.036036036036036036,0.8763763763763763,0.8748748748748749,0.950950950950951,-1.545
0.7717717717717718,0.19119119119119118,0.48948948948948945,0.0,0.4289289289289289,0.1886886886886887,0.26926926926926925,0.622122122122122,0.5735735735735736,0.592092092092092,0.2992992992992993,0.4674674674674675,0.7832832832832832,0.8298298298298298,0.2702702702702703,0.46646646646646645,0.24624624624624625,0.5775775775775776,0.8793793793793794,0.4064064064064064,0.7682682682682682,-1.533
0.7727727727727728,0.14414414414414414,0.5630630630630631,0.0,0.2807807807807808,0.07157157157157157,0.2962962962962963,0.2987987987987988,0.8423423423423424,0.13613613613613612,0.6381381381381381,0.18768768768768768,0.21171171171171171,0.38288288288288286,0.2982982982982983,0.4724724724724725,0.5365365365365364,0.8088088088088088,0.9379379379379378,0.14464464464464466,0.6156156156156156,-1.337
0.7737737737737738,0.6286286286286287,0.35285285285285284,0.0,0.7152152152152151,0.37737737737737737,0.22822822822822822,0.5975975975975976,0.8608608608608609,0.5475475475475475,0.05655655655655656,0.6016016016016016,0.7702702702702702,0.5405405405405406,0.6841841841841843,0.44644644644644643,0.7212212212212212,0.23123123123123124,0.5175175175175175,0.3253253253253253,0.7952952952952952,-1.537
0.7747747747747747,0.6856856856856857,0.34284284284284283,0.0,0.6226226226226226,0.7092092092092093,0.5465465465465466,0.8963963963963963,0.3208208208208208,0.14314314314314314,0.49549549549549554,0.43493493493493496,0.504004004004004,0.3253253253253253,0.6781781781781782,0.7362362362362362,0.7242242242242243,0.35485485485485485,0.3968968968968969,0.10810810810810811,0.4694694694694695,-1.442
0.7757757757757757,0.5925925925925926,0.6951951951951951,0.0,0.8323323323323324,0.4554554554554554,0.565065065065065,0.6931931931931932,0.8068068068068068,0.6136136136136137,0.14314314314314314,0.6921921921921922,0.13313313313313313,0.44344344344344344,0.5990990990990991,0.11211211211211211,0.6076076076076076,0.7227227227227226,0.44744744744744747,0.4264264264264264,0.3708708708708709,-1.522
0.7767767767767768,0.10560560560560561,0.7412412412412412,0.0,0.07357357357357358,0.6836836836836837,0.2247247247247247,0.2462462462462463,0.8268268268268268,0.24474474474474472,0.044044044044044044,0.023523523523523524,0.6956956956956957,0.5480480480480481,0.031031031031031032,0.14814814814814814,0.2592592592592593,0.39639639639639634,0.8548548548548549,0.6566566566566566,0.9819819819819819,-1.642
0.7777777777777777,0.15415415415415415,0.2802802802802803,0.0,0.35035035035035034,0.6421421421421422,0.6136136136136137,0.20020020020020018,0.4244244244244244,0.92992992992993,0.7637637637637638,0.5455455455455456,0.060560560560560556,0.7702702702702703,0.24524524524524524,0.30680680680680683,0.8728728728728729,0.7427427427427428,0.6741741741741742,0.8543543543543544,0.2742742742742743,-1.422
0.7787787787787788,0.9209209209209209,0.7857857857857857,0.0,0.7917917917917918,0.8503503503503503,0.8408408408408408,0.997997997997998,0.17067067067067065,0.08008008008008005,0.8808808808808809,0.7497497497497497,0.6871871871871872,0.5740740740740741,0.7542542542542543,0.9529529529529529,0.48848848848848847,0.07707707707707707,0.09509509509509508,0.13313313313313313,0.10010010010010009,-1.393
0.7797797797797797,0.8483483483483483,0.4129129129129129,0.0,0.8143143143143143,0.7107107107107105,0.6361361361361362,0.21671671671671672,0.44794794794794796,0.8453453453453453,0.5875875875875876,0.8253253253253253,0.4894894894894895,0.7762762762762763,0.6696696696696697,0.537037037037037,0.6676676676676676,0.44294294294294295,0.1021021021021021,0.7102102102102101,0.3683683683683684,-1.465
0.7807807807807807,0.03803803803803804,0.9679679679679679,0.0,0.014014014014014014,0.7762762762762763,0.006006006006006006,0.23823823823823825,0.3063063063063063,0.5645645645645646,0.07357357357357358,0.2112112112112112,0.7897897897897898,0.3963963963963964,0.07607607607607608,0.3913913913913914,0.0930930930930931,0.07107107107107107,0.8213213213213213,0.9614614614614614,0.983983983983984,-1.817
0.7817817817817818,0.4574574574574575,0.2197197197197197,0.0,0.4079079079079079,0.944944944944945,0.6596596596596597,0.3358358358358358,0.17967967967967968,0.975975975975976,0.5365365365365364,0.6471471471471472,0.38288288288288286,0.7492492492492493,0.6486486486486487,0.7532532532532532,0.6076076076076076,0.6951951951951951,0.495995995995996,0.9364364364364364,0.1921921921921922,-1.439
0.7827827827827828,0.547047047047047,0.3363363363363363,0.0,0.1111111111111111,0.5660660660660661,0.28128128128128127,0.5935935935935936,0.27727727727727725,0.11911911911911911,0.5460460460460461,0.035035035035035036,0.08708708708708708,0.4014014014014014,0.37287287287287285,0.24924924924924924,0.7542542542542543,0.9649649649649651,0.3353353353353353,0.36986986986986986,0.6091091091091092,-1.437
0.7837837837837838,0.27977977977977975,0.27377377377377377,0.0,0.1891891891891892,0.7307307307307307,0.7022022022022022,0.04854854854854855,0.22972972972972971,0.8768768768768769,0.8838838838838838,0.32032032032032026,0.062062062062062065,0.6721721721721721,0.13813813813813813,0.17317317317317318,0.8133133133133132,0.988988988988989,0.6761761761761762,0.7972972972972974,0.4139139139139139,-1.4
0.7847847847847848,0.6436436436436437,0.07357357357357358,0.0,0.7937937937937938,0.16266266266266266,0.8188188188188188,0.572072072072072,0.8928928928928929,0.1891891891891892,0.06656656656656657,0.06156156156156156,0.07807807807807807,0.2147147147147147,0.7447447447447447,0.8703703703703705,0.9269269269269269,0.6926926926926927,0.6786786786786787,0.04204204204204204,0.2657657657657657,-1.212
0.7857857857857858,0.7417417417417418,0.11411411411411411,0.0,0.6106106106106106,0.24224224224224225,0.7182182182182182,0.03553553553553554,0.7282282282282282,0.9629629629629629,0.2607607607607607,0.5515515515515516,0.24074074074074076,0.6771771771771772,0.6066066066066067,0.37237237237237236,0.8823823823823824,0.7632632632632632,0.6171171171171171,0.8298298298298298,0.34184184184184185,-1.186
0.7867867867867868,0.5740740740740741,0.515015015015015,0.0,0.8428428428428428,0.5045045045045045,0.8108108108108109,0.950950950950951,0.45295295295295296,0.9459459459459459,0.512012012012012,0.995995995995996,0.8973973973973974,0.6686686686686687,0.953953953953954,0.7767767767767768,0.48848848848848847,0.024524524524524523,0.8548548548548549,0.5975975975975976,0.34534534534534517,-1.405
0.7877877877877877,0.8168168168168168,0.04704704704704705,0.0,0.8298298298298299,0.933933933933934,0.9369369369369369,0.7187187187187187,0.09109109109109109,0.7887887887887888,0.973973973973974,0.8623623623623624,0.3858858858858859,0.4264264264264264,0.2907907907907908,0.07007007007007007,0.562062062062062,0.6311311311311312,0.17617617617617617,0.4204204204204204,0.040040040040040026,-1.244
0.7887887887887888,0.5965965965965966,0.46196196196196193,0.0,0.9009009009009009,0.8253253253253253,0.8288288288288288,0.4019019019019019,0.38538538538538536,0.8028028028028028,0.8963963963963963,0.9409409409409409,0.2907907907907908,0.7867867867867868,0.8328328328328328,0.8173173173173174,0.6716716716716717,0.8578578578578576,0.44744744744744747,0.4934934934934935,0.08858858858858859,-1.278
0.7897897897897898,0.34434434434434436,0.46196196196196193,0.0,0.4994994994994995,0.1011011011011011,0.4024024024024024,0.15715715715715717,0.8208208208208209,0.4544544544544544,0.14964964964964966,0.3003003003003003,0.3013013013013013,0.6996996996996997,0.5160160160160161,0.7022022022022022,0.6851851851851851,0.7657657657657657,0.28728728728728725,0.4394394394394394,0.36186186186186187,-1.42
0.7907907907907907,0.7527527527527528,0.6741741741741742,0.0,0.28378378378378377,0.6631631631631631,0.6246246246246246,0.2702702702702703,0.2877877877877878,0.488988988988989,0.5295295295295295,0.585085085085085,0.4494494494494494,0.6591591591591592,0.5615615615615616,0.8523523523523524,0.6426426426426426,0.7877877877877878,0.17067067067067065,0.5940940940940941,0.5040040040040039,-1.519
0.7917917917917918,0.06556556556556556,0.8053053053053053,0.0,0.23523523523523523,0.0920920920920921,0.15065065065065064,0.6131131131131131,0.9319319319319319,0.09509509509509503,0.4044044044044044,0.35235235235235235,0.45845845845845845,0.19519519519519518,0.3048048048048048,0.15615615615615616,0.2627627627627628,0.2072072072072072,0.6671671671671672,0.10010010010010009,0.7117117117117118,-1.355
0.7927927927927928,0.1981981981981982,0.7152152152152151,0.0,0.5565565565565566,0.26976976976976974,0.6626626626626627,0.4419419419419419,0.6086086086086087,0.6231231231231231,0.3053053053053053,0.3383383383383384,0.26626626626626626,0.04904904904904905,0.32232232232232233,0.49449449449449445,0.52002002002002,0.8538538538538538,0.9119119119119119,0.5425425425425425,0.5615615615615616,-1.544
0.7937937937937938,0.9269269269269269,0.6296296296296297,0.0,0.9059059059059059,0.6206206206206206,0.995995995995996,0.494994994994995,0.3363363363363363,0.2802802802802803,0.9069069069069069,0.7067067067067069,0.12662662662662663,0.6251251251251251,0.5240240240240239,0.1866866866866867,0.8488488488488488,0.8538538538538538,0.05105105105105105,0.04904904904904905,0.009009009009009009,-1.147
0.7947947947947948,0.7382382382382382,0.4854854854854855,0.0,0.9524524524524525,0.7677677677677678,0.8133133133133132,0.8888888888888888,0.06656656656656657,0.5075075075075075,0.23773773773773774,0.9549549549549546,0.983983983983984,0.5705705705705706,0.96996996996997,0.8643643643643644,0.4654654654654654,0.07857857857857858,0.16066066066066065,0.45345345345345345,0.24274274274274274,-1.639
0.7957957957957958,0.1866866866866867,0.7977977977977978,0.0,0.5340340340340339,0.492992992992993,0.2862862862862863,0.4454454454454454,0.6911911911911912,0.12412412412412413,0.02702702702702703,0.39039039039039036,0.7797797797797797,0.34684684684684686,0.23523523523523523,0.2992992992992993,0.42242242242242245,0.05855855855855856,0.9064064064064064,0.34784784784784784,0.8283283283283283,-1.594
0.7967967967967968,0.3938938938938939,0.12762762762762764,0.0,0.03053053053053053,0.529029029029029,0.06106106106106106,0.13013013013013014,0.37537537537537535,0.36786786786786785,0.0920920920920921,0.05305305305305305,0.3178178178178178,0.4529529529529529,0.0940940940940941,0.04354354354354355,0.25475475475475473,0.8313313313313313,0.3273273273273273,0.8658658658658659,0.7292292292292293,-1.638
0.7977977977977977,0.6781781781781782,0.1861861861861862,0.0,0.44844844844844844,0.7592592592592593,0.8348348348348348,0.1941941941941942,0.19519519519519518,0.8928928928928929,0.6926926926926926,0.988988988988989,0.9099099099099099,0.8663663663663663,0.3948948948948949,0.3113113113113113,0.5090090090090089,0.01951951951951952,0.7632632632632632,0.8928928928928929,0.4139139139139139,-1.337
0.7987987987987988,0.5945945945945946,0.9554554554554555,0.0,0.4204204204204204,0.3683683683683684,0.8768768768768769,0.18568568568568566,0.35135135135135137,0.6541541541541542,0.6721721721721721,0.7792792792792793,0.6351351351351351,0.9464464464464464,0.7367367367367368,0.28378378378378377,0.23673673673673673,0.29979979979979976,0.31831831831831836,0.8178178178178178,0.21921921921921922,-1.668
0.7997997997997998,0.07207207207207207,0.9049049049049049,0.0,0.017017017017017015,0.9429429429429429,0.05405405405405406,0.05755755755755755,0.23473473473473472,0.5125125125125125,0.2642642642642643,0.26976976976976974,0.585085085085085,0.7587587587587588,0.002002002002002002,0.008008008008008008,0.13913913913913914,0.6536536536536537,0.45245245245245247,0.994994994994995,0.9804804804804805,-1.832
0.8008008008008007,0.7527527527527528,0.4519519519519519,0.0,0.7447447447447448,0.9309309309309309,0.6921921921921922,0.6831831831831832,0.036036036036036036,0.7102102102102101,0.6601601601601601,0.8163163163163163,0.8583583583583583,0.5480480480480481,0.8668668668668669,0.8523523523523524,0.44094094094094094,0.2642642642642643,0.14764764764764765,0.8013013013013013,0.19869869869869872,-1.511
0.8018018018018018,0.48848848848848847,0.35735735735735735,0.0,0.6426426426426426,0.8658658658658659,0.7792792792792793,0.7657657657657657,0.07507507507507508,0.1881881881881882,0.7512512512512513,0.2907907907907908,0.5385385385385385,0.4754754754754755,0.43343343343343343,0.4804804804804805,0.3533533533533533,0.6981981981981982,0.1691691691691692,0.577077077077077,0.33083083083083087,-1.812
0.8028028028028028,0.7187187187187187,0.16066066066066065,0.0,0.3563563563563563,0.7737737737737738,0.6756756756756757,0.7657657657657657,0.0935935935935936,0.5775775775775776,0.5725725725725725,0.6141141141141142,0.3013013013013013,0.8423423423423424,0.7412412412412412,0.5820820820820821,0.7812812812812813,0.8383383383383383,0.25225225225225223,0.2962962962962963,0.5595595595595596,-1.263
0.8038038038038038,0.8123123123123124,0.6906906906906907,0.0,0.988988988988989,0.1031031031031031,0.8828828828828829,0.973973973973974,0.4344344344344344,0.4694694694694695,0.47847847847847846,0.8163163163163163,0.938938938938939,0.1991991991991992,0.998998998998999,0.998998998998999,0.08608608608608609,0.1716716716716717,0.7487487487487487,0.09109109109109109,0.06906906906906907,-1.218
0.8048048048048048,0.22622622622622632,0.6541541541541541,0.0,0.6696696696696697,0.06806806806806806,0.27177177177177175,0.3408408408408409,0.7187187187187187,0.4324324324324325,0.10760760760760761,0.3788788788788789,0.557057057057057,0.07407407407407407,0.6896896896896897,0.9369369369369369,0.6351351351351351,0.37987987987987987,0.8383383383383383,0.33233233233233234,0.6486486486486487,-1.455
0.8058058058058059,0.6661661661661662,0.35285285285285284,0.0,0.5830830830830831,0.006006006006006006,0.6101101101101101,0.7712712712712713,0.978978978978979,0.056056056056056056,0.34934934934934936,0.05105105105105105,0.2277277277277277,0.7032032032032032,0.6936936936936937,0.1681681681681682,0.8358358358358358,0.8988988988988988,0.8278278278278277,0.06906906906906907,0.3128128128128128,-1.361
0.8068068068068068,0.492992992992993,0.5965965965965966,0.0,0.26726726726726724,0.492992992992993,0.488988988988989,0.494994994994995,0.44394394394394393,0.4394394394394394,0.2807807807807808,0.3743743743743744,0.504004004004004,0.5,0.36936936936936937,0.6976976976976975,0.6001001001001001,0.3993993993993994,0.6946946946946947,0.8158158158158159,0.43793793793793795,-1.635
0.8078078078078077,0.4139139139139139,0.10160160160160159,0.0,0.33433433433433435,0.7167167167167168,0.5745745745745746,0.8368368368368369,0.5595595595595596,0.11611611611611611,0.6046046046046045,0.08008008008008002,0.2182182182182182,0.24774774774774777,0.5175175175175175,0.4059059059059059,0.8898898898898899,0.91991991991992,0.27727727727727725,0.3658658658658659,0.6061061061061062,-1.49
0.8088088088088088,0.7982982982982982,0.43743743743743746,0.0,0.9089089089089089,0.4954954954954955,0.8238238238238238,0.25425425425425424,0.5035035035035035,0.9169169169169169,0.5625625625625625,0.7152152152152151,0.7052052052052051,0.2962962962962963,0.6991991991991993,0.49449449449449445,0.23323323323323322,0.6686686686686687,0.6556556556556556,0.7502502502502503,0.19519519519519518,-1.527
0.8098098098098098,0.6016016016016016,0.7557557557557557,0.0,0.9524524524524525,0.6136136136136137,0.7687687687687688,0.1006006006006006,0.17717717717717718,0.993993993993994,0.032532532532532535,0.96996996996997,0.9769769769769769,0.6996996996996997,0.93993993993994,0.9649649649649653,0.32982982982982983,0.11261261261261261,0.42992992992992995,0.9279279279279274,0.42492492492492495,-1.479
0.8108108108108109,0.8423423423423424,0.8383383383383383,0.0,0.8003003003003002,0.04904904904904905,0.8718718718718719,0.8823823823823824,0.9029029029029029,0.53003003003003,0.34934934934934936,0.91991991991992,0.9024024024024024,0.7017017017017017,0.9069069069069069,0.8383383383383383,0.1716716716716717,0.22022022022022023,0.8763763763763763,0.1871871871871872,0.11761761761761762,-1.196
0.8118118118118118,0.14564564564564564,0.473973973973974,0.0,0.029029029029029027,0.01701701701701707,0.1921921921921922,0.029029029029029027,0.8543543543543544,0.5815815815815816,0.9229229229229229,0.6316316316316316,0.6956956956956957,0.7587587587587588,0.08008008008008007,0.14814814814814814,0.56006006006006,0.11811811811811812,0.998998998998999,0.7152152152152151,0.7537537537537538,-1.513
0.8128128128128128,0.23773773773773774,0.9269269269269269,0.0,0.46996996996997,0.7927927927927928,0.17567567567567566,0.993993993993994,0.43993993993993996,0.04904904904904905,0.16016016016016016,0.18568568568568566,0.950950950950951,0.5865865865865866,0.5990990990990991,0.34734734734734735,0.21521521521521522,0.05555555555555555,0.1886886886886887,0.3048048048048048,0.7587587587587588,-1.778
0.8138138138138138,0.9679679679679679,0.24524524524524524,0.0,0.6151151151151151,0.943943943943944,0.9279279279279278,0.5845845845845846,0.043043043043043044,0.8913913913913913,0.7057057057057057,0.7282282282282282,0.17217217217217218,0.8838838838838838,0.3898898898898899,0.19119119119119118,0.8678678678678678,0.41541541541541543,0.27727727727727725,0.6636636636636637,0.2907907907907908,-1.418
0.8148148148148148,0.7267267267267268,0.48948948948948945,0.0,0.8728728728728729,0.6886886886886887,0.8058058058058059,0.9249249249249251,0.45845845845845845,0.3053053053053053,0.934934934934935,0.9879879879879879,0.9064064064064064,0.9219219219219219,0.8928928928928929,0.4724724724724725,0.04804804804804805,0.1091091091091091,0.3273273273273273,0.12412412412412413,0.04254254254254254,-1.327
0.8158158158158159,0.6476476476476476,0.25375375375375375,0.0,0.4854854854854855,0.8148148148148148,0.4354354354354354,0.6316316316316317,0.24674674674674674,0.49549549549549554,0.7122122122122122,0.7012012012012012,0.4269269269269269,0.7702702702702703,0.41041041041041043,0.6131131131131131,0.3908908908908909,0.6636636636636637,0.3908908908908909,0.5885885885885886,0.5515515515515516,-1.58
0.8168168168168168,0.9384384384384384,0.7062062062062062,0.0,0.7357357357357357,0.9029029029029029,0.96996996996997,0.8143143143143143,0.13013013013013014,0.6171171171171171,0.4254254254254254,0.7952952952952953,0.5865865865865866,0.8398398398398398,0.9369369369369369,0.9894894894894894,0.8283283283283283,0.16516516516516516,0.43493493493493496,0.5305305305305306,0.17217217217217218,-1.396
0.8178178178178177,0.010010010010010005,0.9269269269269269,0.0,0.04254254254254254,0.5010010010010011,0.1041041041041041,0.1091091091091091,0.5575575575575575,0.2247247247247247,0.36286286286286284,0.33333333333333337,0.6396396396396397,0.2057057057057057,0.012012012012012012,0.050050050050050046,0.14314314314314314,0.22172172172172172,0.7332332332332332,0.7617617617617618,0.9949949949949948,-1.719
0.8188188188188188,0.39789789789789787,0.7087087087087087,0.0,0.8298298298298299,0.03653653653653653,0.6206206206206206,0.6531531531531531,0.9304304304304305,0.2942942942942943,0.13113113113113112,0.3028028028028028,0.3138138138138138,0.478978978978979,0.8263263263263263,0.5900900900900901,0.6881881881881882,0.4044044044044044,0.8583583583583583,0.0945945945945946,0.34934934934934936,-1.211
0.8198198198198198,0.2182182182182182,0.9719719719719719,0.0,0.25125125125125125,0.572072072072072,0.14414414414414414,0.09009009009009007,0.2602602602602603,0.7767767767767768,0.1036036036036036,0.2582582582582582,0.6296296296296297,0.1896896896896897,0.24124124124124124,0.8898898898898899,0.21871871871871873,0.1971971971971972,0.2017017017017017,0.934934934934935,0.8568568568568569,-1.885
0.8208208208208209,0.7092092092092093,0.11411411411411411,0.0,0.7357357357357357,0.7242242242242243,0.2827827827827828,0.8088088088088088,0.35835835835835833,0.6851851851851851,0.02102102102102102,0.4904904904904905,0.8883883883883883,0.08308308308308308,0.7847847847847848,0.9624624624624625,0.6156156156156156,0.33783783783783783,0.44394394394394393,0.7447447447447447,0.7637637637637638,-1.72
0.8218218218218218,0.13963963963963966,0.8753753753753755,0.0,0.07107107107107108,0.8223223223223224,0.044044044044044044,0.13763763763763764,0.2857857857857858,0.8758758758758759,0.0820820820820821,0.35935935935935936,0.9089089089089089,0.4214214214214214,0.13563563563563563,0.6916916916916918,0.17467467467467468,0.22372372372372373,0.5360360360360361,0.992992992992993,0.992992992992993,-1.838
0.8228228228228228,0.42742742742742745,0.2987987987987988,0.0,0.5685685685685685,0.7622622622622623,0.586086086086086,0.47347347347347346,0.3283283283283283,0.6871871871871872,0.6666666666666666,0.41991991991991995,0.5585585585585585,0.5265265265265264,0.32682682682682684,0.5580580580580581,0.5165165165165165,0.7047047047047047,0.16266266266266266,0.6651651651651651,0.49449449449449445,-1.688
0.8238238238238238,0.1036036036036036,0.6701701701701701,0.0,0.14564564564564564,0.6306306306306306,0.22922922922922923,0.14114114114114112,0.2982982982982983,0.549049049049049,0.6691691691691692,0.4554554554554554,0.5075075075075075,0.34684684684684686,0.13113113113113112,0.2057057057057057,0.028028028028028028,0.3353353353353353,0.9169169169169169,0.8543543543543544,0.7737737737737738,-1.67
0.8248248248248248,0.24924924924924924,0.6991991991991993,0.0,0.23873873873873874,0.43343343343343343,0.3123123123123123,0.36186186186186187,0.495995995995996,0.6336336336336337,0.31681681681681684,0.6166166166166166,0.6836836836836837,0.6936936936936937,0.2942942942942943,0.27227227227227224,0.5525525525525525,0.04004004004004004,0.8048048048048048,0.7027027027027027,0.7567567567567568,-1.46
0.8258258258258259,0.6711711711711712,0.9069069069069069,0.0,0.7517517517517518,0.7047047047047047,0.9259259259259259,0.47947947947947944,0.10710710710710711,0.8363363363363363,0.2992992992992993,0.7792792792792793,0.8453453453453453,0.0895895895895896,0.555055055055055,0.35685685685685686,0.22172172172172172,0.23573573573573575,0.35185185185185186,0.7647647647647647,0.26876876876876876,-1.488
0.8268268268268268,0.7052052052052051,0.33433433433433435,0.0,0.3413413413413413,0.9094094094094094,0.7942942942942943,0.3993993993993994,0.05305305305305305,0.5375375375375375,0.6211211211211212,0.14064064064064064,0.25225225225225223,0.2802802802802803,0.06706706706706707,0.11461461461461461,0.4189189189189189,0.8218218218218218,0.8413413413413413,0.6736736736736737,0.33733733733733734,-1.549
0.8278278278278277,0.6116116116116116,0.23073073073073072,0.0,0.5225225225225225,0.8058058058058057,0.5900900900900901,0.537037037037037,0.14514514514514515,0.33433433433433435,0.12862862862862862,0.1091091091091091,0.46696696696696693,0.13513513513513514,0.4289289289289289,0.2792792792792793,0.4914914914914915,0.7017017017017018,0.1921921921921922,0.5405405405405406,0.7292292292292293,-1.574
0.8288288288288288,0.7442442442442443,0.4419419419419419,0.0,0.8563563563563563,0.17017017017017017,0.44144144144144143,0.6711711711711712,0.8583583583583583,0.4624624624624625,0.1111111111111111,0.6871871871871872,0.6836836836836837,0.7807807807807807,0.9649649649649655,0.963963963963964,0.8133133133133132,0.35185185185185186,0.8168168168168168,0.32682682682682684,0.4519519519519519,-1.389
0.8298298298298298,0.3108108108108108,0.7912912912912913,0.0,0.006006006006006006,0.8503503503503503,0.11961961961961962,0.12862862862862862,0.06506506506506507,0.8863863863863863,0.5555555555555556,0.8493493493493494,0.9814814814814814,0.995995995995996,0.1036036036036036,0.6706706706706707,0.001001001001001001,0.01051051051051051,0.8068068068068068,0.995995995995996,0.960960960960961,-1.901
0.8308308308308309,0.46396396396396394,0.9129129129129129,0.0,0.28378378378378377,0.9179179179179178,0.8298298298298298,0.4454454454454454,0.01051051051051051,0.9069069069069069,0.960960960960961,0.9819819819819819,0.6176176176176176,0.993993993993994,0.6066066066066067,0.37787787787787785,0.0930930930930931,0.33783783783783783,0.023523523523523524,0.9469469469469469,0.2127127127127127,-1.687
0.8318318318318318,0.28478478478478475,0.1086086086086086,0.0,0.6981981981981982,0.4179179179179179,0.6531531531531531,0.8518518518518519,0.6561561561561562,0.5985985985985987,0.48598598598598597,0.40990990990990994,0.3363363363363363,0.057057057057057055,0.6426426426426426,0.8803803803803804,0.9099099099099099,0.944944944944945,0.9694694694694694,0.21671671671671672,0.24274274274274274,-1.196
0.8328328328328328,0.577077077077077,0.549049049049049,0.0,0.6211211211211212,0.10510510510510511,0.9119119119119119,0.24974974974974976,0.5855855855855856,0.7507507507507507,0.7982982982982982,0.6141141141141142,0.20370370370370372,0.5425425425425425,0.8083083083083082,0.8383383383383383,0.5445445445445445,0.7772772772772772,0.965965965965966,0.4394394394394394,0.24774774774774777,-1.136
0.8338338338338338,0.6086086086086087,0.2887887887887888,0.0,0.21021021021021022,0.5875875875875876,0.18018018018018017,0.22872872872872874,0.525025025025025,0.2887887887887888,0.37787787787787785,0.04354354354354355,0.6811811811811812,0.4054054054054054,0.0920920920920921,0.5225225225225225,0.3908908908908909,0.8748748748748749,0.25875875875875876,0.8068068068068068,0.8118118118118118,-1.861
0.8348348348348348,0.37787787787787785,0.3303303303303303,0.0,0.40040040040040037,0.23073073073073075,0.7577577577577576,0.6971971971971972,0.5960960960960962,0.2942942942942943,0.16366366366366364,0.2222222222222222,0.4794794794794795,0.4264264264264264,0.44244244244244246,0.2992992992992993,0.08758758758758758,0.7437437437437437,0.7162162162162162,0.15665665665665668,0.3183183183183183,-1.353
0.8358358358358359,0.6616616616616617,0.43743743743743746,0.0,0.8648648648648651,0.11261261261261261,0.6691691691691692,0.3843843843843844,0.7867867867867868,0.3333333333333334,0.5690690690690691,0.4119119119119119,0.3113113113113113,0.30180180180180183,0.8863863863863863,0.9934934934934936,0.8448448448448448,0.6536536536536537,0.12312312312312312,0.2592592592592593,0.1831831831831832,-1.278
0.8368368368368369,0.33233233233233234,0.12612612612612611,0.0,0.26076076076076077,0.9594594594594594,0.21421421421421422,0.2842842842842843,0.13113113113113112,0.8938938938938938,0.6006006006006006,0.7167167167167168,0.7082082082082082,0.7262262262262262,0.35935935935935936,0.3748748748748749,0.2977977977977978,0.44094094094094094,0.35685685685685686,0.96996996996997,0.6821821821821822,-1.693
0.8378378378378377,0.38288288288288286,0.9154154154154155,0.0,0.5735735735735736,0.7967967967967968,0.586086086086086,0.5900900900900901,0.31831831831831836,0.7777777777777777,0.990990990990991,0.8868868868868869,0.7647647647647647,0.6921921921921922,0.5005005005005004,0.06556556556556556,0.20020020020020018,0.5675675675675675,0.3033033033033033,0.9009009009009009,0.41991991991991995,-1.55
0.8388388388388388,0.26626626626626626,0.5235235235235236,0.0,0.502002002002002,0.3893893893893894,0.35135135135135137,0.975975975975976,0.6106106106106106,0.14914914914914915,0.2132132132132132,0.24824824824824826,0.7797797797797797,0.6846846846846847,0.5810810810810811,0.7852852852852852,0.08408408408408408,0.11461461461461461,0.9434434434434434,0.08308308308308308,0.6691691691691692,-1.541
0.8398398398398398,0.26876876876876876,0.9409409409409409,0.0,0.2952952952952953,0.8028028028028028,0.45645645645645644,0.8258258258258258,0.24324324324324323,0.8108108108108109,0.36536536536536535,0.6471471471471472,0.7917917917917918,0.15015015015015015,0.3028028028028028,0.6631631631631631,0.0970970970970971,0.08608608608608609,0.9679679679679679,0.7447447447447447,0.7637637637637638,-1.629
0.8408408408408409,0.6566566566566566,0.035035035035035036,0.0,0.5765765765765766,0.21171171171171171,0.5590590590590591,0.1816816816816817,0.8093093093093093,0.4344344344344344,0.48598598598598597,0.3158158158158158,0.27477477477477474,0.26476476476476474,0.7127127127127126,0.17617617617617617,0.950950950950951,0.8268268268268268,0.07807807807807807,0.4079079079079079,0.484984984984985,-1.368
0.8418418418418419,0.4774774774774775,0.05055055055055055,0.0,0.3733733733733734,0.6381381381381381,0.7902902902902902,0.3968968968968969,0.32432432432432434,0.5860860860860861,0.15665665665665665,0.03803803803803804,0.7132132132132132,0.11811811811811815,0.10010010010010009,0.34034034034034033,0.483983983983984,0.6696696696696697,0.8213213213213213,0.5815815815815816,0.7152152152152151,-1.492
0.8428428428428428,0.1021021021021021,0.2942942942942943,0.0,0.08208208208208209,0.2902902902902903,0.14814814814814814,0.1961961961961962,0.7387387387387387,0.4194194194194194,0.4554554554554554,0.02702702702702703,0.20370370370370372,0.16366366366366364,0.03003003003003003,0.06406406406406406,0.6606606606606606,0.9514514514514514,0.7962962962962963,0.7057057057057057,0.8858858858858859,-1.458
0.8438438438438438,0.1648314981648315,0.06906906906906907,0.0,0.5735735735735736,0.11261261261261261,0.15815815815815815,0.8918918918918919,0.9359359359359359,0.037037037037037035,0.032532532532532535,0.012012012012012012,0.18218218218218218,0.042042042042042094,0.42242242242242245,0.2227227227227227,0.5410410410410411,0.9569569569569569,0.8958958958958959,0.11211211211211211,0.9009009009009009,-1.786
0.8448448448448448,0.7627627627627628,0.27627627627627627,0.0,0.6006006006006006,0.16116116116116116,0.42742742742742745,0.474974974974975,0.7357357357357357,0.5465465465465466,0.4674674674674675,0.5515515515515516,0.8358358358358358,0.25375375375375375,0.7597597597597597,0.9819819819819819,0.3148148148148148,0.25625625625625625,0.8188188188188188,0.36286286286286284,0.582082082082082,-1.315
0.8458458458458459,0.16016016016016008,0.5380380380380381,0.0,0.45095095095095095,0.22522522522522523,0.12412412412412413,0.5975975975975976,0.8938938938938938,0.14814814814814814,0.22122122122122123,0.16616616616616617,0.5475475475475475,0.21921921921921922,0.1091091091091091,0.0935935935935936,0.04704704704704705,0.4574574574574575,0.6436436436436437,0.3858858858858859,0.7982982982982982,-1.808
0.8468468468468469,0.13063063063063063,0.3153153153153153,0.0,0.27627627627627627,0.6631631631631631,0.13313313313313313,0.21671671671671672,0.6516516516516516,0.8323323323323324,0.5940940940940941,0.7407407407407403,0.40140140140140135,0.7362362362362362,0.24424424424424424,0.1981981981981982,0.7027027027027026,0.6016016016016016,0.23323323323323322,0.8383383383383383,0.4754754754754755,-1.375
0.8478478478478477,0.984984984984985,0.6201201201201201,0.0,0.7187187187187187,0.7397397397397397,0.9669669669669669,0.13913913913913914,0.012012012012012012,0.8788788788788788,0.9774774774774775,0.8568568568568569,0.39139139139139134,0.9464464464464464,0.8758758758758759,0.9454454454454455,0.5155155155155156,0.7772772772772772,0.3733733733733734,0.7722722722722724,0.06156156156156156,-1.369
0.8488488488488488,0.12062062062062062,0.8468468468468469,0.0,0.46096096096096095,0.8413413413413413,0.18518518518518517,0.6686686686686687,0.5065065065065065,0.4444444444444444,0.16816816816816815,0.07557557557557558,0.15965965965965967,0.11261261261261261,0.15365365365365363,0.35935935935935936,0.41241241241241244,0.7877877877877878,0.5275275275275275,0.6151151151151151,0.7252252252252251,-1.725
0.8498498498498499,0.6691691691691692,0.15415415415415415,0.0,0.3663663663663664,0.9319319319319319,0.41741741741741745,0.986986986986987,0.1996996996996997,0.25875875875875876,0.9849849849849852,0.9309309309309309,0.33733733733733734,0.988988988988989,0.5315315315315315,0.7722722722722724,0.6141141141141142,0.24374374374374375,0.3708708708708709,0.2757757757757758,0.24474474474474472,-1.285
0.8508508508508509,0.9164164164164164,0.04354354354354355,0.0,0.98998998998999,0.14014014014014015,0.537037037037037,0.8963963963963963,0.9069069069069069,0.5565565565565566,0.07957957957957959,0.47597597597597596,0.8973973973973974,0.15315315315315314,0.973973973973974,0.6346346346346345,0.6581581581581581,0.2882882882882883,0.28728728728728725,0.27427427427427425,0.21621621621621623,-1.504
0.8518518518518519,0.3653653653653653,0.506006006006006,0.0,0.43593593593593594,0.7697697697697697,0.7452452452452452,0.8293293293293293,0.31831831831831836,0.0920920920920921,0.6846846846846847,0.41991991991991995,0.5330330330330331,0.6201201201201201,0.3868868868868869,0.35285285285285284,0.43843843843843844,0.2732732732732732,0.6671671671671672,0.2112112112112112,0.43593593593593594,-1.453
0.8528528528528528,0.6566566566566566,0.20020020020020018,0.0,0.3843843843843844,0.3463463463463463,0.8068068068068068,0.30230230230230226,0.7757757757757757,0.28128128128128127,0.9039039039039038,0.5555555555555556,0.512012012012012,0.494994994994995,0.487987987987988,0.7192192192192193,0.3058058058058058,0.6951951951951951,0.502002002002002,0.4394394394394394,0.2032032032032032,-1.447
0.8538538538538538,0.92992992992993,0.4854854854854855,0.0,0.8163163163163163,0.3203203203203203,0.8998998998998999,0.07607607607607608,0.5640640640640641,0.7352352352352352,0.34934934934934936,0.6366366366366367,0.7227227227227226,0.3858858858858859,0.5830830830830831,0.5415415415415415,0.07157157157157157,0.3858858858858859,0.27727727727727725,0.22522522522522523,0.1694194194194194,-1.206
0.8548548548548549,0.48848848848848847,0.7827827827827828,0.0,0.5660660660660661,0.9689689689689689,0.9234234234234233,0.9829829829829829,0.029029029029029027,0.13113113113113112,0.6211211211211212,0.40740740740740744,0.7397397397397397,0.8028028028028028,0.8038038038038038,0.9794794794794794,0.3208208208208208,0.4079079079079079,0.3908908908908909,0.2777777777777778,0.4229229229229229,-1.395
0.8558558558558559,0.5145145145145145,0.9169169169169169,0.0,0.46696696696696693,0.48848848848848847,0.933933933933934,0.18018018018018017,0.3048048048048048,0.8648648648648649,0.7477477477477477,0.8598598598598599,0.5930930930930931,0.9494494494494494,0.4119119119119119,0.3433433433433434,0.6206206206206206,0.3263263263263263,0.7597597597597598,0.5095095095095095,0.13263263263263264,-1.127
0.8568568568568569,0.12062062062062062,0.9459459459459459,0.0,0.02002002002002002,0.8878878878878879,0.047547547547547545,0.11461461461461461,0.2077077077077077,0.6446446446446447,0.14014014014014015,0.07407407407407407,0.6771771771771772,0.2932932932932933,0.006006006006006006,0.15815815815815815,0.24424424424424424,0.1791791791791792,0.1981981981981982,0.9099099099099099,0.973973973973974,-1.774
0.8578578578578577,0.3898898898898899,0.5860860860860861,0.0,0.12262262262262262,0.6741741741741742,0.2582582582582582,0.07707707707707707,0.36286286286286284,0.958958958958959,0.17567567567567566,0.34384384384384387,0.9329329329329329,0.6631631631631631,0.1036036036036036,0.14114114114114112,0.13913913913913914,0.18468468468468469,0.9849849849849855,0.9779779779779779,0.8308308308308308,-1.507
0.8588588588588588,0.30830830830830835,0.08858858858858859,0.0,0.31181181181181183,0.492992992992993,0.4024024024024024,0.3188188188188188,0.5685685685685686,0.5535535535535535,0.7452452452452453,0.10810810810810813,0.40740740740740744,0.26676676676676675,0.22972972972972971,0.34034034034034033,0.9244244244244244,0.8858858858858859,0.45245245245245247,0.6721721721721721,0.5910910910910911,-1.205
0.8598598598598599,0.8918918918918919,0.46946946946946944,0.0,0.8728728728728729,0.7307307307307307,0.9039039039039038,0.7552552552552552,0.26226226226226224,0.4089089089089089,0.32682682682682684,0.13063063063063063,0.06956956956956957,0.28678678678678676,0.5830830830830831,0.6631631631631631,0.7912912912912913,0.8423423423423424,0.04054054054054054,0.11761761761761762,0.12412412412412413,-1.207
0.8608608608608609,0.948948948948949,0.4219219219219219,0.0,0.995995995995996,0.028028028028028028,0.950950950950951,0.6566566566566567,0.9664664664664664,0.47347347347347346,0.46546546546546547,0.6061061061061062,0.474974974974975,0.044044044044044044,1.0,0.9009009009009009,0.7722722722722724,0.6351351351351351,0.46796796796796797,0.036036036036036036,0.035035035035035036,-1.154
0.8618618618618619,0.8728728728728729,0.16066066066066065,0.0,0.92992992992993,0.24124124124124147,0.955955955955956,0.15715715715715717,0.8093093093093093,0.8408408408408409,0.8863863863863863,0.9259259259259259,0.6206206206206206,0.8968968968968969,0.8538538538538538,0.8803803803803804,0.8768768768768769,0.48748748748748727,0.25575575575575576,0.3433433433433433,0.18518518518518515,-1.148
0.8628628628628628,0.56006006006006,0.43043043043043044,0.0,0.31181181181181183,0.02702702702702703,0.34234234234234234,0.04354354354354355,0.9334334334334334,0.15915915915915915,0.47047047047047047,0.36436436436436437,0.34434434434434436,0.7737737737737738,0.5035035035035035,0.7192192192192193,0.5910910910910911,0.6241241241241241,0.37537537537537535,0.2982982982982983,0.6416416416416416,-1.374
0.8638638638638638,0.6891891891891893,0.1916916916916917,0.0,0.33783783783783783,0.33183183183183185,0.1881881881881882,0.1816816816816817,0.7042042042042043,0.3868868868868869,0.1921921921921922,0.2907907907907908,0.3538538538538538,0.14814814814814814,0.40040040040040037,0.7882882882882882,0.5975975975975976,0.3858858858858859,0.24824824824824826,0.6931931931931932,0.7867867867867868,-1.637
0.864864864864865,0.4994994994994995,0.975975975975976,0.0,0.7017017017017017,0.6206206206206206,0.08208208208208209,0.25325325325325326,0.6866866866866868,0.6656656656656657,0.035035035035035036,0.7522522522522522,0.9449449449449451,0.5915915915915916,0.8628628628628628,0.7922922922922924,0.09509509509509509,0.008008008008008008,0.004004004004004004,0.8013013013013013,0.5275275275275275,-1.62
0.8658658658658659,0.050050050050050046,0.8423423423423424,0.0,0.3163163163163163,0.0940940940940941,0.14914914914914915,0.05905905905905909,0.9019019019019019,0.6116116116116116,0.8283283283283283,0.18018018018018017,0.0945945945945946,0.3983983983983984,0.016016016016016016,0.062062062062062065,0.18118118118118118,0.9049049049049052,0.8663663663663663,0.6301301301301301,0.49449449449449445,-1.388
0.8668668668668669,0.992992992992993,0.6126126126126126,0.0,0.997997997997998,0.513013013013013,0.9879879879879879,0.9284284284284283,0.14714714714714716,0.7632632632632632,0.8568568568568569,0.992992992992993,0.45595595595595595,0.9644644644644644,0.986986986986987,0.7247247247247247,0.7602602602602603,0.503003003003003,0.31831831831831836,0.20520520520520522,0.004004004004004004,-1.155
0.8678678678678677,0.4494494494494494,0.3868868868868869,0.0,0.5875875875875876,0.6006006006006006,0.6646646646646647,0.6241241241241242,0.23973973973973972,0.7197197197197197,0.6566566566566566,0.9529529529529529,0.991991991991992,0.7232232232232232,0.8538538538538538,0.985985985985986,0.03753753753753754,0.1941941941941942,0.6641641641641642,0.8598598598598602,0.7342342342342343,-1.536
0.8688688688688688,0.7157157157157157,0.5380380380380381,0.0,0.12412412412412413,0.6971971971971972,0.549049049049049,0.34934934934934936,0.2042042042042042,0.5675675675675675,0.8933933933933933,0.1966966966966967,0.009009009009009009,0.8108108108108107,0.27877877877877877,0.21671671671671672,0.7757757757757757,0.9784784784784785,0.11911911911911911,0.7867867867867868,0.33933933933933935,-1.404
0.8698698698698699,0.5165165165165165,0.5235235235235236,0.0,0.40290290290290287,0.46996996996997,0.948948948948949,0.08308308308308308,0.12562562562562563,0.5630630630630631,0.6666666666666666,0.1906906906906907,0.2222222222222222,0.15465465465465467,0.24124124124124124,0.14464464464464466,0.15965965965965967,0.9279279279279278,0.4254254254254254,0.6386386386386387,0.36186186186186187,-1.327
0.8708708708708709,0.6616616616616617,0.5235235235235236,0.0,0.6306306306306306,0.92992992992993,0.5545545545545546,0.7712712712712713,0.12912912912912913,0.6391391391391392,0.2182182182182182,0.7487487487487487,0.58008008008008,0.3188188188188188,0.31931931931931934,0.525025025025025,0.6076076076076076,0.1886886886886887,0.11161161161161161,0.6786786786786787,0.4754754754754755,-1.396
0.8718718718718719,0.6811811811811812,0.5235235235235236,0.0,0.493993993993994,0.35535535535535534,0.4694694694694695,0.4054054054054054,0.7132132132132132,0.46046046046046046,0.1921921921921922,0.6246246246246246,0.5545545545545545,0.9409409409409409,0.8143143143143143,0.7327327327327328,0.6556556556556556,0.24074074074074076,0.2157157157157157,0.512012012012012,0.7192192192192193,-1.666
0.8728728728728729,0.08108108108108109,0.6126126126126126,0.0,0.3743743743743744,0.4279279279279279,0.11011011011011011,0.8568568568568569,0.8243243243243243,0.2227227227227227,0.4219219219219219,0.2022022022022022,0.24074074074074076,0.08658658658658658,0.35435435435435436,0.7502502502502503,0.43293293293293295,0.8463463463463463,0.98998998998999,0.35735735735735735,0.8238238238238238,-1.533
0.8738738738738738,0.9594594594594594,0.6396396396396397,0.0,0.9849849849849857,0.35035035035035034,0.990990990990991,0.958958958958959,0.5015015015015015,0.043043043043043044,0.8738738738738738,0.3723723723723724,0.4144144144144144,0.7667667667667668,0.9754754754754755,0.7807807807807807,0.7777777777777778,0.7017017017017018,0.35185185185185186,0.04004004004004004,0.003003003003003003,-1.218
0.8748748748748748,0.8138138138138138,0.018018018018018018,0.0,0.8828828828828829,0.06406406406406406,0.2222222222222222,0.8398398398398399,0.9949949949949949,0.44544544544544545,0.03403403403403403,0.39289289289289286,0.7192192192192193,0.3793793793793794,0.8978978978978978,0.4074074074074074,0.5480480480480481,0.28228228228228225,0.8923923923923924,0.1716716716716717,0.5585585585585585,-1.515
0.8758758758758759,0.607107107107107,0.17967967967967968,0.0,0.7207207207207205,0.2862862862862863,0.493993993993994,0.9819819819819819,0.7607607607607607,0.01001001001001001,0.9364364364364364,0.13713713713713713,0.12662662662662663,0.22572572572572572,0.4394394394394394,0.32082082082082086,0.8523523523523524,0.8538538538538538,0.15865865865865864,0.0065065065065065065,0.11761761761761762,-1.321
0.8768768768768769,0.45895895895895894,0.3053053053053053,0.0,0.4964964964964965,0.44494494494494496,0.8728728728728729,0.08658658658658658,0.12762762762762764,0.970970970970971,0.31681681681681684,0.2882882882882883,0.3298298298298298,0.37537537537537535,0.622122122122122,0.9149149149149148,0.6491491491491492,0.9229229229229229,0.3818818818818819,0.7912912912912913,0.46646646646646645,-1.303
0.8778778778778777,0.43243243243243246,0.034034034034034044,0.0,0.4994994994994995,0.3708708708708709,0.24924924924924924,0.4844844844844845,0.7132132132132132,0.5285285285285285,0.8758758758758759,0.6516516516516516,0.4914914914914915,0.7197197197197197,0.33683683683683685,0.4059059059059059,0.29479479479479476,0.8463463463463463,0.8328328328328328,0.3723723723723724,0.36686686686686687,-1.278
0.8788788788788788,0.47097097097097096,0.6251251251251251,0.0,0.26226226226226224,0.11661661661661661,0.4024024024024024,0.12212212212212212,0.8343343343343343,0.2227227227227227,0.5555555555555556,0.7317317317317318,0.8478478478478478,0.7342342342342343,0.33333333333333337,0.503003003003003,0.6716716716716717,0.12562562562562563,0.7437437437437437,0.44544544544544545,0.6131131131131131,-1.344
0.8798798798798799,0.46096096096096095,0.7332332332332332,0.0,0.5245245245245245,0.2552552552552553,0.2047047047047047,0.16266266266266266,0.7707707707707707,0.32182182182182184,0.2917917917917918,0.8918918918918919,0.8903903903903905,0.7942942942942943,0.8998998998998999,0.9454454454454455,0.1061061061061061,0.015015015015015015,0.015015015015015015,0.6606606606606606,0.6156156156156156,-1.628
0.8808808808808809,0.5935935935935935,0.4419419419419419,0.0,0.7582582582582582,0.8178178178178178,0.6586586586586587,0.9134134134134133,0.3688688688688689,0.7752752752752752,0.516016016016016,0.9729729729729731,0.9194194194194194,0.8048048048048048,0.8508508508508509,0.9689689689689689,0.22322322322322322,0.14664664664664664,0.8433433433433433,0.6006006006006006,0.5205205205205206,-1.514
0.8818818818818819,0.38288288288288286,0.3303303303303303,0.0,0.23223223223223222,0.6461461461461462,0.34934934934934936,0.24224224224224225,0.3363363363363363,0.4494494494494494,0.40040040040040037,0.20370370370370372,0.6296296296296297,0.7882882882882882,0.3078078078078078,0.2887887887887888,0.5835835835835836,0.6786786786786787,0.28378378378378377,0.7357357357357357,0.7367367367367368,-1.423
0.8828828828828829,0.7227227227227228,0.8008008008008007,0.0,0.9819819819819819,0.9949949949949948,0.8588588588588588,0.9949949949949944,0.09559559559559559,0.7197197197197197,0.8308308308308309,0.8253253253253253,0.11611611611611611,0.4054054054054054,0.5440440440440439,0.575075075075075,0.7757757757757757,0.6606606606606606,0.1151151151151151,0.25075075075075076,0.14014014014014015,-1.26
0.8838838838838838,0.8798798798798799,0.08008008008008008,0.0,0.9949949949949949,0.8103103103103103,0.8708708708708709,0.8683683683683683,0.27377377377377377,0.7837837837837838,0.2887887887887888,0.6946946946946947,0.975975975975976,0.17217217217217218,0.944944944944945,0.8683683683683683,0.04504504504504504,0.35185185185185186,0.06056056056056056,0.24524524524524524,0.018018018018018018,-1.138
0.884884884884885,0.24124124124124124,0.48348348348348347,0.0,0.16216216216216217,0.7592592592592593,0.24024024024024024,0.010010010010009996,0.08508508508508508,0.7557557557557557,0.24424424424424424,0.2817817817817818,0.5980980980980981,0.32932932932932935,0.07907907907907907,0.17117117117117117,0.4514514514514515,0.4114114114114114,0.6556556556556556,0.9879879879879879,0.8733733733733733,-1.903
0.8858858858858859,0.7687687687687688,0.7787787787787788,0.0,0.6191191191191192,0.36286286286286284,0.43793793793793795,0.7577577577577578,0.5685685685685686,0.3173173173173173,0.6476476476476476,0.5940940940940941,0.2097097097097097,0.6771771771771772,0.7487487487487487,0.6706706706706707,0.5280280280280281,0.8948948948948949,0.47947947947947944,0.35485485485485485,0.44394394394394393,-1.592
0.8868868868868869,0.6616616616616617,0.40290290290290287,0.0,0.3633633633633634,0.7557557557557557,0.44144144144144143,0.21671671671671672,0.4059059059059059,0.6996996996996997,0.9529529529529529,0.6686686686686687,0.3858858858858859,0.9819819819819819,0.36286286286286284,0.15615615615615616,0.46846846846846846,0.7987987987987988,0.26976976976976974,0.8033033033033032,0.5075075075075075,-1.577
0.8878878878878878,0.3108108108108108,0.23473473473473472,0.0,0.1861861861861862,0.24024024024024024,0.03903903903903904,0.03203203203203203,0.2652652652652653,0.8863863863863863,0.012512512512512512,0.40740740740740744,0.7082082082082082,0.5765765765765766,0.6991991991991993,0.8068068068068068,0.3683683683683684,0.39289289289289286,0.8248248248248248,0.924924924924925,0.8988988988988988,-1.624
0.8888888888888888,0.13413413413413414,0.965965965965966,0.0,0.05305305305305305,0.6421421421421422,0.2102102102102102,0.056056056056056056,0.06656656656656657,0.8723723723723724,0.8213213213213213,0.9209209209209209,0.9644644644644644,0.7527527527527528,0.011011011011011011,0.012012012012012012,0.03303303303303303,0.2127127127127127,0.8013013013013013,0.98998998998999,0.7887887887887888,-1.819
0.8898898898898899,0.997997997997998,0.3258258258258258,0.0,0.8878878878878878,0.6756756756756757,0.93993993993994,0.587087087087087,0.22122122122122123,0.5895895895895895,0.7967967967967968,0.7922922922922924,0.2627627627627628,0.9204204204204205,0.9114114114114114,0.6741741741741742,0.5875875875875876,0.7087087087087087,0.07607607607607608,0.31831831831831836,0.08308308308308308,-1.189
0.8908908908908909,0.6196196196196196,0.5180180180180181,0.0,0.7297297297297297,0.06506506506506507,0.8003003003003002,0.48848848848848847,0.9229229229229229,0.4874874874874874,0.19019019019019015,0.34934934934934936,0.6741741741741741,0.4754754754754755,0.7167167167167168,0.11461461461461461,0.44844844844844844,0.555055055055055,0.7682682682682682,0.23373373373373374,0.26326326326326327,-1.311
0.8918918918918919,0.6741741741741742,0.864864864864865,0.0,0.4264264264264264,0.8948948948948949,0.3963963963963964,0.17767767767767767,0.11961961961961962,0.8613613613613613,0.6046046046046045,0.8188188188188188,0.36486486486486486,0.7057057057057057,0.6251251251251251,0.6236236236236237,0.494994994994995,0.6296296296296297,0.06656656656656657,0.7857857857857857,0.4394394394394394,-1.36
0.8928928928928929,0.7732732732732732,0.5380380380380381,0.0,0.6861861861861862,0.27177177177177175,0.9214214214214214,0.6661661661661662,0.3823823823823824,0.0890890890890891,0.8348348348348348,0.4164164164164164,0.12662662662662663,0.14364364364364363,0.7367367367367368,0.5125125125125125,0.8663663663663663,0.8118118118118118,0.24824824824824826,0.03453453453453453,0.04854854854854855,-1.142
0.8938938938938938,0.07657657657657657,0.7957957957957958,0.0,0.3458458458458459,0.7342342342342343,0.05305305305305305,0.48848848848848847,0.525025025025025,0.6491491491491492,0.04504504504504504,0.42342342342342343,0.6126126126126126,0.10010010010010009,0.1896896896896897,0.48948948948948945,0.3273273273273273,0.07607607607607608,0.8118118118118118,0.6536536536536537,0.8688688688688688,-1.401
0.8948948948948948,0.5295295295295295,0.7827827827827828,0.0,0.17817817817817816,0.5985985985985988,0.49249249249249255,0.15715715715715717,0.5555555555555556,0.3868868868868869,0.45795795795795796,0.2817817817817818,0.2772772772772773,0.34934934934934936,0.16449783116449782,0.22822822822822822,0.5075075075075075,0.7017017017017018,0.3933933933933934,0.7217217217217217,0.7767767767767768,-1.582
0.8958958958958959,0.3263263263263263,0.5315315315315315,0.0,0.055055055055055056,0.24874874874874875,0.4119119119119119,0.20020020020020018,0.45495495495495497,0.17867867867867868,0.6006006006006006,0.3053053053053053,0.35235235235235235,0.7657657657657657,0.07207207207207207,0.12312312312312312,0.2887887887887888,0.7597597597597597,0.7817817817817818,0.4994994994994995,0.8708708708708709,-1.462
0.8968968968968969,0.1881881881881882,0.2887887887887888,0.0,0.1136136136136136,0.5485485485485486,0.47347347347347346,0.6261261261261262,0.5325325325325325,0.34934934934934936,0.7947947947947948,0.3913913913913914,0.7082082082082082,0.521021021021021,0.06256256256256257,0.3793793793793794,0.4094094094094094,0.35785785785785784,0.9579579579579579,0.5210210210210211,0.8408408408408409,-1.496
0.8978978978978978,0.43243243243243246,0.8513513513513513,0.0,0.92992992992993,0.14914914914914915,0.2912912912912913,0.26376376376376376,0.8293293293293293,0.6391391391391392,0.16216216216216217,0.8318318318318318,0.585085085085085,0.06656656656656657,0.8953953953953955,0.9714714714714714,0.6261261261261262,0.08858858858858859,0.5340340340340339,0.5675675675675675,0.5410410410410411,-1.491
0.8988988988988988,0.8223223223223224,0.14464464464464463,0.0,0.5875875875875876,0.014014014014014014,0.30930930930930933,0.018018018018018018,0.983983983983984,0.7817817817817818,0.6426426426426426,0.9519519519519519,0.9289289289289289,0.98998998998999,0.8688688688688688,0.8423423423423424,0.2727727727727728,0.28228228228228225,0.7162162162162162,0.4104104104104104,0.33733733733733734,-1.22
0.8998998998998999,0.5910910910910911,0.1716716716716717,0.0,0.7542542542542543,0.6971971971971972,0.45945945945945943,0.7907907907907907,0.6206206206206206,0.6696696696696697,0.5205205205205206,0.31431431431431434,0.1016016016016016,0.2172172172172172,0.5495495495495495,0.44644644644644643,0.7097097097097097,0.9364364364364364,0.3033033033033033,0.23523523523523523,0.1921921921921922,-1.319
0.9009009009009009,0.5910910910910911,0.7152152152152151,0.0,0.6996996996996997,0.5345345345345345,0.4224224224224224,0.2877877877877878,0.5885885885885886,0.6771771771771772,0.07957957957957959,0.46096096096096095,0.7292292292292293,0.6376376376376376,0.483983983983984,0.4339339339339339,0.27977977977977975,0.34534534534534533,0.6206206206206206,0.6891891891891893,0.7907907907907907,-1.72
0.9019019019019019,0.27627627627627627,0.498998998998999,0.0,0.5515515515515516,0.6766766766766769,0.4304304304304304,0.494994994994995,0.4984984984984985,0.6771771771771772,0.009009009009009009,0.7382382382382382,0.9269269269269269,0.5125125125125125,0.5535535535535535,0.7262262262262262,0.2092092092092092,0.012012012012012012,0.3603603603603603,0.6396396396396397,0.6981981981981982,-1.596
0.9029029029029029,0.2047047047047047,0.38288288288288286,0.0,0.2807807807807808,0.1111111111111111,0.14314314314314314,0.016016016016016016,0.8708708708708709,0.8093093093093093,0.8118118118118118,0.2832832832832833,0.2702702702702703,0.3673673673673674,0.13213213213213212,0.05905905905905909,0.7977977977977978,0.7342342342342343,0.8738738738738738,0.7547547547547548,0.7117117117117118,-1.267
0.9039039039039038,0.5260260260260261,0.7557557557557557,0.0,0.35035035035035034,0.15515515515515516,0.26226226226226224,0.3898898898898899,0.8808808808808809,0.06006006006006006,0.008008008008008008,0.01701701701701702,0.7702702702702702,0.03403403403403403,0.6586586586586587,0.9329329329329329,0.4544544544544544,0.3153153153153153,0.1886886886886887,0.17967967967967968,0.8208208208208208,-1.537
0.904904904904905,0.7867867867867868,0.8738738738738738,0.0,0.8798798798798799,0.904904904904905,0.6266266266266266,0.7632632632632632,0.15815815815815815,0.8163163163163163,0.5,0.985985985985986,0.958958958958959,0.7212212212212212,0.7467467467467468,0.8733733733733733,0.30180180180180183,0.002002002002002002,0.11311311311311313,0.7047047047047047,0.36186186186186187,-1.57
0.9059059059059059,0.7267267267267268,0.4519519519519519,0.0,0.5645645645645646,0.19119119119119118,0.8488488488488488,0.13363363363363362,0.4984984984984985,0.46046046046046046,0.9419419419419419,0.9429429429429429,0.5355355355355356,0.8158158158158159,0.6486486486486487,0.22022022022022023,0.7912912912912913,0.11011011011011011,0.38788788788788786,0.585085085085085,0.16566566566566565,-1.428
0.9069069069069069,0.3433433433433434,0.7747747747747747,0.0,0.4104104104104104,0.6816816816816816,0.6196196196196196,0.19069069069069067,0.16216216216216217,0.9329329329329329,0.7407407407407407,0.7762762762762763,0.7592592592592593,0.7057057057057057,0.4814814814814815,0.5535535535535536,0.2272272272272272,0.6351351351351351,0.9084084084084083,0.8468468468468469,0.5475475475475475,-1.349
0.9079079079079078,0.07657657657657657,0.6541541541541541,0.0,0.035035035035035036,0.9169169169169169,0.11711711711711711,0.2607607607607607,0.12762762762762764,0.5105105105105104,0.8608608608608608,0.7522522522522522,0.5315315315315315,0.6741741741741742,0.043043043043043044,0.6796796796796797,0.34284284284284283,0.06006006006006006,0.4854854854854855,0.9074074074074074,0.9469469469469469,-1.584
0.9089089089089089,0.9099099099099099,0.14464464464464463,0.0,0.7947947947947948,0.8698698698698699,0.983983983983984,0.23823823823823825,0.15965965965965967,0.9259259259259259,0.8608608608608608,0.8693693693693694,0.13713713713713713,0.7387387387387387,0.45345345345345345,0.1061061061061061,0.22522522522522523,0.8878878878878879,0.4214214214214214,0.6761761761761762,0.03403403403403404,-1.255
0.9099099099099099,0.27627627627627627,0.7357357357357357,0.0,0.7842842842842843,0.7447447447447447,0.26226226226226224,0.5290290290290289,0.6661661661661662,0.5565565565565566,0.38038038038038036,0.5175175175175175,0.4629629629629629,0.10560560560560561,0.6286286286286287,0.4724724724724725,0.6461461461461462,0.14414414414414414,0.7462462462462462,0.35485485485485485,0.5305305305305306,-1.302
0.9109109109109109,0.4119119119119119,0.17767767767767767,0.0,0.52002002002002,0.07907907907907907,0.44594594594594594,0.6971971971971972,0.867867867867868,0.15115115115115116,0.6816816816816818,0.5675675675675675,0.7252252252252251,0.6886886886886887,0.5395395395395395,0.14814814814814814,0.41241241241241244,0.5385385385385386,0.8058058058058059,0.0945945945945946,0.4974974974974975,-1.378
0.9119119119119119,0.8043043043043043,0.024524524524524523,0.0,0.7562562562562563,0.25875875875875876,0.6786786786786787,0.9769769769769769,0.8183183183183182,0.06656656656656657,0.7157157157157157,0.47597597597597596,0.4379379379379379,0.17067067067067065,0.7902902902902902,0.3028028028028028,0.918918918918919,0.7307307307307305,0.7867867867867868,0.15465465465465467,0.20520520520520522,-1.36
0.9129129129129129,0.6376376376376376,0.47597597597597596,0.0,0.22622622622622626,0.43493493493493496,0.6941941941941943,0.022022022022022022,0.27177177177177175,0.3748748748748749,0.38788788788788786,0.17317317317317318,0.24974974974974976,0.5,0.3008008008008008,0.2132132132132132,0.6826826826826827,0.3883883883883884,0.7752752752752753,0.6971971971971972,0.7697697697697697,-1.478
0.913913913913914,0.8468468468468469,0.7717717717717718,0.0,0.5365365365365365,1.0,0.8623623623623624,0.7967967967967968,0.001001001001001001,0.6081081081081081,0.995995995995996,0.97997997997998,0.8193193193193193,0.992992992992993,0.45145145145145144,0.8208208208208208,0.19569569569569567,0.35485485485485485,0.09009009009009007,0.8513513513513513,0.07807807807807807,-1.526
0.9149149149149148,0.7712712712712713,0.4129129129129129,0.0,0.8243243243243243,0.7987987987987988,0.965965965965966,0.15715715715715717,0.3008008008008008,0.7071515960404849,0.991991991991992,0.43493493493493496,0.025025025025025023,0.15665665665665668,0.5315315315315315,0.12212212212212212,0.7522522522522523,0.992992992992993,0.07207207207207207,0.5025025025025025,0.014014014014014014,-1.281
0.9159159159159159,0.532032032032032,0.06006006006006006,0.0,0.32732732732732733,0.05905905905905906,0.8223223223223224,0.4054054054054054,0.6381381381381381,0.18618618618618618,0.6773440106773441,0.5035035035035035,0.7022022022022022,0.9384384384384384,0.512012012012012,0.22022022022022023,0.023023023023023025,0.3198198198198198,0.8298298298298299,0.12712712712712712,0.33083083083083087,-1.29
0.9169169169169169,0.22072072072072071,0.43743743743743746,0.0,0.5790790790790791,0.48698698698698695,0.4984984984984985,0.35785785785785784,0.6206206206206206,0.5075075075075075,0.22122122122122123,0.03203203203203203,0.13913913913913914,0.09759759759759759,0.022022022022022022,0.001001001001001001,0.32982982982982983,0.7377377377377378,0.08508508508508508,0.4624624624624625,0.17867867867867868,-1.34
0.9179179179179178,0.5515515515515516,0.7677677677677678,0.0,0.6836836836836837,0.7497497497497497,0.46046046046046046,0.5735735735735735,0.5685685685685686,0.6896896896896897,0.8043043043043043,0.8013013013013013,0.32682682682682684,0.8343343343343343,0.483983983983984,0.6486486486486487,0.7367367367367368,0.22372372372372373,0.51001001001001,0.5180180180180181,0.39039039039039036,-1.455
0.918918918918919,0.9729729729729729,0.02702702702702703,0.0,0.954954954954955,0.38638638638638634,0.8443443443443444,0.8538538538538538,0.5485485485485485,0.3358358358358358,0.8908908908908909,0.6921921921921922,0.08608608608608609,0.38288288288288286,0.8703703703703705,0.3968968968968969,0.957957957957958,0.8898898898898899,0.4134134134134134,0.11761761761761762,0.13413413413413414,-1.194
0.91991991991992,0.2862862862862863,0.5380380380380381,0.0,0.7187187187187187,0.2767767767767768,0.24224224224224225,0.15715715715715717,0.8978978978978978,0.8138138138138138,0.516016016016016,0.5575575575575575,0.27877877877877877,0.5575575575575575,0.42242242242242245,0.8173173173173174,0.7507507507507507,0.7657657657657657,0.8623623623623624,0.7582582582582582,0.17617617617617617,-1.397
0.9209209209209209,0.7142142142142143,0.5380380380380381,0.0,0.8403403403403403,0.25875875875875876,0.953953953953954,0.7997997997997998,0.6331331331331331,0.4224224224224224,0.474974974974975,0.4804804804804805,0.5495495495495495,0.12262262262262262,0.8243243243243243,0.9879879879879879,0.5640640640640641,0.3153153153153153,0.6461461461461462,0.13463463463463465,0.2952952952952953,-1.284
0.9219219219219219,0.9099099099099099,0.2222222222222222,0.0,0.9569569569569569,0.1991991991991992,0.7132132132132132,0.7157157157157157,0.6661661661661662,0.23073073073073075,0.1036036036036036,0.15415415415415415,0.3138138138138138,0.7307307307307307,0.963963963963964,0.9714714714714714,0.6526526526526526,0.8158158158158157,0.17317317317317316,0.13613613613613612,0.2742742742742743,-1.455
0.9229229229229229,0.30230230230230226,0.973973973973974,0.0,0.8088088088088088,0.3138138138138138,0.5995995995995996,0.4454454454454454,0.7187187187187187,0.41041041041041043,0.49549549549549554,0.7952952952952953,0.8833833833833834,0.6006006006006006,0.4624624624624625,0.060560560560560556,0.02002002002002002,0.06906906906906907,0.1036036036036036,0.45345345345345345,0.1816816816816817,-1.566
0.923923923923924,1.0,0.05305305305305305,0.0,1.0,0.48998998998999,0.996996996996997,0.8613613613613613,0.44394394394394393,0.5730730730730731,0.24874874874874875,0.7352352352352352,0.8743743743743744,0.5385385385385385,0.985985985985986,0.6376376376376376,0.23523523523523523,0.06706706706706707,0.3303303303303303,0.14714714714714716,0.01001001001001001,-1.186
0.9249249249249251,0.7382382382382382,0.13063063063063063,0.0,0.9129129129129129,0.5485485485485486,0.7712712712712713,0.9014014014014013,0.6226226226226226,0.5215215215215215,0.6131131131131131,0.8828828828828829,0.9279279279279279,0.5930930930930931,0.923923923923924,0.7117117117117118,0.6001001001001001,0.26676676676676675,0.9104104104104105,0.2122122122122122,0.22422422422422422,-1.156
0.9259259259259259,0.4454454454454454,0.3933933933933934,0.0,0.25375375375375375,0.16466466466466467,0.5385385385385385,0.20020020020020018,0.6631631631631631,0.39989989989989994,0.8908908908908909,0.33333333333333337,0.16766766766766766,0.3253253253253253,0.2942942942942943,0.23373373373373374,0.11461461461461461,0.8063063063063063,0.5895895895895895,0.5885885885885886,0.31581581581581586,-1.611
0.9269269269269269,0.47997997997998,0.8303303303303303,0.0,0.4054054054054054,0.26976976976976974,0.39139139139139134,0.21421421421421422,0.8018018018018018,0.8163163163163163,0.20520520520520522,0.8568568568568569,0.8258258258258258,0.9669669669669669,0.8143143143143143,0.948948948948949,0.2777777777777778,0.06206206206206206,0.8263263263263263,0.585085085085085,0.7037037037037037,-1.322
0.9279279279279278,0.6001001001001001,0.35285285285285284,0.0,0.45095095095095095,0.34284284284284283,0.3883883883883884,0.21121121121121122,0.42992992992992995,0.6611611611611612,0.6891891891891893,0.4804804804804805,0.24374374374374375,0.6146146146146145,0.7127127127127126,0.5820820820820821,0.7097097097097097,0.6661661661661662,0.11711711711711711,0.7007007007007007,0.5615615615615616,-1.4
0.928928928928929,0.6001001001001001,0.16316316316316315,0.0,0.6486486486486487,0.7182182182182182,0.0965965965965966,0.8228228228228228,0.6581581581581581,0.34134134134134136,0.6341341341341341,0.5245245245245245,0.39539539539539537,0.34434434434434436,0.49799799799799804,0.7952952952952953,0.8103103103103103,0.4279279279279279,0.04604604604604605,0.45995995995996,0.6741741741741742,-1.576
0.92992992992993,0.1091091091091091,0.9429429429429429,0.0,0.07107107107107108,0.8293293293293293,0.13813813813813813,0.17267267267267267,0.14414414414414414,0.9229229229229229,0.16616616616616617,0.3723723723723724,0.9119119119119119,0.3508508508508509,0.16016016016016016,0.02702702702702703,0.21521521521521522,0.13613613613613612,0.3818818818818819,0.978978978978979,0.8158158158158157,-1.652
0.9309309309309309,0.22072072072072071,0.5860860860860861,0.0,0.30430430430430433,0.46996996996997,0.20020020020020018,0.1041041041041041,0.3883883883883884,0.7922922922922924,0.1956956956956957,0.8933933933933933,0.8358358358358358,0.9019019019019019,0.6426426426426426,0.6131131131131131,0.42242242242242245,0.044044044044044044,0.5510510510510511,0.8823823823823824,0.6956956956956957,-1.439
0.9319319319319319,0.15165165165165168,0.34434434434434436,0.0,0.1981981981981982,0.05405405405405406,0.09009009009008997,0.5585585585585586,0.985985985985986,0.6746746746746747,0.7122122122122122,0.529029029029029,0.7832832832832832,0.39539539539539537,0.5785785785785786,0.8523523523523524,0.015015015015015015,0.7047047047047047,0.9914914914914914,0.8428428428428428,0.8308308308308308,-1.8
0.9329329329329329,0.3753753753753753,0.5735735735735735,0.0,0.6941941941941943,0.16016016016016016,0.9319319319319319,0.6201201201201201,0.8958958958958959,0.25325325325325326,0.5625625625625625,0.5360360360360361,0.24224224224224225,0.0895895895895896,0.8353353353353353,0.2757757757757758,0.5835835835835836,0.36736736736736736,0.7437437437437437,0.0960960960960961,0.10960960960960961,-1.224
0.933933933933934,0.6376376376376376,0.6041041041041041,0.0,0.9104104104104105,0.9269269269269269,0.2987987987987988,0.9469469469469469,0.14914914914914915,0.6756756756756757,0.05455455455455456,0.484984984984985,0.6456456456456456,0.23423423423423423,0.7317317317317318,0.9794794794794794,0.617117117117117,0.30180180180180183,0.26176176176176175,0.34934934934934936,0.6301301301301301,-1.5
0.9349349349349348,0.34434434434434436,0.5315315315315315,0.0,0.36736736736736736,0.018018018018018018,0.17017017017017017,0.3768768768768769,0.996996996996997,0.48448448448448445,0.4674674674674675,0.7807807807807807,0.4519519519519519,0.9384384384384384,0.6486486486486487,0.16366366366366364,0.5965965965965966,0.42242242242242245,0.8793793793793794,0.26976976976976974,0.5695695695695695,-1.297
0.9359359359359359,0.47447447447447444,0.24524524524524524,0.0,0.15165165165165168,0.3763763763763764,0.45795795795795796,0.2577577577577578,0.34934934934934936,0.3163163163163163,0.7547547547547548,0.5865865865865866,0.52002002002002,0.9119119119119119,0.2677677677677678,0.24474474474474472,0.5860860860860861,0.1941941941941942,0.32432432432432434,0.45095095095095095,0.6761761761761762,-1.355
0.9369369369369369,0.7207207207207207,0.5715715715715716,0.0,0.3698698698698699,0.6561561561561562,0.4444444444444444,0.5265265265265265,0.7402402402402402,0.6351351351351351,0.6691691691691692,0.5225225225225225,0.3408408408408409,0.8988988988988988,0.5615615615615616,0.9314314314314314,0.44294294294294295,0.8718718718718719,0.7382382382382382,0.5715715715715716,0.535035035035035,-1.422
0.9379379379379378,0.24124124124124124,0.6906906906906907,0.0,0.32432432432432434,0.854854854854855,0.04104104104104104,0.2842842842842843,0.29479479479479476,0.8588588588588588,0.17067067067067065,0.7667667667667668,0.7932932932932932,0.4529529529529529,0.23873873873873874,0.09659659659659658,0.08758758758758758,0.16516516516516516,0.32182182182182184,0.91991991991992,0.9149149149149148,-1.747
0.938938938938939,0.49549549549549554,0.0960960960960961,0.0,0.3483483483483484,0.2047047047047047,0.41991991991991995,0.7142142142142143,0.7877877877877874,0.017017017017017015,0.005005005005005005,0.001001001001001001,0.39539539539539537,0.0920920920920921,0.507007007007007,0.972972972972973,0.24124124124124124,0.8383383383383383,0.8433433433433433,0.24424424424424424,0.7587587587587588,-1.575
0.93993993993994,0.3793793793793794,0.8538538538538538,0.0,0.617117117117117,0.1991991991991992,0.6476476476476476,0.4094094094094094,0.562062062062062,0.8893893893893894,0.0,0.5515515515515516,0.9369369369369369,0.3913913913913914,0.7937937937937938,0.45145145145145144,0.22822822822822822,0.15415415415415415,0.9829829829829831,0.7687687687687688,0.8823823823823824,-1.55
0.9409409409409409,0.5155155155155156,0.05055055055055055,0.0,0.49249249249249255,0.8753753753753755,0.2582582582582582,0.12862862862862862,0.39039039039039036,0.8068068068068068,0.3413413413413413,0.2977977977977978,0.3858858858858859,0.3633633633633634,0.1831831831831832,0.15415415415415415,0.6126126126126126,0.7342342342342343,0.6641641641641642,0.8938938938938938,0.7037037037037037,-1.647
0.9419419419419419,0.12712712712712712,0.9894894894894894,0.0,0.23523523523523523,0.8783783783783784,0.4714714714714715,0.26576576576576577,0.07607607607607608,0.6246246246246246,0.43843843843843844,0.532032032032032,0.6916916916916916,0.8343343343343343,0.2092092092092092,0.2962962962962963,0.2652652652652653,0.2157157157157157,0.15365365365365363,0.8758758758758759,0.5695695695695695,-1.641
0.9429429429429429,0.1936936936936937,0.058058058058058054,0.0,0.07107107107107108,0.23523523523523523,0.2782782782782783,0.05755755755755755,0.6911911911911912,0.3748748748748749,0.5605605605605606,0.029029029029029027,0.055055055055055056,0.4024024024024024,0.009009009009009009,0.041541541541541535,0.6351351351351351,0.9624624624624625,0.9004004004004005,0.6256256256256256,0.9234234234234233,-1.482
0.943943943943944,0.35435435435435436,0.6651651651651651,0.0,0.7917917917917918,0.529029029029029,0.3133133133133133,0.9554554554554555,0.2857857857857858,0.4394394394394394,0.8538538538538538,0.9719719719719719,0.8598598598598602,0.7702702702702703,0.970970970970971,0.9209209209209209,0.5430430430430431,0.3303303303303303,0.5730730730730731,0.31831831831831836,0.27127127127127126,-1.477
0.9449449449449451,0.46846846846846846,0.3153153153153153,0.0,0.45345345345345345,0.6476476476476476,0.15365365365365363,0.6061061061061062,0.26426426426426425,0.42742742742742745,0.9364364364364364,0.597097097097097,0.52002002002002,0.7737737737737738,0.5190190190190189,0.45995995995996,0.3458458458458459,0.7087087087087087,0.25225225225225223,0.7792792792792793,0.6571571571571572,-1.822
0.9459459459459459,0.8098098098098098,0.13463463463463465,0.0,0.9144144144144144,0.8253253253253253,0.92992992992993,0.7227227227227228,0.2827827827827828,0.6326326326326326,0.3743743743743744,0.4019019019019019,0.40740740740740744,0.2822822822822823,0.43343343343343343,0.25125125125125125,0.8088088088088088,0.3303303303303303,0.495995995995996,0.4104104104104104,0.13563563563563563,-1.311
0.9469469469469469,0.6216216216216216,0.26076076076076077,0.0,0.07657657657657657,0.992992992992993,0.7037037037037037,0.30230230230230226,0.005005005005005005,0.7632632632632632,0.7342342342342343,0.2327327327327327,0.16166166166166168,0.7942942942942943,0.025525525525525526,0.031031031031031032,0.7132132132132132,0.6856856856856857,0.17967967967967968,0.938938938938939,0.4094094094094094,-1.567
0.9479479479479478,0.7712712712712713,0.2147147147147147,0.0,0.8578578578578577,0.39139139139139134,0.5025025025025025,0.6766766766766767,0.6706706706706707,0.5655655655655656,0.7877877877877877,0.7317317317317318,0.6446446446446447,0.15215215215215216,0.8288288288288288,0.537037037037037,0.7862862862862863,0.15215215215215216,0.14414414414414414,0.48598598598598597,0.16116116116116116,-1.407
0.948948948948949,0.973973973973974,0.8033033033033032,0.0,0.6356356356356356,0.8863863863863863,0.6856856856856857,0.3713713713713714,0.23773773773773774,0.6351351351351351,0.964964964964965,0.7712712712712713,0.6006006006006006,0.7997997997997999,0.5425425425425425,0.08758758758758758,0.16166166166166168,0.6191191191191191,0.0,0.7337337337337337,0.16716716716716717,-1.575
0.94994994994995,0.26626626626626626,0.9784784784784785,0.0,0.7327327327327328,0.3943943943943944,0.7642642642642643,0.98998998998999,0.35985985985985985,0.06306306306306306,0.11211211211211211,0.46396396396396394,0.8148148148148148,0.7182182182182182,0.8813813813813813,0.9209209209209209,0.06156156156156156,0.018018018018018018,0.9204204204204205,0.02102102102102102,0.4094094094094094,-1.522
0.950950950950951,0.9079079079079078,0.3898898898898899,0.0,0.7127127127127126,0.3658658658658659,0.43793793793793795,0.7822822822822822,0.4314314314314314,0.2077077077077077,0.6891891891891893,0.7337337337337337,0.8133133133133132,0.8268268268268268,0.8908908908908909,0.994994994994995,0.3078078078078078,0.2127127127127127,0.11011011011011011,0.13863863863863862,0.3008008008008008,-1.416
0.9519519519519519,0.998998998998999,0.04354354354354355,0.0,0.9879879879879879,0.12912912912912913,0.973973973973974,0.8258258258258258,0.6831831831831832,0.6146146146146146,0.11411411411411411,0.22422422422422422,0.1866866866866867,0.43493493493493496,0.978978978978979,0.5965965965965966,0.955955955955956,0.6241241241241241,0.5825825825825826,0.050050050050050046,0.05955955955955956,-1.101
0.9529529529529529,0.8323323323323324,0.6411411411411412,0.0,0.497997997997998,0.496996996996997,0.7487487487487487,0.7377377377377377,0.45295295295295296,0.23823823823823823,0.492992992992993,0.25125125125125125,0.3893893893893894,0.5705705705705706,0.5575575575575575,0.2887887887887888,0.7637637637637638,0.6016016016016016,0.6111111111111112,0.25225225225225223,0.39539539539539537,-1.371
0.953953953953954,0.5135135135135135,0.5895895895895895,0.0,0.7447447447447448,0.5735735735735735,0.8018018018018018,0.9729729729729729,0.7482482482482482,0.023023023023023025,0.7547547547547548,0.0990990990990991,0.0980980980980981,0.12612612612612611,0.3968968968968969,0.35935935935935936,0.3228228228228228,0.8678678678678678,0.34784784784784784,0.09309309309309309,0.11311311311311313,-1.594
0.9549549549549549,0.7527527527527528,0.8068068068068068,0.0,0.8588588588588588,0.22122122122122123,0.8968968968968969,0.4339339339339339,0.4209209209209209,0.6001001001001001,0.904904904904905,0.9369369369369369,0.45995995995996,0.7997997997997999,0.7072072072072072,0.40990990990990994,0.5065065065065065,0.33333333333333337,0.7912912912912913,0.3013013013013013,0.1041041041041041,-1.275
0.955955955955956,0.9069069069069069,0.0045045045045045045,0.0,0.9459459459459459,0.35285285285285284,0.6786786786786787,0.97997997997998,0.7337337337337337,0.17617617617617617,0.8693693693693694,0.4984984984984985,0.08408408408408408,0.5535535535535536,0.8083083083083082,0.35685685685685686,0.9829829829829836,0.8358358358358359,0.43993993993993996,0.07557557557557558,0.08508508508508505,-1.259
0.9569569569569569,0.5855855855855856,0.95995995995996,0.0,0.6641641641641642,0.005005005005005005,0.35285285285285284,0.4364364364364364,0.954954954954955,0.3783783783783784,0.12162162162162163,0.16816816816816818,0.6036036036036037,0.03303303303303303,0.7997997997997998,0.8478478478478478,0.02702702702702703,0.3228228228228228,0.983983983983984,0.2862862862862863,0.6571571571571572,-1.414
0.9579579579579578,0.92992992992993,0.12762762762762764,0.0,0.884884884884885,0.2222222222222222,0.8928928928928929,0.8683683683683683,0.6561561561561562,0.5040040040040039,0.31681681681681684,0.6556556556556556,0.8768768768768769,0.27627627627627627,0.9564564564564564,0.7442442442442443,0.9414414414414414,0.2017017017017017,0.6761761761761762,0.16716716716716717,0.2552552552552553,-1.315
0.958958958958959,0.944944944944945,0.582082082082082,0.0,0.6576576576576576,0.2527527527527528,0.94994994994995,0.19519519519519518,0.19519519519519518,0.7332332332332332,0.6341341341341341,0.990990990990991,0.7167167167167168,0.978978978978979,0.8113113113113113,0.48948948948948945,0.4159159159159159,0.16766766766766766,0.28378378378378377,0.5255255255255256,0.07507507507507508,-1.128
0.95995995995996,0.37787787787787785,0.1816816816816817,0.0,0.4574574574574575,0.9124124124124124,0.3813813813813814,0.7757757757757757,0.13613613613613612,0.5565565565565566,0.11911911911911911,0.06906906906906907,0.4114114114114114,0.5480480480480481,0.22322322322322322,0.4179179179179179,0.2057057057057057,0.8998998998998999,0.5865865865865866,0.7937937937937938,0.7667667667667668,-1.717
0.960960960960961,0.983983983983984,0.17517517517517514,0.0,0.6061061061061062,0.7077077077077075,0.2862862862862863,0.3733733733733734,0.3563563563563563,0.8298298298298298,0.06306306306306306,0.4974974974974974,0.4114114114114114,0.8268268268268268,0.7412412412412412,0.6891891891891893,0.8383383383383383,0.44744744744744747,0.22072072072072071,0.7152152152152151,0.6391391391391392,-1.386
0.9619619619619619,0.023523523523523524,0.5235235235235236,0.0,0.32732732732732733,0.13113113113113112,0.2017017017017017,0.5560560560560561,0.9649649649649651,0.30930930930930933,0.07607607607607608,0.04604604604604605,0.9194194194194194,0.3088088088088088,0.25625625625625625,0.40990990990990994,0.058058058058058054,0.4754754754754755,1.0,0.562062062062062,0.93993993993994,-1.687
0.9629629629629629,0.4514514514514515,0.08558558558558559,0.0,0.09009009009009009,0.023023023023023025,0.477977977977978,0.3968968968968969,0.9174174174174174,0.1021021021021021,0.96996996996997,0.1781781781781782,0.2582582582582582,0.7567567567567568,0.055055055055055056,0.014514514514514514,0.9029029029029029,0.9459459459459459,0.9064064064064064,0.14014014014014015,0.502002002002002,-1.245
0.963963963963964,0.16616616616616617,0.8858858858858859,0.0,0.11711711711711711,0.18618618618618618,0.0920920920920921,0.45945945945945943,0.7652652652652652,0.07607607607607608,0.3958958958958959,0.47197197197197194,0.4864864864864865,0.5575575575575575,0.1996996996996997,0.4854854854854855,0.2652652652652653,0.1791791791791792,0.6346346346346347,0.39239239239239243,0.8458458458458459,-1.551
0.9649649649649651,0.4774774774774775,0.6006006006006006,0.0,0.4804804804804805,0.2632632632632632,0.3738738738738739,0.1836836836836837,0.8468468468468469,0.6686686686686687,0.26876876876876876,0.3053053053053053,0.5430430430430431,0.14614614614614613,0.3063063063063063,0.13763763763763764,0.42242242242242245,0.7772772772772772,0.3383383383383384,0.6951951951951951,0.7737737737737738,-1.575
0.965965965965966,0.33933933933933935,0.4129129129129129,0.0,0.4104104104104104,0.12762762762762764,0.5510510510510511,0.7337337337337337,0.8183183183183182,0.3133133133133133,0.5205205205205206,0.34384384384384387,0.6671671671671671,0.16366366366366364,0.7677677677677677,0.8768768768768769,0.37737737737737737,0.36186186186186187,0.9459459459459459,0.14464464464464466,0.4124124124124124,-1.257
0.9669669669669669,0.10710710710710711,0.8053053053053053,0.0,0.13413413413413414,0.08208208208208209,0.042042042042042066,0.3793793793793794,0.9099099099099099,0.02902902902902903,0.06956956956956957,0.023523523523523524,0.6096096096096096,0.013013013013013013,0.3208208208208208,0.9119119119119119,0.3658658658658659,0.4354354354354354,0.6506506506506506,0.17967967967967968,0.9669669669669669,-1.559
0.9679679679679679,0.94994994994995,0.23073073073073072,0.0,0.6116116116116116,0.0,0.6841841841841843,0.06706706706706707,0.98998998998999,0.22622622622622635,0.6491491491491492,0.14614614614614616,0.36786786786786785,0.5035035035035035,0.9779779779779779,0.986986986986987,0.8928928928928929,0.7587587587587588,0.7632632632632632,0.10560560560560561,0.545045045045045,-1.297
0.968968968968969,0.8718718718718719,0.46596596596596596,0.0,0.7037037037037037,0.552052052052052,0.9149149149149148,0.6661661661661662,0.6331331331331331,0.26426426426426425,0.992992992992993,0.8648648648648652,0.474974974974975,0.7737737737737738,0.7317317317317318,0.32082082082082086,0.7292292292292293,0.4044044044044044,0.47047047047047047,0.04104104104104104,0.05555555555555555,-1.132
0.96996996996997,0.13713713713713713,0.8983983983983983,0.0,0.11011011011011011,0.47947947947947944,0.022022022022022022,0.8278278278278277,0.6316316316316316,0.003003003003003003,0.13763763763763764,0.025525525525525526,0.9829829829829829,0.1111111111111111,0.32682682682682684,0.5965965965965966,0.0,0.18468468468468469,0.48348348348348347,0.6301301301301301,0.9719719719719719,-2.154
0.970970970970971,0.5560560560560561,0.8538538538538538,0.0,0.3653653653653653,0.4254254254254254,0.477977977977978,0.004004004004004004,0.2177177177177177,0.9309309309309309,0.41791791791791794,0.7582582582582582,0.8133133133133132,0.9359359359359359,0.42242242242242245,0.5900900900900901,0.17467467467467468,0.4114114114114114,0.7962962962962963,0.9849849849849854,0.5885885885885886,-1.652
0.9719719719719719,0.14964964964964966,0.6971971971971972,0.0,0.03803803803803804,0.6561561561561562,0.13213213213213212,0.4109109109109109,0.32732732732732733,0.2707707707707708,0.7747747747747749,0.3973973973973974,0.632132132132132,0.1896896896896897,0.04604604604604605,0.028028028028028028,0.19019019019019018,0.14014014014014015,0.5315315315315315,0.8033033033033032,0.7552552552552552,-1.646
0.972972972972973,0.8658658658658659,0.0045045045045045045,0.0,0.8953953953953955,0.01001001001001001,0.5405405405405406,0.6471471471471472,0.9849849849849859,0.26226226226226224,0.2917917917917918,0.26476476476476474,0.11811811811811812,0.17767767767767767,0.968968968968969,0.9669669669669669,0.968968968968969,0.933933933933934,0.8978978978978976,0.0920920920920921,0.38638638638638634,-1.332
0.973973973973974,0.3003003003003003,0.4519519519519519,0.0,0.2902902902902903,0.44744744744744747,0.23123123123123135,0.5610610610610611,0.6811811811811812,0.3748748748748749,0.6381381381381381,0.7737737737737738,0.97997997997998,0.3533533533533534,0.5345345345345345,0.7337337337337337,0.29479479479479476,0.02102102102102102,0.7557557557557557,0.662662662662663,0.8393393393393394,-1.707
0.9749749749749749,0.8383383383383383,0.8083083083083082,0.0,0.5695695695695696,0.47597597597597596,0.8578578578578577,0.4574574574574574,0.47597597597597596,0.4044044044044044,0.7707707707707707,0.5265265265265265,0.0970970970970971,0.5645645645645646,0.31731731731731727,0.04804804804804805,0.6076076076076076,0.8038038038038038,0.2092092092092092,0.2027027027027027,0.14314314314314314,-1.187
0.975975975975976,0.1816816816816817,0.8468468468468469,0.0,0.29229229229229226,0.4854854854854855,0.15615615615615616,0.36536536536536535,0.4244244244244244,0.8878878878878876,0.17067067067067065,0.5090090090090089,0.8013013013013013,0.6286286286286287,0.35035035035035034,0.519019019019019,0.2677677677677678,0.6561561561561562,0.5565565565565566,0.8498498498498498,0.8838838838838838,-1.693
0.9769769769769769,0.3898898898898899,0.35735735735735735,0.0,0.4204204204204204,0.38038038038038013,0.6086086086086087,0.14864864864864863,0.26876876876876876,0.9029029029029029,0.7057057057057057,0.8538538538538538,0.3228228228228228,0.27377377377377377,0.7997997997997998,0.6346346346346345,0.7977977977977978,0.6141141141141142,0.7352352352352352,0.8093093093093093,0.3063063063063063,-1.303
0.9779779779779779,0.1361361361361362,0.7637637637637638,0.0,0.1681681681681682,0.8753753753753755,0.16616616616616617,0.5935935935935936,0.19769769769769768,0.8613613613613613,0.12712712712712712,0.6806806806806807,0.9379379379379374,0.17617617617617617,0.34734734734734735,0.8683683683683683,0.003003003003003003,0.04104104104104104,0.9034034034034033,0.985985985985986,0.9279279279279279,-1.918
0.978978978978979,0.6516516516516516,0.36186186186186187,0.0,0.5135135135135135,0.7057057057057057,0.5940940940940941,0.8198198198198199,0.22122122122122123,0.4624624624624625,0.7342342342342343,0.8118118118118118,0.6126126126126126,0.8693693693693694,0.42242242242242245,0.5160160160160161,0.5640640640640641,0.2042042042042042,0.6981981981981982,0.3408408408408409,0.3838838838838839,-1.266
0.97997997997998,0.27377377377377377,0.4579579579579579,0.0,0.09509509509509509,0.7827827827827828,0.4214214214214214,0.5330330330330331,0.12212212212212212,0.477977977977978,0.983983983983984,0.7082082082082082,0.17117117117117117,0.6566566566566566,0.1936936936936937,0.3698698698698699,0.44094094094094094,0.8008008008008007,0.2722722722722723,0.7267267267267267,0.5265265265265265,-1.618
0.980980980980981,0.30830830830830835,0.6446446446446445,0.0,0.32732732732732733,0.6741741741741742,0.5735735735735735,0.5205205205205206,0.6851851851851851,0.44344344344344344,0.3123123123123123,0.20520520520520522,0.3338338338338338,0.5165165165165164,0.2042042042042042,0.24774774774774777,0.31681681681681684,0.5295295295295295,0.5375375375375375,0.5785785785785785,0.5075075075075075,-1.432
0.9819819819819819,0.8078078078078078,0.5965965965965966,0.0,0.7542542542542543,0.5365365365365365,0.7507507507507507,0.3358358358358358,0.2932932932932933,0.8803803803803805,0.97997997997998,0.7667667667667668,0.525025025025025,0.7387387387387387,0.7097097097097097,0.8133133133133132,0.4914914914914915,0.5795795795795796,0.4019019019019019,0.3658658658658659,0.05955955955955956,-1.085
0.982982982982983,0.6986986986986987,0.14464464464464463,0.0,0.8383383383383383,0.9239239239239243,0.8868868868868869,0.92992992992993,0.19119119119119118,0.42592592592592593,0.92992992992993,0.8888888888888888,0.6396396396396397,0.8558558558558559,0.7802802802802803,0.5160160160160161,0.06356356356356356,0.627127127127127,0.026026026026026026,0.39539539539539537,0.07807807807807807,-1.455
0.983983983983984,0.08008008008008001,0.8823823823823824,0.0,0.1036036036036036,0.6206206206206206,0.003003003003003003,0.5560560560560561,0.6306306306306306,0.6281281281281281,0.2642642642642643,0.6856856856856857,0.8418418418418419,0.8633633633633633,0.5345345345345345,0.4194194194194194,0.2872872872872873,0.2042042042042042,0.5405405405405406,0.7912912912912913,0.970970970970971,-1.654
0.9849849849849851,0.7467467467467468,0.7152152152152151,0.0,0.5995995995995996,0.7457457457457457,0.958958958958959,0.36736736736736736,0.08908908908908908,0.8453453453453453,0.5690690690690691,0.8418418418418419,0.6096096096096096,0.9154154154154155,0.9519519519519519,0.965965965965966,0.8223223223223224,0.6661661661661662,0.25225225225225223,0.4624624624624625,0.06906906906906907,-1.197
0.985985985985986,0.8568568568568569,0.03153153153153153,0.0,0.7842842842842843,0.9094094094094094,0.8808808808808809,0.9149149149149148,0.16566566566566565,0.19519519519519518,0.8003003003003002,0.6196196196196196,0.6586586586586587,0.5535535535535536,0.5925925925925926,0.13013013013013014,0.40040040040040037,0.4044044044044044,0.050050050050050046,0.25675675675675674,0.10810810810810813,-1.401
0.986986986986987,0.864864864864865,0.23473473473473472,0.0,0.8923923923923924,0.47597597597597596,0.9059059059059059,0.6111111111111112,0.25825825825825827,0.22822822822822822,0.6601601601601601,0.5595595595595596,0.8358358358358358,0.5445445445445446,0.6896896896896897,0.5075075075075075,0.45845845845845845,0.2692692692692693,0.3138138138138138,0.07557557557557558,0.08858858858858859,-1.34
0.9879879879879879,0.46096096096096095,0.2987987987987988,0.0,0.9144144144144144,0.8358358358358359,0.6691691691691692,0.5790790790790791,0.34934934934934936,0.8548548548548548,0.5875875875875876,0.47047047047047047,0.27877877877877877,0.09509509509509509,0.7367367367367368,0.38638638638638634,0.8013013013013013,0.9484484484484484,0.18518518518518517,0.46846846846846846,0.11461461461461461,-1.258
0.988988988988989,0.2627627627627628,0.9029029029029029,0.0,0.14914914914914915,0.7037037037037037,0.2122122122122122,0.970970970970971,0.484984984984985,0.3103103103103103,0.06106106106106106,0.8363363363363363,0.9814814814814814,0.973973973973974,0.5990990990990991,0.562062062062062,0.10710710710710711,0.005005005005005005,0.7652652652652652,0.5405405405405406,0.9444444444444444,-1.774
0.98998998998999,0.6301301301301301,0.6251251251251251,0.0,0.4144144144144144,0.46696696696696693,0.5180180180180181,0.3113113113113113,0.4504504504504504,0.53003003003003,0.4254254254254254,0.58008008008008,0.28928928928928926,0.6251251251251251,0.5905905905905906,0.6191191191191192,0.7462462462462462,0.34684684684684686,0.37537537537537535,0.48348348348348347,0.5745745745745746,-1.37
0.990990990990991,0.3698698698698699,0.1816816816816817,0.0,0.2642642642642643,0.950950950950951,0.27177177177177175,0.6161161161161162,0.08508508508508508,0.9429429429429429,0.8723723723723724,0.7712712712712713,0.4179179179179179,0.8693693693693694,0.14814814814814814,0.2932932932932933,0.15665665665665665,0.8298298298298298,0.44744744744744747,0.8188188188188188,0.3128128128128128,-1.551
0.991991991991992,0.8898898898898899,0.25675675675675674,0.0,0.8863863863863863,0.97997997997998,0.9379379379379378,0.9309309309309309,0.13913913913913914,0.6636636636636637,0.36036036036036034,0.24824824824824826,0.18218218218218218,0.026026026026026026,0.3008008008008008,0.6486486486486487,0.7027027027027026,0.8803803803803805,0.2182182182182182,0.24224224224224225,0.1881881881881882,-1.371
0.992992992992993,0.8993993993993994,0.37487487487487486,0.0,0.7357357357357357,0.14314314314314314,0.6446446446446447,0.587087087087087,0.7822822822822824,0.35935935935935936,0.17317317317317316,0.7422422422422423,0.6636636636636637,0.6306306306306306,0.8998998998998999,0.7612612612612613,0.44844844844844844,0.10760760760760761,0.8663663663663663,0.31181181181181183,0.3503503503503503,-1.509
0.993993993993994,0.43243243243243246,0.04354354354354355,0.0,0.30180180180180183,0.024524524524524523,0.4089089089089089,0.12062062062062062,0.9529529529529529,0.49549549549549554,0.25325325325325326,0.13063063063063063,0.28728728728728725,0.1896896896896897,0.44644644644644643,0.6951951951951951,0.24724724724724725,0.7187187187187187,0.985985985985986,0.35735735735735735,0.6441441441441442,-1.41
0.9949949949949949,0.3698698698698699,0.592092092092092,0.0,0.03903903903903904,0.8428428428428428,0.6616616616616616,0.11811811811811813,0.2902902902902903,0.35735735735735735,0.08508508508508508,0.6126126126126126,0.433933933933934,0.6391391391391392,0.2627627627627628,0.7022022022022022,0.56006006006006,0.08708708708708708,0.46796796796796797,0.617117117117117,0.955955955955956,-1.472
0.995995995995996,0.31731731731731727,0.93993993993994,0.0,0.33433433433433435,0.6241241241241241,0.4354354354354354,0.5095095095095095,0.6466466466466467,0.8483483483483483,0.5825825825825826,0.8118118118118118,0.5825825825825826,0.2702702702702703,0.43343343343343343,0.14814814814814814,0.4314314314314314,0.3858858858858859,0.4019019019019019,0.8263263263263263,0.5305305305305306,-1.439
0.996996996996997,0.35435435435435436,0.9214214214214214,0.0,0.40290290290290287,0.572072072072072,0.5575575575575575,0.7377377377377377,0.28128128128128127,0.16816816816816832,0.9819819819819819,0.9104104104104105,0.433933933933934,0.8823823823823824,0.478978978978979,0.8248248248248248,0.3038038038038038,0.3123123123123123,0.2052052052052052,0.22972972972972971,0.2967967967967968,-1.281
0.997997997997998,0.04804804804804805,0.6226226226226226,0.0,0.3138138138138138,0.0990990990990991,0.023023023023023025,0.5825825825825826,0.923923923923924,0.23523523523523523,0.16016016016016016,0.12612612612612614,0.8218218218218218,0.15915915915915915,0.3133133133133133,0.8133133133133132,0.46846846846846846,0.35935935935935936,0.8518518518518519,0.3983983983983984,0.982982982982983,-1.483
0.998998998998999,0.20020020020020018,0.512012012012012,0.0,0.505005005005005,0.11411411411411411,0.17417417417417427,0.013013013013013013,0.7937937937937938,0.9614614614614614,0.6296296296296297,0.7467467467467468,0.8973973973973974,0.6631631631631631,0.3673673673673674,0.07107107107107107,0.3858858858858859,0.3153153153153153,0.932932932932933,0.9679679679679679,0.6881881881881882,-1.414
1.0,0.12212212212212212,0.9704704704704705,0.0,0.08208208208208209,0.9849849849849851,0.01901901901901902,0.4629629629629629,0.11811811811811812,0.549049049049049,0.13463463463463465,0.15615615615615616,0.6931931931931932,0.37037037037037035,0.08208208208208208,0.2792792792792793,0.16616616616616617,0.5655655655655656,0.5980980980980981,0.975975975975976,0.975975975975976,-1.962
